# lambda [A]	Dlambda [A]	specval [counts]	Dspecval [counts]
4.1666e+03	3.7e+00	6.12933e+02	2.4e+01
4.1701e+03	3.7e+00	8.63596e+02	3.2e+01
4.1736e+03	3.7e+00	1.28192e+03	2.9e+01
4.1771e+03	3.7e+00	1.33091e+03	1.5e+01
4.1806e+03	3.7e+00	1.03251e+03	3.7e+01
4.1841e+03	3.7e+00	5.04427e+02	1.5e+01
4.1877e+03	3.7e+00	3.32724e+02	1.9e+01
4.1912e+03	3.7e+00	3.09746e+02	1.2e+01
4.1947e+03	3.7e+00	3.23368e+02	1.1e+01
4.1982e+03	3.7e+00	3.32410e+02	1.6e+01
4.2017e+03	3.7e+00	3.62272e+02	1.2e+01
4.2052e+03	3.7e+00	3.47675e+02	1.3e+01
4.2087e+03	3.6e+00	3.14314e+02	1.6e+01
4.2123e+03	3.6e+00	3.10242e+02	1.6e+01
4.2158e+03	3.6e+00	2.99842e+02	1.0e+01
4.2193e+03	3.6e+00	2.63145e+02	9.8e+00
4.2228e+03	3.6e+00	2.32030e+02	8.0e+00
4.2263e+03	3.6e+00	3.07609e+02	1.8e+01
4.2298e+03	3.6e+00	3.95677e+02	2.6e+01
4.2334e+03	3.6e+00	6.52023e+02	1.4e+01
4.2369e+03	3.6e+00	7.57637e+02	1.1e+01
4.2404e+03	3.6e+00	6.85386e+02	1.0e+01
4.2439e+03	3.6e+00	5.01726e+02	2.3e+01
4.2474e+03	3.6e+00	5.36076e+02	2.2e+01
4.2510e+03	3.6e+00	6.66577e+02	2.2e+01
4.2545e+03	3.6e+00	6.54684e+02	2.1e+01
4.2580e+03	3.6e+00	5.11314e+02	2.3e+01
4.2615e+03	3.6e+00	2.94119e+02	9.8e+00
4.2650e+03	3.5e+00	2.19236e+02	1.5e+01
4.2686e+03	3.5e+00	2.14621e+02	1.3e+01
4.2721e+03	3.5e+00	2.86033e+02	1.9e+01
4.2756e+03	3.5e+00	3.63916e+02	1.9e+01
4.2791e+03	3.5e+00	3.53435e+02	1.1e+01
4.2827e+03	3.5e+00	2.86853e+02	6.2e+00
4.2862e+03	3.5e+00	2.23033e+02	1.1e+01
4.2897e+03	3.5e+00	2.56067e+02	1.2e+01
4.2932e+03	3.5e+00	2.39046e+02	1.0e+01
4.2968e+03	3.5e+00	2.08570e+02	1.1e+01
4.3003e+03	3.5e+00	2.36630e+02	1.0e+01
4.3038e+03	3.5e+00	3.12924e+02	1.4e+01
4.3074e+03	3.5e+00	5.01280e+02	1.7e+01
4.3109e+03	3.5e+00	5.85056e+02	8.2e+00
4.3144e+03	3.4e+00	5.04062e+02	1.9e+01
4.3179e+03	3.4e+00	4.28472e+02	1.7e+01
4.3215e+03	3.4e+00	5.43061e+02	1.2e+01
4.3250e+03	3.4e+00	5.23801e+02	2.0e+01
4.3285e+03	3.4e+00	4.16207e+02	1.1e+01
4.3321e+03	3.4e+00	3.03544e+02	1.7e+01
4.3356e+03	3.4e+00	2.66909e+02	9.2e+00
4.3391e+03	3.4e+00	2.78356e+02	9.4e+00
4.3427e+03	3.4e+00	3.87153e+02	1.2e+01
4.3462e+03	3.4e+00	4.07977e+02	1.1e+01
4.3497e+03	3.4e+00	4.59074e+02	7.5e+00
4.3533e+03	3.4e+00	4.45851e+02	8.5e+00
4.3568e+03	3.4e+00	4.02819e+02	9.2e+00
4.3603e+03	3.3e+00	3.58434e+02	1.8e+01
4.3639e+03	3.3e+00	2.78228e+02	2.8e+00
4.3674e+03	3.3e+00	2.36359e+02	1.2e+01
4.3709e+03	3.3e+00	2.35663e+02	1.1e+01
4.3745e+03	3.3e+00	2.39805e+02	1.0e+01
4.3780e+03	3.3e+00	2.55933e+02	8.2e+00
4.3815e+03	3.3e+00	2.31241e+02	1.1e+01
4.3851e+03	3.3e+00	1.80680e+02	6.7e+00
4.3886e+03	3.3e+00	1.66437e+02	6.2e+00
4.3922e+03	3.3e+00	1.80089e+02	6.9e+00
4.3957e+03	3.3e+00	2.16552e+02	3.0e+00
4.3992e+03	3.3e+00	2.98177e+02	1.4e+01
4.4028e+03	3.2e+00	3.74936e+02	7.2e+00
4.4063e+03	3.2e+00	3.45126e+02	6.0e+00
4.4099e+03	3.2e+00	2.87642e+02	1.2e+01
4.4134e+03	3.2e+00	2.29459e+02	1.2e+01
4.4169e+03	3.2e+00	1.87455e+02	5.9e+00
4.4205e+03	3.2e+00	1.92379e+02	7.6e+00
4.4240e+03	3.2e+00	1.85809e+02	1.1e+01
4.4276e+03	3.2e+00	1.96998e+02	1.2e+01
4.4311e+03	3.2e+00	1.80538e+02	8.0e+00
4.4346e+03	3.2e+00	1.56569e+02	7.6e+00
4.4382e+03	3.1e+00	1.74394e+02	2.3e+00
4.4417e+03	3.1e+00	1.74968e+02	7.9e+00
4.4453e+03	3.1e+00	2.25015e+02	9.0e+00
4.4488e+03	3.1e+00	2.53290e+02	1.1e+01
4.4524e+03	3.1e+00	2.72737e+02	7.0e+00
4.4559e+03	3.1e+00	2.81026e+02	1.1e+01
4.4595e+03	3.1e+00	2.61052e+02	8.3e+00
4.4630e+03	3.1e+00	2.56524e+02	1.5e+01
4.4665e+03	3.1e+00	2.32707e+02	9.6e+00
4.4701e+03	3.1e+00	2.47397e+02	1.1e+01
4.4736e+03	3.1e+00	2.86208e+02	2.0e+01
4.4772e+03	3.0e+00	3.42014e+02	1.2e+01
4.4807e+03	3.0e+00	4.09163e+02	1.3e+01
4.4843e+03	3.0e+00	5.08611e+02	1.5e+01
4.4878e+03	3.0e+00	4.68879e+02	1.2e+01
4.4914e+03	3.0e+00	3.45617e+02	7.7e+00
4.4949e+03	3.0e+00	2.25032e+02	6.9e+00
4.4985e+03	3.0e+00	2.06061e+02	6.1e+00
4.5020e+03	3.0e+00	2.19033e+02	8.4e+00
4.5056e+03	3.0e+00	1.96972e+02	1.0e+01
4.5091e+03	3.0e+00	1.95615e+02	6.0e+00
4.5127e+03	3.0e+00	2.00327e+02	9.0e+00
4.5162e+03	2.9e+00	2.71256e+02	9.3e+00
4.5198e+03	2.9e+00	3.73520e+02	1.2e+01
4.5233e+03	2.9e+00	3.63030e+02	1.7e+01
4.5269e+03	2.9e+00	2.80693e+02	1.0e+01
4.5304e+03	2.9e+00	1.63304e+02	6.0e+00
4.5340e+03	2.9e+00	1.57532e+02	8.2e+00
4.5375e+03	2.9e+00	1.57843e+02	5.2e+00
4.5411e+03	2.9e+00	1.62829e+02	6.7e+00
4.5446e+03	2.9e+00	1.51513e+02	9.1e+00
4.5482e+03	2.9e+00	1.63507e+02	1.1e+01
4.5517e+03	2.9e+00	2.26652e+02	6.5e+00
4.5553e+03	2.8e+00	2.51743e+02	7.3e+00
4.5588e+03	2.8e+00	2.54747e+02	8.4e+00
4.5624e+03	2.8e+00	2.66217e+02	8.7e+00
4.5659e+03	2.8e+00	2.48669e+02	1.3e+01
4.5695e+03	2.8e+00	2.53459e+02	8.6e+00
4.5730e+03	2.8e+00	2.17071e+02	8.7e+00
4.5766e+03	2.8e+00	1.76899e+02	9.9e+00
4.5801e+03	2.8e+00	2.13309e+02	1.1e+01
4.5837e+03	2.8e+00	3.00702e+02	1.1e+01
4.5873e+03	2.8e+00	3.33816e+02	1.0e+01
4.5908e+03	2.8e+00	2.47275e+02	5.5e+00
4.5944e+03	2.7e+00	1.42165e+02	1.0e+01
4.5979e+03	2.7e+00	1.13490e+02	4.0e+00
4.6015e+03	2.7e+00	1.20963e+02	7.5e+00
4.6050e+03	2.7e+00	1.24917e+02	7.0e+00
4.6086e+03	2.7e+00	1.20088e+02	6.8e+00
4.6121e+03	2.7e+00	1.21302e+02	4.6e+00
4.6157e+03	2.7e+00	1.30453e+02	6.7e+00
4.6193e+03	2.7e+00	1.27379e+02	8.7e+00
4.6228e+03	2.7e+00	1.21360e+02	4.9e+00
4.6264e+03	2.7e+00	1.35534e+02	6.0e+00
4.6299e+03	2.7e+00	1.88687e+02	1.4e+01
4.6335e+03	2.7e+00	2.68726e+02	1.1e+01
4.6370e+03	2.7e+00	2.79709e+02	8.6e+00
4.6406e+03	2.7e+00	1.91484e+02	1.1e+01
4.6441e+03	2.6e+00	1.29253e+02	8.5e+00
4.6477e+03	2.6e+00	1.35038e+02	7.9e+00
4.6513e+03	2.6e+00	1.40753e+02	1.1e+01
4.6548e+03	2.6e+00	1.30177e+02	1.2e+01
4.6584e+03	2.6e+00	1.43209e+02	4.9e+00
4.6619e+03	2.6e+00	1.31534e+02	5.6e+00
4.6655e+03	2.6e+00	1.20913e+02	7.7e+00
4.6691e+03	2.6e+00	1.19659e+02	7.5e+00
4.6726e+03	2.6e+00	1.16061e+02	6.8e+00
4.6762e+03	2.6e+00	1.33217e+02	5.7e+00
4.6797e+03	2.6e+00	1.26368e+02	7.0e+00
4.6833e+03	2.6e+00	1.19385e+02	9.8e+00
4.6869e+03	2.6e+00	1.40731e+02	5.9e+00
4.6904e+03	2.6e+00	1.18971e+02	5.6e+00
4.6940e+03	2.6e+00	1.19136e+02	4.0e+00
4.6975e+03	2.6e+00	1.36390e+02	5.6e+00
4.7011e+03	2.6e+00	1.78284e+02	6.5e+00
4.7047e+03	2.6e+00	2.09385e+02	4.4e+00
4.7082e+03	2.6e+00	2.16921e+02	6.9e+00
4.7118e+03	2.6e+00	1.87373e+02	8.4e+00
4.7153e+03	2.6e+00	1.44656e+02	4.0e+00
4.7189e+03	2.6e+00	1.20308e+02	4.3e+00
4.7225e+03	2.6e+00	1.06514e+02	5.8e+00
4.7260e+03	2.6e+00	1.07118e+02	5.9e+00
4.7296e+03	2.6e+00	1.16223e+02	5.2e+00
4.7331e+03	2.5e+00	1.16339e+02	1.4e+00
4.7367e+03	2.5e+00	1.82137e+02	6.6e+00
4.7403e+03	2.5e+00	2.81351e+02	5.7e+00
4.7438e+03	2.5e+00	2.93359e+02	4.3e+00
4.7474e+03	2.5e+00	2.34221e+02	8.8e+00
4.7509e+03	2.5e+00	1.05195e+02	6.3e+00
4.7545e+03	2.5e+00	8.51377e+01	2.9e+00
4.7581e+03	2.5e+00	9.05512e+01	4.6e+00
4.7616e+03	2.5e+00	9.34911e+01	6.4e+00
4.7652e+03	2.5e+00	1.02371e+02	7.3e+00
4.7688e+03	2.5e+00	1.09707e+02	4.5e+00
4.7723e+03	2.6e+00	1.04931e+02	9.3e+00
4.7759e+03	2.6e+00	1.23715e+02	5.5e+00
4.7794e+03	2.6e+00	1.75558e+02	6.1e+00
4.7830e+03	2.6e+00	1.96764e+02	6.3e+00
4.7866e+03	2.6e+00	2.11413e+02	7.5e+00
4.7901e+03	2.6e+00	2.03711e+02	6.9e+00
4.7937e+03	2.6e+00	1.93456e+02	1.5e+00
4.7972e+03	2.6e+00	2.31896e+02	8.7e+00
4.8008e+03	2.6e+00	2.68127e+02	6.4e+00
4.8044e+03	2.6e+00	2.98599e+02	6.7e+00
4.8079e+03	2.6e+00	3.11667e+02	1.0e+01
4.8115e+03	2.6e+00	2.70734e+02	1.4e+01
4.8151e+03	2.6e+00	1.94067e+02	5.7e+00
4.8186e+03	2.6e+00	1.32461e+02	3.2e+00
4.8222e+03	2.6e+00	1.13195e+02	4.7e+00
4.8258e+03	2.6e+00	1.22523e+02	4.9e+00
4.8293e+03	2.6e+00	1.09916e+02	7.9e+00
4.8329e+03	2.6e+00	1.44445e+02	5.6e+00
4.8364e+03	2.6e+00	2.39385e+02	1.0e+01
4.8400e+03	2.6e+00	2.68790e+02	4.4e+00
4.8436e+03	2.6e+00	2.33223e+02	3.2e+00
4.8471e+03	2.6e+00	1.39175e+02	7.8e+00
4.8507e+03	2.6e+00	1.31698e+02	3.2e+00
4.8543e+03	2.7e+00	1.93827e+02	6.5e+00
4.8578e+03	2.7e+00	2.17986e+02	4.3e+00
4.8614e+03	2.7e+00	2.20184e+02	8.3e+00
4.8649e+03	2.7e+00	1.68641e+02	6.8e+00
4.8685e+03	2.7e+00	1.31567e+02	5.0e+00
4.8721e+03	2.7e+00	1.16297e+02	4.9e+00
4.8756e+03	2.7e+00	8.93493e+01	5.8e+00
4.8792e+03	2.7e+00	9.16137e+01	5.3e+00
4.8828e+03	2.7e+00	9.63374e+01	4.7e+00
4.8863e+03	2.7e+00	9.49638e+01	5.6e+00
4.8899e+03	2.7e+00	9.19013e+01	3.6e+00
4.8934e+03	2.8e+00	8.59709e+01	5.5e+00
4.8970e+03	2.8e+00	9.48365e+01	6.9e+00
4.9006e+03	2.8e+00	9.91747e+01	1.8e+00
4.9041e+03	2.8e+00	9.21502e+01	4.8e+00
4.9077e+03	2.8e+00	8.99981e+01	5.5e+00
4.9113e+03	2.8e+00	8.32469e+01	5.2e+00
4.9148e+03	2.8e+00	7.77263e+01	5.2e+00
4.9184e+03	2.8e+00	8.31422e+01	3.1e+00
4.9220e+03	2.8e+00	7.36552e+01	3.0e+00
4.9255e+03	2.9e+00	7.04414e+01	4.6e+00
4.9291e+03	2.9e+00	6.72821e+01	5.1e+00
4.9326e+03	2.9e+00	7.25087e+01	4.9e+00
4.9362e+03	2.9e+00	8.48578e+01	4.6e+00
4.9398e+03	2.9e+00	9.89908e+01	6.8e+00
4.9433e+03	2.9e+00	1.11624e+02	5.1e+00
4.9469e+03	2.9e+00	1.05702e+02	5.8e+00
4.9505e+03	3.0e+00	9.46727e+01	6.9e+00
4.9540e+03	3.0e+00	7.30434e+01	4.5e+00
4.9576e+03	3.0e+00	6.54029e+01	4.6e+00
4.9611e+03	3.0e+00	7.47544e+01	4.2e+00
4.9647e+03	3.0e+00	6.88990e+01	3.2e+00
4.9683e+03	3.0e+00	6.67609e+01	4.6e+00
4.9718e+03	3.0e+00	7.42214e+01	2.9e+00
4.9754e+03	3.1e+00	7.11313e+01	8.0e+00
4.9789e+03	3.1e+00	7.43253e+01	3.6e+00
4.9825e+03	3.1e+00	7.51605e+01	4.4e+00
4.9861e+03	3.1e+00	8.91109e+01	4.5e+00
4.9896e+03	3.1e+00	1.01473e+02	4.6e+00
4.9932e+03	3.1e+00	1.14009e+02	3.2e+00
4.9968e+03	3.2e+00	1.16919e+02	5.2e+00
5.0003e+03	3.2e+00	9.13576e+01	5.4e+00
5.0039e+03	3.2e+00	6.61037e+01	4.3e+00
5.0074e+03	3.2e+00	6.28001e+01	2.3e+00
5.0110e+03	3.2e+00	7.04986e+01	3.3e+00
5.0146e+03	3.2e+00	7.74687e+01	5.3e+00
5.0181e+03	3.3e+00	7.59672e+01	4.1e+00
5.0217e+03	3.3e+00	6.58763e+01	5.0e+00
5.0252e+03	3.3e+00	7.58965e+01	5.7e+00
5.0288e+03	3.3e+00	7.74722e+01	4.4e+00
5.0324e+03	3.3e+00	8.20678e+01	4.1e+00
5.0359e+03	3.3e+00	8.84159e+01	4.9e+00
5.0395e+03	3.4e+00	8.55404e+01	5.5e+00
5.0430e+03	3.4e+00	9.35684e+01	2.7e+00
5.0466e+03	3.4e+00	7.63661e+01	4.2e+00
5.0502e+03	3.4e+00	7.11718e+01	2.3e+00
5.0537e+03	3.4e+00	7.68352e+01	4.0e+00
5.0573e+03	3.5e+00	8.10142e+01	4.1e+00
5.0608e+03	3.5e+00	7.45528e+01	5.1e+00
5.0644e+03	3.5e+00	7.19872e+01	3.2e+00
5.0680e+03	3.5e+00	6.83115e+01	3.7e+00
5.0715e+03	3.5e+00	6.25271e+01	3.3e+00
5.0751e+03	3.5e+00	5.99593e+01	5.1e+00
5.0786e+03	3.6e+00	5.68978e+01	3.0e+00
5.0822e+03	3.6e+00	5.51937e+01	3.7e+00
5.0858e+03	3.6e+00	5.12598e+01	3.5e+00
5.0893e+03	3.6e+00	4.60422e+01	2.6e+00
5.0929e+03	3.6e+00	5.87892e+01	4.2e+00
5.0964e+03	3.7e+00	6.17062e+01	3.6e+00
5.1000e+03	3.7e+00	6.39524e+01	3.2e+00
5.1035e+03	3.7e+00	7.07192e+01	2.9e+00
5.1071e+03	3.7e+00	6.69825e+01	4.0e+00
5.1107e+03	3.7e+00	6.62550e+01	5.0e+00
5.1142e+03	3.8e+00	7.20192e+01	4.0e+00
5.1178e+03	3.8e+00	8.12398e+01	2.6e+00
5.1213e+03	3.8e+00	8.92777e+01	2.3e+00
5.1249e+03	3.8e+00	8.45486e+01	2.4e+00
5.1284e+03	3.8e+00	8.76201e+01	5.3e+00
5.1320e+03	3.9e+00	8.23627e+01	5.0e+00
5.1356e+03	3.9e+00	9.13909e+01	4.2e+00
5.1391e+03	3.9e+00	9.93842e+01	4.0e+00
5.1427e+03	3.9e+00	1.09827e+02	5.1e+00
5.1462e+03	4.0e+00	1.05788e+02	4.3e+00
5.1498e+03	4.0e+00	1.04891e+02	4.2e+00
5.1533e+03	4.0e+00	1.06900e+02	5.1e+00
5.1569e+03	4.0e+00	1.23782e+02	8.3e+00
5.1604e+03	4.0e+00	1.35738e+02	6.4e+00
5.1640e+03	4.1e+00	1.56861e+02	4.2e+00
5.1676e+03	4.1e+00	1.96063e+02	5.0e+00
5.1711e+03	4.1e+00	2.07856e+02	4.3e+00
5.1747e+03	4.1e+00	1.95540e+02	4.0e+00
5.1782e+03	4.1e+00	1.53291e+02	3.6e+00
5.1818e+03	4.2e+00	9.77296e+01	5.4e+00
5.1853e+03	4.2e+00	5.72550e+01	2.7e+00
5.1889e+03	4.2e+00	3.84522e+01	3.1e+00
5.1924e+03	4.2e+00	3.91283e+01	2.1e+00
5.1960e+03	4.2e+00	4.77575e+01	4.1e+00
5.1995e+03	4.3e+00	5.94982e+01	2.5e+00
5.2031e+03	4.3e+00	5.31319e+01	3.9e+00
5.2066e+03	4.3e+00	4.84778e+01	2.3e+00
5.2102e+03	4.3e+00	4.71498e+01	4.1e+00
5.2137e+03	4.4e+00	4.00597e+01	4.4e+00
5.2173e+03	4.4e+00	4.68738e+01	3.2e+00
5.2208e+03	4.4e+00	4.99080e+01	1.4e+00
5.2244e+03	4.4e+00	5.18352e+01	3.4e+00
5.2279e+03	4.4e+00	4.46855e+01	3.1e+00
5.2315e+03	4.5e+00	5.25412e+01	2.0e+00
5.2350e+03	4.5e+00	5.66571e+01	1.8e+00
5.2386e+03	4.5e+00	5.29166e+01	3.9e+00
5.2421e+03	4.5e+00	5.07571e+01	1.6e+00
5.2457e+03	4.5e+00	5.11560e+01	3.9e+00
5.2492e+03	4.6e+00	4.91609e+01	2.8e+00
5.2528e+03	4.6e+00	4.68140e+01	1.9e+00
5.2563e+03	4.6e+00	4.19141e+01	2.9e+00
5.2599e+03	4.6e+00	3.89968e+01	3.6e+00
5.2634e+03	4.7e+00	3.70173e+01	4.0e+00
5.2670e+03	4.7e+00	4.00056e+01	3.7e+00
5.2705e+03	4.7e+00	4.11365e+01	2.0e+00
5.2741e+03	4.7e+00	3.84798e+01	2.5e+00
5.2776e+03	4.7e+00	3.44240e+01	2.7e+00
5.2812e+03	4.8e+00	3.57727e+01	2.3e+00
5.2847e+03	4.8e+00	3.59194e+01	3.3e+00
5.2883e+03	4.8e+00	4.07539e+01	3.8e+00
5.2918e+03	4.8e+00	4.06405e+01	3.4e+00
5.2953e+03	4.8e+00	4.21517e+01	2.7e+00
5.2989e+03	4.9e+00	3.87598e+01	3.3e+00
5.3024e+03	4.9e+00	4.08396e+01	9.9e-01
5.3060e+03	4.9e+00	4.17937e+01	3.3e+00
5.3095e+03	4.9e+00	5.02825e+01	4.0e+00
5.3131e+03	4.9e+00	4.63548e+01	2.1e+00
5.3166e+03	5.0e+00	5.15512e+01	3.8e+00
5.3202e+03	5.0e+00	5.37437e+01	2.9e+00
5.3237e+03	5.0e+00	4.57744e+01	2.9e+00
5.3272e+03	5.0e+00	4.34296e+01	3.0e+00
5.3308e+03	5.1e+00	4.66126e+01	2.8e+00
5.3343e+03	5.1e+00	4.16890e+01	1.6e+00
5.3379e+03	5.1e+00	4.28236e+01	1.5e+00
5.3414e+03	5.1e+00	3.58119e+01	4.0e+00
5.3449e+03	5.1e+00	3.75623e+01	3.8e+00
5.3485e+03	5.2e+00	3.05918e+01	3.1e+00
5.3520e+03	5.2e+00	3.30403e+01	1.7e+00
5.3556e+03	5.2e+00	3.70546e+01	3.4e+00
5.3591e+03	5.2e+00	3.49370e+01	3.1e+00
5.3626e+03	5.2e+00	2.85455e+01	2.2e+00
5.3662e+03	5.3e+00	3.26822e+01	1.3e+00
5.3697e+03	5.3e+00	3.42713e+01	2.5e+00
5.3733e+03	5.3e+00	3.26359e+01	2.8e+00
5.3768e+03	5.3e+00	4.24161e+01	1.7e+00
5.3803e+03	5.3e+00	6.42932e+01	3.5e+00
5.3839e+03	5.4e+00	5.45957e+01	1.6e+00
5.3874e+03	5.4e+00	4.21026e+01	3.1e+00
5.3909e+03	5.4e+00	2.99212e+01	2.5e+00
5.3945e+03	5.4e+00	2.96115e+01	3.5e+00
5.3980e+03	5.4e+00	3.25052e+01	2.3e+00
5.4015e+03	5.5e+00	3.36319e+01	2.9e+00
5.4051e+03	5.5e+00	2.98277e+01	2.2e+00
5.4086e+03	5.5e+00	3.13912e+01	1.1e+00
5.4122e+03	5.5e+00	3.02017e+01	2.1e+00
5.4157e+03	5.5e+00	3.18381e+01	2.9e+00
5.4192e+03	5.5e+00	3.32861e+01	2.3e+00
5.4227e+03	5.6e+00	3.18824e+01	2.5e+00
5.4263e+03	5.6e+00	2.93778e+01	2.1e+00
5.4298e+03	5.6e+00	3.24502e+01	2.4e+00
5.4333e+03	5.6e+00	3.45928e+01	3.7e+00
5.4369e+03	5.6e+00	3.65979e+01	2.1e+00
5.4404e+03	5.7e+00	3.22062e+01	1.3e+00
5.4439e+03	5.7e+00	3.12265e+01	2.4e+00
5.4475e+03	5.7e+00	3.10786e+01	1.8e+00
5.4510e+03	5.7e+00	2.76424e+01	2.9e+00
5.4545e+03	5.7e+00	2.27145e+01	3.2e+00
5.4581e+03	5.8e+00	2.47198e+01	2.3e+00
5.4616e+03	5.8e+00	2.41170e+01	1.8e+00
5.4651e+03	5.8e+00	2.10845e+01	2.8e+00
5.4686e+03	5.8e+00	2.65117e+01	2.2e+00
5.4722e+03	5.8e+00	3.28579e+01	2.1e+00
5.4757e+03	5.8e+00	4.00124e+01	4.6e+00
5.4792e+03	5.9e+00	4.53447e+01	3.1e+00
5.4827e+03	5.9e+00	4.17632e+01	2.2e+00
5.4863e+03	5.9e+00	2.88595e+01	2.7e+00
5.4898e+03	5.9e+00	2.48664e+01	2.1e+00
5.4933e+03	5.9e+00	2.87032e+01	4.0e+00
5.4968e+03	5.9e+00	2.35135e+01	2.5e+00
5.5004e+03	6.0e+00	2.16592e+01	9.3e-01
5.5039e+03	6.0e+00	2.54507e+01	9.3e-01
5.5074e+03	6.0e+00	2.77025e+01	2.6e+00
5.5109e+03	6.0e+00	2.72010e+01	2.7e+00
5.5145e+03	6.0e+00	2.67900e+01	1.9e+00
5.5180e+03	6.0e+00	2.79426e+01	1.5e+00
5.5215e+03	6.1e+00	3.28590e+01	2.4e+00
5.5250e+03	6.1e+00	3.02843e+01	3.0e+00
5.5285e+03	6.1e+00	2.98938e+01	2.3e+00
5.5321e+03	6.1e+00	3.34682e+01	2.3e+00
5.5356e+03	6.1e+00	4.46643e+01	1.8e+00
5.5391e+03	6.1e+00	5.34549e+01	3.5e+00
5.5426e+03	6.1e+00	5.76367e+01	2.3e+00
5.5461e+03	6.2e+00	5.52198e+01	2.4e+00
5.5497e+03	6.2e+00	4.82244e+01	2.4e+00
5.5532e+03	6.2e+00	5.29920e+01	1.9e+00
5.5567e+03	6.2e+00	5.20321e+01	2.8e+00
5.5602e+03	6.2e+00	4.86967e+01	2.0e+00
5.5637e+03	6.2e+00	4.99563e+01	2.8e+00
5.5672e+03	6.3e+00	5.80043e+01	3.5e+00
5.5707e+03	6.3e+00	5.37390e+01	2.9e+00
5.5743e+03	6.3e+00	5.75131e+01	1.3e+00
5.5778e+03	6.3e+00	6.37297e+01	1.8e+00
5.5813e+03	6.3e+00	7.76860e+01	2.0e+00
5.5848e+03	6.3e+00	9.21668e+01	3.6e+00
5.5883e+03	6.3e+00	1.07010e+02	4.2e+00
5.5918e+03	6.3e+00	9.54138e+01	2.5e+00
5.5953e+03	6.4e+00	6.50119e+01	2.5e+00
5.5988e+03	6.4e+00	4.26606e+01	2.6e+00
5.6024e+03	6.4e+00	2.56423e+01	2.3e+00
5.6059e+03	6.4e+00	2.99028e+01	1.7e+00
5.6094e+03	6.4e+00	2.95181e+01	3.5e+00
5.6129e+03	6.4e+00	2.86027e+01	1.8e+00
5.6164e+03	6.4e+00	2.90583e+01	2.0e+00
5.6199e+03	6.4e+00	2.77544e+01	1.8e+00
5.6234e+03	6.5e+00	3.25870e+01	4.0e+00
5.6269e+03	6.5e+00	3.47527e+01	2.1e+00
5.6304e+03	6.5e+00	4.20846e+01	2.4e+00
5.6339e+03	6.5e+00	4.60755e+01	2.1e+00
5.6374e+03	6.5e+00	4.58740e+01	2.5e+00
5.6409e+03	6.5e+00	4.35211e+01	2.5e+00
5.6444e+03	6.5e+00	3.84077e+01	2.4e+00
5.6479e+03	6.5e+00	3.98908e+01	1.7e+00
5.6514e+03	6.6e+00	4.05444e+01	2.9e+00
5.6549e+03	6.6e+00	4.33178e+01	3.0e+00
5.6584e+03	6.6e+00	5.07500e+01	2.5e+00
5.6619e+03	6.6e+00	4.89691e+01	1.8e+00
5.6654e+03	6.6e+00	4.69594e+01	2.5e+00
5.6689e+03	6.6e+00	4.85985e+01	3.3e+00
5.6724e+03	6.6e+00	4.59897e+01	2.8e+00
5.6759e+03	6.6e+00	4.75999e+01	2.6e+00
5.6794e+03	6.6e+00	4.58284e+01	2.5e+00
5.6829e+03	6.6e+00	3.70608e+01	2.8e+00
5.6864e+03	6.6e+00	3.55262e+01	2.3e+00
5.6899e+03	6.7e+00	3.51029e+01	3.5e+00
5.6934e+03	6.7e+00	3.13197e+01	2.4e+00
5.6969e+03	6.7e+00	3.54174e+01	2.6e+00
5.7004e+03	6.7e+00	2.49372e+01	2.5e+00
5.7039e+03	6.7e+00	2.75630e+01	3.7e+00
5.7074e+03	6.7e+00	2.82801e+01	1.3e+00
5.7109e+03	6.7e+00	2.36530e+01	1.4e+00
5.7144e+03	6.7e+00	2.95379e+01	2.1e+00
5.7179e+03	6.7e+00	2.92732e+01	3.0e+00
5.7214e+03	6.7e+00	3.08330e+01	3.6e+00
5.7249e+03	6.7e+00	3.39227e+01	2.9e+00
5.7284e+03	6.7e+00	3.13906e+01	1.5e+00
5.7319e+03	6.7e+00	2.77813e+01	4.3e+00
5.7353e+03	6.8e+00	2.59529e+01	2.2e+00
5.7388e+03	6.8e+00	2.51627e+01	2.3e+00
5.7423e+03	6.8e+00	2.57497e+01	2.9e+00
5.7458e+03	6.8e+00	3.84489e+01	2.2e+00
5.7493e+03	6.8e+00	4.76949e+01	4.3e+00
5.7528e+03	6.8e+00	3.99167e+01	1.7e+00
5.7563e+03	6.8e+00	3.14611e+01	4.0e+00
5.7597e+03	6.8e+00	2.77069e+01	1.9e+00
5.7632e+03	6.8e+00	2.93466e+01	2.3e+00
5.7667e+03	6.8e+00	2.34647e+01	1.9e+00
5.7702e+03	6.8e+00	2.32701e+01	2.8e+00
5.7737e+03	6.8e+00	2.43651e+01	1.6e+00
5.7772e+03	6.8e+00	2.29625e+01	2.4e+00
5.7806e+03	6.8e+00	2.62283e+01	1.3e+00
5.7841e+03	6.8e+00	3.15319e+01	2.5e+00
5.7876e+03	6.8e+00	2.85077e+01	2.8e+00
5.7911e+03	6.8e+00	2.82341e+01	1.8e+00
5.7946e+03	6.8e+00	3.32259e+01	2.1e+00
5.7980e+03	6.8e+00	3.29631e+01	2.5e+00
5.8015e+03	6.8e+00	3.63049e+01	2.6e+00
5.8050e+03	6.8e+00	3.80717e+01	4.0e+00
5.8085e+03	6.8e+00	3.35944e+01	1.3e+00
5.8120e+03	6.8e+00	2.87199e+01	1.5e+00
5.8154e+03	6.9e+00	2.83852e+01	2.8e+00
5.8189e+03	6.9e+00	4.00178e+01	3.6e+00
5.8224e+03	6.9e+00	5.35947e+01	3.7e+00
5.8258e+03	6.9e+00	1.29348e+02	6.9e+00
5.8293e+03	6.9e+00	3.24529e+02	1.6e+01
5.8328e+03	6.9e+00	1.06769e+03	4.7e+01
5.8363e+03	6.9e+00	1.61275e+03	2.0e+01
5.8397e+03	6.9e+00	1.42726e+03	4.4e+01
5.8432e+03	6.9e+00	7.69554e+02	3.8e+01
5.8467e+03	6.9e+00	7.00041e+01	1.8e+01
5.8501e+03	6.9e+00	3.96326e+01	3.2e+00
5.8536e+03	6.9e+00	4.31555e+01	3.3e+00
5.8571e+03	6.9e+00	6.46298e+01	4.2e+00
5.8605e+03	6.9e+00	8.74161e+01	2.6e+00
5.8640e+03	6.9e+00	1.13691e+02	3.6e+00
5.8675e+03	6.9e+00	1.10541e+02	2.2e+00
5.8709e+03	6.9e+00	9.84428e+01	3.3e+00
5.8744e+03	6.9e+00	5.50814e+01	3.6e+00
5.8779e+03	6.8e+00	3.50399e+01	3.3e+00
5.8813e+03	6.8e+00	3.42454e+01	2.8e+00
5.8848e+03	6.8e+00	3.45619e+01	1.9e+00
5.8883e+03	6.8e+00	3.80617e+01	2.2e+00
5.8917e+03	6.8e+00	4.28430e+01	1.9e+00
5.8952e+03	6.8e+00	4.82323e+01	2.1e+00
5.8986e+03	6.8e+00	4.44207e+01	2.2e+00
5.9021e+03	6.8e+00	3.67638e+01	2.4e+00
5.9055e+03	6.8e+00	2.61349e+01	2.3e+00
5.9090e+03	6.8e+00	2.76118e+01	2.0e+00
5.9125e+03	6.8e+00	2.83549e+01	1.9e+00
5.9159e+03	6.8e+00	3.08826e+01	2.3e+00
5.9194e+03	6.8e+00	3.34943e+01	1.9e+00
5.9228e+03	6.8e+00	5.73255e+01	2.3e+00
5.9263e+03	6.8e+00	1.15306e+02	2.6e+00
5.9297e+03	6.8e+00	1.29262e+02	1.7e+00
5.9332e+03	6.8e+00	1.06813e+02	4.0e+00
5.9366e+03	6.8e+00	5.16030e+01	3.2e+00
5.9401e+03	6.8e+00	1.48168e+01	2.2e+00
5.9435e+03	6.8e+00	2.26481e+01	1.7e+00
5.9470e+03	6.8e+00	2.13430e+01	1.9e+00
5.9504e+03	6.8e+00	2.45875e+01	2.1e+00
5.9539e+03	6.7e+00	3.49546e+01	1.6e+00
5.9573e+03	6.7e+00	4.33045e+01	2.4e+00
5.9608e+03	6.7e+00	4.81208e+01	1.5e+00
5.9642e+03	6.7e+00	4.31523e+01	2.5e+00
5.9677e+03	6.7e+00	3.36714e+01	2.3e+00
5.9711e+03	6.7e+00	3.05911e+01	2.0e+00
5.9746e+03	6.7e+00	3.22841e+01	1.8e+00
5.9780e+03	6.7e+00	3.11607e+01	2.0e+00
5.9814e+03	6.7e+00	3.02102e+01	2.1e+00
5.9849e+03	6.7e+00	2.82859e+01	2.7e+00
5.9883e+03	6.7e+00	3.20547e+01	3.0e+00
5.9918e+03	6.7e+00	3.24637e+01	4.2e+00
5.9952e+03	6.6e+00	3.61504e+01	1.9e+00
5.9986e+03	6.6e+00	3.20805e+01	2.0e+00
6.0021e+03	6.6e+00	3.44539e+01	2.1e+00
6.0055e+03	6.6e+00	3.71779e+01	1.7e+00
6.0090e+03	6.6e+00	5.79257e+01	2.7e+00
6.0124e+03	6.6e+00	9.81217e+01	2.5e+00
6.0158e+03	6.6e+00	1.16592e+02	3.5e+00
6.0193e+03	6.6e+00	1.04012e+02	3.3e+00
6.0227e+03	6.6e+00	8.23389e+01	2.4e+00
6.0261e+03	6.5e+00	6.17347e+01	3.7e+00
6.0296e+03	6.5e+00	5.11149e+01	2.7e+00
6.0330e+03	6.5e+00	4.85292e+01	2.7e+00
6.0364e+03	6.5e+00	3.99645e+01	1.8e+00
6.0398e+03	6.5e+00	4.64074e+01	2.5e+00
6.0433e+03	6.5e+00	4.48274e+01	1.6e+00
6.0467e+03	6.5e+00	4.91692e+01	2.9e+00
6.0501e+03	6.4e+00	5.78038e+01	3.2e+00
6.0536e+03	6.4e+00	9.56814e+01	5.3e+00
6.0570e+03	6.4e+00	1.46902e+02	1.3e+00
6.0604e+03	6.4e+00	1.43430e+02	4.5e+00
6.0638e+03	6.4e+00	1.03380e+02	4.2e+00
6.0672e+03	6.4e+00	4.09314e+01	3.2e+00
6.0707e+03	6.4e+00	3.57680e+01	1.3e+00
6.0741e+03	6.3e+00	6.96589e+01	4.3e+00
6.0775e+03	6.3e+00	1.63458e+02	8.1e+00
6.0809e+03	6.3e+00	1.80562e+02	5.4e+00
6.0844e+03	6.3e+00	1.56963e+02	3.9e+00
6.0878e+03	6.3e+00	7.72587e+01	6.1e+00
6.0912e+03	6.3e+00	2.48321e+01	2.1e+00
6.0946e+03	6.2e+00	2.74205e+01	2.6e+00
6.0980e+03	6.2e+00	3.01143e+01	1.7e+00
6.1014e+03	6.2e+00	3.10054e+01	1.8e+00
6.1048e+03	6.2e+00	2.53659e+01	8.0e-01
6.1083e+03	6.2e+00	2.52910e+01	2.0e+00
6.1117e+03	6.2e+00	3.28343e+01	1.2e+00
6.1151e+03	6.1e+00	3.31657e+01	1.7e+00
6.1185e+03	6.1e+00	4.54800e+01	2.6e+00
6.1219e+03	6.1e+00	1.25191e+02	8.1e+00
6.1253e+03	6.1e+00	2.22907e+02	6.6e+00
6.1287e+03	6.1e+00	2.26855e+02	4.2e+00
6.1321e+03	6.0e+00	1.72479e+02	5.9e+00
6.1355e+03	6.0e+00	5.06521e+01	4.6e+00
6.1389e+03	6.0e+00	2.84013e+01	2.7e+00
6.1423e+03	6.0e+00	6.19307e+01	2.7e+00
6.1458e+03	6.0e+00	9.79096e+01	3.1e+00
6.1492e+03	5.9e+00	9.49823e+01	4.0e+00
6.1526e+03	5.9e+00	7.54544e+01	1.8e+00
6.1560e+03	5.9e+00	4.43698e+01	1.7e+00
6.1594e+03	5.9e+00	2.95122e+01	1.7e+00
6.1628e+03	5.8e+00	2.57297e+01	2.7e+00
6.1662e+03	5.8e+00	1.54170e+01	1.3e+00
6.1696e+03	5.8e+00	1.70889e+01	1.3e+00
6.1730e+03	5.8e+00	1.23185e+01	1.9e+00
6.1764e+03	5.7e+00	1.11361e+01	1.7e+00
6.1797e+03	5.7e+00	1.42278e+01	1.2e+00
6.1831e+03	5.7e+00	1.73099e+01	1.6e+00
6.1865e+03	5.7e+00	1.31111e+01	1.6e+00
6.1899e+03	5.6e+00	1.61923e+01	1.6e+00
6.1933e+03	5.6e+00	2.57881e+01	2.3e+00
6.1967e+03	5.6e+00	4.26645e+01	2.4e+00
6.2001e+03	5.6e+00	4.83637e+01	1.6e+00
6.2035e+03	5.5e+00	4.36414e+01	2.4e+00
6.2069e+03	5.5e+00	2.62294e+01	2.0e+00
6.2103e+03	5.5e+00	1.28162e+01	2.2e+00
6.2137e+03	5.5e+00	1.08480e+01	8.9e-01
6.2170e+03	5.4e+00	1.11578e+01	1.6e+00
6.2204e+03	5.4e+00	1.32045e+01	2.2e+00
6.2238e+03	5.4e+00	1.41861e+01	1.5e+00
6.2272e+03	5.4e+00	1.49472e+01	1.1e+00
6.2306e+03	5.3e+00	1.40380e+01	2.3e+00
6.2340e+03	5.3e+00	1.26429e+01	8.6e-01
6.2373e+03	5.3e+00	1.84712e+01	1.2e+00
6.2407e+03	5.2e+00	2.84058e+01	2.3e+00
6.2441e+03	5.2e+00	6.39335e+01	3.8e+00
6.2475e+03	5.2e+00	1.36966e+02	5.4e+00
6.2509e+03	5.2e+00	1.34444e+02	3.2e+00
6.2542e+03	5.1e+00	1.01534e+02	5.6e+00
6.2576e+03	5.1e+00	3.95062e+01	4.1e+00
6.2610e+03	5.1e+00	1.58206e+01	1.6e+00
6.2644e+03	5.0e+00	1.62106e+01	2.0e+00
6.2677e+03	5.0e+00	1.58438e+01	1.2e+00
6.2711e+03	5.0e+00	1.49117e+01	1.3e+00
6.2745e+03	4.9e+00	1.83517e+01	6.4e-01
6.2778e+03	4.9e+00	2.42504e+01	1.7e+00
6.2812e+03	4.9e+00	2.84196e+01	1.7e+00
6.2846e+03	4.9e+00	4.11513e+01	3.2e+00
6.2879e+03	4.8e+00	4.36672e+01	7.7e-01
6.2913e+03	4.8e+00	4.06373e+01	1.1e+00
6.2947e+03	4.8e+00	2.47048e+01	1.7e+00
6.2980e+03	4.7e+00	1.27547e+01	1.4e+00
6.3014e+03	4.7e+00	1.34837e+01	1.9e+00
6.3048e+03	4.7e+00	1.96805e+01	1.8e+00
6.3081e+03	4.6e+00	2.37653e+01	1.1e+00
6.3115e+03	4.6e+00	4.65412e+01	4.3e+00
6.3149e+03	4.6e+00	9.09226e+01	3.3e+00
6.3182e+03	4.5e+00	8.46217e+01	3.7e+00
6.3216e+03	4.5e+00	6.06172e+01	3.2e+00
6.3249e+03	4.5e+00	2.09094e+01	1.2e+00
6.3283e+03	4.4e+00	8.99231e+00	1.6e+00
6.3316e+03	4.4e+00	9.84659e+00	1.4e+00
6.3350e+03	4.3e+00	1.27353e+01	7.6e-01
6.3383e+03	4.3e+00	1.33866e+01	2.2e+00
6.3417e+03	4.3e+00	1.64130e+01	9.7e-01
6.3450e+03	4.2e+00	1.64596e+01	2.0e+00
6.3484e+03	4.2e+00	1.37017e+01	2.8e+00
6.3517e+03	4.2e+00	2.12791e+01	1.1e+00
6.3551e+03	4.1e+00	2.77419e+01	3.8e+00
6.3584e+03	4.1e+00	5.81740e+01	3.6e+00
6.3618e+03	4.1e+00	1.26723e+02	5.2e+00
6.3651e+03	4.0e+00	1.60696e+02	2.4e+00
6.3685e+03	4.0e+00	1.36196e+02	3.3e+00
6.3718e+03	4.0e+00	7.47868e+01	4.2e+00
6.3752e+03	3.9e+00	5.49226e+01	3.3e+00
6.3785e+03	3.9e+00	1.54227e+02	1.1e+01
6.3818e+03	3.9e+00	3.01727e+02	1.2e+01
6.3852e+03	3.8e+00	2.99294e+02	9.0e+00
6.3885e+03	3.8e+00	2.22658e+02	9.7e+00
6.3919e+03	3.7e+00	6.64966e+01	7.4e+00
6.3952e+03	3.7e+00	4.16760e+01	2.8e+00
6.3985e+03	3.7e+00	4.10864e+01	2.2e+00
6.4019e+03	3.6e+00	3.93422e+01	1.0e+00
6.4052e+03	3.6e+00	2.20330e+01	2.1e+00
6.4085e+03	3.6e+00	1.33966e+01	1.1e+00
6.4119e+03	3.5e+00	1.42564e+01	9.9e-01
6.4152e+03	3.5e+00	1.46113e+01	1.8e+00
6.4185e+03	3.5e+00	1.59266e+01	1.3e+00
6.4219e+03	3.4e+00	1.76940e+01	1.4e+00
6.4252e+03	3.4e+00	1.76537e+01	1.4e+00
6.4285e+03	3.3e+00	1.67132e+01	1.1e+00
6.4318e+03	3.3e+00	1.99002e+01	1.7e+00
6.4352e+03	3.3e+00	1.74079e+01	2.2e+00
6.4385e+03	3.2e+00	1.79473e+01	6.6e-01
6.4418e+03	3.2e+00	1.86551e+01	1.5e+00
6.4451e+03	3.2e+00	2.04588e+01	1.8e+00
6.4485e+03	3.1e+00	2.34972e+01	1.0e+00
6.4518e+03	3.1e+00	2.02272e+01	1.7e+00
6.4551e+03	3.1e+00	1.65198e+01	2.3e+00
6.4584e+03	3.0e+00	1.81930e+01	2.4e+00
6.4617e+03	3.0e+00	1.85811e+01	1.5e+00
6.4650e+03	3.0e+00	1.70387e+01	2.1e+00
6.4684e+03	2.9e+00	2.19663e+01	1.6e+00
6.4717e+03	2.9e+00	2.22837e+01	2.3e+00
6.4750e+03	2.9e+00	2.83911e+01	3.2e+00
6.4783e+03	2.9e+00	3.90275e+01	2.9e+00
6.4816e+03	2.8e+00	9.04512e+01	5.4e+00
6.4849e+03	2.8e+00	1.40305e+02	4.9e+00
6.4882e+03	2.8e+00	1.34429e+02	2.9e+00
6.4915e+03	2.7e+00	9.06639e+01	3.4e+00
6.4948e+03	2.7e+00	2.82860e+01	3.5e+00
6.4981e+03	2.7e+00	1.98338e+01	1.8e+00
6.5014e+03	2.7e+00	2.07072e+01	2.9e+00
6.5048e+03	2.7e+00	2.15618e+01	3.1e+00
6.5081e+03	2.6e+00	4.48253e+01	3.6e+00
6.5114e+03	2.6e+00	5.83709e+01	2.5e+00
6.5147e+03	2.6e+00	6.19790e+01	4.1e+00
6.5180e+03	2.6e+00	4.64949e+01	2.0e+00
6.5213e+03	2.6e+00	2.55815e+01	2.7e+00
6.5245e+03	2.5e+00	2.65781e+01	2.7e+00
6.5278e+03	2.5e+00	4.21121e+01	3.5e+00
6.5311e+03	2.5e+00	6.62821e+01	1.4e+00
6.5344e+03	2.5e+00	1.34551e+02	8.0e+00
6.5377e+03	2.5e+00	3.06076e+02	1.3e+01
6.5410e+03	2.5e+00	4.10716e+02	4.0e+00
6.5443e+03	2.5e+00	3.54119e+02	8.3e+00
6.5476e+03	2.5e+00	1.90382e+02	1.0e+01
6.5509e+03	2.5e+00	3.04371e+01	4.4e+00
6.5542e+03	2.5e+00	1.98375e+01	3.4e+00
6.5575e+03	2.5e+00	1.90993e+01	1.4e+00
6.5607e+03	2.5e+00	2.26397e+01	1.8e+00
6.5640e+03	2.5e+00	2.59182e+01	2.4e+00
6.5673e+03	2.5e+00	3.12073e+01	2.6e+00
6.5706e+03	2.5e+00	5.51579e+01	4.9e+00
6.5739e+03	2.5e+00	1.06136e+02	4.4e+00
6.5772e+03	2.5e+00	1.16845e+02	2.4e+00
6.5804e+03	2.6e+00	1.02278e+02	2.7e+00
6.5837e+03	2.6e+00	5.60068e+01	3.8e+00
6.5870e+03	2.6e+00	2.55390e+01	1.2e+00
6.5903e+03	2.6e+00	2.13579e+01	1.4e+00
6.5935e+03	2.6e+00	2.10965e+01	2.6e+00
6.5968e+03	2.7e+00	1.99236e+01	2.7e+00
6.6001e+03	2.7e+00	1.35030e+01	2.2e+00
6.6034e+03	2.7e+00	1.10602e+01	1.7e+00
6.6066e+03	2.8e+00	1.05930e+01	1.2e+00
6.6099e+03	2.8e+00	1.22049e+01	2.2e+00
6.6132e+03	2.8e+00	1.55520e+01	2.2e+00
6.6164e+03	2.9e+00	1.89440e+01	1.8e+00
6.6197e+03	2.9e+00	1.84756e+01	1.3e+00
6.6230e+03	2.9e+00	1.48011e+01	1.9e+00
6.6262e+03	3.0e+00	1.29525e+01	1.5e+00
6.6295e+03	3.0e+00	1.29521e+01	2.1e+00
6.6328e+03	3.1e+00	1.72169e+01	1.8e+00
6.6360e+03	3.1e+00	1.67734e+01	1.8e+00
6.6393e+03	3.2e+00	3.27449e+01	1.9e+00
6.6425e+03	3.2e+00	4.99071e+01	1.6e+00
6.6458e+03	3.3e+00	7.70286e+01	6.0e+00
6.6490e+03	3.3e+00	1.84017e+02	7.4e+00
6.6523e+03	3.4e+00	2.90789e+02	4.5e+00
6.6555e+03	3.4e+00	2.87708e+02	1.0e+01
6.6588e+03	3.5e+00	2.00509e+02	8.1e+00
6.6621e+03	3.5e+00	4.74773e+01	7.8e+00
6.6653e+03	3.6e+00	1.45850e+01	3.3e+00
6.6686e+03	3.6e+00	1.36922e+01	2.2e+00
6.6718e+03	3.7e+00	1.33234e+01	2.6e+00
6.6750e+03	3.8e+00	1.87091e+01	2.8e+00
6.6783e+03	3.8e+00	1.92922e+01	1.2e+00
6.6815e+03	3.9e+00	2.44588e+01	2.0e+00
6.6848e+03	4.0e+00	3.51170e+01	3.8e+00
6.6880e+03	4.0e+00	8.07639e+01	4.5e+00
6.6913e+03	4.1e+00	1.01724e+02	4.6e+00
6.6945e+03	4.2e+00	8.74692e+01	4.0e+00
6.6977e+03	4.2e+00	6.09235e+01	4.3e+00
6.7010e+03	4.3e+00	1.42082e+01	2.4e+00
6.7042e+03	4.4e+00	1.05173e+01	2.3e+00
6.7075e+03	4.4e+00	1.05063e+01	1.4e+00
6.7107e+03	4.5e+00	1.40223e+01	2.3e+00
6.7139e+03	4.6e+00	1.53857e+01	1.2e+00
6.7172e+03	4.7e+00	1.90493e+01	3.1e+00
6.7204e+03	4.7e+00	3.58224e+01	2.7e+00
6.7236e+03	4.8e+00	7.20136e+01	3.7e+00
6.7268e+03	4.9e+00	8.08605e+01	2.7e+00
6.7301e+03	5.0e+00	7.27451e+01	3.6e+00
6.7333e+03	5.1e+00	3.44248e+01	1.6e+00
6.7365e+03	5.1e+00	1.84389e+01	1.8e+00
6.7397e+03	5.2e+00	1.97087e+01	1.8e+00
6.7430e+03	5.3e+00	1.33126e+01	2.7e+00
6.7462e+03	5.4e+00	1.05186e+01	2.0e+00
6.7494e+03	5.5e+00	1.00396e+01	2.2e+00
6.7526e+03	5.5e+00	1.03585e+01	2.2e+00
6.7558e+03	5.6e+00	8.32567e+00	2.6e+00
6.7591e+03	5.7e+00	9.78523e+00	2.8e+00
6.7623e+03	5.8e+00	1.04944e+01	1.4e+00
6.7655e+03	5.9e+00	1.11793e+01	1.8e+00
6.7687e+03	6.0e+00	1.11880e+01	2.2e+00
6.7719e+03	6.1e+00	1.16768e+01	2.2e+00
6.7751e+03	6.1e+00	8.85934e+00	1.9e+00
6.7783e+03	6.2e+00	1.04247e+01	2.2e+00
6.7815e+03	6.3e+00	1.06472e+01	1.4e+00
6.7847e+03	6.4e+00	1.23927e+01	2.0e+00
6.7880e+03	6.5e+00	9.75336e+00	1.7e+00
6.7912e+03	6.6e+00	1.37488e+01	1.8e+00
6.7944e+03	6.7e+00	1.56685e+01	2.6e+00
6.7976e+03	6.8e+00	1.37246e+01	3.1e+00
6.8008e+03	6.9e+00	1.33083e+01	1.6e+00
6.8040e+03	7.0e+00	1.13361e+01	3.1e+00
6.8072e+03	7.1e+00	1.52154e+01	1.4e+00
6.8104e+03	7.2e+00	1.45000e+01	3.1e+00
6.8136e+03	7.3e+00	1.23486e+01	4.3e+00
6.8168e+03	7.4e+00	1.42932e+01	4.1e+00
6.8199e+03	7.5e+00	1.63828e+01	2.9e+00
6.8231e+03	7.6e+00	1.64338e+01	2.1e+00
6.8263e+03	7.7e+00	2.37222e+01	1.5e+00
6.8295e+03	7.7e+00	1.91856e+01	3.0e+00
6.8327e+03	7.8e+00	2.55630e+01	2.8e+00
6.8359e+03	7.9e+00	4.62491e+01	2.7e+00
6.8391e+03	8.1e+00	6.14761e+01	3.9e+00
6.8423e+03	8.2e+00	6.68314e+01	3.1e+00
6.8455e+03	8.3e+00	5.35678e+01	3.2e+00
6.8486e+03	8.4e+00	2.20318e+01	3.0e+00
6.8518e+03	8.5e+00	1.71041e+01	2.8e+00
6.8550e+03	8.6e+00	2.22277e+01	2.2e+00
6.8582e+03	8.7e+00	1.97862e+01	3.0e+00
6.8614e+03	8.8e+00	1.58373e+01	1.5e+00
6.8645e+03	8.9e+00	1.56178e+01	1.1e+00
6.8677e+03	9.0e+00	1.40043e+01	2.7e+00
6.8709e+03	9.1e+00	1.28781e+01	1.8e+00
6.8741e+03	9.2e+00	1.81961e+01	2.0e+00
6.8772e+03	9.3e+00	1.85144e+01	2.2e+00
6.8804e+03	9.4e+00	1.89915e+01	3.3e+00
6.8836e+03	9.5e+00	2.03011e+01	1.6e+00
6.8867e+03	9.6e+00	2.71788e+01	2.8e+00
6.8899e+03	9.7e+00	4.35288e+01	3.0e+00
6.8931e+03	9.9e+00	8.16009e+01	2.3e+00
6.8962e+03	1.0e+01	1.06574e+02	3.5e+00
6.8994e+03	1.0e+01	1.06012e+02	3.8e+00
6.9026e+03	1.0e+01	7.14207e+01	4.2e+00
6.9057e+03	1.0e+01	3.26878e+01	1.7e+00
6.9089e+03	1.0e+01	3.67247e+01	1.6e+00
6.9120e+03	1.1e+01	3.49376e+01	2.7e+00
6.9152e+03	1.1e+01	6.69309e+01	3.3e+00
6.9183e+03	1.1e+01	1.40390e+02	7.0e+00
6.9215e+03	1.1e+01	2.61618e+02	7.6e+00
6.9247e+03	1.1e+01	5.10809e+02	2.6e+01
6.9278e+03	1.1e+01	1.09440e+03	4.0e+01
6.9310e+03	1.1e+01	1.33010e+03	1.5e+01
6.9341e+03	1.1e+01	1.17155e+03	2.3e+01
6.9373e+03	1.1e+01	6.14474e+02	3.7e+01
6.9404e+03	1.2e+01	4.31561e+01	8.3e+00
6.9435e+03	1.2e+01	2.44416e+01	4.5e+00
6.9467e+03	1.2e+01	1.93883e+01	3.7e+00
6.9498e+03	1.2e+01	1.82041e+01	2.5e+00
6.9530e+03	1.2e+01	1.54022e+01	2.9e+00
6.9561e+03	1.2e+01	1.79347e+01	2.2e+00
6.9593e+03	1.2e+01	1.57286e+01	3.0e+00
6.9624e+03	1.2e+01	9.65630e+00	2.3e+00
6.9655e+03	1.3e+01	1.89104e+01	2.6e+00
6.9687e+03	1.3e+01	1.75279e+01	3.0e+00
6.9718e+03	1.3e+01	1.53294e+01	2.7e+00
6.9749e+03	1.3e+01	1.66803e+01	2.1e+00
6.9781e+03	1.3e+01	1.91247e+01	2.4e+00
6.9812e+03	1.3e+01	3.05240e+01	2.1e+00
6.9843e+03	1.3e+01	3.91869e+01	3.9e+00
6.9874e+03	1.3e+01	7.23701e+01	5.0e+00
6.9906e+03	1.4e+01	1.20306e+02	5.6e+00
6.9937e+03	1.4e+01	1.59238e+02	6.5e+00
6.9968e+03	1.4e+01	1.34812e+02	6.3e+00
6.9999e+03	1.4e+01	8.65558e+01	5.4e+00
7.0031e+03	1.4e+01	3.24740e+01	4.8e+00
7.0062e+03	1.4e+01	2.38430e+01	2.8e+00
7.0093e+03	1.4e+01	2.93437e+01	3.0e+00
7.0124e+03	1.4e+01	5.74960e+01	4.2e+00
7.0155e+03	1.5e+01	1.11576e+02	5.2e+00
7.0186e+03	1.5e+01	1.85628e+02	8.6e+00
7.0218e+03	1.5e+01	3.55505e+02	1.5e+01
7.0249e+03	1.5e+01	6.62893e+02	2.3e+01
7.0280e+03	1.5e+01	8.04579e+02	5.4e+00
7.0311e+03	1.5e+01	7.00071e+02	1.4e+01
7.0342e+03	1.5e+01	3.81366e+02	1.7e+01
7.0373e+03	1.6e+01	4.87961e+01	4.9e+00
7.0404e+03	1.6e+01	1.90863e+01	1.5e+00
7.0435e+03	1.6e+01	1.73660e+01	1.7e+00
7.0466e+03	1.6e+01	1.77976e+01	1.9e+00
7.0497e+03	1.6e+01	1.28196e+01	2.5e+00
7.0528e+03	1.6e+01	1.42680e+01	2.9e+00
7.0559e+03	1.6e+01	1.34089e+01	3.4e+00
7.0590e+03	1.6e+01	1.50405e+01	2.1e+00
7.0621e+03	1.7e+01	1.82413e+01	1.9e+00
7.0652e+03	1.7e+01	1.89050e+01	1.2e+00
7.0683e+03	1.7e+01	1.76347e+01	2.2e+00
7.0714e+03	1.7e+01	1.66911e+01	2.5e+00
7.0745e+03	1.7e+01	1.91370e+01	3.0e+00
7.0776e+03	1.7e+01	2.07798e+01	3.1e+00
7.0807e+03	1.7e+01	1.89013e+01	2.6e+00
7.0837e+03	1.8e+01	2.48593e+01	3.2e+00
7.0868e+03	1.8e+01	2.35855e+01	3.2e+00
7.0899e+03	1.8e+01	2.87111e+01	2.2e+00
7.0930e+03	1.8e+01	2.77728e+01	2.7e+00
7.0961e+03	1.8e+01	4.10546e+01	4.3e+00
7.0991e+03	1.8e+01	7.31815e+01	3.2e+00
7.1022e+03	1.9e+01	1.01655e+02	4.0e+00
7.1053e+03	1.9e+01	9.63345e+01	3.4e+00
7.1084e+03	1.9e+01	8.00059e+01	6.1e+00
7.1115e+03	1.9e+01	2.74573e+01	3.5e+00
7.1145e+03	1.9e+01	1.31922e+01	3.5e+00
7.1176e+03	1.9e+01	2.04490e+01	3.2e+00
7.1207e+03	1.9e+01	1.91532e+01	2.3e+00
7.1237e+03	2.0e+01	1.78139e+01	2.9e+00
7.1268e+03	2.0e+01	2.21241e+01	3.4e+00
7.1299e+03	2.0e+01	2.12724e+01	3.3e+00
7.1329e+03	2.0e+01	1.94177e+01	2.0e+00
7.1360e+03	2.0e+01	1.78942e+01	1.5e+00
7.1391e+03	2.0e+01	1.89134e+01	2.3e+00
7.1421e+03	2.0e+01	1.76946e+01	3.4e+00
7.1452e+03	2.1e+01	1.66211e+01	2.8e+00
7.1482e+03	2.1e+01	2.04797e+01	3.5e+00
7.1513e+03	2.1e+01	2.39058e+01	2.0e+00
7.1543e+03	2.1e+01	2.80274e+01	2.8e+00
7.1574e+03	2.1e+01	3.84069e+01	2.6e+00
7.1605e+03	2.1e+01	3.42184e+01	4.3e+00
7.1635e+03	2.2e+01	2.96806e+01	1.7e+00
7.1666e+03	2.2e+01	2.27172e+01	2.6e+00
7.1696e+03	2.2e+01	1.93011e+01	3.3e+00
7.1726e+03	2.2e+01	2.07955e+01	3.1e+00
7.1757e+03	2.2e+01	2.21148e+01	2.8e+00
7.1787e+03	2.2e+01	1.60545e+01	2.3e+00
7.1818e+03	2.3e+01	2.48662e+01	3.9e+00
7.1848e+03	2.3e+01	2.67131e+01	2.6e+00
7.1879e+03	2.3e+01	2.67493e+01	2.1e+00
7.1909e+03	2.3e+01	3.75444e+01	2.9e+00
7.1939e+03	2.3e+01	4.79023e+01	2.2e+00
7.1970e+03	2.3e+01	4.97243e+01	3.6e+00
7.2000e+03	2.3e+01	3.96013e+01	3.6e+00
7.2030e+03	2.4e+01	3.18222e+01	2.0e+00
7.2061e+03	2.4e+01	4.05656e+01	4.1e+00
7.2091e+03	2.4e+01	5.83221e+01	2.8e+00
7.2121e+03	2.4e+01	9.60037e+01	3.6e+00
7.2152e+03	2.4e+01	1.44700e+02	3.0e+00
7.2182e+03	2.4e+01	2.34369e+02	6.0e+00
7.2212e+03	2.5e+01	3.12602e+02	3.3e+00
7.2242e+03	2.5e+01	2.76876e+02	1.1e+01
7.2272e+03	2.5e+01	1.84090e+02	1.1e+01
7.2303e+03	2.5e+01	6.07333e+01	4.2e+00
7.2333e+03	2.5e+01	2.68936e+01	2.5e+00
7.2363e+03	2.6e+01	2.02465e+01	3.0e+00
7.2393e+03	2.6e+01	2.05152e+01	2.4e+00
7.2423e+03	2.6e+01	1.71583e+01	2.0e+00
7.2453e+03	2.6e+01	2.01409e+01	2.0e+00
7.2484e+03	2.6e+01	2.61157e+01	2.5e+00
7.2514e+03	2.6e+01	1.99812e+01	2.7e+00
7.2544e+03	2.7e+01	3.00971e+01	5.4e+00
7.2574e+03	2.7e+01	4.14484e+01	5.8e+00
7.2604e+03	2.7e+01	3.27418e+01	2.1e+00
7.2634e+03	2.7e+01	3.23885e+01	3.0e+00
7.2664e+03	2.7e+01	2.59769e+01	2.2e+00
7.2694e+03	2.7e+01	2.10385e+01	3.3e+00
7.2724e+03	2.8e+01	2.02732e+01	2.3e+00
7.2754e+03	2.8e+01	2.37502e+01	2.5e+00
7.2784e+03	2.8e+01	2.25489e+01	2.2e+00
7.2814e+03	2.8e+01	2.23892e+01	3.4e+00
7.2844e+03	2.8e+01	2.96484e+01	4.7e+00
7.2874e+03	2.9e+01	3.04505e+01	3.2e+00
7.2904e+03	2.9e+01	3.07483e+01	2.3e+00
7.2933e+03	2.9e+01	3.88150e+01	2.8e+00
7.2963e+03	2.9e+01	4.45919e+01	2.6e+00
7.2993e+03	2.9e+01	5.08196e+01	3.4e+00
7.3023e+03	2.9e+01	5.06844e+01	2.4e+00
7.3053e+03	3.0e+01	5.94618e+01	2.9e+00
7.3083e+03	3.0e+01	1.23148e+02	4.0e+00
7.3113e+03	3.0e+01	2.36313e+02	8.0e+00
7.3142e+03	3.0e+01	3.82569e+02	1.1e+01
7.3172e+03	3.0e+01	5.67326e+02	1.5e+01
7.3202e+03	3.1e+01	8.31175e+02	1.7e+01
7.3232e+03	3.1e+01	1.18433e+03	2.6e+01
7.3261e+03	3.1e+01	1.21009e+03	1.7e+01
7.3291e+03	3.1e+01	9.42282e+02	2.6e+01
7.3321e+03	3.1e+01	4.68202e+02	2.5e+01
7.3351e+03	3.1e+01	7.50729e+01	1.0e+01
7.3380e+03	3.2e+01	3.49858e+01	4.0e+00
7.3410e+03	3.2e+01	3.26174e+01	2.5e+00
7.3439e+03	3.2e+01	2.62765e+01	3.2e+00
7.3469e+03	3.2e+01	2.86330e+01	3.4e+00
7.3499e+03	3.2e+01	3.44810e+01	1.6e+00
7.3528e+03	3.3e+01	3.11065e+01	2.7e+00
7.3558e+03	3.3e+01	3.29542e+01	1.8e+00
7.3588e+03	3.3e+01	3.61773e+01	3.4e+00
7.3617e+03	3.3e+01	3.78305e+01	3.5e+00
7.3647e+03	3.3e+01	3.80442e+01	2.9e+00
7.3676e+03	3.4e+01	4.24646e+01	5.1e+00
7.3706e+03	3.4e+01	4.56573e+01	4.1e+00
7.3735e+03	3.4e+01	5.35340e+01	3.2e+00
7.3765e+03	3.4e+01	5.14946e+01	3.0e+00
7.3794e+03	3.4e+01	4.67633e+01	3.7e+00
7.3824e+03	3.5e+01	3.86661e+01	4.1e+00
7.3853e+03	3.5e+01	3.26712e+01	2.3e+00
7.3882e+03	3.5e+01	3.31527e+01	2.4e+00
7.3912e+03	3.5e+01	3.50243e+01	3.6e+00
7.3941e+03	3.5e+01	4.74854e+01	5.9e+00
7.3971e+03	3.6e+01	4.04803e+01	3.9e+00
7.4000e+03	3.6e+01	3.89565e+01	4.2e+00
7.4029e+03	3.6e+01	4.92187e+01	1.8e+00
7.4059e+03	3.6e+01	5.38639e+01	3.2e+00
7.4088e+03	3.6e+01	6.72468e+01	2.3e+00
7.4117e+03	3.7e+01	7.68698e+01	4.0e+00
7.4147e+03	3.7e+01	1.62653e+02	1.3e+01
7.4176e+03	3.7e+01	4.86364e+02	2.8e+01
7.4205e+03	3.7e+01	1.09259e+03	4.1e+01
7.4234e+03	3.7e+01	1.96531e+03	6.8e+01
7.4264e+03	3.8e+01	3.33298e+03	1.0e+02
7.4293e+03	3.8e+01	5.11327e+03	1.2e+02
7.4322e+03	3.8e+01	7.48004e+03	1.2e+02
7.4351e+03	3.8e+01	9.37513e+03	1.1e+02
7.4380e+03	3.9e+01	8.47978e+03	1.3e+02
7.4409e+03	3.9e+01	6.41900e+03	1.1e+02
7.4439e+03	3.9e+01	3.77884e+03	9.7e+01
7.4468e+03	3.9e+01	2.33749e+03	3.9e+01
7.4497e+03	3.9e+01	1.72031e+03	5.6e+01
7.4526e+03	4.0e+01	8.03674e+02	5.0e+01
7.4555e+03	4.0e+01	1.33403e+02	1.4e+01
7.4584e+03	4.0e+01	6.52715e+01	4.9e+00
7.4613e+03	4.0e+01	4.87955e+01	3.7e+00
7.4642e+03	4.0e+01	6.14251e+01	3.3e+00
7.4671e+03	4.1e+01	6.33064e+01	4.3e+00
7.4700e+03	4.1e+01	4.74344e+01	2.9e+00
7.4729e+03	4.1e+01	4.72160e+01	3.3e+00
7.4758e+03	4.1e+01	5.00745e+01	3.4e+00
7.4787e+03	4.2e+01	4.72576e+01	2.8e+00
7.4816e+03	4.2e+01	3.92507e+01	2.6e+00
7.4845e+03	4.2e+01	3.79206e+01	4.2e+00
7.4874e+03	4.2e+01	4.17373e+01	3.6e+00
7.4903e+03	4.2e+01	3.73612e+01	4.3e+00
7.4932e+03	4.3e+01	3.55875e+01	1.8e+00
7.4960e+03	4.3e+01	3.37393e+01	4.2e+00
7.4989e+03	4.3e+01	3.72247e+01	9.5e-01
7.5018e+03	4.3e+01	4.15133e+01	3.2e+00
7.5047e+03	4.4e+01	3.69572e+01	3.9e+00
7.5076e+03	4.4e+01	4.59261e+01	2.4e+00
7.5105e+03	4.4e+01	3.33464e+01	2.9e+00
7.5133e+03	4.4e+01	4.01248e+01	4.0e+00
7.5162e+03	4.4e+01	4.15693e+01	3.9e+00
7.5191e+03	4.5e+01	4.16833e+01	3.9e+00
7.5220e+03	4.5e+01	3.96978e+01	5.3e+00
7.5248e+03	4.5e+01	4.48729e+01	4.1e+00
7.5277e+03	4.5e+01	4.37985e+01	1.6e+00
7.5306e+03	4.6e+01	4.76648e+01	4.3e+00
7.5334e+03	4.6e+01	9.11257e+01	6.9e+00
7.5363e+03	4.6e+01	2.45566e+02	6.8e+00
7.5392e+03	4.6e+01	5.36031e+02	2.7e+01
7.5420e+03	4.7e+01	9.73528e+02	3.4e+01
7.5449e+03	4.7e+01	1.55715e+03	3.2e+01
7.5477e+03	4.7e+01	2.28840e+03	5.8e+01
7.5506e+03	4.7e+01	3.04276e+03	5.0e+01
7.5534e+03	4.7e+01	4.07516e+03	4.2e+01
7.5563e+03	4.8e+01	3.82385e+03	6.7e+01
7.5592e+03	4.8e+01	2.81554e+03	5.8e+01
7.5620e+03	4.8e+01	1.42793e+03	9.3e+01
7.5648e+03	4.8e+01	2.07358e+02	3.2e+01
7.5677e+03	4.9e+01	5.10592e+01	7.3e+00
7.5705e+03	4.9e+01	4.23732e+01	5.9e+00
7.5734e+03	4.9e+01	3.57820e+01	5.1e+00
7.5762e+03	4.9e+01	3.58013e+01	4.0e+00
7.5791e+03	5.0e+01	4.09691e+01	3.5e+00
7.5819e+03	5.0e+01	3.69541e+01	4.0e+00
7.5847e+03	5.0e+01	3.41577e+01	2.7e+00
7.5876e+03	5.0e+01	3.62475e+01	2.1e+00
7.5904e+03	5.1e+01	3.62400e+01	4.4e+00
7.5932e+03	5.1e+01	4.29495e+01	3.3e+00
