# lambda [A]	Dlambda [A]	specval [counts]	Dspecval [counts]
3.7300e+03	5.7e+00	2.4915e-01	4.1e-02
3.7334e+03	5.6e+00	2.2847e-01	2.1e-02
3.7368e+03	5.6e+00	2.7957e-01	3.2e-02
3.7403e+03	5.5e+00	2.7857e-01	3.0e-02
3.7437e+03	5.5e+00	2.5799e-01	2.6e-02
3.7471e+03	5.5e+00	3.1181e-01	4.8e-02
3.7505e+03	5.4e+00	3.7358e-01	5.0e-02
3.7539e+03	5.4e+00	3.6236e-01	3.3e-02
3.7574e+03	5.4e+00	4.0177e-01	3.7e-02
3.7608e+03	5.3e+00	4.2959e-01	4.9e-02
3.7642e+03	5.3e+00	4.2514e-01	5.2e-02
3.7676e+03	5.3e+00	3.8786e-01	4.3e-02
3.7710e+03	5.2e+00	3.8459e-01	4.5e-02
3.7745e+03	5.2e+00	3.6525e-01	3.8e-02
3.7779e+03	5.2e+00	4.0188e-01	5.2e-02
3.7813e+03	5.1e+00	3.9568e-01	3.5e-02
3.7847e+03	5.1e+00	4.6994e-01	4.7e-02
3.7882e+03	5.1e+00	4.6644e-01	4.0e-02
3.7916e+03	5.0e+00	4.5069e-01	4.1e-02
3.7950e+03	5.0e+00	4.4082e-01	4.9e-02
3.7985e+03	5.0e+00	4.3593e-01	5.9e-02
3.8019e+03	4.9e+00	3.7746e-01	4.9e-02
3.8053e+03	4.9e+00	3.5768e-01	3.5e-02
3.8088e+03	4.9e+00	3.6564e-01	4.0e-02
3.8122e+03	4.9e+00	3.9678e-01	3.9e-02
3.8156e+03	4.8e+00	4.2738e-01	5.0e-02
3.8191e+03	4.8e+00	4.3625e-01	4.7e-02
3.8225e+03	4.8e+00	4.8333e-01	5.4e-02
3.8259e+03	4.8e+00	4.9306e-01	4.7e-02
3.8294e+03	4.7e+00	4.8581e-01	3.8e-02
3.8328e+03	4.7e+00	4.9522e-01	4.7e-02
3.8363e+03	4.7e+00	4.8367e-01	4.5e-02
3.8397e+03	4.7e+00	5.1791e-01	6.6e-02
3.8432e+03	4.6e+00	5.2081e-01	4.4e-02
3.8466e+03	4.6e+00	5.3582e-01	4.0e-02
3.8500e+03	4.6e+00	5.8716e-01	5.4e-02
3.8535e+03	4.6e+00	6.0759e-01	5.1e-02
3.8569e+03	4.5e+00	6.2633e-01	4.3e-02
3.8604e+03	4.5e+00	6.7408e-01	5.2e-02
3.8638e+03	4.5e+00	7.4653e-01	5.2e-02
3.8673e+03	4.5e+00	9.0302e-01	6.1e-02
3.8707e+03	4.5e+00	1.0069e+00	5.0e-02
3.8742e+03	4.5e+00	1.0507e+00	4.2e-02
3.8776e+03	4.4e+00	1.0852e+00	4.8e-02
3.8811e+03	4.4e+00	1.0508e+00	4.6e-02
3.8845e+03	4.4e+00	1.1046e+00	5.7e-02
3.8880e+03	4.4e+00	1.1935e+00	6.3e-02
3.8914e+03	4.4e+00	1.2284e+00	4.8e-02
3.8949e+03	4.3e+00	1.2550e+00	5.9e-02
3.8983e+03	4.3e+00	1.1385e+00	5.6e-02
3.9018e+03	4.3e+00	9.9120e-01	4.4e-02
3.9053e+03	4.3e+00	8.3641e-01	4.4e-02
3.9087e+03	4.3e+00	6.7492e-01	4.4e-02
3.9122e+03	4.3e+00	5.4757e-01	4.9e-02
3.9156e+03	4.3e+00	6.2534e-01	4.6e-02
3.9191e+03	4.2e+00	7.8771e-01	4.1e-02
3.9226e+03	4.2e+00	1.0232e+00	5.3e-02
3.9260e+03	4.2e+00	1.2026e+00	6.6e-02
3.9295e+03	4.2e+00	1.3226e+00	5.2e-02
3.9329e+03	4.2e+00	1.4425e+00	6.6e-02
3.9364e+03	4.2e+00	1.3045e+00	4.3e-02
3.9399e+03	4.2e+00	1.1217e+00	4.4e-02
3.9433e+03	4.2e+00	8.6321e-01	5.2e-02
3.9468e+03	4.1e+00	6.6257e-01	4.2e-02
3.9503e+03	4.1e+00	7.6184e-01	4.1e-02
3.9537e+03	4.1e+00	1.0808e+00	4.4e-02
3.9572e+03	4.1e+00	1.4392e+00	5.2e-02
3.9607e+03	4.1e+00	1.6385e+00	5.3e-02
3.9642e+03	4.1e+00	1.7481e+00	5.1e-02
3.9676e+03	4.1e+00	1.8264e+00	5.0e-02
3.9711e+03	4.1e+00	1.9187e+00	5.9e-02
3.9746e+03	4.1e+00	1.9514e+00	6.1e-02
3.9780e+03	4.0e+00	1.9814e+00	5.7e-02
3.9815e+03	4.0e+00	1.9938e+00	6.2e-02
3.9850e+03	4.0e+00	1.9799e+00	5.6e-02
3.9885e+03	4.0e+00	2.0312e+00	5.3e-02
3.9919e+03	4.0e+00	2.1717e+00	6.0e-02
3.9954e+03	4.0e+00	2.1646e+00	5.4e-02
3.9989e+03	4.0e+00	2.1468e+00	5.0e-02
4.0024e+03	4.0e+00	2.1571e+00	5.3e-02
4.0059e+03	4.0e+00	2.0826e+00	5.4e-02
4.0093e+03	4.0e+00	1.9429e+00	4.8e-02
4.0128e+03	4.0e+00	1.9090e+00	4.8e-02
4.0163e+03	4.0e+00	1.9722e+00	5.1e-02
4.0198e+03	4.0e+00	1.9520e+00	4.8e-02
4.0233e+03	3.9e+00	1.8677e+00	5.2e-02
4.0267e+03	3.9e+00	1.8527e+00	5.1e-02
4.0302e+03	3.9e+00	1.8931e+00	5.0e-02
4.0337e+03	3.9e+00	1.8813e+00	4.2e-02
4.0372e+03	3.9e+00	1.7648e+00	4.7e-02
4.0407e+03	3.9e+00	1.7246e+00	4.9e-02
4.0442e+03	3.9e+00	1.7486e+00	4.6e-02
4.0477e+03	3.9e+00	1.7564e+00	4.3e-02
4.0511e+03	3.9e+00	1.7812e+00	4.6e-02
4.0546e+03	3.9e+00	1.7834e+00	4.2e-02
4.0581e+03	3.9e+00	1.8529e+00	4.0e-02
4.0616e+03	3.9e+00	1.9750e+00	4.4e-02
4.0651e+03	3.9e+00	2.0425e+00	4.6e-02
4.0686e+03	3.9e+00	2.0810e+00	5.0e-02
4.0721e+03	3.9e+00	2.0097e+00	4.6e-02
4.0756e+03	3.9e+00	1.8082e+00	3.7e-02
4.0791e+03	3.8e+00	1.7655e+00	3.9e-02
4.0826e+03	3.8e+00	1.8254e+00	4.1e-02
4.0861e+03	3.8e+00	1.8802e+00	4.1e-02
4.0896e+03	3.8e+00	1.8714e+00	3.5e-02
4.0931e+03	3.8e+00	1.8466e+00	3.4e-02
4.0965e+03	3.8e+00	1.8486e+00	3.8e-02
4.1000e+03	3.8e+00	1.8108e+00	3.8e-02
4.1035e+03	3.8e+00	1.7500e+00	3.8e-02
4.1070e+03	3.8e+00	1.6813e+00	3.6e-02
4.1105e+03	3.8e+00	1.6536e+00	3.6e-02
4.1140e+03	3.8e+00	1.6536e+00	3.1e-02
4.1175e+03	3.8e+00	1.6581e+00	3.4e-02
4.1210e+03	3.8e+00	1.5927e+00	3.3e-02
4.1245e+03	3.8e+00	1.5219e+00	3.3e-02
4.1280e+03	3.8e+00	1.5448e+00	3.5e-02
4.1315e+03	3.8e+00	1.5614e+00	3.4e-02
4.1350e+03	3.8e+00	1.5916e+00	3.4e-02
4.1386e+03	3.8e+00	1.6758e+00	3.4e-02
4.1421e+03	3.8e+00	1.6893e+00	2.9e-02
4.1456e+03	3.7e+00	1.6562e+00	3.4e-02
4.1491e+03	3.7e+00	1.5689e+00	3.2e-02
4.1526e+03	3.7e+00	1.5245e+00	3.6e-02
4.1561e+03	3.7e+00	1.4964e+00	3.0e-02
4.1596e+03	3.7e+00	1.5998e+00	3.4e-02
4.1631e+03	3.7e+00	1.6726e+00	3.3e-02
4.1666e+03	3.7e+00	1.7071e+00	3.4e-02
4.1701e+03	3.7e+00	1.6408e+00	2.9e-02
4.1736e+03	3.7e+00	1.5950e+00	3.2e-02
4.1771e+03	3.7e+00	1.5425e+00	2.8e-02
4.1806e+03	3.7e+00	1.6094e+00	2.9e-02
4.1841e+03	3.7e+00	1.7250e+00	2.8e-02
4.1877e+03	3.7e+00	1.7762e+00	3.2e-02
4.1912e+03	3.7e+00	1.7599e+00	3.0e-02
4.1947e+03	3.7e+00	1.8515e+00	3.1e-02
4.1982e+03	3.7e+00	1.8734e+00	3.3e-02
4.2017e+03	3.7e+00	1.7425e+00	3.0e-02
4.2052e+03	3.7e+00	1.6602e+00	2.8e-02
4.2087e+03	3.6e+00	1.7624e+00	3.3e-02
4.2123e+03	3.6e+00	1.9030e+00	3.2e-02
4.2158e+03	3.6e+00	1.8907e+00	2.8e-02
4.2193e+03	3.6e+00	1.9760e+00	2.8e-02
4.2228e+03	3.6e+00	2.0036e+00	2.7e-02
4.2263e+03	3.6e+00	1.9176e+00	2.9e-02
4.2298e+03	3.6e+00	1.8127e+00	2.7e-02
4.2334e+03	3.6e+00	1.7944e+00	2.6e-02
4.2369e+03	3.6e+00	1.8669e+00	2.7e-02
4.2404e+03	3.6e+00	1.9691e+00	3.0e-02
4.2439e+03	3.6e+00	1.9407e+00	2.8e-02
4.2474e+03	3.6e+00	1.7862e+00	2.3e-02
4.2510e+03	3.6e+00	1.6671e+00	2.2e-02
4.2545e+03	3.6e+00	1.7719e+00	2.7e-02
4.2580e+03	3.6e+00	1.8848e+00	2.6e-02
4.2615e+03	3.6e+00	1.8423e+00	2.5e-02
4.2650e+03	3.5e+00	1.7492e+00	2.5e-02
4.2686e+03	3.5e+00	1.7275e+00	2.7e-02
4.2721e+03	3.5e+00	1.6366e+00	2.4e-02
4.2756e+03	3.5e+00	1.5094e+00	2.4e-02
4.2791e+03	3.5e+00	1.3475e+00	2.5e-02
4.2827e+03	3.5e+00	1.2462e+00	2.4e-02
4.2862e+03	3.5e+00	1.3352e+00	2.8e-02
4.2897e+03	3.5e+00	1.6043e+00	2.8e-02
4.2932e+03	3.5e+00	2.0030e+00	2.6e-02
4.2968e+03	3.5e+00	2.1362e+00	2.5e-02
4.3003e+03	3.5e+00	1.9927e+00	2.2e-02
4.3038e+03	3.5e+00	1.9207e+00	2.6e-02
4.3074e+03	3.5e+00	2.0696e+00	2.5e-02
4.3109e+03	3.5e+00	2.2311e+00	2.7e-02
4.3144e+03	3.4e+00	2.0842e+00	2.3e-02
4.3179e+03	3.4e+00	2.0173e+00	2.4e-02
4.3215e+03	3.4e+00	2.0740e+00	2.5e-02
4.3250e+03	3.4e+00	2.1641e+00	2.2e-02
4.3285e+03	3.4e+00	2.1474e+00	2.3e-02
4.3321e+03	3.4e+00	2.0843e+00	2.1e-02
4.3356e+03	3.4e+00	2.1604e+00	2.1e-02
4.3391e+03	3.4e+00	2.2655e+00	2.1e-02
4.3427e+03	3.4e+00	2.2576e+00	2.2e-02
4.3462e+03	3.4e+00	2.2087e+00	2.4e-02
4.3497e+03	3.4e+00	2.0431e+00	1.7e-02
4.3533e+03	3.4e+00	2.0218e+00	2.2e-02
4.3568e+03	3.4e+00	1.8871e+00	2.2e-02
4.3603e+03	3.3e+00	1.7608e+00	1.8e-02
4.3639e+03	3.3e+00	1.7074e+00	2.2e-02
4.3674e+03	3.3e+00	1.8340e+00	2.5e-02
4.3709e+03	3.3e+00	1.9622e+00	1.8e-02
4.3745e+03	3.3e+00	2.0304e+00	2.4e-02
4.3780e+03	3.3e+00	1.9711e+00	2.2e-02
4.3815e+03	3.3e+00	1.8816e+00	1.9e-02
4.3851e+03	3.3e+00	1.9149e+00	2.0e-02
4.3886e+03	3.3e+00	2.0110e+00	2.1e-02
4.3922e+03	3.3e+00	2.0864e+00	2.1e-02
4.3957e+03	3.3e+00	2.0903e+00	1.8e-02
4.3992e+03	3.3e+00	2.1116e+00	2.0e-02
4.4028e+03	3.2e+00	2.1179e+00	1.8e-02
4.4063e+03	3.2e+00	2.0697e+00	2.2e-02
4.4099e+03	3.2e+00	2.0615e+00	1.8e-02
4.4134e+03	3.2e+00	2.0612e+00	1.6e-02
4.4169e+03	3.2e+00	2.0796e+00	1.6e-02
4.4205e+03	3.2e+00	2.1561e+00	1.5e-02
4.4240e+03	3.2e+00	2.1731e+00	1.8e-02
4.4276e+03	3.2e+00	2.1954e+00	1.8e-02
4.4311e+03	3.2e+00	2.0776e+00	1.9e-02
4.4346e+03	3.2e+00	1.9449e+00	1.8e-02
4.4382e+03	3.1e+00	1.9150e+00	1.7e-02
4.4417e+03	3.1e+00	1.9798e+00	1.6e-02
4.4453e+03	3.1e+00	2.0789e+00	1.4e-02
4.4488e+03	3.1e+00	2.1843e+00	1.8e-02
4.4524e+03	3.1e+00	2.2730e+00	1.9e-02
4.4559e+03	3.1e+00	2.2485e+00	1.5e-02
4.4595e+03	3.1e+00	2.2273e+00	1.6e-02
4.4630e+03	3.1e+00	2.1989e+00	1.6e-02
4.4665e+03	3.1e+00	2.2042e+00	1.5e-02
4.4701e+03	3.1e+00	2.1393e+00	1.5e-02
4.4736e+03	3.1e+00	2.1525e+00	1.8e-02
4.4772e+03	3.0e+00	2.2407e+00	1.6e-02
4.4807e+03	3.0e+00	2.3729e+00	1.5e-02
4.4843e+03	3.0e+00	2.3963e+00	2.0e-02
4.4878e+03	3.0e+00	2.3791e+00	1.7e-02
4.4914e+03	3.0e+00	2.2959e+00	1.8e-02
4.4949e+03	3.0e+00	2.2582e+00	1.8e-02
4.4985e+03	3.0e+00	2.2111e+00	1.7e-02
4.5020e+03	3.0e+00	2.1154e+00	1.6e-02
4.5056e+03	3.0e+00	1.9838e+00	1.4e-02
4.5091e+03	3.0e+00	1.9430e+00	1.5e-02
4.5127e+03	3.0e+00	2.0446e+00	1.4e-02
4.5162e+03	2.9e+00	2.1179e+00	1.5e-02
4.5198e+03	2.9e+00	2.1351e+00	1.5e-02
4.5233e+03	2.9e+00	2.1024e+00	1.6e-02
4.5269e+03	2.9e+00	2.0613e+00	1.6e-02
4.5304e+03	2.9e+00	2.0772e+00	1.4e-02
4.5340e+03	2.9e+00	2.1401e+00	1.7e-02
4.5375e+03	2.9e+00	2.1662e+00	1.7e-02
4.5411e+03	2.9e+00	2.1829e+00	1.6e-02
4.5446e+03	2.9e+00	2.1327e+00	1.9e-02
4.5482e+03	2.9e+00	2.1559e+00	1.4e-02
4.5517e+03	2.9e+00	2.1730e+00	1.6e-02
4.5553e+03	2.8e+00	2.0979e+00	1.9e-02
4.5588e+03	2.8e+00	2.0418e+00	1.6e-02
4.5624e+03	2.8e+00	2.0226e+00	1.6e-02
4.5659e+03	2.8e+00	2.0682e+00	1.4e-02
4.5695e+03	2.8e+00	2.0560e+00	1.7e-02
4.5730e+03	2.8e+00	2.0117e+00	1.5e-02
4.5766e+03	2.8e+00	1.9862e+00	1.4e-02
4.5801e+03	2.8e+00	2.0236e+00	1.6e-02
4.5837e+03	2.8e+00	2.1120e+00	1.9e-02
4.5873e+03	2.8e+00	2.1521e+00	1.8e-02
4.5908e+03	2.8e+00	2.2056e+00	1.6e-02
4.5944e+03	2.7e+00	2.1684e+00	1.9e-02
4.5979e+03	2.7e+00	2.1829e+00	1.4e-02
4.6015e+03	2.7e+00	2.1657e+00	1.8e-02
4.6050e+03	2.7e+00	2.1736e+00	1.6e-02
4.6086e+03	2.7e+00	2.1248e+00	1.8e-02
4.6121e+03	2.7e+00	2.0830e+00	1.6e-02
4.6157e+03	2.7e+00	2.0160e+00	1.7e-02
4.6193e+03	2.7e+00	1.9569e+00	1.5e-02
4.6228e+03	2.7e+00	1.8988e+00	1.7e-02
4.6264e+03	2.7e+00	1.9102e+00	1.6e-02
4.6299e+03	2.7e+00	1.9344e+00	1.6e-02
4.6335e+03	2.7e+00	2.0318e+00	1.6e-02
4.6370e+03	2.7e+00	2.0314e+00	1.8e-02
4.6406e+03	2.7e+00	1.9431e+00	1.9e-02
4.6441e+03	2.6e+00	1.8573e+00	1.8e-02
4.6477e+03	2.6e+00	1.8344e+00	1.9e-02
4.6513e+03	2.6e+00	1.9209e+00	1.6e-02
4.6548e+03	2.6e+00	1.9564e+00	1.8e-02
4.6584e+03	2.6e+00	1.9299e+00	1.8e-02
4.6619e+03	2.6e+00	1.9117e+00	1.7e-02
4.6655e+03	2.6e+00	1.9052e+00	1.6e-02
4.6691e+03	2.6e+00	1.9030e+00	1.5e-02
4.6726e+03	2.6e+00	1.8897e+00	1.6e-02
4.6762e+03	2.6e+00	1.8620e+00	1.8e-02
4.6797e+03	2.6e+00	1.8209e+00	1.6e-02
4.6833e+03	2.6e+00	1.7972e+00	1.6e-02
4.6869e+03	2.6e+00	1.8194e+00	1.6e-02
4.6904e+03	2.6e+00	1.8477e+00	1.7e-02
4.6940e+03	2.6e+00	1.9132e+00	1.5e-02
4.6975e+03	2.6e+00	1.9863e+00	1.7e-02
4.7011e+03	2.6e+00	1.9878e+00	1.8e-02
4.7047e+03	2.6e+00	1.9023e+00	1.7e-02
4.7082e+03	2.6e+00	1.8364e+00	1.6e-02
4.7118e+03	2.6e+00	1.8205e+00	1.8e-02
4.7153e+03	2.6e+00	1.8812e+00	1.8e-02
4.7189e+03	2.6e+00	1.9220e+00	1.5e-02
4.7225e+03	2.6e+00	1.9366e+00	1.5e-02
4.7260e+03	2.6e+00	1.9496e+00	1.6e-02
4.7296e+03	2.6e+00	1.9210e+00	1.9e-02
4.7331e+03	2.5e+00	1.8837e+00	1.7e-02
4.7367e+03	2.5e+00	1.8455e+00	1.6e-02
4.7403e+03	2.5e+00	1.8111e+00	1.7e-02
4.7438e+03	2.5e+00	1.7912e+00	1.8e-02
4.7474e+03	2.5e+00	1.8057e+00	1.7e-02
4.7509e+03	2.5e+00	1.8859e+00	1.9e-02
4.7545e+03	2.5e+00	1.9365e+00	1.8e-02
4.7581e+03	2.5e+00	1.9266e+00	1.6e-02
4.7616e+03	2.5e+00	1.8779e+00	1.9e-02
4.7652e+03	2.5e+00	1.8191e+00	1.9e-02
4.7688e+03	2.5e+00	1.8328e+00	2.0e-02
4.7723e+03	2.6e+00	1.8701e+00	1.7e-02
4.7759e+03	2.6e+00	1.8937e+00	1.9e-02
4.7794e+03	2.6e+00	1.8800e+00	2.1e-02
4.7830e+03	2.6e+00	1.8543e+00	1.8e-02
4.7866e+03	2.6e+00	1.8445e+00	1.8e-02
4.7901e+03	2.6e+00	1.8372e+00	1.7e-02
4.7937e+03	2.6e+00	1.8668e+00	1.5e-02
4.7972e+03	2.6e+00	1.8832e+00	1.8e-02
4.8008e+03	2.6e+00	1.8660e+00	2.0e-02
4.8044e+03	2.6e+00	1.8151e+00	2.1e-02
4.8079e+03	2.6e+00	1.7946e+00	1.9e-02
4.8115e+03	2.6e+00	1.7996e+00	1.8e-02
4.8151e+03	2.6e+00	1.7677e+00	1.9e-02
4.8186e+03	2.6e+00	1.7611e+00	2.0e-02
4.8222e+03	2.6e+00	1.7698e+00	1.8e-02
4.8258e+03	2.6e+00	1.7510e+00	1.9e-02
4.8293e+03	2.6e+00	1.7544e+00	1.8e-02
4.8329e+03	2.6e+00	1.6832e+00	1.9e-02
4.8364e+03	2.6e+00	1.5818e+00	1.8e-02
4.8400e+03	2.6e+00	1.5206e+00	1.7e-02
4.8436e+03	2.6e+00	1.5192e+00	1.5e-02
4.8471e+03	2.6e+00	1.5589e+00	1.6e-02
4.8507e+03	2.6e+00	1.5759e+00	1.8e-02
4.8543e+03	2.7e+00	1.6056e+00	1.6e-02
4.8578e+03	2.7e+00	1.6583e+00	1.7e-02
4.8614e+03	2.7e+00	1.6644e+00	1.9e-02
4.8649e+03	2.7e+00	1.6040e+00	1.9e-02
4.8685e+03	2.7e+00	1.5753e+00	1.7e-02
4.8721e+03	2.7e+00	1.6419e+00	1.8e-02
4.8756e+03	2.7e+00	1.7063e+00	2.0e-02
4.8792e+03	2.7e+00	1.7510e+00	2.1e-02
4.8828e+03	2.7e+00	1.7213e+00	2.0e-02
4.8863e+03	2.7e+00	1.6651e+00	1.9e-02
4.8899e+03	2.7e+00	1.6584e+00	1.7e-02
4.8934e+03	2.8e+00	1.5995e+00	1.9e-02
4.8970e+03	2.8e+00	1.5452e+00	1.9e-02
4.9006e+03	2.8e+00	1.5131e+00	1.8e-02
4.9041e+03	2.8e+00	1.5247e+00	1.8e-02
4.9077e+03	2.8e+00	1.6322e+00	1.6e-02
4.9113e+03	2.8e+00	1.6585e+00	1.7e-02
4.9148e+03	2.8e+00	1.6138e+00	2.0e-02
4.9184e+03	2.8e+00	1.6008e+00	1.7e-02
4.9220e+03	2.8e+00	1.6168e+00	2.0e-02
4.9255e+03	2.9e+00	1.6910e+00	1.9e-02
4.9291e+03	2.9e+00	1.7304e+00	1.9e-02
4.9326e+03	2.9e+00	1.6768e+00	1.9e-02
4.9362e+03	2.9e+00	1.6362e+00	2.1e-02
4.9398e+03	2.9e+00	1.6377e+00	1.9e-02
4.9433e+03	2.9e+00	1.6506e+00	1.7e-02
4.9469e+03	2.9e+00	1.6537e+00	1.8e-02
4.9505e+03	3.0e+00	1.6363e+00	1.9e-02
4.9540e+03	3.0e+00	1.6444e+00	1.9e-02
4.9576e+03	3.0e+00	1.6127e+00	1.9e-02
4.9611e+03	3.0e+00	1.5246e+00	1.9e-02
4.9647e+03	3.0e+00	1.5032e+00	1.7e-02
4.9683e+03	3.0e+00	1.5316e+00	1.8e-02
4.9718e+03	3.0e+00	1.5697e+00	1.9e-02
4.9754e+03	3.1e+00	1.5570e+00	2.0e-02
4.9789e+03	3.1e+00	1.5159e+00	1.9e-02
4.9825e+03	3.1e+00	1.4593e+00	1.9e-02
4.9861e+03	3.1e+00	1.4342e+00	1.7e-02
4.9896e+03	3.1e+00	1.4144e+00	1.8e-02
4.9932e+03	3.1e+00	1.4047e+00	1.8e-02
4.9968e+03	3.2e+00	1.3760e+00	1.9e-02
5.0003e+03	3.2e+00	1.3985e+00	1.6e-02
5.0039e+03	3.2e+00	1.4170e+00	2.0e-02
5.0074e+03	3.2e+00	1.4601e+00	1.9e-02
5.0110e+03	3.2e+00	1.5012e+00	1.8e-02
5.0146e+03	3.2e+00	1.4893e+00	1.9e-02
5.0181e+03	3.3e+00	1.4188e+00	2.0e-02
5.0217e+03	3.3e+00	1.3946e+00	1.8e-02
5.0252e+03	3.3e+00	1.4122e+00	1.8e-02
5.0288e+03	3.3e+00	1.4628e+00	1.6e-02
5.0324e+03	3.3e+00	1.4638e+00	1.8e-02
5.0359e+03	3.3e+00	1.4824e+00	1.7e-02
5.0395e+03	3.4e+00	1.5351e+00	1.8e-02
5.0430e+03	3.4e+00	1.5077e+00	2.2e-02
5.0466e+03	3.4e+00	1.4790e+00	1.9e-02
5.0502e+03	3.4e+00	1.4336e+00	1.9e-02
5.0537e+03	3.4e+00	1.4259e+00	1.9e-02
5.0573e+03	3.5e+00	1.3979e+00	1.9e-02
5.0608e+03	3.5e+00	1.3689e+00	1.9e-02
5.0644e+03	3.5e+00	1.3598e+00	1.9e-02
5.0680e+03	3.5e+00	1.4183e+00	1.6e-02
5.0715e+03	3.5e+00	1.4701e+00	1.9e-02
5.0751e+03	3.5e+00	1.4427e+00	2.1e-02
5.0786e+03	3.6e+00	1.4043e+00	2.2e-02
5.0822e+03	3.6e+00	1.3816e+00	1.8e-02
5.0858e+03	3.6e+00	1.3733e+00	1.9e-02
5.0893e+03	3.6e+00	1.3801e+00	2.0e-02
5.0929e+03	3.6e+00	1.3766e+00	2.0e-02
5.0964e+03	3.7e+00	1.4169e+00	2.1e-02
5.1000e+03	3.7e+00	1.4084e+00	2.3e-02
5.1035e+03	3.7e+00	1.3521e+00	2.2e-02
5.1071e+03	3.7e+00	1.2962e+00	2.1e-02
5.1107e+03	3.7e+00	1.2949e+00	2.0e-02
5.1142e+03	3.8e+00	1.3224e+00	2.0e-02
5.1178e+03	3.8e+00	1.3152e+00	2.1e-02
5.1213e+03	3.8e+00	1.2894e+00	2.0e-02
5.1249e+03	3.8e+00	1.2557e+00	2.1e-02
5.1284e+03	3.8e+00	1.2577e+00	2.0e-02
5.1320e+03	3.9e+00	1.2637e+00	2.0e-02
5.1356e+03	3.9e+00	1.2870e+00	2.0e-02
5.1391e+03	3.9e+00	1.3064e+00	2.1e-02
5.1427e+03	3.9e+00	1.2720e+00	2.1e-02
5.1462e+03	4.0e+00	1.1626e+00	2.1e-02
5.1498e+03	4.0e+00	1.0589e+00	1.8e-02
5.1533e+03	4.0e+00	1.0369e+00	1.5e-02
5.1569e+03	4.0e+00	1.1282e+00	1.5e-02
5.1604e+03	4.0e+00	1.1649e+00	1.6e-02
5.1640e+03	4.1e+00	1.1496e+00	1.8e-02
5.1676e+03	4.1e+00	1.1395e+00	1.7e-02
5.1711e+03	4.1e+00	1.1740e+00	1.7e-02
5.1747e+03	4.1e+00	1.2261e+00	1.8e-02
5.1782e+03	4.1e+00	1.2305e+00	1.8e-02
5.1818e+03	4.2e+00	1.2530e+00	1.8e-02
5.1853e+03	4.2e+00	1.2299e+00	2.0e-02
5.1889e+03	4.2e+00	1.2001e+00	2.0e-02
5.1924e+03	4.2e+00	1.2002e+00	1.8e-02
5.1960e+03	4.2e+00	1.2259e+00	2.0e-02
5.1995e+03	4.3e+00	1.2694e+00	2.0e-02
5.2031e+03	4.3e+00	1.2331e+00	2.1e-02
5.2066e+03	4.3e+00	1.1976e+00	1.9e-02
5.2102e+03	4.3e+00	1.1667e+00	1.9e-02
5.2137e+03	4.4e+00	1.1838e+00	2.0e-02
5.2173e+03	4.4e+00	1.2508e+00	2.0e-02
5.2208e+03	4.4e+00	1.2750e+00	2.1e-02
5.2244e+03	4.4e+00	1.2980e+00	2.2e-02
5.2279e+03	4.4e+00	1.2633e+00	2.3e-02
5.2315e+03	4.5e+00	1.2284e+00	2.2e-02
5.2350e+03	4.5e+00	1.1998e+00	2.3e-02
5.2386e+03	4.5e+00	1.2190e+00	2.3e-02
5.2421e+03	4.5e+00	1.1892e+00	2.3e-02
5.2457e+03	4.5e+00	1.1106e+00	2.1e-02
5.2492e+03	4.6e+00	1.0163e+00	2.0e-02
5.2528e+03	4.6e+00	1.0263e+00	1.8e-02
5.2563e+03	4.6e+00	1.0933e+00	2.1e-02
5.2599e+03	4.6e+00	1.1656e+00	2.0e-02
5.2634e+03	4.7e+00	1.1950e+00	2.1e-02
5.2670e+03	4.7e+00	1.2205e+00	2.2e-02
5.2705e+03	4.7e+00	1.2426e+00	2.4e-02
5.2741e+03	4.7e+00	1.2601e+00	2.4e-02
5.2776e+03	4.7e+00	1.2152e+00	2.4e-02
5.2812e+03	4.8e+00	1.1788e+00	2.3e-02
5.2847e+03	4.8e+00	1.1933e+00	2.2e-02
5.2883e+03	4.8e+00	1.2465e+00	2.2e-02
5.2918e+03	4.8e+00	1.2771e+00	2.4e-02
5.2953e+03	4.8e+00	1.2572e+00	2.6e-02
5.2989e+03	4.9e+00	1.2328e+00	2.3e-02
5.3024e+03	4.9e+00	1.1951e+00	2.3e-02
5.3060e+03	4.9e+00	1.1497e+00	2.1e-02
5.3095e+03	4.9e+00	1.1022e+00	2.0e-02
5.3131e+03	4.9e+00	1.1040e+00	1.8e-02
5.3166e+03	5.0e+00	1.1505e+00	1.9e-02
5.3202e+03	5.0e+00	1.1778e+00	2.2e-02
5.3237e+03	5.0e+00	1.1712e+00	2.1e-02
5.3272e+03	5.0e+00	1.1552e+00	2.1e-02
5.3308e+03	5.1e+00	1.1630e+00	2.1e-02
5.3343e+03	5.1e+00	1.1911e+00	2.2e-02
5.3379e+03	5.1e+00	1.2258e+00	2.3e-02
5.3414e+03	5.1e+00	1.2572e+00	2.3e-02
5.3449e+03	5.1e+00	1.2342e+00	2.3e-02
5.3485e+03	5.2e+00	1.1760e+00	2.3e-02
5.3520e+03	5.2e+00	1.1301e+00	2.2e-02
5.3556e+03	5.2e+00	1.1376e+00	2.1e-02
5.3591e+03	5.2e+00	1.1586e+00	2.1e-02
5.3626e+03	5.2e+00	1.1821e+00	2.3e-02
5.3662e+03	5.3e+00	1.1793e+00	2.3e-02
5.3697e+03	5.3e+00	1.1536e+00	2.3e-02
5.3733e+03	5.3e+00	1.1244e+00	2.3e-02
5.3768e+03	5.3e+00	1.0900e+00	2.1e-02
5.3803e+03	5.3e+00	1.0683e+00	2.1e-02
5.3839e+03	5.4e+00	1.0558e+00	2.1e-02
5.3874e+03	5.4e+00	1.0405e+00	2.0e-02
5.3909e+03	5.4e+00	1.0311e+00	2.1e-02
5.3945e+03	5.4e+00	1.0595e+00	2.2e-02
5.3980e+03	5.4e+00	1.1025e+00	2.2e-02
5.4015e+03	5.5e+00	1.1180e+00	2.1e-02
5.4051e+03	5.5e+00	1.1177e+00	2.3e-02
5.4086e+03	5.5e+00	1.0999e+00	2.3e-02
5.4122e+03	5.5e+00	1.0726e+00	2.3e-02
5.4157e+03	5.5e+00	1.0654e+00	2.0e-02
5.4192e+03	5.5e+00	1.0705e+00	2.0e-02
5.4227e+03	5.6e+00	1.1072e+00	2.1e-02
5.4263e+03	5.6e+00	1.1118e+00	2.4e-02
5.4298e+03	5.6e+00	1.1118e+00	2.3e-02
5.4333e+03	5.6e+00	1.0920e+00	2.1e-02
5.4369e+03	5.6e+00	1.0846e+00	2.2e-02
5.4404e+03	5.7e+00	1.0986e+00	2.2e-02
5.4439e+03	5.7e+00	1.0782e+00	2.1e-02
5.4475e+03	5.7e+00	1.0927e+00	2.1e-02
5.4510e+03	5.7e+00	1.0808e+00	2.2e-02
5.4545e+03	5.7e+00	1.0647e+00	2.1e-02
5.4581e+03	5.8e+00	1.0330e+00	2.2e-02
5.4616e+03	5.8e+00	1.0226e+00	1.8e-02
5.4651e+03	5.8e+00	1.0225e+00	1.9e-02
5.4686e+03	5.8e+00	1.0608e+00	1.8e-02
5.4722e+03	5.8e+00	1.0615e+00	1.9e-02
5.4757e+03	5.8e+00	1.0546e+00	2.1e-02
5.4792e+03	5.9e+00	1.0612e+00	2.0e-02
5.4827e+03	5.9e+00	1.0604e+00	2.1e-02
5.4863e+03	5.9e+00	1.0499e+00	2.1e-02
5.4898e+03	5.9e+00	1.0406e+00	2.0e-02
5.4933e+03	5.9e+00	1.0254e+00	1.9e-02
5.4968e+03	5.9e+00	1.0253e+00	2.0e-02
5.5004e+03	6.0e+00	1.0337e+00	2.1e-02
5.5039e+03	6.0e+00	1.0519e+00	1.9e-02
5.5074e+03	6.0e+00	1.0543e+00	2.0e-02
5.5109e+03	6.0e+00	1.0385e+00	2.0e-02
5.5145e+03	6.0e+00	1.0277e+00	1.9e-02
5.5180e+03	6.0e+00	1.0177e+00	1.9e-02
5.5215e+03	6.1e+00	1.0361e+00	2.0e-02
5.5250e+03	6.1e+00	1.0404e+00	2.0e-02
5.5285e+03	6.1e+00	1.0522e+00	1.9e-02
5.5321e+03	6.1e+00	1.0480e+00	2.1e-02
5.5356e+03	6.1e+00	1.0544e+00	2.1e-02
5.5391e+03	6.1e+00	1.0545e+00	2.1e-02
5.5426e+03	6.1e+00	1.0300e+00	2.2e-02
5.5461e+03	6.2e+00	1.0158e+00	2.1e-02
5.5497e+03	6.2e+00	1.0012e+00	2.1e-02
5.5532e+03	6.2e+00	9.9563e-01	2.0e-02
5.5567e+03	6.2e+00	9.8796e-01	2.1e-02
5.5602e+03	6.2e+00	1.0024e+00	1.9e-02
5.5637e+03	6.2e+00	1.0018e+00	1.9e-02
5.5672e+03	6.3e+00	9.8780e-01	2.0e-02
5.5707e+03	6.3e+00	9.6022e-01	1.9e-02
5.5743e+03	6.3e+00	9.3248e-01	1.8e-02
5.5778e+03	6.3e+00	9.3901e-01	1.8e-02
5.5813e+03	6.3e+00	9.6002e-01	1.7e-02
5.5848e+03	6.3e+00	9.6166e-01	1.8e-02
5.5883e+03	6.3e+00	9.7387e-01	1.8e-02
5.5918e+03	6.3e+00	9.9905e-01	1.8e-02
5.5953e+03	6.4e+00	1.0069e+00	2.0e-02
5.5988e+03	6.4e+00	9.8436e-01	1.9e-02
5.6024e+03	6.4e+00	9.6322e-01	1.8e-02
5.6059e+03	6.4e+00	9.4922e-01	1.7e-02
5.6094e+03	6.4e+00	9.5522e-01	1.8e-02
5.6129e+03	6.4e+00	9.6810e-01	1.6e-02
5.6164e+03	6.4e+00	9.7444e-01	1.8e-02
5.6199e+03	6.4e+00	9.7350e-01	1.8e-02
5.6234e+03	6.5e+00	9.5349e-01	1.8e-02
5.6269e+03	6.5e+00	9.4325e-01	1.7e-02
5.6304e+03	6.5e+00	9.4343e-01	1.8e-02
5.6339e+03	6.5e+00	9.4705e-01	1.8e-02
5.6374e+03	6.5e+00	9.4327e-01	1.8e-02
5.6409e+03	6.5e+00	9.2576e-01	1.6e-02
5.6444e+03	6.5e+00	9.0827e-01	1.7e-02
5.6479e+03	6.5e+00	9.0675e-01	1.7e-02
5.6514e+03	6.6e+00	9.3212e-01	1.6e-02
5.6549e+03	6.6e+00	9.5272e-01	1.7e-02
5.6584e+03	6.6e+00	9.6521e-01	1.8e-02
5.6619e+03	6.6e+00	9.6718e-01	1.9e-02
5.6654e+03	6.6e+00	9.5803e-01	1.8e-02
5.6689e+03	6.6e+00	9.2884e-01	1.8e-02
5.6724e+03	6.6e+00	9.2403e-01	1.7e-02
5.6759e+03	6.6e+00	9.3578e-01	1.7e-02
5.6794e+03	6.6e+00	9.3692e-01	1.7e-02
5.6829e+03	6.6e+00	9.2919e-01	1.8e-02
5.6864e+03	6.6e+00	9.0735e-01	1.7e-02
5.6899e+03	6.7e+00	8.8579e-01	1.6e-02
5.6934e+03	6.7e+00	8.6539e-01	1.6e-02
5.6969e+03	6.7e+00	8.7029e-01	1.5e-02
5.7004e+03	6.7e+00	8.9059e-01	1.7e-02
5.7039e+03	6.7e+00	9.3895e-01	1.6e-02
5.7074e+03	6.7e+00	9.4646e-01	1.8e-02
5.7109e+03	6.7e+00	9.4494e-01	1.8e-02
5.7144e+03	6.7e+00	9.3688e-01	1.8e-02
5.7179e+03	6.7e+00	9.3159e-01	1.8e-02
5.7214e+03	6.7e+00	9.3106e-01	1.8e-02
5.7249e+03	6.7e+00	9.3088e-01	1.8e-02
5.7284e+03	6.7e+00	9.2461e-01	1.8e-02
5.7319e+03	6.7e+00	9.1262e-01	1.9e-02
5.7353e+03	6.8e+00	9.0719e-01	1.6e-02
5.7388e+03	6.8e+00	8.9547e-01	1.7e-02
5.7423e+03	6.8e+00	8.9468e-01	1.7e-02
5.7458e+03	6.8e+00	8.8798e-01	1.7e-02
5.7493e+03	6.8e+00	9.0396e-01	1.7e-02
5.7528e+03	6.8e+00	9.0737e-01	1.7e-02
5.7563e+03	6.8e+00	9.1381e-01	1.8e-02
5.7597e+03	6.8e+00	9.1373e-01	1.6e-02
5.7632e+03	6.8e+00	8.8557e-01	1.6e-02
5.7667e+03	6.8e+00	8.5303e-01	1.6e-02
5.7702e+03	6.8e+00	8.4345e-01	1.5e-02
5.7737e+03	6.8e+00	8.5101e-01	1.5e-02
5.7772e+03	6.8e+00	8.8210e-01	1.4e-02
5.7806e+03	6.8e+00	8.9004e-01	1.5e-02
5.7841e+03	6.8e+00	8.9784e-01	1.6e-02
5.7876e+03	6.8e+00	9.0139e-01	1.6e-02
5.7911e+03	6.8e+00	8.9827e-01	1.6e-02
5.7946e+03	6.8e+00	8.9126e-01	1.8e-02
5.7980e+03	6.8e+00	8.9984e-01	1.5e-02
5.8015e+03	6.8e+00	9.0935e-01	1.5e-02
5.8050e+03	6.8e+00	9.1288e-01	1.6e-02
5.8085e+03	6.8e+00	9.2078e-01	1.5e-02
5.8120e+03	6.8e+00	9.2302e-01	1.6e-02
5.8154e+03	6.9e+00	9.1351e-01	1.7e-02
5.8189e+03	6.9e+00	9.1452e-01	1.5e-02
5.8224e+03	6.9e+00	9.1167e-01	1.5e-02
5.8258e+03	6.9e+00	9.1188e-01	1.5e-02
5.8293e+03	6.9e+00	9.0560e-01	1.6e-02
5.8328e+03	6.9e+00	9.0398e-01	1.6e-02
5.8363e+03	6.9e+00	8.8703e-01	1.6e-02
5.8397e+03	6.9e+00	8.7502e-01	1.5e-02
5.8432e+03	6.9e+00	8.5996e-01	1.6e-02
5.8467e+03	6.9e+00	8.6174e-01	1.5e-02
5.8501e+03	6.9e+00	8.7687e-01	1.5e-02
5.8536e+03	6.9e+00	8.8762e-01	1.6e-02
5.8571e+03	6.9e+00	8.8838e-01	1.6e-02
5.8605e+03	6.9e+00	8.8514e-01	1.7e-02
5.8640e+03	6.9e+00	8.7741e-01	1.6e-02
5.8675e+03	6.9e+00	8.6646e-01	1.5e-02
5.8709e+03	6.9e+00	8.2785e-01	1.5e-02
5.8744e+03	6.9e+00	7.7439e-01	1.4e-02
5.8779e+03	6.8e+00	7.3303e-01	1.3e-02
5.8813e+03	6.8e+00	7.2932e-01	1.2e-02
5.8848e+03	6.8e+00	7.8003e-01	1.4e-02
5.8883e+03	6.8e+00	8.2011e-01	1.3e-02
5.8917e+03	6.8e+00	8.5403e-01	1.5e-02
5.8952e+03	6.8e+00	8.5139e-01	1.5e-02
5.8986e+03	6.8e+00	8.4363e-01	1.5e-02
5.9021e+03	6.8e+00	8.4377e-01	1.5e-02
5.9055e+03	6.8e+00	8.4099e-01	1.5e-02
5.9090e+03	6.8e+00	8.4701e-01	1.5e-02
5.9125e+03	6.8e+00	8.4737e-01	1.6e-02
5.9159e+03	6.8e+00	8.4428e-01	1.6e-02
5.9194e+03	6.8e+00	8.4076e-01	1.5e-02
5.9228e+03	6.8e+00	8.4726e-01	1.4e-02
5.9263e+03	6.8e+00	8.4341e-01	1.4e-02
5.9297e+03	6.8e+00	8.4227e-01	1.4e-02
5.9332e+03	6.8e+00	8.2979e-01	1.5e-02
5.9366e+03	6.8e+00	8.2684e-01	1.5e-02
5.9401e+03	6.8e+00	8.2298e-01	1.4e-02
5.9435e+03	6.8e+00	8.3615e-01	1.3e-02
5.9470e+03	6.8e+00	8.3375e-01	1.5e-02
5.9504e+03	6.8e+00	8.4429e-01	1.4e-02
5.9539e+03	6.7e+00	8.4612e-01	1.5e-02
5.9573e+03	6.7e+00	8.4144e-01	1.4e-02
5.9608e+03	6.7e+00	8.3598e-01	1.4e-02
5.9642e+03	6.7e+00	8.2264e-01	1.5e-02
5.9677e+03	6.7e+00	8.1558e-01	1.4e-02
5.9711e+03	6.7e+00	8.2195e-01	1.3e-02
5.9746e+03	6.7e+00	8.1452e-01	1.4e-02
5.9780e+03	6.7e+00	8.2182e-01	1.4e-02
5.9814e+03	6.7e+00	8.2388e-01	1.4e-02
5.9849e+03	6.7e+00	8.2216e-01	1.4e-02
5.9883e+03	6.7e+00	8.1180e-01	1.4e-02
5.9918e+03	6.7e+00	8.0314e-01	1.4e-02
5.9952e+03	6.6e+00	7.9971e-01	1.3e-02
5.9986e+03	6.6e+00	7.9339e-01	1.2e-02
6.0021e+03	6.6e+00	7.8923e-01	1.3e-02
6.0055e+03	6.6e+00	7.8696e-01	1.2e-02
6.0090e+03	6.6e+00	7.9039e-01	1.3e-02
6.0124e+03	6.6e+00	7.9653e-01	1.4e-02
6.0158e+03	6.6e+00	8.0975e-01	1.3e-02
6.0193e+03	6.6e+00	8.1982e-01	1.4e-02
6.0227e+03	6.6e+00	8.2385e-01	1.3e-02
6.0261e+03	6.5e+00	8.1359e-01	1.4e-02
6.0296e+03	6.5e+00	8.2247e-01	1.3e-02
6.0330e+03	6.5e+00	8.1483e-01	1.4e-02
6.0364e+03	6.5e+00	8.1257e-01	1.4e-02
6.0398e+03	6.5e+00	8.0893e-01	1.4e-02
6.0433e+03	6.5e+00	8.0118e-01	1.4e-02
6.0467e+03	6.5e+00	7.9344e-01	1.4e-02
6.0501e+03	6.4e+00	7.9382e-01	1.4e-02
6.0536e+03	6.4e+00	8.0059e-01	1.3e-02
6.0570e+03	6.4e+00	8.1299e-01	1.2e-02
6.0604e+03	6.4e+00	8.0969e-01	1.4e-02
6.0638e+03	6.4e+00	7.9275e-01	1.4e-02
6.0672e+03	6.4e+00	7.8015e-01	1.3e-02
6.0707e+03	6.4e+00	7.7213e-01	1.3e-02
6.0741e+03	6.3e+00	7.7405e-01	1.1e-02
6.0775e+03	6.3e+00	7.7277e-01	1.2e-02
6.0809e+03	6.3e+00	7.6713e-01	1.4e-02
6.0844e+03	6.3e+00	7.6402e-01	1.4e-02
6.0878e+03	6.3e+00	7.6020e-01	1.3e-02
6.0912e+03	6.3e+00	7.5562e-01	1.4e-02
6.0946e+03	6.2e+00	7.6846e-01	1.2e-02
6.0980e+03	6.2e+00	7.7691e-01	1.3e-02
6.1014e+03	6.2e+00	7.6819e-01	1.3e-02
6.1048e+03	6.2e+00	7.5701e-01	1.3e-02
6.1083e+03	6.2e+00	7.5085e-01	1.3e-02
6.1117e+03	6.2e+00	7.4596e-01	1.2e-02
6.1151e+03	6.1e+00	7.5691e-01	1.2e-02
6.1185e+03	6.1e+00	7.4124e-01	1.4e-02
6.1219e+03	6.1e+00	7.2864e-01	1.2e-02
6.1253e+03	6.1e+00	7.2501e-01	1.2e-02
6.1287e+03	6.1e+00	7.4270e-01	1.1e-02
6.1321e+03	6.0e+00	7.5831e-01	1.3e-02
6.1355e+03	6.0e+00	7.5549e-01	1.2e-02
6.1389e+03	6.0e+00	7.4926e-01	1.3e-02
6.1423e+03	6.0e+00	7.3993e-01	1.2e-02
6.1458e+03	6.0e+00	7.1469e-01	1.2e-02
6.1492e+03	5.9e+00	7.0469e-01	1.2e-02
6.1526e+03	5.9e+00	7.0754e-01	1.1e-02
6.1560e+03	5.9e+00	7.2375e-01	1.3e-02
6.1594e+03	5.9e+00	7.3058e-01	1.2e-02
6.1628e+03	5.8e+00	7.4454e-01	1.2e-02
6.1662e+03	5.8e+00	7.5411e-01	1.2e-02
6.1696e+03	5.8e+00	7.5225e-01	1.2e-02
6.1730e+03	5.8e+00	7.3695e-01	1.3e-02
6.1764e+03	5.7e+00	7.3076e-01	1.2e-02
6.1797e+03	5.7e+00	7.3325e-01	1.3e-02
6.1831e+03	5.7e+00	7.3830e-01	1.3e-02
6.1865e+03	5.7e+00	7.4868e-01	1.3e-02
6.1899e+03	5.6e+00	7.4991e-01	1.2e-02
6.1933e+03	5.6e+00	7.5196e-01	1.2e-02
6.1967e+03	5.6e+00	7.3586e-01	1.1e-02
6.2001e+03	5.6e+00	7.1615e-01	1.2e-02
6.2035e+03	5.5e+00	6.9929e-01	1.2e-02
6.2069e+03	5.5e+00	7.1007e-01	1.2e-02
6.2103e+03	5.5e+00	7.1048e-01	1.3e-02
6.2137e+03	5.5e+00	7.0722e-01	1.2e-02
6.2170e+03	5.4e+00	7.0125e-01	1.2e-02
6.2204e+03	5.4e+00	6.9710e-01	1.3e-02
6.2238e+03	5.4e+00	7.0825e-01	1.1e-02
6.2272e+03	5.4e+00	6.9330e-01	1.2e-02
6.2306e+03	5.3e+00	6.8795e-01	1.1e-02
6.2340e+03	5.3e+00	6.8401e-01	1.2e-02
6.2373e+03	5.3e+00	6.8032e-01	1.2e-02
6.2407e+03	5.2e+00	6.7059e-01	1.2e-02
6.2441e+03	5.2e+00	6.6816e-01	1.2e-02
6.2475e+03	5.2e+00	6.8519e-01	1.2e-02
6.2509e+03	5.2e+00	7.0449e-01	1.1e-02
6.2542e+03	5.1e+00	7.0560e-01	1.1e-02
6.2576e+03	5.1e+00	6.9527e-01	1.1e-02
6.2610e+03	5.1e+00	6.7516e-01	1.1e-02
6.2644e+03	5.0e+00	6.6244e-01	1.1e-02
6.2677e+03	5.0e+00	6.7337e-01	1.1e-02
6.2711e+03	5.0e+00	6.8636e-01	1.1e-02
6.2745e+03	4.9e+00	6.9025e-01	1.1e-02
6.2778e+03	4.9e+00	6.7958e-01	1.2e-02
6.2812e+03	4.9e+00	6.6995e-01	1.2e-02
6.2846e+03	4.9e+00	6.6707e-01	1.1e-02
6.2879e+03	4.8e+00	6.7138e-01	1.1e-02
6.2913e+03	4.8e+00	6.7595e-01	1.2e-02
6.2947e+03	4.8e+00	6.7723e-01	1.2e-02
6.2980e+03	4.7e+00	6.6838e-01	1.1e-02
6.3014e+03	4.7e+00	6.5124e-01	1.2e-02
6.3048e+03	4.7e+00	6.5261e-01	1.2e-02
6.3081e+03	4.6e+00	6.7769e-01	1.1e-02
6.3115e+03	4.6e+00	6.8752e-01	1.2e-02
6.3149e+03	4.6e+00	6.8254e-01	1.3e-02
6.3182e+03	4.5e+00	6.7344e-01	1.3e-02
6.3216e+03	4.5e+00	6.6874e-01	1.2e-02
6.3249e+03	4.5e+00	6.6000e-01	1.3e-02
6.3283e+03	4.4e+00	6.7031e-01	1.2e-02
6.3316e+03	4.4e+00	6.7243e-01	1.4e-02
6.3350e+03	4.3e+00	6.7968e-01	1.3e-02
6.3383e+03	4.3e+00	6.7537e-01	1.2e-02
6.3417e+03	4.3e+00	6.5175e-01	1.3e-02
6.3450e+03	4.2e+00	6.4051e-01	1.3e-02
6.3484e+03	4.2e+00	6.5360e-01	1.2e-02
6.3517e+03	4.2e+00	6.6612e-01	1.3e-02
6.3551e+03	4.1e+00	6.8453e-01	1.2e-02
6.3584e+03	4.1e+00	6.8660e-01	1.4e-02
6.3618e+03	4.1e+00	6.8323e-01	1.4e-02
6.3651e+03	4.0e+00	6.8119e-01	1.3e-02
6.3685e+03	4.0e+00	6.8301e-01	1.3e-02
6.3718e+03	4.0e+00	6.7936e-01	1.4e-02
6.3752e+03	3.9e+00	6.7376e-01	1.3e-02
6.3785e+03	3.9e+00	6.6484e-01	1.3e-02
6.3818e+03	3.9e+00	6.6093e-01	1.2e-02
6.3852e+03	3.8e+00	6.6260e-01	1.3e-02
6.3885e+03	3.8e+00	6.5701e-01	1.3e-02
6.3919e+03	3.7e+00	6.6111e-01	1.3e-02
6.3952e+03	3.7e+00	6.5419e-01	1.3e-02
6.3985e+03	3.7e+00	6.6473e-01	1.2e-02
6.4019e+03	3.6e+00	6.6278e-01	1.2e-02
6.4052e+03	3.6e+00	6.6563e-01	1.3e-02
6.4085e+03	3.6e+00	6.6585e-01	1.4e-02
6.4119e+03	3.5e+00	6.6619e-01	1.3e-02
6.4152e+03	3.5e+00	6.6411e-01	1.4e-02
6.4185e+03	3.5e+00	6.5734e-01	1.3e-02
6.4219e+03	3.4e+00	6.6636e-01	1.4e-02
6.4252e+03	3.4e+00	6.6539e-01	1.4e-02
6.4285e+03	3.3e+00	6.6276e-01	1.3e-02
6.4318e+03	3.3e+00	6.5180e-01	1.3e-02
6.4352e+03	3.3e+00	6.4829e-01	1.2e-02
6.4385e+03	3.2e+00	6.4747e-01	1.4e-02
6.4418e+03	3.2e+00	6.5067e-01	1.4e-02
6.4451e+03	3.2e+00	6.4628e-01	1.4e-02
6.4485e+03	3.1e+00	6.4447e-01	1.4e-02
6.4518e+03	3.1e+00	6.4688e-01	1.4e-02
6.4551e+03	3.1e+00	6.5073e-01	1.4e-02
6.4584e+03	3.0e+00	6.4770e-01	1.4e-02
6.4617e+03	3.0e+00	6.4337e-01	1.4e-02
6.4650e+03	3.0e+00	6.4254e-01	1.4e-02
6.4684e+03	2.9e+00	6.3747e-01	1.5e-02
6.4717e+03	2.9e+00	6.2887e-01	1.4e-02
6.4750e+03	2.9e+00	6.1152e-01	1.2e-02
6.4783e+03	2.9e+00	5.9343e-01	1.2e-02
6.4816e+03	2.8e+00	6.0504e-01	1.3e-02
6.4849e+03	2.8e+00	6.3099e-01	1.4e-02
6.4882e+03	2.8e+00	6.4234e-01	1.4e-02
6.4915e+03	2.7e+00	6.4238e-01	1.5e-02
6.4948e+03	2.7e+00	6.3734e-01	1.4e-02
6.4981e+03	2.7e+00	6.3087e-01	1.4e-02
6.5014e+03	2.7e+00	6.3227e-01	1.4e-02
6.5048e+03	2.7e+00	6.3386e-01	1.5e-02
6.5081e+03	2.6e+00	6.3474e-01	1.5e-02
6.5114e+03	2.6e+00	6.3666e-01	1.4e-02
6.5147e+03	2.6e+00	6.3247e-01	1.4e-02
6.5180e+03	2.6e+00	6.3811e-01	1.4e-02
6.5213e+03	2.6e+00	6.3625e-01	1.5e-02
6.5245e+03	2.5e+00	6.3021e-01	1.5e-02
6.5278e+03	2.5e+00	6.2150e-01	1.5e-02
6.5311e+03	2.5e+00	6.2294e-01	1.4e-02
6.5344e+03	2.5e+00	6.1123e-01	1.4e-02
6.5377e+03	2.5e+00	5.8612e-01	1.4e-02
6.5410e+03	2.5e+00	5.5104e-01	1.3e-02
6.5443e+03	2.5e+00	5.4900e-01	1.2e-02
6.5476e+03	2.5e+00	5.6799e-01	1.4e-02
6.5509e+03	2.5e+00	5.9534e-01	1.5e-02
6.5542e+03	2.5e+00	6.0541e-01	1.5e-02
6.5575e+03	2.5e+00	6.1631e-01	1.4e-02
6.5607e+03	2.5e+00	6.1874e-01	1.5e-02
6.5640e+03	2.5e+00	6.2350e-01	1.5e-02
6.5673e+03	2.5e+00	6.1659e-01	1.5e-02
6.5706e+03	2.5e+00	6.0428e-01	1.5e-02
6.5739e+03	2.5e+00	6.0140e-01	1.5e-02
6.5772e+03	2.5e+00	6.0190e-01	1.6e-02
6.5804e+03	2.6e+00	6.1475e-01	1.5e-02
6.5837e+03	2.6e+00	6.1177e-01	1.6e-02
6.5870e+03	2.6e+00	6.0384e-01	1.5e-02
6.5903e+03	2.6e+00	6.0552e-01	1.5e-02
6.5935e+03	2.6e+00	6.0867e-01	1.6e-02
6.5968e+03	2.7e+00	6.1994e-01	1.6e-02
6.6001e+03	2.7e+00	6.2359e-01	1.5e-02
6.6034e+03	2.7e+00	6.1337e-01	1.6e-02
6.6066e+03	2.8e+00	6.0850e-01	1.6e-02
6.6099e+03	2.8e+00	5.9817e-01	1.6e-02
6.6132e+03	2.8e+00	5.9033e-01	1.6e-02
6.6164e+03	2.9e+00	6.0206e-01	1.6e-02
6.6197e+03	2.9e+00	6.0573e-01	1.6e-02
6.6230e+03	2.9e+00	6.0395e-01	1.7e-02
6.6262e+03	3.0e+00	6.0573e-01	1.7e-02
6.6295e+03	3.0e+00	6.0661e-01	1.7e-02
6.6328e+03	3.1e+00	6.0391e-01	1.7e-02
6.6360e+03	3.1e+00	6.0911e-01	1.7e-02
6.6393e+03	3.2e+00	5.9873e-01	1.7e-02
6.6425e+03	3.2e+00	5.9846e-01	1.6e-02
6.6458e+03	3.3e+00	5.9179e-01	1.7e-02
6.6490e+03	3.3e+00	5.9526e-01	1.7e-02
6.6523e+03	3.4e+00	5.9741e-01	1.7e-02
6.6555e+03	3.4e+00	5.9550e-01	1.6e-02
6.6588e+03	3.5e+00	5.9398e-01	1.7e-02
6.6621e+03	3.5e+00	6.0216e-01	1.7e-02
6.6653e+03	3.6e+00	6.0235e-01	1.8e-02
6.6686e+03	3.6e+00	5.9744e-01	1.8e-02
6.6718e+03	3.7e+00	5.9527e-01	1.7e-02
6.6750e+03	3.8e+00	5.8732e-01	1.7e-02
6.6783e+03	3.8e+00	5.8395e-01	1.7e-02
6.6815e+03	3.9e+00	5.8607e-01	1.7e-02
6.6848e+03	4.0e+00	5.8971e-01	1.6e-02
6.6880e+03	4.0e+00	5.7477e-01	1.8e-02
6.6913e+03	4.1e+00	5.6922e-01	1.8e-02
6.6945e+03	4.2e+00	5.7274e-01	1.7e-02
6.6977e+03	4.2e+00	5.7740e-01	1.7e-02
6.7010e+03	4.3e+00	5.8269e-01	1.8e-02
6.7042e+03	4.4e+00	5.8592e-01	1.7e-02
6.7075e+03	4.4e+00	5.8269e-01	1.8e-02
6.7107e+03	4.5e+00	5.8291e-01	1.8e-02
6.7139e+03	4.6e+00	5.7234e-01	1.8e-02
6.7172e+03	4.7e+00	5.7347e-01	1.7e-02
6.7204e+03	4.7e+00	5.6789e-01	1.8e-02
6.7236e+03	4.8e+00	5.6982e-01	1.7e-02
6.7268e+03	4.9e+00	5.7322e-01	1.7e-02
6.7301e+03	5.0e+00	5.7336e-01	1.8e-02
6.7333e+03	5.1e+00	5.7673e-01	1.9e-02
6.7365e+03	5.1e+00	5.8084e-01	1.9e-02
6.7397e+03	5.2e+00	5.6935e-01	1.9e-02
6.7430e+03	5.3e+00	5.6411e-01	1.8e-02
6.7462e+03	5.4e+00	5.6005e-01	1.9e-02
6.7494e+03	5.5e+00	5.6893e-01	1.9e-02
6.7526e+03	5.5e+00	5.6791e-01	1.9e-02
6.7558e+03	5.6e+00	5.6900e-01	1.9e-02
6.7591e+03	5.7e+00	5.6477e-01	1.9e-02
6.7623e+03	5.8e+00	5.6728e-01	1.8e-02
6.7655e+03	5.9e+00	5.6070e-01	1.9e-02
6.7687e+03	6.0e+00	5.5550e-01	1.9e-02
6.7719e+03	6.1e+00	5.5581e-01	1.8e-02
6.7751e+03	6.1e+00	5.6097e-01	1.9e-02
6.7783e+03	6.2e+00	5.6427e-01	1.9e-02
6.7815e+03	6.3e+00	5.5606e-01	1.9e-02
6.7847e+03	6.4e+00	5.5406e-01	1.9e-02
6.7880e+03	6.5e+00	5.5172e-01	1.9e-02
6.7912e+03	6.6e+00	5.5607e-01	1.9e-02
6.7944e+03	6.7e+00	5.5963e-01	1.9e-02
6.7976e+03	6.8e+00	5.5547e-01	1.9e-02
6.8008e+03	6.9e+00	5.4359e-01	2.0e-02
6.8040e+03	7.0e+00	5.4547e-01	1.9e-02
6.8072e+03	7.1e+00	5.4521e-01	1.9e-02
6.8104e+03	7.2e+00	5.3472e-01	1.8e-02
6.8136e+03	7.3e+00	5.2641e-01	1.8e-02
6.8168e+03	7.4e+00	5.2770e-01	1.9e-02
6.8199e+03	7.5e+00	5.3381e-01	1.9e-02
6.8231e+03	7.6e+00	5.3110e-01	2.0e-02
6.8263e+03	7.7e+00	5.2548e-01	1.9e-02
6.8295e+03	7.7e+00	5.1696e-01	1.9e-02
6.8327e+03	7.8e+00	5.0781e-01	1.8e-02
6.8359e+03	7.9e+00	4.5824e-01	1.6e-02
6.8391e+03	8.1e+00	3.9854e-01	1.4e-02
6.8423e+03	8.2e+00	3.6787e-01	1.3e-02
6.8455e+03	8.3e+00	3.8469e-01	1.4e-02
6.8486e+03	8.4e+00	4.2876e-01	1.5e-02
6.8518e+03	8.5e+00	4.5740e-01	1.7e-02
6.8550e+03	8.6e+00	4.5609e-01	1.7e-02
6.8582e+03	8.7e+00	4.5350e-01	1.7e-02
6.8614e+03	8.8e+00	4.4404e-01	1.7e-02
6.8645e+03	8.9e+00	4.4760e-01	1.7e-02
6.8677e+03	9.0e+00	4.5674e-01	1.7e-02
6.8709e+03	9.1e+00	4.6672e-01	1.7e-02
6.8741e+03	9.2e+00	4.7319e-01	1.8e-02
6.8772e+03	9.3e+00	4.8024e-01	1.8e-02
6.8804e+03	9.4e+00	4.7904e-01	1.8e-02
6.8836e+03	9.5e+00	4.8000e-01	1.9e-02
6.8867e+03	9.6e+00	4.8751e-01	1.9e-02
6.8899e+03	9.7e+00	4.9554e-01	1.9e-02
6.8931e+03	9.9e+00	4.8794e-01	1.9e-02
6.8962e+03	1.0e+01	4.8956e-01	1.9e-02
6.8994e+03	1.0e+01	4.8992e-01	1.9e-02
6.9026e+03	1.0e+01	4.9056e-01	2.0e-02
6.9057e+03	1.0e+01	4.9562e-01	1.9e-02
6.9089e+03	1.0e+01	4.8912e-01	2.0e-02
6.9120e+03	1.1e+01	4.8286e-01	2.0e-02
6.9152e+03	1.1e+01	4.8578e-01	2.0e-02
6.9183e+03	1.1e+01	4.8361e-01	2.0e-02
6.9215e+03	1.1e+01	4.8657e-01	2.0e-02
6.9247e+03	1.1e+01	4.8478e-01	2.0e-02
6.9278e+03	1.1e+01	4.9182e-01	2.0e-02
6.9310e+03	1.1e+01	4.9245e-01	2.1e-02
6.9341e+03	1.1e+01	4.9811e-01	2.0e-02
6.9373e+03	1.1e+01	4.9350e-01	2.0e-02
6.9404e+03	1.2e+01	4.7986e-01	2.0e-02
6.9435e+03	1.2e+01	4.6877e-01	1.9e-02
6.9467e+03	1.2e+01	4.7405e-01	1.9e-02
6.9498e+03	1.2e+01	4.7584e-01	2.0e-02
6.9530e+03	1.2e+01	4.8183e-01	2.0e-02
6.9561e+03	1.2e+01	4.7956e-01	2.0e-02
6.9593e+03	1.2e+01	4.8212e-01	2.0e-02
6.9624e+03	1.2e+01	4.7447e-01	2.0e-02
6.9655e+03	1.3e+01	4.7077e-01	2.0e-02
6.9687e+03	1.3e+01	4.6696e-01	1.9e-02
6.9718e+03	1.3e+01	4.6395e-01	1.9e-02
6.9749e+03	1.3e+01	4.6411e-01	1.9e-02
6.9781e+03	1.3e+01	4.5983e-01	1.9e-02
6.9812e+03	1.3e+01	4.5304e-01	1.9e-02
6.9843e+03	1.3e+01	4.5260e-01	2.0e-02
6.9874e+03	1.3e+01	4.5160e-01	2.0e-02
6.9906e+03	1.4e+01	4.5367e-01	2.0e-02
6.9937e+03	1.4e+01	4.5591e-01	2.0e-02
6.9968e+03	1.4e+01	4.6043e-01	2.0e-02
6.9999e+03	1.4e+01	4.6334e-01	2.0e-02
7.0031e+03	1.4e+01	4.6206e-01	2.0e-02
7.0062e+03	1.4e+01	4.6947e-01	2.1e-02
7.0093e+03	1.4e+01	4.7192e-01	2.1e-02
7.0124e+03	1.4e+01	4.6848e-01	2.1e-02
7.0155e+03	1.5e+01	4.5981e-01	2.0e-02
7.0186e+03	1.5e+01	4.6050e-01	2.1e-02
7.0218e+03	1.5e+01	4.5733e-01	2.0e-02
7.0249e+03	1.5e+01	4.5399e-01	2.1e-02
7.0280e+03	1.5e+01	4.5392e-01	2.1e-02
7.0311e+03	1.5e+01	4.5210e-01	2.0e-02
7.0342e+03	1.5e+01	4.5562e-01	2.1e-02
7.0373e+03	1.6e+01	4.5501e-01	2.1e-02
7.0404e+03	1.6e+01	4.5831e-01	2.1e-02
7.0435e+03	1.6e+01	4.4494e-01	2.1e-02
7.0466e+03	1.6e+01	4.4401e-01	2.1e-02
7.0497e+03	1.6e+01	4.4495e-01	2.1e-02
7.0528e+03	1.6e+01	4.4105e-01	2.1e-02
7.0559e+03	1.6e+01	4.4073e-01	2.1e-02
7.0590e+03	1.6e+01	4.4093e-01	2.1e-02
7.0621e+03	1.7e+01	4.4511e-01	2.1e-02
7.0652e+03	1.7e+01	4.3989e-01	2.1e-02
7.0683e+03	1.7e+01	4.3766e-01	2.1e-02
7.0714e+03	1.7e+01	4.3440e-01	2.1e-02
7.0745e+03	1.7e+01	4.2843e-01	2.2e-02
7.0776e+03	1.7e+01	4.2987e-01	2.2e-02
7.0807e+03	1.7e+01	4.2353e-01	2.1e-02
7.0837e+03	1.8e+01	4.2644e-01	2.1e-02
7.0868e+03	1.8e+01	4.2163e-01	2.1e-02
7.0899e+03	1.8e+01	4.1870e-01	2.1e-02
7.0930e+03	1.8e+01	4.1994e-01	2.2e-02
7.0961e+03	1.8e+01	4.2101e-01	2.1e-02
7.0991e+03	1.8e+01	4.2322e-01	2.1e-02
7.1022e+03	1.9e+01	4.2013e-01	2.1e-02
7.1053e+03	1.9e+01	4.0912e-01	2.1e-02
7.1084e+03	1.9e+01	4.1029e-01	2.1e-02
7.1115e+03	1.9e+01	4.0941e-01	2.1e-02
7.1145e+03	1.9e+01	4.0725e-01	2.1e-02
7.1176e+03	1.9e+01	4.0630e-01	2.1e-02
7.1207e+03	1.9e+01	3.9564e-01	2.1e-02
7.1237e+03	2.0e+01	3.8330e-01	2.0e-02
7.1268e+03	2.0e+01	3.7745e-01	2.0e-02
7.1299e+03	2.0e+01	3.7051e-01	2.0e-02
7.1329e+03	2.0e+01	3.6346e-01	1.9e-02
7.1360e+03	2.0e+01	3.5682e-01	1.9e-02
7.1391e+03	2.0e+01	3.4125e-01	1.9e-02
7.1421e+03	2.0e+01	3.3367e-01	1.8e-02
7.1452e+03	2.1e+01	3.3922e-01	1.8e-02
7.1482e+03	2.1e+01	3.3784e-01	1.9e-02
7.1513e+03	2.1e+01	3.4499e-01	1.9e-02
7.1543e+03	2.1e+01	3.4746e-01	1.9e-02
7.1574e+03	2.1e+01	3.5265e-01	1.9e-02
7.1605e+03	2.1e+01	3.5158e-01	2.0e-02
7.1635e+03	2.2e+01	3.6550e-01	2.1e-02
7.1666e+03	2.2e+01	3.7444e-01	2.1e-02
7.1696e+03	2.2e+01	3.7890e-01	2.1e-02
7.1726e+03	2.2e+01	3.7405e-01	2.2e-02
7.1757e+03	2.2e+01	3.7178e-01	2.2e-02
7.1787e+03	2.2e+01	3.7324e-01	2.1e-02
7.1818e+03	2.3e+01	3.6461e-01	2.1e-02
7.1848e+03	2.3e+01	3.5783e-01	2.0e-02
7.1879e+03	2.3e+01	3.5369e-01	2.1e-02
7.1909e+03	2.3e+01	3.5360e-01	2.0e-02
7.1939e+03	2.3e+01	3.5076e-01	2.0e-02
7.1970e+03	2.3e+01	3.5423e-01	2.0e-02
7.2000e+03	2.3e+01	3.5133e-01	2.1e-02
7.2030e+03	2.4e+01	3.5146e-01	2.0e-02
7.2061e+03	2.4e+01	3.4822e-01	2.0e-02
7.2091e+03	2.4e+01	3.5116e-01	2.0e-02
7.2121e+03	2.4e+01	3.4716e-01	2.0e-02
7.2152e+03	2.4e+01	3.4900e-01	2.0e-02
7.2182e+03	2.4e+01	3.5041e-01	2.1e-02
7.2212e+03	2.5e+01	3.4693e-01	2.0e-02
7.2242e+03	2.5e+01	3.4474e-01	2.1e-02
7.2272e+03	2.5e+01	3.4261e-01	2.0e-02
7.2303e+03	2.5e+01	3.4323e-01	2.0e-02
7.2333e+03	2.5e+01	3.3885e-01	2.0e-02
7.2363e+03	2.6e+01	3.3194e-01	2.0e-02
7.2393e+03	2.6e+01	3.2754e-01	2.0e-02
7.2423e+03	2.6e+01	3.3362e-01	2.0e-02
7.2453e+03	2.6e+01	3.3639e-01	2.1e-02
7.2484e+03	2.6e+01	3.4057e-01	2.0e-02
7.2514e+03	2.6e+01	3.4012e-01	2.0e-02
7.2544e+03	2.7e+01	3.3334e-01	2.0e-02
7.2574e+03	2.7e+01	3.3560e-01	2.1e-02
7.2604e+03	2.7e+01	3.3808e-01	2.0e-02
7.2634e+03	2.7e+01	3.4003e-01	2.1e-02
7.2664e+03	2.7e+01	3.4326e-01	2.1e-02
7.2694e+03	2.7e+01	3.4388e-01	2.1e-02
7.2724e+03	2.8e+01	3.3983e-01	2.1e-02
7.2754e+03	2.8e+01	3.3853e-01	2.1e-02
7.2784e+03	2.8e+01	3.4373e-01	2.1e-02
7.2814e+03	2.8e+01	3.4781e-01	2.2e-02
7.2844e+03	2.8e+01	3.5604e-01	2.2e-02
7.2874e+03	2.9e+01	3.4663e-01	2.2e-02
7.2904e+03	2.9e+01	3.4436e-01	2.1e-02
7.2933e+03	2.9e+01	3.3795e-01	2.1e-02
7.2963e+03	2.9e+01	3.3847e-01	2.1e-02
7.2993e+03	2.9e+01	3.2940e-01	2.1e-02
7.3023e+03	2.9e+01	3.3157e-01	2.1e-02
7.3053e+03	3.0e+01	3.3405e-01	2.0e-02
7.3083e+03	3.0e+01	3.3021e-01	2.1e-02
7.3113e+03	3.0e+01	3.3260e-01	2.1e-02
7.3142e+03	3.0e+01	3.3292e-01	2.1e-02
7.3172e+03	3.0e+01	3.3895e-01	2.2e-02
7.3202e+03	3.1e+01	3.3888e-01	2.2e-02
7.3232e+03	3.1e+01	3.3313e-01	2.1e-02
7.3261e+03	3.1e+01	3.2625e-01	2.1e-02
7.3291e+03	3.1e+01	3.2148e-01	2.0e-02
7.3321e+03	3.1e+01	3.2690e-01	2.1e-02
7.3351e+03	3.1e+01	3.2388e-01	2.1e-02
7.3380e+03	3.2e+01	3.2673e-01	2.2e-02
7.3410e+03	3.2e+01	3.2644e-01	2.1e-02
7.3439e+03	3.2e+01	3.3054e-01	2.2e-02
7.3469e+03	3.2e+01	3.2993e-01	2.1e-02
7.3499e+03	3.2e+01	3.2168e-01	2.1e-02
7.3528e+03	3.3e+01	3.2032e-01	2.1e-02
7.3558e+03	3.3e+01	3.1609e-01	2.1e-02
7.3588e+03	3.3e+01	3.2081e-01	2.1e-02
7.3617e+03	3.3e+01	3.1786e-01	2.1e-02
7.3647e+03	3.3e+01	3.1941e-01	2.1e-02
7.3676e+03	3.4e+01	3.2114e-01	2.2e-02
7.3706e+03	3.4e+01	3.2122e-01	2.2e-02
7.3735e+03	3.4e+01	3.2744e-01	2.2e-02
7.3765e+03	3.4e+01	3.2027e-01	2.2e-02
7.3794e+03	3.4e+01	3.1472e-01	2.1e-02
7.3824e+03	3.5e+01	3.1529e-01	2.1e-02
7.3853e+03	3.5e+01	3.1700e-01	2.1e-02
7.3882e+03	3.5e+01	3.1645e-01	2.2e-02
7.3912e+03	3.5e+01	3.2414e-01	2.2e-02
7.3941e+03	3.5e+01	3.1702e-01	2.1e-02
7.3971e+03	3.6e+01	3.1274e-01	2.2e-02
7.4000e+03	3.6e+01	3.1368e-01	2.2e-02
7.4029e+03	3.6e+01	3.1160e-01	2.2e-02
7.4059e+03	3.6e+01	3.1124e-01	2.2e-02
7.4088e+03	3.6e+01	3.0986e-01	2.2e-02
7.4117e+03	3.7e+01	3.0682e-01	2.2e-02
7.4147e+03	3.7e+01	3.0600e-01	2.2e-02
7.4176e+03	3.7e+01	2.9949e-01	2.2e-02
7.4205e+03	3.7e+01	2.9959e-01	2.2e-02
7.4234e+03	3.7e+01	3.0087e-01	2.2e-02
7.4264e+03	3.8e+01	3.0068e-01	2.1e-02
7.4293e+03	3.8e+01	2.9900e-01	2.1e-02
7.4322e+03	3.8e+01	2.9677e-01	2.2e-02
7.4351e+03	3.8e+01	2.9984e-01	2.2e-02
7.4380e+03	3.9e+01	3.0061e-01	2.2e-02
7.4409e+03	3.9e+01	2.9516e-01	2.2e-02
7.4439e+03	3.9e+01	2.9324e-01	2.2e-02
7.4468e+03	3.9e+01	2.9435e-01	2.2e-02
7.4497e+03	3.9e+01	2.9228e-01	2.2e-02
7.4526e+03	4.0e+01	2.9805e-01	2.2e-02
7.4555e+03	4.0e+01	2.9381e-01	2.2e-02
7.4584e+03	4.0e+01	2.9214e-01	2.2e-02
7.4613e+03	4.0e+01	2.9297e-01	2.2e-02
7.4642e+03	4.0e+01	2.9424e-01	2.2e-02
7.4671e+03	4.1e+01	2.9384e-01	2.2e-02
7.4700e+03	4.1e+01	2.8966e-01	2.1e-02
7.4729e+03	4.1e+01	2.9098e-01	2.2e-02
7.4758e+03	4.1e+01	2.8757e-01	2.2e-02
7.4787e+03	4.2e+01	2.9046e-01	2.2e-02
7.4816e+03	4.2e+01	2.8599e-01	2.2e-02
7.4845e+03	4.2e+01	2.8572e-01	2.2e-02
7.4874e+03	4.2e+01	2.8105e-01	2.1e-02
7.4903e+03	4.2e+01	2.8230e-01	2.1e-02
7.4932e+03	4.3e+01	2.8366e-01	2.2e-02
7.4960e+03	4.3e+01	2.7996e-01	2.2e-02
7.4989e+03	4.3e+01	2.8029e-01	2.2e-02
7.5018e+03	4.3e+01	2.7766e-01	2.2e-02
7.5047e+03	4.4e+01	2.7358e-01	2.1e-02
7.5076e+03	4.4e+01	2.7334e-01	2.1e-02
7.5105e+03	4.4e+01	2.5928e-01	2.0e-02
7.5133e+03	4.4e+01	2.3685e-01	1.8e-02
7.5162e+03	4.4e+01	1.9157e-01	1.5e-02
7.5191e+03	4.5e+01	1.3311e-01	1.0e-02
7.5220e+03	4.5e+01	9.0082e-02	6.4e-03
7.5248e+03	4.5e+01	6.8218e-02	5.1e-03
7.5277e+03	4.5e+01	5.6122e-02	4.8e-03
7.5306e+03	4.6e+01	6.3124e-02	5.6e-03
7.5334e+03	4.6e+01	9.0006e-02	7.5e-03
7.5363e+03	4.6e+01	1.1868e-01	9.3e-03
7.5392e+03	4.6e+01	1.4158e-01	1.1e-02
7.5420e+03	4.7e+01	1.4165e-01	1.1e-02
7.5449e+03	4.7e+01	1.2700e-01	9.6e-03
7.5477e+03	4.7e+01	1.1662e-01	9.3e-03
7.5506e+03	4.7e+01	1.1029e-01	8.8e-03
7.5534e+03	4.7e+01	1.1841e-01	9.2e-03
7.5563e+03	4.8e+01	1.2218e-01	9.9e-03
7.5592e+03	4.8e+01	1.3532e-01	1.1e-02
7.5620e+03	4.8e+01	1.4714e-01	1.2e-02
7.5648e+03	4.8e+01	1.5440e-01	1.3e-02
7.5677e+03	4.9e+01	1.6828e-01	1.4e-02
7.5705e+03	4.9e+01	1.7545e-01	1.4e-02
7.5734e+03	4.9e+01	1.8544e-01	1.5e-02
7.5762e+03	4.9e+01	1.9479e-01	1.6e-02
7.5791e+03	5.0e+01	2.0595e-01	1.7e-02
7.5819e+03	5.0e+01	2.1327e-01	1.7e-02
7.5847e+03	5.0e+01	2.2266e-01	1.8e-02
7.5876e+03	5.0e+01	2.2888e-01	1.9e-02
7.5904e+03	5.1e+01	2.3873e-01	2.0e-02
7.5932e+03	5.1e+01	2.4135e-01	2.0e-02
7.5961e+03	5.1e+01	2.4492e-01	2.0e-02
7.5989e+03	5.1e+01	2.4892e-01	2.2e-02
7.6017e+03	5.2e+01	2.4808e-01	1.9e-02
