# lambda [A]	Dlambda [A]	specval [counts]	Dspecval [counts]
4.1245e+03	3.8e+00	4.10401e+02	1.9e+01
4.1280e+03	3.8e+00	4.30094e+02	3.6e+00
4.1315e+03	3.8e+00	3.83779e+02	1.4e+01
4.1350e+03	3.8e+00	3.40708e+02	1.9e+01
4.1386e+03	3.8e+00	2.67487e+02	2.6e+01
4.1421e+03	3.8e+00	2.26314e+02	1.4e+01
4.1456e+03	3.7e+00	2.45725e+02	2.3e+01
4.1491e+03	3.7e+00	3.48820e+02	2.0e+01
4.1526e+03	3.7e+00	6.24154e+02	2.6e+01
4.1561e+03	3.7e+00	7.06932e+02	2.2e+01
4.1596e+03	3.7e+00	6.22709e+02	1.6e+01
4.1631e+03	3.7e+00	4.09015e+02	2.4e+01
4.1666e+03	3.7e+00	3.13564e+02	1.3e+01
4.1701e+03	3.7e+00	2.95207e+02	1.4e+01
4.1736e+03	3.7e+00	3.59640e+02	1.2e+01
4.1771e+03	3.7e+00	3.91081e+02	1.2e+01
4.1806e+03	3.7e+00	4.33570e+02	2.2e+01
4.1841e+03	3.7e+00	5.51991e+02	1.5e+01
4.1877e+03	3.7e+00	5.49968e+02	1.6e+01
4.1912e+03	3.7e+00	8.60337e+02	1.7e+01
4.1947e+03	3.7e+00	1.20064e+03	2.4e+01
4.1982e+03	3.7e+00	1.18765e+03	2.5e+01
4.2017e+03	3.7e+00	7.80421e+02	2.0e+01
4.2052e+03	3.7e+00	3.71722e+02	1.9e+01
4.2087e+03	3.6e+00	2.83894e+02	1.7e+01
4.2123e+03	3.6e+00	2.91157e+02	1.7e+01
4.2158e+03	3.6e+00	2.85402e+02	1.2e+01
4.2193e+03	3.6e+00	3.32852e+02	8.0e+00
4.2228e+03	3.6e+00	3.38519e+02	1.4e+01
4.2263e+03	3.6e+00	3.30998e+02	1.2e+01
4.2298e+03	3.6e+00	3.28790e+02	1.6e+01
4.2334e+03	3.6e+00	2.63767e+02	1.7e+01
4.2369e+03	3.6e+00	2.71926e+02	6.8e+00
4.2404e+03	3.6e+00	2.56182e+02	1.3e+01
4.2439e+03	3.6e+00	2.24113e+02	1.1e+01
4.2474e+03	3.6e+00	2.88736e+02	1.5e+01
4.2510e+03	3.6e+00	4.54024e+02	2.5e+01
4.2545e+03	3.6e+00	6.76544e+02	1.2e+01
4.2580e+03	3.6e+00	6.85119e+02	1.6e+01
4.2615e+03	3.6e+00	5.81870e+02	1.9e+01
4.2650e+03	3.5e+00	4.81038e+02	1.6e+01
4.2686e+03	3.5e+00	5.58864e+02	1.1e+01
4.2721e+03	3.5e+00	6.39332e+02	1.4e+01
4.2756e+03	3.5e+00	5.36129e+02	1.0e+01
4.2791e+03	3.5e+00	4.26826e+02	1.1e+01
4.2827e+03	3.5e+00	2.44403e+02	1.2e+01
4.2862e+03	3.5e+00	1.97120e+02	8.4e+00
4.2897e+03	3.5e+00	2.16782e+02	5.8e+00
4.2932e+03	3.5e+00	2.78950e+02	1.1e+01
4.2968e+03	3.5e+00	3.02941e+02	1.2e+01
4.3003e+03	3.5e+00	3.08489e+02	9.6e+00
4.3038e+03	3.5e+00	2.66483e+02	1.7e+01
4.3074e+03	3.5e+00	2.38739e+02	1.4e+01
4.3109e+03	3.5e+00	2.33688e+02	9.4e+00
4.3144e+03	3.4e+00	2.27152e+02	4.3e+00
4.3179e+03	3.4e+00	2.06280e+02	9.5e+00
4.3215e+03	3.4e+00	2.23243e+02	1.5e+01
4.3250e+03	3.4e+00	3.26310e+02	7.8e+00
4.3285e+03	3.4e+00	4.49411e+02	9.7e+00
4.3321e+03	3.4e+00	5.02468e+02	6.9e+00
4.3356e+03	3.4e+00	4.19675e+02	1.0e+01
4.3391e+03	3.4e+00	4.20221e+02	1.2e+01
4.3427e+03	3.4e+00	5.12306e+02	2.0e+01
4.3462e+03	3.4e+00	4.86411e+02	1.1e+01
4.3497e+03	3.4e+00	3.66689e+02	1.0e+01
4.3533e+03	3.4e+00	2.66850e+02	1.0e+01
4.3568e+03	3.4e+00	2.59948e+02	1.4e+01
4.3603e+03	3.3e+00	2.85769e+02	8.8e+00
4.3639e+03	3.3e+00	3.71263e+02	9.0e+00
4.3674e+03	3.3e+00	4.09218e+02	2.2e+01
4.3709e+03	3.3e+00	4.41209e+02	1.0e+01
4.3745e+03	3.3e+00	4.02888e+02	1.5e+01
4.3780e+03	3.3e+00	3.38745e+02	1.7e+01
4.3815e+03	3.3e+00	2.97223e+02	8.6e+00
4.3851e+03	3.3e+00	2.39130e+02	1.6e+01
4.3886e+03	3.3e+00	2.08994e+02	1.3e+01
4.3922e+03	3.3e+00	2.12270e+02	6.7e+00
4.3957e+03	3.3e+00	2.34384e+02	7.9e+00
4.3992e+03	3.3e+00	2.31373e+02	1.0e+01
4.4028e+03	3.2e+00	2.10664e+02	1.3e+01
4.4063e+03	3.2e+00	1.59143e+02	6.3e+00
4.4099e+03	3.2e+00	1.75289e+02	1.3e+01
4.4134e+03	3.2e+00	1.75559e+02	8.7e+00
4.4169e+03	3.2e+00	2.37809e+02	7.0e+00
4.4205e+03	3.2e+00	2.81914e+02	1.0e+01
4.4240e+03	3.2e+00	3.36373e+02	1.6e+01
4.4276e+03	3.2e+00	3.17826e+02	1.1e+01
4.4311e+03	3.2e+00	2.40826e+02	1.1e+01
4.4346e+03	3.2e+00	2.03048e+02	1.1e+01
4.4382e+03	3.1e+00	2.03940e+02	1.2e+01
4.4417e+03	3.1e+00	1.84050e+02	6.6e+00
4.4453e+03	3.1e+00	2.01962e+02	1.2e+01
4.4488e+03	3.1e+00	1.86711e+02	1.7e+01
4.4524e+03	3.1e+00	1.52640e+02	9.6e+00
4.4559e+03	3.1e+00	1.42726e+02	9.5e+00
4.4595e+03	3.1e+00	1.61818e+02	9.7e+00
4.4630e+03	3.1e+00	1.66929e+02	1.4e+01
4.4665e+03	3.1e+00	2.16664e+02	9.5e+00
4.4701e+03	3.1e+00	2.40890e+02	7.2e+00
4.4736e+03	3.1e+00	2.52172e+02	1.5e+01
4.4772e+03	3.0e+00	2.64172e+02	8.2e+00
4.4807e+03	3.0e+00	2.45681e+02	6.3e+00
4.4843e+03	3.0e+00	2.22897e+02	4.3e+00
4.4878e+03	3.0e+00	2.08468e+02	1.1e+01
4.4914e+03	3.0e+00	2.53461e+02	4.8e+00
4.4949e+03	3.0e+00	2.83930e+02	5.2e+00
4.4985e+03	3.0e+00	3.43382e+02	1.1e+01
4.5020e+03	3.0e+00	3.78510e+02	1.6e+01
4.5056e+03	3.0e+00	4.58152e+02	1.7e+01
4.5091e+03	3.0e+00	4.23615e+02	1.8e+01
4.5127e+03	3.0e+00	2.80257e+02	1.5e+01
4.5162e+03	2.9e+00	1.91509e+02	7.6e+00
4.5198e+03	2.9e+00	1.89944e+02	7.6e+00
4.5233e+03	2.9e+00	1.83794e+02	1.0e+01
4.5269e+03	2.9e+00	1.89858e+02	1.4e+01
4.5304e+03	2.9e+00	1.79232e+02	5.9e+00
4.5340e+03	2.9e+00	1.78165e+02	6.0e+00
4.5375e+03	2.9e+00	2.82814e+02	1.1e+01
4.5411e+03	2.9e+00	3.45381e+02	1.1e+01
4.5446e+03	2.9e+00	3.05226e+02	1.1e+01
4.5482e+03	2.9e+00	2.21298e+02	1.2e+01
4.5517e+03	2.9e+00	1.55303e+02	7.5e+00
4.5553e+03	2.8e+00	1.35026e+02	7.0e+00
4.5588e+03	2.8e+00	1.35113e+02	7.3e+00
4.5624e+03	2.8e+00	1.38545e+02	7.3e+00
4.5659e+03	2.8e+00	1.59594e+02	6.6e+00
4.5695e+03	2.8e+00	1.73232e+02	7.8e+00
4.5730e+03	2.8e+00	2.06767e+02	5.0e+00
4.5766e+03	2.8e+00	2.35165e+02	1.2e+01
4.5801e+03	2.8e+00	2.31553e+02	5.1e+00
4.5837e+03	2.8e+00	2.28733e+02	2.5e+00
4.5873e+03	2.8e+00	2.41395e+02	8.0e+00
4.5908e+03	2.8e+00	2.27612e+02	6.2e+00
4.5944e+03	2.7e+00	1.85959e+02	3.1e+00
4.5979e+03	2.7e+00	1.60397e+02	7.7e+00
4.6015e+03	2.7e+00	2.26578e+02	3.5e+00
4.6050e+03	2.7e+00	2.74668e+02	8.6e+00
4.6086e+03	2.7e+00	2.88775e+02	8.2e+00
4.6121e+03	2.7e+00	2.14669e+02	4.0e+00
4.6157e+03	2.7e+00	1.28960e+02	6.6e+00
4.6193e+03	2.7e+00	1.16081e+02	5.9e+00
4.6228e+03	2.7e+00	1.24394e+02	7.4e+00
4.6264e+03	2.7e+00	1.24617e+02	6.3e+00
4.6299e+03	2.7e+00	1.01241e+02	8.1e+00
4.6335e+03	2.7e+00	1.11939e+02	7.4e+00
4.6370e+03	2.7e+00	1.17707e+02	5.7e+00
4.6406e+03	2.7e+00	1.14212e+02	4.4e+00
4.6441e+03	2.6e+00	1.10203e+02	6.0e+00
4.6477e+03	2.6e+00	1.62704e+02	4.4e+00
4.6513e+03	2.6e+00	2.14544e+02	1.0e+01
4.6548e+03	2.6e+00	2.42253e+02	7.6e+00
4.6584e+03	2.6e+00	2.30705e+02	9.3e+00
4.6619e+03	2.6e+00	1.64402e+02	9.5e+00
4.6655e+03	2.6e+00	1.16304e+02	6.2e+00
4.6691e+03	2.6e+00	1.19787e+02	4.3e+00
4.6726e+03	2.6e+00	1.40782e+02	5.2e+00
4.6762e+03	2.6e+00	1.35897e+02	5.4e+00
4.6797e+03	2.6e+00	1.32771e+02	4.6e+00
4.6833e+03	2.6e+00	1.30840e+02	6.9e+00
4.6869e+03	2.6e+00	1.09921e+02	6.1e+00
4.6904e+03	2.6e+00	1.13909e+02	4.8e+00
4.6940e+03	2.6e+00	1.01230e+02	8.2e+00
4.6975e+03	2.6e+00	1.23238e+02	6.5e+00
4.7011e+03	2.6e+00	1.31665e+02	6.0e+00
4.7047e+03	2.6e+00	1.22318e+02	6.9e+00
4.7082e+03	2.6e+00	1.09789e+02	4.0e+00
4.7118e+03	2.6e+00	1.15611e+02	7.7e+00
4.7153e+03	2.6e+00	1.21949e+02	8.0e+00
4.7189e+03	2.6e+00	1.38896e+02	7.7e+00
4.7225e+03	2.6e+00	1.82126e+02	6.9e+00
4.7260e+03	2.6e+00	1.94722e+02	6.3e+00
4.7296e+03	2.6e+00	1.84044e+02	6.9e+00
4.7331e+03	2.5e+00	1.49339e+02	6.3e+00
4.7367e+03	2.5e+00	1.40674e+02	3.7e+00
4.7403e+03	2.5e+00	1.03027e+02	3.3e+00
4.7438e+03	2.5e+00	9.73640e+01	6.7e+00
4.7474e+03	2.5e+00	9.85991e+01	4.3e+00
4.7509e+03	2.5e+00	1.03797e+02	5.0e+00
4.7545e+03	2.5e+00	1.27503e+02	3.4e+00
4.7581e+03	2.5e+00	2.04587e+02	7.7e+00
4.7616e+03	2.5e+00	2.81008e+02	6.6e+00
4.7652e+03	2.5e+00	2.65979e+02	6.5e+00
4.7688e+03	2.5e+00	1.81559e+02	9.8e+00
4.7723e+03	2.6e+00	1.01499e+02	3.5e+00
4.7759e+03	2.6e+00	8.81614e+01	7.5e+00
4.7794e+03	2.6e+00	9.06465e+01	4.0e+00
4.7830e+03	2.6e+00	9.06415e+01	3.5e+00
4.7866e+03	2.6e+00	9.78374e+01	5.6e+00
4.7901e+03	2.6e+00	1.00201e+02	3.9e+00
4.7937e+03	2.6e+00	1.12282e+02	4.7e+00
4.7972e+03	2.6e+00	1.23833e+02	4.9e+00
4.8008e+03	2.6e+00	1.72639e+02	8.3e+00
4.8044e+03	2.6e+00	1.97020e+02	6.4e+00
4.8079e+03	2.6e+00	1.93988e+02	6.6e+00
4.8115e+03	2.6e+00	1.76137e+02	4.3e+00
4.8151e+03	2.6e+00	1.83795e+02	5.1e+00
4.8186e+03	2.6e+00	2.13181e+02	6.9e+00
4.8222e+03	2.6e+00	2.39798e+02	6.0e+00
4.8258e+03	2.6e+00	2.67370e+02	6.8e+00
4.8293e+03	2.6e+00	2.74266e+02	6.4e+00
4.8329e+03	2.6e+00	2.24439e+02	5.6e+00
4.8364e+03	2.6e+00	1.55079e+02	7.2e+00
4.8400e+03	2.6e+00	1.14351e+02	4.5e+00
4.8436e+03	2.6e+00	1.11985e+02	6.8e+00
4.8471e+03	2.6e+00	1.00131e+02	5.4e+00
4.8507e+03	2.6e+00	1.13513e+02	8.3e+00
4.8543e+03	2.7e+00	1.61425e+02	3.6e+00
4.8578e+03	2.7e+00	2.31555e+02	1.1e+01
4.8614e+03	2.7e+00	2.39904e+02	9.4e+00
4.8649e+03	2.7e+00	1.83851e+02	7.5e+00
4.8685e+03	2.7e+00	1.12579e+02	3.2e+00
4.8721e+03	2.7e+00	1.29761e+02	5.2e+00
4.8756e+03	2.7e+00	1.92985e+02	7.2e+00
4.8792e+03	2.7e+00	2.11326e+02	8.9e+00
4.8828e+03	2.7e+00	1.76396e+02	6.1e+00
4.8863e+03	2.7e+00	1.43702e+02	4.4e+00
4.8899e+03	2.7e+00	1.17770e+02	6.1e+00
4.8934e+03	2.8e+00	1.16440e+02	6.0e+00
4.8970e+03	2.8e+00	9.12243e+01	4.1e+00
4.9006e+03	2.8e+00	9.40668e+01	2.5e+00
4.9041e+03	2.8e+00	9.36901e+01	3.2e+00
4.9077e+03	2.8e+00	8.44088e+01	1.7e+00
4.9113e+03	2.8e+00	8.12559e+01	4.2e+00
4.9148e+03	2.8e+00	8.54109e+01	5.2e+00
4.9184e+03	2.8e+00	9.42405e+01	3.2e+00
4.9220e+03	2.8e+00	8.95729e+01	3.4e+00
4.9255e+03	2.9e+00	8.17069e+01	2.4e+00
4.9291e+03	2.9e+00	7.13806e+01	4.1e+00
4.9326e+03	2.9e+00	8.21840e+01	2.6e+00
4.9362e+03	2.9e+00	8.18160e+01	4.1e+00
4.9398e+03	2.9e+00	6.75434e+01	2.4e+00
4.9433e+03	2.9e+00	6.49483e+01	3.6e+00
4.9469e+03	2.9e+00	6.99262e+01	3.5e+00
4.9505e+03	3.0e+00	6.91441e+01	4.1e+00
4.9540e+03	3.0e+00	7.56508e+01	1.6e+00
4.9576e+03	3.0e+00	8.55464e+01	2.6e+00
4.9611e+03	3.0e+00	1.00946e+02	4.9e+00
4.9647e+03	3.0e+00	1.04663e+02	4.6e+00
4.9683e+03	3.0e+00	1.02500e+02	4.1e+00
4.9718e+03	3.0e+00	9.17550e+01	3.3e+00
4.9754e+03	3.1e+00	6.89114e+01	6.4e+00
4.9789e+03	3.1e+00	6.40543e+01	5.5e+00
4.9825e+03	3.1e+00	6.40976e+01	2.6e+00
4.9861e+03	3.1e+00	6.13270e+01	3.3e+00
4.9896e+03	3.1e+00	6.27761e+01	4.8e+00
4.9932e+03	3.1e+00	7.96121e+01	3.5e+00
4.9968e+03	3.2e+00	7.14194e+01	4.5e+00
5.0003e+03	3.2e+00	6.82432e+01	2.4e+00
5.0039e+03	3.2e+00	7.80592e+01	4.6e+00
5.0074e+03	3.2e+00	7.57967e+01	4.9e+00
5.0110e+03	3.2e+00	1.00261e+02	4.9e+00
5.0146e+03	3.2e+00	1.13554e+02	2.9e+00
5.0181e+03	3.3e+00	9.61618e+01	5.3e+00
5.0217e+03	3.3e+00	7.77198e+01	2.7e+00
5.0252e+03	3.3e+00	6.13652e+01	2.5e+00
5.0288e+03	3.3e+00	5.92801e+01	1.9e+00
5.0324e+03	3.3e+00	6.37056e+01	5.8e+00
5.0359e+03	3.3e+00	6.97616e+01	4.2e+00
5.0395e+03	3.4e+00	6.98938e+01	3.6e+00
5.0430e+03	3.4e+00	7.18110e+01	4.0e+00
5.0466e+03	3.4e+00	7.80012e+01	2.9e+00
5.0502e+03	3.4e+00	7.47071e+01	4.1e+00
5.0537e+03	3.4e+00	7.45668e+01	4.0e+00
5.0573e+03	3.5e+00	7.39199e+01	3.3e+00
5.0608e+03	3.5e+00	8.56005e+01	5.8e+00
5.0644e+03	3.5e+00	8.01386e+01	4.6e+00
5.0680e+03	3.5e+00	7.50372e+01	4.0e+00
5.0715e+03	3.5e+00	7.38550e+01	3.5e+00
5.0751e+03	3.5e+00	7.52492e+01	2.7e+00
5.0786e+03	3.6e+00	8.19769e+01	3.9e+00
5.0822e+03	3.6e+00	7.07684e+01	3.6e+00
5.0858e+03	3.6e+00	7.15122e+01	2.9e+00
5.0893e+03	3.6e+00	6.55078e+01	3.0e+00
5.0929e+03	3.6e+00	6.17820e+01	1.3e+00
5.0964e+03	3.7e+00	5.13605e+01	4.6e+00
5.1000e+03	3.7e+00	5.08158e+01	2.4e+00
5.1035e+03	3.7e+00	5.03477e+01	3.7e+00
5.1071e+03	3.7e+00	4.96535e+01	2.5e+00
5.1107e+03	3.7e+00	5.80258e+01	2.3e+00
5.1142e+03	3.8e+00	5.73084e+01	2.2e+00
5.1178e+03	3.8e+00	6.16871e+01	1.3e+00
5.1213e+03	3.8e+00	6.51073e+01	2.6e+00
5.1249e+03	3.8e+00	6.64442e+01	2.1e+00
5.1284e+03	3.8e+00	6.39672e+01	3.2e+00
5.1320e+03	3.9e+00	6.65253e+01	3.9e+00
5.1356e+03	3.9e+00	7.12070e+01	2.4e+00
5.1391e+03	3.9e+00	7.25383e+01	3.4e+00
5.1427e+03	3.9e+00	8.45376e+01	2.8e+00
5.1462e+03	4.0e+00	8.23997e+01	4.8e+00
5.1498e+03	4.0e+00	8.50522e+01	6.6e+00
5.1533e+03	4.0e+00	7.41369e+01	4.1e+00
5.1569e+03	4.0e+00	8.45304e+01	3.1e+00
5.1604e+03	4.0e+00	8.98900e+01	3.2e+00
5.1640e+03	4.1e+00	9.57462e+01	2.1e+00
5.1676e+03	4.1e+00	1.02788e+02	4.4e+00
5.1711e+03	4.1e+00	9.90553e+01	3.3e+00
5.1747e+03	4.1e+00	9.91961e+01	3.4e+00
5.1782e+03	4.1e+00	1.12169e+02	4.2e+00
5.1818e+03	4.2e+00	1.24554e+02	5.4e+00
5.1853e+03	4.2e+00	1.51953e+02	3.7e+00
5.1889e+03	4.2e+00	1.75239e+02	3.6e+00
5.1924e+03	4.2e+00	1.81496e+02	2.7e+00
5.1960e+03	4.2e+00	1.73207e+02	6.1e+00
5.1995e+03	4.3e+00	1.13691e+02	3.5e+00
5.2031e+03	4.3e+00	7.99993e+01	3.4e+00
5.2066e+03	4.3e+00	4.51207e+01	3.2e+00
5.2102e+03	4.3e+00	4.30174e+01	2.8e+00
5.2137e+03	4.4e+00	4.16666e+01	4.0e+00
5.2173e+03	4.4e+00	4.61611e+01	1.6e+00
5.2208e+03	4.4e+00	5.00904e+01	3.4e+00
5.2244e+03	4.4e+00	4.90753e+01	2.2e+00
5.2279e+03	4.4e+00	4.44366e+01	3.8e+00
5.2315e+03	4.5e+00	4.40436e+01	2.4e+00
5.2350e+03	4.5e+00	4.46338e+01	2.3e+00
5.2386e+03	4.5e+00	4.25100e+01	2.9e+00
5.2421e+03	4.5e+00	4.19638e+01	2.5e+00
5.2457e+03	4.5e+00	4.92476e+01	2.9e+00
5.2492e+03	4.6e+00	4.55753e+01	3.5e+00
5.2528e+03	4.6e+00	5.40324e+01	1.4e+00
5.2563e+03	4.6e+00	5.26881e+01	2.8e+00
5.2599e+03	4.6e+00	5.72039e+01	2.7e+00
5.2634e+03	4.7e+00	4.87586e+01	2.8e+00
5.2670e+03	4.7e+00	5.04373e+01	2.6e+00
5.2705e+03	4.7e+00	4.60073e+01	1.6e+00
5.2741e+03	4.7e+00	4.83516e+01	2.3e+00
5.2776e+03	4.7e+00	4.65047e+01	2.9e+00
5.2812e+03	4.8e+00	3.72647e+01	3.0e+00
5.2847e+03	4.8e+00	3.67655e+01	3.3e+00
5.2883e+03	4.8e+00	4.03405e+01	1.8e+00
5.2918e+03	4.8e+00	4.08359e+01	1.9e+00
5.2953e+03	4.8e+00	3.98457e+01	2.8e+00
5.2989e+03	4.9e+00	4.41480e+01	2.7e+00
5.3024e+03	4.9e+00	3.81876e+01	2.2e+00
5.3060e+03	4.9e+00	4.13603e+01	2.0e+00
5.3095e+03	4.9e+00	3.68757e+01	2.7e+00
5.3131e+03	4.9e+00	3.86632e+01	2.3e+00
5.3166e+03	5.0e+00	3.93212e+01	2.0e+00
5.3202e+03	5.0e+00	3.85352e+01	2.9e+00
5.3237e+03	5.0e+00	4.15247e+01	3.0e+00
5.3272e+03	5.0e+00	4.39617e+01	2.3e+00
5.3308e+03	5.1e+00	4.45580e+01	1.9e+00
5.3343e+03	5.1e+00	4.64817e+01	2.5e+00
5.3379e+03	5.1e+00	4.94475e+01	2.6e+00
5.3414e+03	5.1e+00	4.72510e+01	3.9e+00
5.3449e+03	5.1e+00	4.92404e+01	4.3e+00
5.3485e+03	5.2e+00	4.17216e+01	2.7e+00
5.3520e+03	5.2e+00	3.98249e+01	1.7e+00
5.3556e+03	5.2e+00	4.04622e+01	2.4e+00
5.3591e+03	5.2e+00	3.73778e+01	2.2e+00
5.3626e+03	5.2e+00	3.53864e+01	2.7e+00
5.3662e+03	5.3e+00	3.74263e+01	2.8e+00
5.3697e+03	5.3e+00	3.18832e+01	2.0e+00
5.3733e+03	5.3e+00	3.34342e+01	3.6e+00
5.3768e+03	5.3e+00	3.62728e+01	1.6e+00
5.3803e+03	5.3e+00	3.16986e+01	1.3e+00
5.3839e+03	5.4e+00	3.22186e+01	3.1e+00
5.3874e+03	5.4e+00	3.36693e+01	1.7e+00
5.3909e+03	5.4e+00	3.30941e+01	2.7e+00
5.3945e+03	5.4e+00	3.57107e+01	1.8e+00
5.3980e+03	5.4e+00	4.67743e+01	2.4e+00
5.4015e+03	5.5e+00	5.48489e+01	2.6e+00
5.4051e+03	5.5e+00	5.06559e+01	3.2e+00
5.4086e+03	5.5e+00	4.41147e+01	1.9e+00
5.4122e+03	5.5e+00	3.02183e+01	2.6e+00
5.4157e+03	5.5e+00	3.47112e+01	1.6e+00
5.4192e+03	5.5e+00	2.89544e+01	2.6e+00
5.4227e+03	5.6e+00	3.65772e+01	2.4e+00
5.4263e+03	5.6e+00	3.13730e+01	2.8e+00
5.4298e+03	5.6e+00	3.12452e+01	2.5e+00
5.4333e+03	5.6e+00	2.93631e+01	3.0e+00
5.4369e+03	5.6e+00	3.14294e+01	2.6e+00
5.4404e+03	5.7e+00	3.09960e+01	1.6e+00
5.4439e+03	5.7e+00	3.05944e+01	1.8e+00
5.4475e+03	5.7e+00	3.75982e+01	2.7e+00
5.4510e+03	5.7e+00	3.75654e+01	1.9e+00
5.4545e+03	5.7e+00	3.51161e+01	3.3e+00
5.4581e+03	5.8e+00	3.94217e+01	2.3e+00
5.4616e+03	5.8e+00	3.04712e+01	2.5e+00
5.4651e+03	5.8e+00	2.91920e+01	1.7e+00
5.4686e+03	5.8e+00	2.62901e+01	2.0e+00
5.4722e+03	5.8e+00	3.23814e+01	2.2e+00
5.4757e+03	5.8e+00	2.76314e+01	1.7e+00
5.4792e+03	5.9e+00	2.77746e+01	1.8e+00
5.4827e+03	5.9e+00	2.79403e+01	2.0e+00
5.4863e+03	5.9e+00	2.57654e+01	2.6e+00
5.4898e+03	5.9e+00	2.74672e+01	2.3e+00
5.4933e+03	5.9e+00	3.41234e+01	3.3e+00
5.4968e+03	5.9e+00	5.31606e+01	1.9e+00
5.5004e+03	6.0e+00	4.86774e+01	2.3e+00
5.5039e+03	6.0e+00	4.08589e+01	2.9e+00
5.5074e+03	6.0e+00	3.27708e+01	1.3e+00
5.5109e+03	6.0e+00	2.86349e+01	3.1e+00
5.5145e+03	6.0e+00	2.97553e+01	2.7e+00
5.5180e+03	6.0e+00	2.78319e+01	2.7e+00
5.5215e+03	6.1e+00	2.54169e+01	1.9e+00
5.5250e+03	6.1e+00	2.60198e+01	2.0e+00
5.5285e+03	6.1e+00	3.08223e+01	1.3e+00
5.5321e+03	6.1e+00	3.01130e+01	2.4e+00
5.5356e+03	6.1e+00	2.66065e+01	3.5e+00
5.5391e+03	6.1e+00	3.10870e+01	2.2e+00
5.5426e+03	6.1e+00	3.07129e+01	2.5e+00
5.5461e+03	6.2e+00	3.00084e+01	3.5e+00
5.5497e+03	6.2e+00	3.58739e+01	3.2e+00
5.5532e+03	6.2e+00	3.66815e+01	2.3e+00
5.5567e+03	6.2e+00	4.28901e+01	3.2e+00
5.5602e+03	6.2e+00	5.67428e+01	4.5e+00
5.5637e+03	6.2e+00	5.82473e+01	2.5e+00
5.5672e+03	6.3e+00	5.01374e+01	1.9e+00
5.5707e+03	6.3e+00	4.66871e+01	2.8e+00
5.5743e+03	6.3e+00	4.70017e+01	1.6e+00
5.5778e+03	6.3e+00	5.06579e+01	1.8e+00
5.5813e+03	6.3e+00	4.94555e+01	2.1e+00
5.5848e+03	6.3e+00	4.71278e+01	1.5e+00
5.5883e+03	6.3e+00	4.76053e+01	2.0e+00
5.5918e+03	6.3e+00	5.66039e+01	2.6e+00
5.5953e+03	6.4e+00	6.03537e+01	1.7e+00
5.5988e+03	6.4e+00	6.40111e+01	1.1e+00
5.6024e+03	6.4e+00	7.85899e+01	3.1e+00
5.6059e+03	6.4e+00	9.53033e+01	2.8e+00
5.6094e+03	6.4e+00	9.50478e+01	4.9e+00
5.6129e+03	6.4e+00	7.87610e+01	3.9e+00
5.6164e+03	6.4e+00	5.59629e+01	5.1e+00
5.6199e+03	6.4e+00	2.92494e+01	2.0e+00
5.6234e+03	6.5e+00	2.97413e+01	1.1e+00
5.6269e+03	6.5e+00	2.82028e+01	2.2e+00
5.6304e+03	6.5e+00	3.07863e+01	2.6e+00
5.6339e+03	6.5e+00	2.94750e+01	7.7e-01
5.6374e+03	6.5e+00	2.83885e+01	2.0e+00
5.6409e+03	6.5e+00	3.11896e+01	2.1e+00
5.6444e+03	6.5e+00	3.19201e+01	2.4e+00
5.6479e+03	6.5e+00	3.50153e+01	2.6e+00
5.6514e+03	6.6e+00	3.80982e+01	1.5e+00
5.6549e+03	6.6e+00	4.68770e+01	3.2e+00
5.6584e+03	6.6e+00	3.92675e+01	2.9e+00
5.6619e+03	6.6e+00	4.26001e+01	2.6e+00
5.6654e+03	6.6e+00	3.77788e+01	4.2e+00
5.6689e+03	6.6e+00	3.71441e+01	3.4e+00
5.6724e+03	6.6e+00	3.95682e+01	2.5e+00
5.6759e+03	6.6e+00	4.20009e+01	3.7e+00
5.6794e+03	6.6e+00	4.61924e+01	2.4e+00
5.6829e+03	6.6e+00	4.45051e+01	1.9e+00
5.6864e+03	6.6e+00	4.57528e+01	3.0e+00
5.6899e+03	6.7e+00	4.39187e+01	2.8e+00
5.6934e+03	6.7e+00	4.91492e+01	1.9e+00
5.6969e+03	6.7e+00	4.51968e+01	2.2e+00
5.7004e+03	6.7e+00	3.95813e+01	4.3e+00
5.7039e+03	6.7e+00	4.04319e+01	6.2e-01
5.7074e+03	6.7e+00	3.09472e+01	2.8e+00
5.7109e+03	6.7e+00	3.23225e+01	1.9e+00
5.7144e+03	6.7e+00	3.17984e+01	2.3e+00
5.7179e+03	6.7e+00	2.72757e+01	1.4e+00
5.7214e+03	6.7e+00	3.03139e+01	2.3e+00
5.7249e+03	6.7e+00	2.73709e+01	2.6e+00
5.7284e+03	6.7e+00	2.48932e+01	1.8e+00
5.7319e+03	6.7e+00	2.65278e+01	1.7e+00
5.7353e+03	6.8e+00	3.23262e+01	3.2e+00
5.7388e+03	6.8e+00	3.27164e+01	3.0e+00
5.7423e+03	6.8e+00	3.06857e+01	1.9e+00
5.7458e+03	6.8e+00	3.33321e+01	2.7e+00
5.7493e+03	6.8e+00	2.93638e+01	1.5e+00
5.7528e+03	6.8e+00	3.08040e+01	2.6e+00
5.7563e+03	6.8e+00	2.84292e+01	2.1e+00
5.7597e+03	6.8e+00	3.05789e+01	1.8e+00
5.7632e+03	6.8e+00	3.44520e+01	2.4e+00
5.7667e+03	6.8e+00	4.18106e+01	1.8e+00
5.7702e+03	6.8e+00	4.31596e+01	7.7e-01
5.7737e+03	6.8e+00	3.78866e+01	2.6e+00
5.7772e+03	6.8e+00	2.87496e+01	2.4e+00
5.7806e+03	6.8e+00	2.94084e+01	2.5e+00
5.7841e+03	6.8e+00	2.55328e+01	1.2e+00
5.7876e+03	6.8e+00	2.56718e+01	2.0e+00
5.7911e+03	6.8e+00	2.86213e+01	1.7e+00
5.7946e+03	6.8e+00	2.63187e+01	2.5e+00
5.7980e+03	6.8e+00	2.58777e+01	1.8e+00
5.8015e+03	6.8e+00	2.86365e+01	1.2e+00
5.8050e+03	6.8e+00	3.14748e+01	1.9e+00
5.8085e+03	6.8e+00	2.85648e+01	1.9e+00
5.8120e+03	6.8e+00	3.51101e+01	9.2e-01
5.8154e+03	6.9e+00	3.17179e+01	2.6e+00
5.8189e+03	6.9e+00	3.51677e+01	2.7e+00
5.8224e+03	6.9e+00	3.20810e+01	3.1e+00
5.8258e+03	6.9e+00	2.65962e+01	5.0e+00
5.8293e+03	6.9e+00	3.44424e+01	2.4e+00
5.8328e+03	6.9e+00	2.70776e+01	1.7e+00
5.8363e+03	6.9e+00	2.80209e+01	2.1e+00
5.8397e+03	6.9e+00	4.04092e+01	2.0e+00
5.8432e+03	6.9e+00	7.13007e+01	3.9e+00
5.8467e+03	6.9e+00	1.55005e+02	9.9e+00
5.8501e+03	6.9e+00	4.26285e+02	2.6e+01
5.8536e+03	6.9e+00	1.18415e+03	3.5e+01
5.8571e+03	6.9e+00	1.37971e+03	1.3e+01
5.8605e+03	6.9e+00	1.10300e+03	1.6e+01
5.8640e+03	6.9e+00	4.22214e+02	4.7e+01
5.8675e+03	6.9e+00	4.00406e+01	9.2e+00
5.8709e+03	6.9e+00	4.32619e+01	3.3e+00
5.8744e+03	6.9e+00	4.74216e+01	1.5e+00
5.8779e+03	6.8e+00	7.58163e+01	1.9e+00
5.8813e+03	6.8e+00	9.64398e+01	3.4e+00
5.8848e+03	6.8e+00	1.13012e+02	2.3e+00
5.8883e+03	6.8e+00	1.00742e+02	4.9e+00
5.8917e+03	6.8e+00	7.21589e+01	4.0e+00
5.8952e+03	6.8e+00	3.90908e+01	1.1e+00
5.8986e+03	6.8e+00	3.31912e+01	2.5e+00
5.9021e+03	6.8e+00	2.64374e+01	2.1e+00
5.9055e+03	6.8e+00	3.36570e+01	2.0e+00
5.9090e+03	6.8e+00	3.77531e+01	2.6e+00
5.9125e+03	6.8e+00	4.09004e+01	1.5e+00
5.9159e+03	6.8e+00	4.51962e+01	1.6e+00
5.9194e+03	6.8e+00	3.86329e+01	2.4e+00
5.9228e+03	6.8e+00	3.53094e+01	2.3e+00
5.9263e+03	6.8e+00	2.96460e+01	2.2e+00
5.9297e+03	6.8e+00	3.16429e+01	2.5e+00
5.9332e+03	6.8e+00	3.33274e+01	3.2e+00
5.9366e+03	6.8e+00	3.36593e+01	1.7e+00
5.9401e+03	6.8e+00	3.59981e+01	2.1e+00
5.9435e+03	6.8e+00	6.81277e+01	3.5e+00
5.9470e+03	6.8e+00	1.22112e+02	1.6e+00
5.9504e+03	6.8e+00	1.17782e+02	3.8e+00
5.9539e+03	6.7e+00	8.74779e+01	4.6e+00
5.9573e+03	6.7e+00	3.55646e+01	2.3e+00
5.9608e+03	6.7e+00	2.18397e+01	1.5e+00
5.9642e+03	6.7e+00	1.94535e+01	2.5e+00
5.9677e+03	6.7e+00	2.32534e+01	2.3e+00
5.9711e+03	6.7e+00	2.42012e+01	2.1e+00
5.9746e+03	6.7e+00	3.40020e+01	2.4e+00
5.9780e+03	6.7e+00	4.73899e+01	1.9e+00
5.9814e+03	6.7e+00	4.55623e+01	3.4e+00
5.9849e+03	6.7e+00	4.13469e+01	1.8e+00
5.9883e+03	6.7e+00	3.13416e+01	3.3e+00
5.9918e+03	6.7e+00	3.07600e+01	1.9e+00
5.9952e+03	6.6e+00	2.93032e+01	7.8e-01
5.9986e+03	6.6e+00	2.35390e+01	3.0e+00
6.0021e+03	6.6e+00	3.17135e+01	2.8e+00
6.0055e+03	6.6e+00	2.42478e+01	2.2e+00
6.0090e+03	6.6e+00	2.67716e+01	1.9e+00
6.0124e+03	6.6e+00	3.42729e+01	3.0e+00
6.0158e+03	6.6e+00	3.03454e+01	1.9e+00
6.0193e+03	6.6e+00	3.05163e+01	1.5e+00
6.0227e+03	6.6e+00	3.21033e+01	2.8e+00
6.0261e+03	6.5e+00	4.34905e+01	2.1e+00
6.0296e+03	6.5e+00	6.25398e+01	5.4e+00
6.0330e+03	6.5e+00	9.87211e+01	2.5e+00
6.0364e+03	6.5e+00	1.03823e+02	2.7e+00
6.0398e+03	6.5e+00	8.85649e+01	2.5e+00
6.0433e+03	6.5e+00	6.06317e+01	4.1e+00
6.0467e+03	6.5e+00	5.27017e+01	2.5e+00
6.0501e+03	6.4e+00	5.33897e+01	2.2e+00
6.0536e+03	6.4e+00	4.44466e+01	3.2e+00
6.0570e+03	6.4e+00	4.26376e+01	2.1e+00
6.0604e+03	6.4e+00	4.22687e+01	3.2e+00
6.0638e+03	6.4e+00	4.56528e+01	1.7e+00
6.0672e+03	6.4e+00	5.22945e+01	2.5e+00
6.0707e+03	6.4e+00	5.78616e+01	1.5e+00
6.0741e+03	6.3e+00	1.00669e+02	6.4e+00
6.0775e+03	6.3e+00	1.29894e+02	3.8e+00
6.0809e+03	6.3e+00	1.13794e+02	3.2e+00
6.0844e+03	6.3e+00	7.25837e+01	4.1e+00
6.0878e+03	6.3e+00	3.74006e+01	2.7e+00
6.0912e+03	6.3e+00	4.42128e+01	2.5e+00
6.0946e+03	6.2e+00	9.37883e+01	7.8e+00
6.0980e+03	6.2e+00	1.58341e+02	4.4e+00
6.1014e+03	6.2e+00	1.54536e+02	4.5e+00
6.1048e+03	6.2e+00	1.16080e+02	5.1e+00
6.1083e+03	6.2e+00	4.76029e+01	4.3e+00
6.1117e+03	6.2e+00	2.63190e+01	1.5e+00
6.1151e+03	6.1e+00	2.99459e+01	8.4e-01
6.1185e+03	6.1e+00	2.88076e+01	1.2e+00
6.1219e+03	6.1e+00	2.71131e+01	1.9e+00
6.1253e+03	6.1e+00	2.72604e+01	8.0e-01
6.1287e+03	6.1e+00	2.60902e+01	2.0e+00
6.1321e+03	6.0e+00	2.94955e+01	1.7e+00
6.1355e+03	6.0e+00	3.85351e+01	2.8e+00
6.1389e+03	6.0e+00	5.68622e+01	3.3e+00
6.1423e+03	6.0e+00	1.56851e+02	1.1e+01
6.1458e+03	6.0e+00	2.10733e+02	5.2e+00
6.1492e+03	5.9e+00	1.87609e+02	1.7e+00
6.1526e+03	5.9e+00	1.16693e+02	8.3e+00
6.1560e+03	5.9e+00	3.97216e+01	2.2e+00
6.1594e+03	5.9e+00	3.31613e+01	3.1e+00
6.1628e+03	5.8e+00	6.58125e+01	3.7e+00
6.1662e+03	5.8e+00	8.83679e+01	1.6e+00
6.1696e+03	5.8e+00	8.18780e+01	2.0e+00
6.1730e+03	5.8e+00	5.96942e+01	4.7e+00
6.1764e+03	5.7e+00	3.50047e+01	2.1e+00
6.1797e+03	5.7e+00	3.34619e+01	1.8e+00
6.1831e+03	5.7e+00	2.13108e+01	1.7e+00
6.1865e+03	5.7e+00	2.08193e+01	1.9e+00
6.1899e+03	5.6e+00	1.98309e+01	2.3e+00
6.1933e+03	5.6e+00	1.88339e+01	1.7e+00
6.1967e+03	5.6e+00	1.58636e+01	8.6e-01
6.2001e+03	5.6e+00	1.50714e+01	9.2e-01
6.2035e+03	5.5e+00	1.56382e+01	1.7e+00
6.2069e+03	5.5e+00	1.65375e+01	1.3e+00
6.2103e+03	5.5e+00	2.09788e+01	2.2e+00
6.2137e+03	5.5e+00	2.65271e+01	1.0e+00
6.2170e+03	5.4e+00	4.51679e+01	1.5e+00
6.2204e+03	5.4e+00	4.97405e+01	2.3e+00
6.2238e+03	5.4e+00	3.54105e+01	1.5e+00
6.2272e+03	5.4e+00	1.92498e+01	2.4e+00
6.2306e+03	5.3e+00	1.40003e+01	1.5e+00
6.2340e+03	5.3e+00	1.25966e+01	1.5e+00
6.2373e+03	5.3e+00	1.36269e+01	9.9e-01
6.2407e+03	5.2e+00	1.66781e+01	1.3e+00
6.2441e+03	5.2e+00	1.72807e+01	1.7e+00
6.2475e+03	5.2e+00	1.86266e+01	1.7e+00
6.2509e+03	5.2e+00	1.45809e+01	2.0e+00
6.2542e+03	5.1e+00	1.62154e+01	1.2e+00
6.2576e+03	5.1e+00	2.50240e+01	1.6e+00
6.2610e+03	5.1e+00	3.17036e+01	2.0e+00
6.2644e+03	5.0e+00	9.04261e+01	5.1e+00
6.2677e+03	5.0e+00	1.26423e+02	3.0e+00
6.2711e+03	5.0e+00	1.16770e+02	4.6e+00
6.2745e+03	4.9e+00	7.85755e+01	4.6e+00
6.2778e+03	4.9e+00	2.37047e+01	2.3e+00
6.2812e+03	4.9e+00	1.79857e+01	1.2e+00
6.2846e+03	4.9e+00	1.75902e+01	6.8e-01
6.2879e+03	4.8e+00	1.45287e+01	2.0e+00
6.2913e+03	4.8e+00	1.50526e+01	1.4e+00
6.2947e+03	4.8e+00	2.40298e+01	1.6e+00
6.2980e+03	4.7e+00	2.68271e+01	2.1e+00
6.3014e+03	4.7e+00	3.19554e+01	1.5e+00
6.3048e+03	4.7e+00	4.25846e+01	3.1e+00
6.3081e+03	4.6e+00	4.45605e+01	2.4e+00
6.3115e+03	4.6e+00	3.53196e+01	2.6e+00
6.3149e+03	4.6e+00	1.88711e+01	1.9e+00
6.3182e+03	4.5e+00	1.82086e+01	2.5e+00
6.3216e+03	4.5e+00	1.63121e+01	2.0e+00
6.3249e+03	4.5e+00	2.11684e+01	1.4e+00
6.3283e+03	4.4e+00	3.05605e+01	2.5e+00
6.3316e+03	4.4e+00	5.86448e+01	2.9e+00
6.3350e+03	4.3e+00	7.87401e+01	3.4e+00
6.3383e+03	4.3e+00	7.41213e+01	2.5e+00
6.3417e+03	4.3e+00	4.80720e+01	3.5e+00
6.3450e+03	4.2e+00	1.65782e+01	2.0e+00
6.3484e+03	4.2e+00	1.24734e+01	1.2e+00
6.3517e+03	4.2e+00	1.34770e+01	2.2e+00
6.3551e+03	4.1e+00	1.34119e+01	2.1e+00
6.3584e+03	4.1e+00	1.32728e+01	4.3e-01
6.3618e+03	4.1e+00	1.48675e+01	1.6e+00
6.3651e+03	4.0e+00	1.58016e+01	1.6e+00
6.3685e+03	4.0e+00	1.74717e+01	1.3e+00
6.3718e+03	4.0e+00	2.46360e+01	2.6e+00
6.3752e+03	3.9e+00	3.29502e+01	3.0e+00
6.3785e+03	3.9e+00	6.81092e+01	4.7e+00
6.3818e+03	3.9e+00	1.33925e+02	1.9e+00
6.3852e+03	3.8e+00	1.24872e+02	5.9e+00
6.3885e+03	3.8e+00	1.09168e+02	4.4e+00
6.3919e+03	3.7e+00	6.44800e+01	3.3e+00
6.3952e+03	3.7e+00	7.04099e+01	4.1e+00
6.3985e+03	3.7e+00	1.91046e+02	1.2e+01
6.4019e+03	3.6e+00	2.70176e+02	3.8e+00
6.4052e+03	3.6e+00	2.50462e+02	5.0e+00
6.4085e+03	3.6e+00	1.54880e+02	1.2e+01
6.4119e+03	3.5e+00	4.62152e+01	4.1e+00
6.4152e+03	3.5e+00	4.04508e+01	2.5e+00
6.4185e+03	3.5e+00	3.49661e+01	1.2e+00
6.4219e+03	3.4e+00	3.34807e+01	2.7e+00
6.4252e+03	3.4e+00	1.80243e+01	2.1e+00
6.4285e+03	3.3e+00	1.77613e+01	1.4e+00
6.4318e+03	3.3e+00	2.11179e+01	2.8e+00
6.4352e+03	3.3e+00	1.94977e+01	1.0e+00
6.4385e+03	3.2e+00	1.71962e+01	1.6e+00
6.4418e+03	3.2e+00	1.67025e+01	1.8e+00
6.4451e+03	3.2e+00	2.04021e+01	1.5e+00
6.4485e+03	3.1e+00	2.26687e+01	2.2e+00
6.4518e+03	3.1e+00	1.67348e+01	2.2e+00
6.4551e+03	3.1e+00	1.95426e+01	1.8e+00
6.4584e+03	3.0e+00	2.02383e+01	1.4e+00
6.4617e+03	3.0e+00	1.93747e+01	2.9e+00
6.4650e+03	3.0e+00	2.05322e+01	2.2e+00
6.4684e+03	2.9e+00	2.45283e+01	1.7e+00
6.4717e+03	2.9e+00	2.19895e+01	3.1e+00
6.4750e+03	2.9e+00	2.07758e+01	2.1e+00
6.4783e+03	2.9e+00	1.83585e+01	2.6e+00
6.4816e+03	2.8e+00	2.16876e+01	2.6e+00
6.4849e+03	2.8e+00	2.06142e+01	1.3e+00
6.4882e+03	2.8e+00	2.18033e+01	2.3e+00
6.4915e+03	2.7e+00	2.41419e+01	2.4e+00
6.4948e+03	2.7e+00	3.46195e+01	3.0e+00
6.4981e+03	2.7e+00	4.73591e+01	1.6e+00
6.5014e+03	2.7e+00	9.48027e+01	2.9e+00
6.5048e+03	2.7e+00	1.22414e+02	3.7e+00
6.5081e+03	2.6e+00	1.11906e+02	4.1e+00
6.5114e+03	2.6e+00	6.28000e+01	6.2e+00
6.5147e+03	2.6e+00	2.16178e+01	2.0e+00
6.5180e+03	2.6e+00	2.35813e+01	2.3e+00
6.5213e+03	2.6e+00	2.48062e+01	3.2e+00
6.5245e+03	2.5e+00	3.23750e+01	1.7e+00
6.5278e+03	2.5e+00	4.49598e+01	2.5e+00
6.5311e+03	2.5e+00	5.36164e+01	2.7e+00
6.5344e+03	2.5e+00	5.13775e+01	2.5e+00
6.5377e+03	2.5e+00	3.54762e+01	2.9e+00
6.5410e+03	2.5e+00	2.50853e+01	3.1e+00
6.5443e+03	2.5e+00	3.14659e+01	2.7e+00
6.5476e+03	2.5e+00	5.10658e+01	4.2e+00
6.5509e+03	2.5e+00	7.34600e+01	4.4e+00
6.5542e+03	2.5e+00	1.69727e+02	9.3e+00
6.5575e+03	2.5e+00	3.22781e+02	6.0e+00
6.5607e+03	2.5e+00	3.56776e+02	7.0e+00
6.5640e+03	2.5e+00	2.96491e+02	8.7e+00
6.5673e+03	2.5e+00	1.16753e+02	9.1e+00
6.5706e+03	2.5e+00	2.75084e+01	2.6e+00
6.5739e+03	2.5e+00	2.35218e+01	2.2e+00
6.5772e+03	2.5e+00	1.70284e+01	2.1e+00
6.5804e+03	2.6e+00	2.30700e+01	2.0e+00
6.5837e+03	2.6e+00	2.51073e+01	1.4e+00
6.5870e+03	2.6e+00	3.73127e+01	1.8e+00
6.5903e+03	2.6e+00	6.07489e+01	4.4e+00
6.5935e+03	2.6e+00	8.99854e+01	2.6e+00
6.5968e+03	2.7e+00	9.86740e+01	3.1e+00
6.6001e+03	2.7e+00	8.63352e+01	3.1e+00
6.6034e+03	2.7e+00	3.90520e+01	3.1e+00
6.6066e+03	2.8e+00	2.19951e+01	1.2e+00
6.6099e+03	2.8e+00	2.16057e+01	2.1e+00
6.6132e+03	2.8e+00	2.37998e+01	2.1e+00
6.6164e+03	2.9e+00	2.39664e+01	2.3e+00
6.6197e+03	2.9e+00	1.55239e+01	1.4e+00
6.6230e+03	2.9e+00	1.58757e+01	1.5e+00
6.6262e+03	3.0e+00	1.87371e+01	2.4e+00
6.6295e+03	3.0e+00	1.66790e+01	1.1e+00
6.6328e+03	3.1e+00	1.80403e+01	1.8e+00
6.6360e+03	3.1e+00	1.97259e+01	1.8e+00
6.6393e+03	3.2e+00	1.96334e+01	1.3e+00
6.6425e+03	3.2e+00	1.75083e+01	1.8e+00
6.6458e+03	3.3e+00	1.69865e+01	2.2e+00
6.6490e+03	3.3e+00	1.77622e+01	1.8e+00
6.6523e+03	3.4e+00	1.44091e+01	1.9e+00
6.6555e+03	3.4e+00	2.69504e+01	1.6e+00
6.6588e+03	3.5e+00	3.65665e+01	2.4e+00
6.6621e+03	3.5e+00	5.35327e+01	3.2e+00
6.6653e+03	3.6e+00	9.60857e+01	4.9e+00
6.6686e+03	3.6e+00	2.11695e+02	6.6e+00
6.6718e+03	3.7e+00	2.56270e+02	8.2e+00
6.6750e+03	3.8e+00	2.33416e+02	6.0e+00
6.6783e+03	3.8e+00	1.37655e+02	1.1e+01
6.6815e+03	3.9e+00	2.87809e+01	4.2e+00
6.6848e+03	4.0e+00	1.74280e+01	1.2e+00
6.6880e+03	4.0e+00	1.60181e+01	1.2e+00
6.6913e+03	4.1e+00	1.65370e+01	2.0e+00
6.6945e+03	4.2e+00	1.87301e+01	2.6e+00
6.6977e+03	4.2e+00	2.38747e+01	1.6e+00
6.7010e+03	4.3e+00	2.84103e+01	2.4e+00
6.7042e+03	4.4e+00	3.91927e+01	3.4e+00
6.7075e+03	4.4e+00	8.22960e+01	2.4e+00
6.7107e+03	4.5e+00	8.95733e+01	2.7e+00
6.7139e+03	4.6e+00	7.43346e+01	3.5e+00
6.7172e+03	4.7e+00	3.58328e+01	4.0e+00
6.7204e+03	4.7e+00	1.43997e+01	2.5e+00
6.7236e+03	4.8e+00	1.63704e+01	1.6e+00
6.7268e+03	4.9e+00	1.56767e+01	1.5e+00
6.7301e+03	5.0e+00	1.84424e+01	2.1e+00
6.7333e+03	5.1e+00	2.07326e+01	1.5e+00
6.7365e+03	5.1e+00	2.45847e+01	2.3e+00
6.7397e+03	5.2e+00	4.97446e+01	4.3e+00
6.7430e+03	5.3e+00	6.97298e+01	3.0e+00
6.7462e+03	5.4e+00	7.56442e+01	2.5e+00
6.7494e+03	5.5e+00	6.20571e+01	3.3e+00
6.7526e+03	5.5e+00	2.79031e+01	2.7e+00
6.7558e+03	5.6e+00	1.94674e+01	3.1e+00
6.7591e+03	5.7e+00	1.86488e+01	3.5e+00
6.7623e+03	5.8e+00	1.83632e+01	3.1e+00
6.7655e+03	5.9e+00	1.29716e+01	1.7e+00
6.7687e+03	6.0e+00	1.69219e+01	1.6e+00
6.7719e+03	6.1e+00	1.50515e+01	1.3e+00
6.7751e+03	6.1e+00	9.73176e+00	1.5e+00
6.7783e+03	6.2e+00	1.40208e+01	1.4e+00
6.7815e+03	6.3e+00	1.31744e+01	2.3e+00
6.7847e+03	6.4e+00	1.42503e+01	3.3e+00
6.7880e+03	6.5e+00	1.30760e+01	2.8e+00
6.7912e+03	6.6e+00	1.44613e+01	2.7e+00
6.7944e+03	6.7e+00	1.71098e+01	2.6e+00
6.7976e+03	6.8e+00	1.90028e+01	2.5e+00
6.8008e+03	6.9e+00	1.60930e+01	1.5e+00
6.8040e+03	7.0e+00	1.50502e+01	1.1e+00
6.8072e+03	7.1e+00	1.46532e+01	2.8e+00
6.8104e+03	7.2e+00	1.78615e+01	1.4e+00
6.8136e+03	7.3e+00	1.83996e+01	2.3e+00
6.8168e+03	7.4e+00	1.99158e+01	1.6e+00
6.8199e+03	7.5e+00	1.51559e+01	2.6e+00
6.8231e+03	7.6e+00	1.70927e+01	1.2e+00
6.8263e+03	7.7e+00	1.83579e+01	1.9e+00
6.8295e+03	7.7e+00	1.89302e+01	1.6e+00
6.8327e+03	7.8e+00	1.47172e+01	2.3e+00
6.8359e+03	7.9e+00	1.68780e+01	1.0e+00
6.8391e+03	8.1e+00	1.71044e+01	2.0e+00
6.8423e+03	8.2e+00	1.92296e+01	1.4e+00
6.8455e+03	8.3e+00	2.08788e+01	2.2e+00
6.8486e+03	8.4e+00	2.82376e+01	1.6e+00
6.8518e+03	8.5e+00	3.02424e+01	1.4e+00
6.8550e+03	8.6e+00	4.75260e+01	1.7e+00
6.8582e+03	8.7e+00	6.03545e+01	2.6e+00
6.8614e+03	8.8e+00	6.04333e+01	2.6e+00
6.8645e+03	8.9e+00	4.48392e+01	3.2e+00
6.8677e+03	9.0e+00	2.48618e+01	2.6e+00
6.8709e+03	9.1e+00	2.20577e+01	1.3e+00
6.8741e+03	9.2e+00	2.25545e+01	1.3e+00
6.8772e+03	9.3e+00	1.67879e+01	1.6e+00
6.8804e+03	9.4e+00	1.93827e+01	2.9e+00
6.8836e+03	9.5e+00	1.32026e+01	3.5e+00
6.8867e+03	9.6e+00	1.36180e+01	2.2e+00
6.8899e+03	9.7e+00	1.44061e+01	9.9e-01
6.8931e+03	9.9e+00	1.45036e+01	2.8e+00
6.8962e+03	1.0e+01	1.88672e+01	2.3e+00
6.8994e+03	1.0e+01	1.67242e+01	6.5e-01
6.9026e+03	1.0e+01	2.26999e+01	1.8e+00
6.9057e+03	1.0e+01	3.46929e+01	2.5e+00
6.9089e+03	1.0e+01	5.69602e+01	3.4e+00
6.9120e+03	1.1e+01	8.62330e+01	1.9e+00
6.9152e+03	1.1e+01	9.69933e+01	3.9e+00
6.9183e+03	1.1e+01	8.91586e+01	2.9e+00
6.9215e+03	1.1e+01	5.61074e+01	4.2e+00
6.9247e+03	1.1e+01	3.37085e+01	1.5e+00
6.9278e+03	1.1e+01	3.27436e+01	1.8e+00
6.9310e+03	1.1e+01	3.78877e+01	5.3e+00
6.9341e+03	1.1e+01	8.54341e+01	5.7e+00
6.9373e+03	1.1e+01	1.64892e+02	9.0e+00
6.9404e+03	1.2e+01	3.02740e+02	1.7e+01
6.9435e+03	1.2e+01	5.84939e+02	3.4e+01
6.9467e+03	1.2e+01	1.02168e+03	1.2e+01
6.9498e+03	1.2e+01	1.07451e+03	1.1e+01
6.9530e+03	1.2e+01	9.18251e+02	2.1e+01
6.9561e+03	1.2e+01	3.46503e+02	3.5e+01
6.9593e+03	1.2e+01	2.30224e+01	8.0e+00
6.9624e+03	1.2e+01	2.78991e+01	3.0e+00
6.9655e+03	1.3e+01	1.97074e+01	2.5e+00
6.9687e+03	1.3e+01	1.95769e+01	2.7e+00
6.9718e+03	1.3e+01	2.01107e+01	2.1e+00
6.9749e+03	1.3e+01	1.77230e+01	2.4e+00
6.9781e+03	1.3e+01	2.34645e+01	7.7e-01
6.9812e+03	1.3e+01	1.28007e+01	2.1e+00
6.9843e+03	1.3e+01	1.29698e+01	1.6e+00
6.9874e+03	1.3e+01	1.88688e+01	3.1e+00
6.9906e+03	1.4e+01	1.86647e+01	1.3e+00
6.9937e+03	1.4e+01	2.19245e+01	1.3e+00
6.9968e+03	1.4e+01	2.41282e+01	2.9e+00
6.9999e+03	1.4e+01	3.83014e+01	2.2e+00
7.0031e+03	1.4e+01	5.17614e+01	2.6e+00
7.0062e+03	1.4e+01	8.37823e+01	4.2e+00
7.0093e+03	1.4e+01	1.30531e+02	5.1e+00
7.0124e+03	1.4e+01	1.32380e+02	3.1e+00
7.0155e+03	1.5e+01	1.18188e+02	4.3e+00
7.0186e+03	1.5e+01	7.02689e+01	4.4e+00
7.0218e+03	1.5e+01	2.18406e+01	2.3e+00
7.0249e+03	1.5e+01	1.96060e+01	1.4e+00
7.0280e+03	1.5e+01	3.32504e+01	1.8e+00
7.0311e+03	1.5e+01	7.34961e+01	4.9e+00
7.0342e+03	1.5e+01	1.23801e+02	7.8e+00
7.0373e+03	1.6e+01	2.18197e+02	4.7e+00
7.0404e+03	1.6e+01	3.87522e+02	2.0e+01
7.0435e+03	1.6e+01	6.39580e+02	6.3e+00
7.0466e+03	1.6e+01	6.82691e+02	7.5e+00
7.0497e+03	1.6e+01	5.77832e+02	1.7e+01
7.0528e+03	1.6e+01	2.39799e+02	2.2e+01
7.0559e+03	1.6e+01	2.67362e+01	5.4e+00
7.0590e+03	1.6e+01	2.18086e+01	1.5e+00
7.0621e+03	1.7e+01	2.11848e+01	1.8e+00
7.0652e+03	1.7e+01	2.06263e+01	2.0e+00
7.0683e+03	1.7e+01	1.34248e+01	3.1e+00
7.0714e+03	1.7e+01	1.58499e+01	2.2e+00
7.0745e+03	1.7e+01	1.65652e+01	2.3e+00
7.0776e+03	1.7e+01	2.18000e+01	3.2e+00
7.0807e+03	1.7e+01	1.87003e+01	1.8e+00
7.0837e+03	1.8e+01	2.26110e+01	1.9e+00
7.0868e+03	1.8e+01	1.87010e+01	2.2e+00
7.0899e+03	1.8e+01	1.82256e+01	1.6e+00
7.0930e+03	1.8e+01	2.04140e+01	2.5e+00
7.0961e+03	1.8e+01	2.37195e+01	3.2e+00
7.0991e+03	1.8e+01	2.50589e+01	2.0e+00
7.1022e+03	1.9e+01	2.31527e+01	2.0e+00
7.1053e+03	1.9e+01	3.09895e+01	2.0e+00
7.1084e+03	1.9e+01	3.05875e+01	3.2e+00
7.1115e+03	1.9e+01	3.49910e+01	3.3e+00
7.1145e+03	1.9e+01	5.22327e+01	3.5e+00
7.1176e+03	1.9e+01	7.63940e+01	4.0e+00
7.1207e+03	1.9e+01	9.14594e+01	4.0e+00
7.1237e+03	2.0e+01	8.75898e+01	2.6e+00
7.1268e+03	2.0e+01	5.44880e+01	2.4e+00
7.1299e+03	2.0e+01	2.54833e+01	3.5e+00
7.1329e+03	2.0e+01	2.09606e+01	3.3e+00
7.1360e+03	2.0e+01	2.06784e+01	2.6e+00
7.1391e+03	2.0e+01	2.27634e+01	1.6e+00
7.1421e+03	2.0e+01	2.48743e+01	2.7e+00
7.1452e+03	2.1e+01	2.57590e+01	3.0e+00
7.1482e+03	2.1e+01	2.47780e+01	2.1e+00
7.1513e+03	2.1e+01	2.59015e+01	2.1e+00
7.1543e+03	2.1e+01	1.85010e+01	3.1e+00
7.1574e+03	2.1e+01	2.07699e+01	2.3e+00
7.1605e+03	2.1e+01	2.18259e+01	2.8e+00
7.1635e+03	2.2e+01	1.93391e+01	2.1e+00
7.1666e+03	2.2e+01	1.97943e+01	1.7e+00
7.1696e+03	2.2e+01	2.35641e+01	2.3e+00
7.1726e+03	2.2e+01	2.68508e+01	1.1e+00
7.1757e+03	2.2e+01	3.11798e+01	2.3e+00
7.1787e+03	2.2e+01	3.20095e+01	2.5e+00
7.1818e+03	2.3e+01	3.09894e+01	1.1e+00
7.1848e+03	2.3e+01	2.45438e+01	2.4e+00
7.1879e+03	2.3e+01	2.13347e+01	1.9e+00
7.1909e+03	2.3e+01	2.19999e+01	2.0e+00
7.1939e+03	2.3e+01	2.19099e+01	2.4e+00
7.1970e+03	2.3e+01	2.69451e+01	3.4e+00
7.2000e+03	2.3e+01	2.87006e+01	1.2e+00
7.2030e+03	2.4e+01	2.42700e+01	1.9e+00
7.2061e+03	2.4e+01	3.69317e+01	2.5e+00
7.2091e+03	2.4e+01	4.69218e+01	2.0e+00
7.2121e+03	2.4e+01	5.10744e+01	3.2e+00
7.2152e+03	2.4e+01	4.74754e+01	2.8e+00
7.2182e+03	2.4e+01	3.78974e+01	3.4e+00
7.2212e+03	2.5e+01	3.39369e+01	4.0e+00
7.2242e+03	2.5e+01	4.88250e+01	2.2e+00
7.2272e+03	2.5e+01	6.78800e+01	5.3e+00
7.2303e+03	2.5e+01	1.00951e+02	4.8e+00
7.2333e+03	2.5e+01	1.48203e+02	8.1e+00
7.2363e+03	2.6e+01	2.33586e+02	4.5e+00
7.2393e+03	2.6e+01	2.62461e+02	5.1e+00
7.2423e+03	2.6e+01	2.18118e+02	6.0e+00
7.2453e+03	2.6e+01	1.26714e+02	7.9e+00
7.2484e+03	2.6e+01	4.27849e+01	4.0e+00
7.2514e+03	2.6e+01	2.54595e+01	1.8e+00
7.2544e+03	2.7e+01	2.54035e+01	2.9e+00
7.2574e+03	2.7e+01	2.32733e+01	3.5e+00
7.2604e+03	2.7e+01	2.43465e+01	3.0e+00
7.2634e+03	2.7e+01	2.74400e+01	2.7e+00
7.2664e+03	2.7e+01	2.61636e+01	2.6e+00
7.2694e+03	2.7e+01	2.66403e+01	2.2e+00
7.2724e+03	2.8e+01	3.61160e+01	3.5e+00
7.2754e+03	2.8e+01	3.31669e+01	3.5e+00
7.2784e+03	2.8e+01	3.66048e+01	2.3e+00
7.2814e+03	2.8e+01	3.35670e+01	2.3e+00
7.2844e+03	2.8e+01	2.97034e+01	3.2e+00
7.2874e+03	2.9e+01	2.54789e+01	2.8e+00
7.2904e+03	2.9e+01	2.31936e+01	3.6e+00
7.2933e+03	2.9e+01	2.82006e+01	3.2e+00
7.2963e+03	2.9e+01	2.82538e+01	2.0e+00
7.2993e+03	2.9e+01	2.68607e+01	2.1e+00
7.3023e+03	2.9e+01	2.99637e+01	1.8e+00
7.3053e+03	3.0e+01	4.05674e+01	2.8e+00
7.3083e+03	3.0e+01	4.39011e+01	4.8e+00
7.3113e+03	3.0e+01	4.88489e+01	2.8e+00
7.3142e+03	3.0e+01	5.07123e+01	3.6e+00
7.3172e+03	3.0e+01	5.38569e+01	2.7e+00
7.3202e+03	3.1e+01	5.19366e+01	5.5e+00
7.3232e+03	3.1e+01	8.06660e+01	8.8e+00
7.3261e+03	3.1e+01	1.42650e+02	1.1e+01
7.3291e+03	3.1e+01	2.59663e+02	1.5e+01
7.3321e+03	3.1e+01	4.03898e+02	1.0e+01
7.3351e+03	3.1e+01	5.70614e+02	2.0e+01
7.3380e+03	3.2e+01	8.01537e+02	1.2e+01
7.3410e+03	3.2e+01	1.05090e+03	1.1e+01
7.3439e+03	3.2e+01	1.00705e+03	1.4e+01
7.3469e+03	3.2e+01	7.72967e+02	3.2e+01
7.3499e+03	3.2e+01	2.84502e+02	2.4e+01
7.3528e+03	3.3e+01	4.28273e+01	6.5e+00
7.3558e+03	3.3e+01	4.01448e+01	3.5e+00
7.3588e+03	3.3e+01	3.57951e+01	3.5e+00
7.3617e+03	3.3e+01	2.99418e+01	2.5e+00
7.3647e+03	3.3e+01	3.39236e+01	2.4e+00
7.3676e+03	3.4e+01	3.24363e+01	2.5e+00
7.3706e+03	3.4e+01	3.47402e+01	3.1e+00
7.3735e+03	3.4e+01	3.58548e+01	4.6e+00
7.3765e+03	3.4e+01	3.52188e+01	4.0e+00
7.3794e+03	3.4e+01	3.78560e+01	1.3e+00
7.3824e+03	3.5e+01	4.08487e+01	2.6e+00
7.3853e+03	3.5e+01	4.15584e+01	4.0e+00
7.3882e+03	3.5e+01	5.13303e+01	3.0e+00
7.3912e+03	3.5e+01	4.79381e+01	4.9e+00
7.3941e+03	3.5e+01	4.72570e+01	5.0e+00
7.3971e+03	3.6e+01	5.05440e+01	3.6e+00
7.4000e+03	3.6e+01	3.09553e+01	2.4e+00
7.4029e+03	3.6e+01	3.53958e+01	2.7e+00
7.4059e+03	3.6e+01	3.87747e+01	3.4e+00
7.4088e+03	3.6e+01	3.77771e+01	2.9e+00
7.4117e+03	3.7e+01	4.54715e+01	4.3e+00
7.4147e+03	3.7e+01	4.12851e+01	1.3e+00
7.4176e+03	3.7e+01	4.50330e+01	4.8e+00
7.4205e+03	3.7e+01	4.84072e+01	2.8e+00
7.4234e+03	3.7e+01	5.68939e+01	3.0e+00
7.4264e+03	3.8e+01	6.50279e+01	4.3e+00
7.4293e+03	3.8e+01	8.95549e+01	4.7e+00
7.4322e+03	3.8e+01	2.36235e+02	2.1e+01
7.4351e+03	3.8e+01	6.06866e+02	3.6e+01
7.4380e+03	3.9e+01	1.27372e+03	5.5e+01
7.4409e+03	3.9e+01	2.14014e+03	7.7e+01
7.4439e+03	3.9e+01	3.38067e+03	9.3e+01
7.4468e+03	3.9e+01	4.71442e+03	9.8e+01
7.4497e+03	3.9e+01	6.87688e+03	1.1e+02
7.4526e+03	4.0e+01	7.78222e+03	7.8e+01
7.4555e+03	4.0e+01	6.94013e+03	1.3e+02
7.4584e+03	4.0e+01	4.97305e+03	2.0e+02
7.4613e+03	4.0e+01	2.58628e+03	9.8e+01
7.4642e+03	4.0e+01	1.79531e+03	3.2e+01
7.4671e+03	4.1e+01	1.34162e+03	5.2e+01
7.4700e+03	4.1e+01	4.89242e+02	4.5e+01
7.4729e+03	4.1e+01	7.30646e+01	4.8e+00
7.4758e+03	4.1e+01	6.45889e+01	7.3e+00
7.4787e+03	4.2e+01	6.12889e+01	4.4e+00
7.4816e+03	4.2e+01	5.41224e+01	4.0e+00
7.4845e+03	4.2e+01	5.32206e+01	3.3e+00
7.4874e+03	4.2e+01	4.88113e+01	4.9e+00
7.4903e+03	4.2e+01	4.44291e+01	4.1e+00
7.4932e+03	4.3e+01	4.81783e+01	3.5e+00
7.4960e+03	4.3e+01	4.50567e+01	4.3e+00
7.4989e+03	4.3e+01	4.76626e+01	3.4e+00
7.5018e+03	4.3e+01	4.36981e+01	1.7e+00
7.5047e+03	4.4e+01	4.33894e+01	2.4e+00
7.5076e+03	4.4e+01	4.17822e+01	3.4e+00
7.5105e+03	4.4e+01	3.74274e+01	3.0e+00
7.5133e+03	4.4e+01	3.90568e+01	2.0e+00
7.5162e+03	4.4e+01	3.50457e+01	3.8e+00
7.5191e+03	4.5e+01	3.83554e+01	3.3e+00
7.5220e+03	4.5e+01	3.41732e+01	4.3e+00
7.5248e+03	4.5e+01	3.79305e+01	2.6e+00
7.5277e+03	4.5e+01	4.33405e+01	3.2e+00
7.5306e+03	4.6e+01	3.99761e+01	4.8e+00
7.5334e+03	4.6e+01	4.14575e+01	2.0e+00
7.5363e+03	4.6e+01	4.10201e+01	4.3e+00
7.5392e+03	4.6e+01	4.25761e+01	2.1e+00
7.5420e+03	4.7e+01	4.31052e+01	2.6e+00
7.5449e+03	4.7e+01	3.96137e+01	3.3e+00
7.5477e+03	4.7e+01	5.78671e+01	4.6e+00
7.5506e+03	4.7e+01	1.22157e+02	1.2e+01
7.5534e+03	4.7e+01	3.04143e+02	1.8e+01
7.5563e+03	4.8e+01	6.29965e+02	2.9e+01
7.5592e+03	4.8e+01	1.04480e+03	2.7e+01
7.5620e+03	4.8e+01	1.58948e+03	3.4e+01
7.5648e+03	4.8e+01	2.14362e+03	3.6e+01
7.5677e+03	4.9e+01	2.77146e+03	5.3e+01
7.5705e+03	4.9e+01	3.42178e+03	2.3e+01
7.5734e+03	4.9e+01	3.04109e+03	7.2e+01
7.5762e+03	4.9e+01	2.30515e+03	9.5e+01
7.5791e+03	5.0e+01	8.81260e+02	8.3e+01
7.5819e+03	5.0e+01	8.67087e+01	1.8e+01
7.5847e+03	5.0e+01	4.71872e+01	5.6e+00
7.5876e+03	5.0e+01	4.28173e+01	3.8e+00
7.5904e+03	5.1e+01	3.16024e+01	1.2e+00
