# lambda [A]	Dlambda [A]	specval [counts]	Dspecval [counts]
3.9237e+03	2.5e+00	1.88367e-01	1.1e-02
3.9272e+03	2.5e+00	1.85090e-01	1.7e-02
3.9306e+03	2.5e+00	1.47143e-01	1.8e-02
3.9341e+03	2.5e+00	1.36134e-01	7.9e-03
3.9376e+03	2.5e+00	1.51796e-01	1.7e-02
3.9410e+03	2.5e+00	1.86792e-01	9.8e-03
3.9445e+03	2.5e+00	2.14224e-01	1.6e-02
3.9480e+03	2.5e+00	2.48507e-01	1.8e-02
3.9514e+03	2.5e+00	2.36578e-01	2.0e-02
3.9549e+03	2.5e+00	2.53406e-01	1.6e-02
3.9584e+03	2.5e+00	2.91123e-01	1.9e-02
3.9618e+03	2.5e+00	2.33558e-01	1.5e-02
3.9653e+03	2.5e+00	1.86741e-01	1.1e-02
3.9688e+03	2.5e+00	1.23100e-01	1.8e-02
3.9723e+03	2.5e+00	1.88034e-01	1.1e-02
3.9757e+03	2.5e+00	2.06058e-01	1.8e-02
3.9792e+03	2.5e+00	2.53710e-01	1.2e-02
3.9827e+03	2.5e+00	2.61643e-01	1.6e-02
3.9862e+03	2.5e+00	3.13356e-01	1.5e-02
3.9896e+03	2.5e+00	2.98977e-01	1.3e-02
3.9931e+03	2.5e+00	2.91794e-01	2.6e-02
3.9966e+03	2.5e+00	3.41668e-01	2.5e-02
4.0001e+03	2.5e+00	3.73786e-01	1.8e-02
4.0036e+03	2.5e+00	3.66691e-01	2.6e-02
4.0070e+03	2.5e+00	3.90102e-01	1.9e-02
4.0105e+03	2.5e+00	3.43421e-01	1.9e-02
4.0140e+03	2.5e+00	3.81242e-01	2.1e-02
4.0175e+03	2.5e+00	3.91199e-01	1.5e-02
4.0210e+03	2.5e+00	3.86363e-01	1.9e-02
4.0245e+03	2.5e+00	3.54895e-01	2.7e-02
4.0279e+03	2.5e+00	3.50133e-01	1.4e-02
4.0314e+03	2.5e+00	3.64715e-01	1.5e-02
4.0349e+03	2.5e+00	3.30129e-01	1.2e-02
4.0384e+03	2.5e+00	3.72119e-01	1.4e-02
4.0419e+03	2.5e+00	3.72767e-01	1.9e-02
4.0454e+03	2.5e+00	3.36888e-01	1.3e-02
4.0489e+03	2.5e+00	3.37276e-01	1.8e-02
4.0523e+03	2.5e+00	3.95364e-01	2.5e-02
4.0558e+03	2.5e+00	3.85075e-01	1.6e-02
4.0593e+03	2.5e+00	3.66844e-01	2.3e-02
4.0628e+03	2.5e+00	3.67381e-01	1.4e-02
4.0663e+03	2.5e+00	3.65386e-01	8.2e-03
4.0698e+03	2.5e+00	3.79378e-01	2.1e-02
4.0733e+03	2.5e+00	3.86719e-01	1.5e-02
4.0768e+03	2.5e+00	3.30554e-01	1.4e-02
4.0803e+03	2.5e+00	3.01198e-01	1.5e-02
4.0838e+03	2.5e+00	3.87071e-01	5.1e-03
4.0873e+03	2.5e+00	4.38032e-01	2.4e-02
4.0908e+03	2.5e+00	4.65879e-01	2.2e-02
4.0943e+03	2.5e+00	4.34559e-01	1.6e-02
4.0978e+03	2.5e+00	4.11060e-01	1.4e-02
4.1012e+03	2.5e+00	4.01329e-01	1.6e-02
4.1047e+03	2.5e+00	4.13858e-01	1.7e-02
4.1082e+03	2.5e+00	3.95428e-01	6.2e-03
4.1117e+03	2.5e+00	3.81061e-01	2.2e-02
4.1152e+03	2.5e+00	3.77744e-01	2.0e-02
4.1187e+03	2.5e+00	3.51966e-01	1.6e-02
4.1222e+03	2.5e+00	3.84496e-01	1.5e-02
4.1257e+03	2.5e+00	3.64988e-01	1.5e-02
4.1292e+03	2.5e+00	3.84226e-01	8.4e-03
4.1327e+03	2.5e+00	3.60749e-01	8.7e-03
4.1362e+03	2.5e+00	3.50104e-01	1.1e-02
4.1398e+03	2.5e+00	3.94491e-01	7.5e-03
4.1433e+03	2.5e+00	4.09529e-01	1.4e-02
4.1468e+03	2.5e+00	3.82640e-01	1.1e-02
4.1503e+03	2.5e+00	4.08718e-01	9.7e-03
4.1538e+03	2.5e+00	3.84059e-01	1.2e-02
4.1573e+03	2.5e+00	4.21828e-01	2.3e-02
4.1608e+03	2.5e+00	4.68960e-01	1.7e-02
4.1643e+03	2.5e+00	4.50708e-01	2.0e-02
4.1678e+03	2.5e+00	4.46735e-01	9.3e-03
4.1713e+03	2.5e+00	3.84058e-01	1.6e-02
4.1748e+03	2.5e+00	3.86427e-01	1.8e-02
4.1783e+03	2.5e+00	3.91736e-01	7.7e-03
4.1818e+03	2.5e+00	4.31150e-01	2.0e-02
4.1853e+03	2.5e+00	4.47136e-01	1.8e-02
4.1889e+03	2.5e+00	4.54265e-01	2.5e-02
4.1924e+03	2.5e+00	4.30709e-01	2.3e-02
4.1959e+03	2.5e+00	4.08381e-01	1.4e-02
4.1994e+03	2.5e+00	3.89969e-01	1.0e-02
4.2029e+03	2.5e+00	3.71853e-01	1.6e-02
4.2064e+03	2.5e+00	4.08325e-01	6.7e-03
4.2099e+03	2.5e+00	4.42046e-01	1.6e-02
4.2134e+03	2.5e+00	4.70533e-01	1.1e-02
4.2170e+03	2.5e+00	4.57702e-01	1.8e-02
4.2205e+03	2.5e+00	4.83412e-01	1.5e-02
4.2240e+03	2.5e+00	4.60614e-01	1.3e-02
4.2275e+03	2.5e+00	3.92941e-01	8.4e-03
4.2310e+03	2.5e+00	3.98055e-01	1.1e-02
4.2345e+03	2.5e+00	4.50641e-01	1.4e-02
4.2381e+03	2.5e+00	4.55410e-01	8.7e-03
4.2416e+03	2.5e+00	4.83403e-01	1.2e-02
4.2451e+03	2.5e+00	5.33622e-01	1.4e-02
4.2486e+03	2.5e+00	4.85907e-01	8.0e-03
4.2521e+03	2.5e+00	4.46100e-01	1.5e-02
4.2556e+03	2.5e+00	4.55815e-01	9.7e-03
4.2592e+03	2.5e+00	5.04447e-01	2.1e-02
4.2627e+03	2.5e+00	5.59630e-01	1.1e-02
4.2662e+03	2.5e+00	6.16669e-01	8.8e-03
4.2697e+03	2.5e+00	5.25893e-01	2.2e-02
4.2733e+03	2.5e+00	4.93530e-01	1.0e-02
4.2768e+03	2.5e+00	5.09484e-01	8.6e-03
4.2803e+03	2.5e+00	5.64347e-01	1.7e-02
4.2838e+03	2.5e+00	5.10332e-01	1.8e-02
4.2873e+03	2.5e+00	4.54770e-01	1.3e-02
4.2909e+03	2.5e+00	4.12401e-01	6.5e-03
4.2944e+03	2.5e+00	4.51536e-01	1.4e-02
4.2979e+03	2.5e+00	4.76512e-01	1.1e-02
4.3014e+03	2.5e+00	4.57358e-01	1.6e-02
4.3050e+03	2.5e+00	4.46409e-01	1.5e-02
4.3085e+03	2.5e+00	5.08854e-01	1.2e-02
4.3120e+03	2.5e+00	6.07181e-01	9.4e-03
4.3155e+03	2.5e+00	6.88383e-01	2.2e-02
4.3191e+03	2.5e+00	7.13851e-01	2.1e-02
4.3226e+03	2.5e+00	6.68541e-01	1.2e-02
4.3261e+03	2.5e+00	6.54527e-01	1.5e-02
4.3297e+03	2.5e+00	6.93310e-01	1.3e-02
4.3332e+03	2.5e+00	7.44220e-01	1.4e-02
4.3367e+03	2.5e+00	7.07350e-01	1.6e-02
4.3402e+03	2.5e+00	6.24481e-01	2.1e-02
4.3438e+03	2.5e+00	6.93672e-01	1.4e-02
4.3473e+03	2.5e+00	7.19164e-01	7.2e-03
4.3508e+03	2.5e+00	7.34305e-01	1.6e-02
4.3544e+03	2.5e+00	7.36748e-01	1.5e-02
4.3579e+03	2.5e+00	8.09621e-01	2.0e-02
4.3614e+03	2.5e+00	8.12574e-01	1.9e-02
4.3650e+03	2.5e+00	8.26630e-01	1.5e-02
4.3685e+03	2.5e+00	8.10832e-01	2.0e-02
4.3720e+03	2.5e+00	7.13635e-01	2.3e-02
4.3756e+03	2.5e+00	6.75881e-01	1.1e-02
4.3791e+03	2.5e+00	6.59858e-01	1.7e-02
4.3826e+03	2.5e+00	6.54493e-01	1.8e-02
4.3862e+03	2.5e+00	5.66472e-01	1.5e-02
4.3897e+03	2.5e+00	6.15903e-01	2.3e-02
4.3932e+03	2.5e+00	6.74938e-01	2.2e-02
4.3968e+03	2.5e+00	7.22318e-01	1.8e-02
4.4003e+03	2.5e+00	7.24810e-01	2.0e-02
4.4038e+03	2.5e+00	6.57510e-01	1.0e-02
4.4074e+03	2.5e+00	6.05590e-01	1.7e-02
4.4109e+03	2.5e+00	6.54300e-01	1.7e-02
4.4145e+03	2.5e+00	7.05311e-01	1.7e-02
4.4180e+03	2.5e+00	6.59502e-01	1.1e-02
4.4215e+03	2.5e+00	6.84647e-01	1.2e-02
4.4251e+03	2.5e+00	6.64968e-01	2.0e-02
4.4286e+03	2.5e+00	6.80078e-01	1.2e-02
4.4321e+03	2.5e+00	6.33237e-01	2.0e-02
4.4357e+03	2.5e+00	6.78588e-01	1.9e-02
4.4392e+03	2.5e+00	6.83934e-01	1.6e-02
4.4428e+03	2.5e+00	7.05939e-01	2.1e-02
4.4463e+03	2.5e+00	6.69589e-01	7.2e-03
4.4498e+03	2.5e+00	7.19184e-01	1.6e-02
4.4534e+03	2.5e+00	6.58281e-01	2.0e-02
4.4569e+03	2.5e+00	5.80984e-01	1.1e-02
4.4605e+03	2.5e+00	5.85868e-01	6.8e-03
4.4640e+03	2.5e+00	6.12534e-01	7.0e-03
4.4676e+03	2.5e+00	6.56513e-01	1.8e-02
4.4711e+03	2.5e+00	7.26152e-01	9.7e-03
4.4746e+03	2.5e+00	8.41905e-01	1.6e-02
4.4782e+03	2.5e+00	8.55439e-01	1.4e-02
4.4817e+03	2.5e+00	8.18439e-01	1.2e-02
4.4853e+03	2.5e+00	7.96521e-01	2.4e-02
4.4888e+03	2.5e+00	8.55383e-01	1.2e-02
4.4924e+03	2.5e+00	7.82091e-01	1.3e-02
4.4959e+03	2.5e+00	8.07688e-01	1.2e-02
4.4994e+03	2.5e+00	8.46233e-01	2.4e-02
4.5030e+03	2.5e+00	9.72030e-01	2.2e-02
4.5065e+03	2.5e+00	1.04711e+00	1.8e-02
4.5101e+03	2.5e+00	9.72862e-01	2.9e-02
4.5136e+03	2.5e+00	9.41143e-01	2.3e-02
4.5172e+03	2.5e+00	9.20665e-01	3.1e-02
4.5207e+03	2.5e+00	9.19192e-01	1.9e-02
4.5243e+03	2.5e+00	8.75716e-01	1.2e-02
4.5278e+03	2.5e+00	7.68469e-01	1.1e-02
4.5314e+03	2.5e+00	7.37259e-01	1.3e-02
4.5349e+03	2.5e+00	7.71628e-01	5.4e-03
4.5385e+03	2.6e+00	8.32757e-01	1.3e-02
4.5420e+03	2.6e+00	8.55174e-01	2.8e-02
4.5455e+03	2.6e+00	8.24609e-01	1.5e-02
4.5491e+03	2.6e+00	7.70905e-01	1.6e-02
4.5526e+03	2.6e+00	8.02031e-01	1.2e-02
4.5562e+03	2.6e+00	8.33694e-01	1.5e-02
4.5597e+03	2.6e+00	8.97913e-01	1.1e-02
4.5633e+03	2.6e+00	9.08155e-01	1.3e-02
4.5668e+03	2.6e+00	8.85179e-01	1.2e-02
4.5704e+03	2.6e+00	9.58914e-01	9.5e-03
4.5739e+03	2.6e+00	9.07010e-01	1.1e-02
4.5775e+03	2.6e+00	9.08445e-01	1.7e-02
4.5810e+03	2.6e+00	8.52943e-01	1.7e-02
4.5846e+03	2.6e+00	9.01596e-01	1.1e-02
4.5881e+03	2.6e+00	9.11758e-01	1.7e-02
4.5917e+03	2.6e+00	8.91078e-01	1.2e-02
4.5952e+03	2.6e+00	8.75535e-01	9.7e-03
4.5988e+03	2.6e+00	8.89025e-01	1.8e-02
4.6023e+03	2.6e+00	8.97122e-01	2.3e-02
4.6059e+03	2.6e+00	9.47087e-01	9.4e-03
4.6094e+03	2.6e+00	1.03930e+00	8.4e-03
4.6130e+03	2.6e+00	1.12337e+00	2.6e-02
4.6165e+03	2.6e+00	1.09503e+00	8.9e-03
4.6201e+03	2.6e+00	1.11778e+00	2.8e-02
4.6236e+03	2.6e+00	1.11658e+00	1.7e-02
4.6272e+03	2.6e+00	1.08163e+00	1.6e-02
4.6308e+03	2.6e+00	1.04511e+00	1.9e-02
4.6343e+03	2.6e+00	1.02405e+00	1.5e-02
4.6379e+03	2.6e+00	9.73475e-01	1.3e-02
4.6414e+03	2.6e+00	9.41681e-01	1.6e-02
4.6450e+03	2.6e+00	9.64354e-01	2.0e-02
4.6485e+03	2.6e+00	9.20598e-01	1.3e-02
4.6521e+03	2.6e+00	9.23738e-01	8.4e-03
4.6556e+03	2.6e+00	9.95857e-01	1.8e-02
4.6592e+03	2.6e+00	1.03851e+00	8.5e-03
4.6627e+03	2.6e+00	1.07376e+00	2.1e-02
4.6663e+03	2.6e+00	9.71253e-01	1.7e-02
4.6698e+03	2.6e+00	9.06791e-01	1.1e-02
4.6734e+03	2.6e+00	9.70249e-01	2.2e-02
4.6769e+03	2.6e+00	1.01035e+00	1.7e-02
4.6805e+03	2.6e+00	1.03066e+00	2.1e-02
4.6841e+03	2.6e+00	9.63293e-01	1.1e-02
4.6876e+03	2.6e+00	1.00322e+00	1.0e-02
4.6912e+03	2.6e+00	1.03537e+00	9.9e-03
4.6947e+03	2.6e+00	1.06790e+00	1.4e-02
4.6983e+03	2.6e+00	1.13174e+00	1.7e-02
4.7018e+03	2.6e+00	1.05484e+00	1.1e-02
4.7054e+03	2.6e+00	1.00280e+00	2.0e-02
4.7089e+03	2.6e+00	1.01021e+00	1.7e-02
4.7125e+03	2.6e+00	1.04340e+00	1.6e-02
4.7161e+03	2.6e+00	1.10059e+00	2.0e-02
4.7196e+03	2.6e+00	1.11819e+00	1.5e-02
4.7232e+03	2.6e+00	1.16825e+00	1.0e-02
4.7267e+03	2.6e+00	1.11470e+00	1.3e-02
4.7303e+03	2.6e+00	1.02885e+00	1.2e-02
4.7338e+03	2.6e+00	1.04053e+00	1.8e-02
4.7374e+03	2.6e+00	1.09781e+00	1.2e-02
4.7409e+03	2.6e+00	1.10630e+00	1.3e-02
4.7445e+03	2.6e+00	1.09724e+00	1.0e-02
4.7481e+03	2.6e+00	1.15082e+00	2.0e-02
4.7516e+03	2.6e+00	1.16343e+00	2.0e-02
4.7552e+03	2.6e+00	1.12127e+00	1.7e-02
4.7587e+03	2.6e+00	1.04871e+00	1.6e-02
4.7623e+03	2.6e+00	9.82188e-01	8.8e-03
4.7658e+03	2.6e+00	9.60920e-01	1.3e-02
4.7694e+03	2.6e+00	9.74333e-01	1.3e-02
4.7730e+03	2.6e+00	1.07569e+00	9.8e-03
4.7765e+03	2.6e+00	1.09773e+00	8.8e-03
4.7801e+03	2.6e+00	1.10554e+00	6.6e-03
4.7836e+03	2.6e+00	1.03556e+00	1.1e-02
4.7872e+03	2.6e+00	1.00012e+00	5.5e-03
4.7907e+03	2.6e+00	1.04846e+00	8.8e-03
4.7943e+03	2.6e+00	1.07971e+00	2.0e-02
4.7979e+03	2.6e+00	1.14467e+00	2.1e-02
4.8014e+03	2.6e+00	1.06840e+00	4.6e-03
4.8050e+03	2.6e+00	1.06201e+00	1.6e-02
4.8085e+03	2.6e+00	1.05815e+00	1.4e-02
4.8121e+03	2.6e+00	1.03274e+00	1.5e-02
4.8156e+03	2.6e+00	1.09441e+00	1.4e-02
4.8192e+03	2.6e+00	1.12267e+00	8.9e-03
4.8228e+03	2.6e+00	1.13726e+00	7.7e-03
4.8263e+03	2.6e+00	1.12617e+00	1.2e-02
4.8299e+03	2.6e+00	1.08584e+00	1.4e-02
4.8334e+03	2.6e+00	1.09260e+00	9.2e-03
4.8370e+03	2.6e+00	1.12015e+00	7.6e-03
4.8406e+03	2.6e+00	1.14499e+00	1.1e-02
4.8441e+03	2.6e+00	1.13113e+00	1.5e-02
4.8477e+03	2.6e+00	1.13938e+00	1.2e-02
4.8512e+03	2.6e+00	1.09631e+00	1.0e-02
4.8548e+03	2.6e+00	1.07865e+00	9.4e-03
4.8583e+03	2.6e+00	1.05747e+00	1.3e-02
4.8619e+03	2.6e+00	1.01890e+00	1.9e-02
4.8655e+03	2.6e+00	9.83384e-01	6.2e-03
4.8690e+03	2.6e+00	9.93212e-01	1.4e-02
4.8726e+03	2.6e+00	1.03572e+00	1.0e-02
4.8761e+03	2.6e+00	1.02992e+00	6.0e-03
4.8797e+03	2.6e+00	1.08212e+00	7.0e-03
4.8832e+03	2.6e+00	1.07382e+00	2.1e-02
4.8868e+03	2.6e+00	1.02923e+00	8.3e-03
4.8904e+03	2.6e+00	1.04182e+00	1.0e-02
4.8939e+03	2.6e+00	1.15600e+00	9.6e-03
4.8975e+03	2.6e+00	1.28070e+00	1.5e-02
4.9010e+03	2.6e+00	1.31604e+00	1.3e-02
4.9046e+03	2.6e+00	1.22650e+00	8.7e-03
4.9082e+03	2.6e+00	1.20934e+00	4.8e-03
4.9117e+03	2.6e+00	1.19452e+00	1.4e-02
4.9153e+03	2.6e+00	1.15126e+00	6.4e-03
4.9188e+03	2.6e+00	1.15036e+00	6.4e-03
4.9224e+03	2.6e+00	1.05822e+00	7.3e-03
4.9259e+03	2.6e+00	1.09455e+00	1.3e-02
4.9295e+03	2.6e+00	1.19874e+00	7.6e-03
4.9331e+03	2.6e+00	1.29405e+00	9.2e-03
4.9366e+03	2.6e+00	1.17844e+00	7.4e-03
4.9402e+03	2.6e+00	1.10500e+00	4.7e-03
4.9437e+03	2.6e+00	1.16026e+00	4.1e-03
4.9473e+03	2.6e+00	1.27166e+00	9.0e-03
4.9508e+03	2.6e+00	1.33171e+00	4.5e-03
4.9544e+03	2.6e+00	1.32499e+00	1.8e-02
4.9580e+03	2.6e+00	1.16562e+00	1.2e-02
4.9615e+03	2.6e+00	1.04737e+00	4.4e-03
4.9651e+03	2.6e+00	1.04170e+00	1.1e-02
4.9686e+03	2.6e+00	1.03293e+00	1.1e-02
4.9722e+03	2.6e+00	1.10401e+00	5.3e-03
4.9757e+03	2.6e+00	1.14257e+00	9.5e-03
4.9793e+03	2.6e+00	1.12208e+00	8.8e-03
4.9829e+03	2.6e+00	1.03593e+00	4.5e-03
4.9864e+03	2.6e+00	9.68045e-01	8.9e-03
4.9900e+03	2.6e+00	1.02673e+00	7.9e-03
4.9935e+03	2.6e+00	1.05063e+00	1.1e-02
4.9971e+03	2.6e+00	1.03588e+00	1.2e-02
5.0006e+03	2.6e+00	1.01950e+00	1.3e-02
5.0042e+03	2.6e+00	9.50367e-01	9.9e-03
5.0077e+03	2.6e+00	9.49852e-01	6.1e-03
5.0113e+03	2.6e+00	9.35336e-01	5.1e-03
5.0149e+03	2.6e+00	9.12477e-01	9.9e-03
5.0184e+03	2.6e+00	8.67511e-01	9.5e-03
5.0220e+03	2.6e+00	9.55643e-01	1.6e-02
5.0255e+03	2.6e+00	1.01107e+00	7.1e-03
5.0291e+03	2.6e+00	1.09726e+00	1.2e-02
5.0326e+03	2.6e+00	1.15908e+00	8.9e-03
5.0362e+03	2.6e+00	1.14966e+00	1.1e-02
5.0397e+03	2.6e+00	1.00842e+00	9.8e-03
5.0433e+03	2.6e+00	9.49019e-01	8.7e-03
5.0469e+03	2.6e+00	1.07860e+00	9.3e-03
5.0504e+03	2.6e+00	1.19354e+00	1.0e-02
5.0540e+03	2.6e+00	1.18830e+00	5.9e-03
5.0575e+03	2.6e+00	1.23890e+00	9.9e-03
5.0611e+03	2.6e+00	1.30079e+00	1.3e-02
5.0646e+03	2.6e+00	1.23242e+00	7.6e-03
5.0682e+03	2.6e+00	1.16905e+00	9.8e-03
5.0717e+03	2.6e+00	1.14846e+00	4.5e-03
5.0753e+03	2.6e+00	1.17890e+00	1.2e-02
5.0788e+03	2.6e+00	1.14814e+00	7.8e-03
5.0824e+03	2.6e+00	1.08103e+00	8.0e-03
5.0859e+03	2.6e+00	1.06026e+00	7.0e-03
5.0895e+03	2.6e+00	1.15833e+00	7.5e-03
5.0931e+03	2.6e+00	1.24309e+00	4.2e-03
5.0966e+03	2.6e+00	1.27661e+00	4.6e-03
5.1002e+03	2.6e+00	1.27687e+00	1.7e-02
5.1037e+03	2.6e+00	1.21838e+00	1.0e-02
5.1073e+03	2.6e+00	1.20297e+00	7.0e-03
5.1108e+03	2.6e+00	1.11655e+00	7.4e-03
5.1144e+03	2.6e+00	1.08914e+00	7.5e-03
5.1179e+03	2.6e+00	1.18101e+00	4.8e-03
5.1215e+03	2.6e+00	1.25043e+00	6.6e-03
5.1250e+03	2.6e+00	1.17071e+00	4.9e-03
5.1286e+03	2.6e+00	1.05567e+00	1.0e-02
5.1321e+03	2.6e+00	1.08063e+00	8.5e-03
5.1357e+03	2.6e+00	1.16455e+00	5.7e-03
5.1392e+03	2.6e+00	1.21594e+00	6.3e-03
5.1428e+03	2.6e+00	1.15115e+00	1.3e-02
5.1463e+03	2.6e+00	1.05604e+00	7.9e-03
5.1499e+03	2.6e+00	9.75793e-01	3.7e-03
5.1534e+03	2.6e+00	9.96025e-01	6.7e-03
5.1570e+03	2.6e+00	1.07189e+00	9.4e-03
5.1605e+03	2.6e+00	1.19362e+00	5.7e-03
5.1641e+03	2.6e+00	1.19290e+00	7.0e-03
5.1676e+03	2.6e+00	1.01041e+00	6.6e-03
5.1712e+03	2.6e+00	7.56003e-01	2.7e-03
5.1747e+03	2.6e+00	7.03208e-01	4.9e-03
5.1783e+03	2.6e+00	8.15349e-01	9.2e-03
5.1818e+03	2.6e+00	9.19407e-01	8.1e-03
5.1854e+03	2.6e+00	9.51802e-01	5.5e-03
5.1889e+03	2.6e+00	9.27857e-01	6.5e-03
5.1925e+03	2.6e+00	9.54116e-01	5.4e-03
5.1960e+03	2.6e+00	9.40410e-01	1.1e-02
5.1996e+03	2.6e+00	9.24044e-01	8.9e-03
5.2031e+03	2.6e+00	9.85427e-01	6.0e-03
5.2067e+03	2.6e+00	9.39510e-01	6.7e-03
5.2102e+03	2.6e+00	8.45413e-01	6.0e-03
5.2137e+03	2.6e+00	8.55653e-01	5.6e-03
5.2173e+03	2.6e+00	9.92811e-01	2.9e-03
5.2208e+03	2.6e+00	1.03280e+00	9.9e-03
5.2244e+03	2.6e+00	9.89360e-01	4.6e-03
5.2279e+03	2.6e+00	9.69244e-01	1.0e-02
5.2315e+03	2.6e+00	9.48243e-01	4.1e-03
5.2350e+03	2.6e+00	1.08168e+00	1.7e-02
5.2386e+03	2.6e+00	1.14420e+00	1.2e-02
5.2421e+03	2.6e+00	1.16721e+00	3.9e-03
5.2456e+03	2.6e+00	1.15038e+00	5.0e-03
5.2492e+03	2.6e+00	1.06656e+00	1.0e-02
5.2527e+03	2.6e+00	9.16007e-01	7.8e-03
5.2563e+03	2.6e+00	9.18083e-01	6.0e-03
5.2598e+03	2.6e+00	1.02441e+00	7.3e-03
5.2634e+03	2.6e+00	1.10919e+00	5.9e-03
5.2669e+03	2.6e+00	1.00549e+00	9.5e-03
5.2705e+03	2.6e+00	8.94769e-01	5.8e-03
5.2740e+03	2.6e+00	9.06159e-01	1.5e-03
5.2775e+03	2.6e+00	1.02039e+00	7.8e-03
5.2811e+03	2.6e+00	1.12693e+00	9.1e-03
5.2846e+03	2.6e+00	1.19499e+00	2.7e-03
5.2882e+03	2.6e+00	1.18561e+00	4.0e-03
5.2917e+03	2.6e+00	1.22500e+00	7.6e-03
5.2952e+03	2.6e+00	1.22700e+00	3.6e-03
5.2988e+03	2.6e+00	1.13932e+00	6.8e-03
5.3023e+03	2.6e+00	1.05384e+00	4.5e-03
5.3059e+03	2.6e+00	1.10835e+00	3.9e-03
5.3094e+03	2.6e+00	1.25137e+00	2.2e-03
5.3129e+03	2.6e+00	1.30382e+00	8.9e-03
5.3165e+03	2.6e+00	1.29207e+00	8.3e-03
5.3200e+03	2.6e+00	1.26720e+00	5.3e-03
5.3235e+03	2.6e+00	1.23629e+00	5.7e-03
5.3271e+03	2.6e+00	1.15190e+00	8.5e-03
5.3306e+03	2.6e+00	1.09819e+00	6.3e-03
5.3342e+03	2.6e+00	1.06858e+00	6.3e-03
5.3377e+03	2.6e+00	1.15772e+00	2.8e-03
5.3412e+03	2.6e+00	1.21394e+00	9.6e-03
5.3448e+03	2.6e+00	1.19102e+00	1.3e-02
5.3483e+03	2.6e+00	1.17736e+00	5.4e-03
5.3518e+03	2.6e+00	1.20935e+00	6.9e-03
5.3554e+03	2.6e+00	1.25513e+00	1.1e-02
5.3589e+03	2.6e+00	1.37643e+00	4.1e-03
5.3624e+03	2.6e+00	1.41864e+00	1.2e-02
5.3660e+03	2.6e+00	1.34885e+00	8.4e-03
5.3695e+03	2.6e+00	1.24596e+00	1.1e-02
5.3730e+03	2.6e+00	1.19264e+00	8.0e-03
5.3766e+03	2.6e+00	1.18808e+00	6.9e-03
5.3801e+03	2.6e+00	1.26356e+00	7.2e-03
5.3836e+03	2.6e+00	1.31942e+00	5.9e-03
5.3872e+03	2.6e+00	1.27553e+00	1.1e-02
5.3907e+03	2.6e+00	1.19226e+00	1.6e-02
5.3942e+03	2.6e+00	1.14025e+00	4.7e-03
5.3978e+03	2.6e+00	1.08914e+00	2.8e-03
5.4013e+03	2.6e+00	1.06487e+00	9.9e-03
5.4048e+03	2.6e+00	1.08674e+00	9.7e-03
5.4084e+03	2.6e+00	1.10076e+00	3.4e-03
5.4119e+03	2.6e+00	1.05223e+00	4.3e-03
5.4154e+03	2.6e+00	1.08798e+00	6.8e-03
5.4189e+03	2.6e+00	1.21574e+00	1.3e-02
5.4225e+03	2.6e+00	1.26329e+00	1.2e-02
5.4260e+03	2.6e+00	1.25491e+00	1.1e-02
5.4295e+03	2.6e+00	1.22133e+00	1.2e-03
5.4331e+03	2.6e+00	1.16289e+00	3.9e-03
5.4366e+03	2.6e+00	1.08715e+00	7.4e-03
5.4401e+03	2.6e+00	1.08593e+00	1.1e-02
5.4436e+03	2.6e+00	1.21163e+00	4.7e-03
5.4472e+03	2.6e+00	1.28497e+00	1.3e-02
5.4507e+03	2.6e+00	1.22739e+00	5.9e-03
5.4542e+03	2.6e+00	1.09307e+00	1.0e-02
5.4577e+03	2.6e+00	1.05133e+00	6.6e-03
5.4613e+03	2.6e+00	1.02990e+00	8.3e-03
5.4648e+03	2.6e+00	1.05524e+00	8.2e-03
5.4683e+03	2.6e+00	1.11013e+00	4.5e-03
5.4718e+03	2.6e+00	1.12512e+00	5.5e-03
5.4754e+03	2.6e+00	1.09982e+00	1.1e-02
5.4789e+03	2.6e+00	1.06432e+00	3.1e-03
5.4824e+03	2.6e+00	1.05251e+00	6.9e-03
5.4859e+03	2.6e+00	1.10060e+00	6.6e-03
5.4894e+03	2.6e+00	1.14056e+00	7.9e-03
5.4930e+03	2.6e+00	1.15427e+00	5.9e-03
5.4965e+03	2.6e+00	1.14520e+00	6.5e-03
5.5000e+03	2.6e+00	1.13860e+00	1.2e-02
5.5035e+03	2.6e+00	1.13567e+00	1.1e-02
5.5070e+03	2.6e+00	1.12235e+00	2.6e-03
5.5106e+03	2.6e+00	1.09252e+00	1.1e-02
5.5141e+03	2.6e+00	1.06108e+00	1.1e-02
5.5176e+03	2.6e+00	1.09377e+00	7.8e-03
5.5211e+03	2.6e+00	1.10405e+00	1.2e-02
5.5246e+03	2.6e+00	1.20038e+00	4.3e-03
5.5281e+03	2.6e+00	1.23726e+00	1.2e-02
5.5317e+03	2.6e+00	1.21426e+00	5.7e-03
5.5352e+03	2.6e+00	1.17198e+00	1.2e-02
5.5387e+03	2.6e+00	1.17945e+00	4.9e-03
5.5422e+03	2.6e+00	1.20082e+00	9.4e-03
5.5457e+03	2.6e+00	1.24642e+00	1.1e-02
5.5492e+03	2.6e+00	1.27071e+00	1.1e-02
5.5527e+03	2.6e+00	1.25829e+00	7.4e-03
5.5563e+03	2.6e+00	1.29879e+00	3.8e-03
5.5598e+03	2.6e+00	1.29039e+00	1.4e-02
5.5633e+03	2.6e+00	1.25256e+00	9.3e-03
5.5668e+03	2.6e+00	1.23993e+00	4.6e-03
5.5703e+03	2.6e+00	1.20205e+00	1.2e-02
5.5738e+03	2.6e+00	1.20027e+00	8.5e-03
5.5773e+03	2.6e+00	1.19925e+00	8.0e-03
5.5808e+03	2.6e+00	1.23762e+00	4.3e-03
5.5843e+03	2.6e+00	1.23851e+00	1.1e-02
5.5879e+03	2.6e+00	1.20189e+00	5.1e-03
5.5914e+03	2.6e+00	1.15192e+00	9.7e-03
5.5949e+03	2.6e+00	1.07731e+00	4.4e-03
5.5984e+03	2.6e+00	1.09309e+00	1.1e-02
5.6019e+03	2.6e+00	1.12257e+00	1.2e-02
5.6054e+03	2.6e+00	1.14271e+00	2.2e-03
5.6089e+03	2.6e+00	1.12582e+00	6.2e-03
5.6124e+03	2.6e+00	1.18792e+00	8.2e-03
5.6159e+03	2.6e+00	1.21334e+00	7.5e-03
5.6194e+03	2.6e+00	1.17266e+00	7.8e-03
5.6229e+03	2.6e+00	1.13490e+00	5.0e-03
5.6264e+03	2.6e+00	1.11192e+00	3.6e-03
5.6299e+03	2.6e+00	1.10354e+00	9.6e-03
5.6334e+03	2.6e+00	1.11217e+00	1.1e-02
5.6369e+03	2.6e+00	1.15204e+00	6.7e-03
5.6404e+03	2.6e+00	1.14926e+00	7.8e-03
5.6439e+03	2.6e+00	1.10813e+00	7.2e-03
5.6474e+03	2.6e+00	1.10678e+00	5.4e-03
5.6509e+03	2.6e+00	1.12933e+00	5.8e-03
5.6544e+03	2.6e+00	1.16553e+00	1.3e-02
5.6579e+03	2.6e+00	1.17329e+00	5.2e-03
5.6614e+03	2.6e+00	1.18337e+00	1.6e-02
5.6649e+03	2.6e+00	1.12539e+00	7.0e-03
5.6684e+03	2.6e+00	1.09846e+00	1.3e-02
5.6719e+03	2.6e+00	1.10616e+00	9.7e-03
5.6754e+03	2.6e+00	1.13471e+00	7.3e-03
5.6789e+03	2.6e+00	1.16645e+00	7.7e-03
5.6824e+03	2.6e+00	1.19856e+00	6.5e-03
5.6859e+03	2.6e+00	1.20878e+00	7.9e-03
5.6894e+03	2.6e+00	1.15318e+00	1.1e-02
5.6929e+03	2.6e+00	1.16246e+00	1.1e-02
5.6964e+03	2.6e+00	1.17768e+00	1.0e-02
5.6999e+03	2.6e+00	1.20542e+00	7.6e-03
5.7034e+03	2.6e+00	1.16106e+00	1.2e-02
5.7069e+03	2.6e+00	1.09973e+00	6.7e-03
5.7103e+03	2.6e+00	1.07614e+00	1.1e-02
5.7138e+03	2.6e+00	1.06227e+00	8.0e-03
5.7173e+03	2.6e+00	1.06461e+00	7.0e-03
5.7208e+03	2.6e+00	1.14300e+00	1.0e-02
5.7243e+03	2.6e+00	1.21927e+00	8.4e-03
5.7278e+03	2.6e+00	1.23432e+00	7.4e-03
5.7313e+03	2.6e+00	1.24239e+00	8.6e-03
5.7348e+03	2.6e+00	1.20099e+00	9.8e-03
5.7383e+03	2.6e+00	1.17093e+00	6.9e-03
5.7417e+03	2.6e+00	1.20117e+00	1.4e-02
5.7452e+03	2.6e+00	1.21342e+00	9.3e-03
5.7487e+03	2.6e+00	1.18093e+00	1.2e-02
5.7522e+03	2.6e+00	1.19100e+00	8.6e-03
5.7557e+03	2.6e+00	1.18605e+00	7.8e-03
5.7592e+03	2.6e+00	1.18632e+00	9.1e-03
5.7626e+03	2.6e+00	1.17958e+00	1.4e-02
5.7661e+03	2.6e+00	1.19861e+00	6.9e-03
5.7696e+03	2.6e+00	1.17374e+00	1.1e-02
5.7731e+03	2.6e+00	1.18873e+00	8.0e-03
5.7766e+03	2.6e+00	1.21798e+00	1.1e-02
5.7800e+03	2.6e+00	1.20154e+00	6.3e-03
5.7835e+03	2.6e+00	1.16327e+00	8.6e-03
5.7870e+03	2.6e+00	1.10668e+00	1.2e-02
5.7905e+03	2.6e+00	1.07029e+00	8.2e-03
5.7940e+03	2.6e+00	1.09842e+00	1.3e-02
5.7974e+03	2.6e+00	1.17776e+00	8.7e-03
5.8009e+03	2.6e+00	1.21569e+00	1.5e-02
5.8044e+03	2.6e+00	1.23560e+00	7.8e-03
5.8079e+03	2.6e+00	1.25304e+00	1.1e-02
5.8113e+03	2.6e+00	1.27347e+00	8.9e-03
5.8148e+03	2.6e+00	1.22965e+00	1.3e-02
5.8183e+03	2.6e+00	1.24424e+00	9.9e-03
5.8218e+03	2.6e+00	1.23456e+00	3.4e-03
5.8252e+03	2.6e+00	1.23246e+00	8.1e-03
5.8287e+03	2.6e+00	1.27042e+00	8.4e-03
5.8322e+03	2.6e+00	1.28931e+00	6.5e-03
5.8356e+03	2.6e+00	1.28788e+00	7.9e-03
5.8391e+03	2.6e+00	1.28422e+00	9.3e-03
5.8426e+03	2.6e+00	1.27843e+00	1.3e-02
5.8460e+03	2.6e+00	1.27164e+00	2.6e-03
5.8495e+03	2.6e+00	1.27631e+00	1.7e-02
5.8530e+03	2.6e+00	1.23526e+00	1.2e-02
5.8564e+03	2.6e+00	1.14274e+00	4.6e-03
5.8599e+03	2.6e+00	1.09014e+00	6.6e-03
5.8634e+03	2.6e+00	1.08021e+00	9.7e-03
5.8668e+03	2.6e+00	1.09377e+00	5.1e-03
5.8703e+03	2.6e+00	1.09823e+00	7.7e-03
5.8738e+03	2.6e+00	1.10523e+00	1.1e-02
5.8772e+03	2.6e+00	1.12960e+00	1.1e-02
5.8807e+03	2.6e+00	1.12309e+00	9.9e-03
5.8841e+03	2.6e+00	1.09277e+00	9.9e-03
5.8876e+03	2.6e+00	1.06357e+00	8.8e-03
5.8911e+03	2.6e+00	9.91246e-01	1.0e-02
5.8945e+03	2.6e+00	9.13313e-01	9.5e-03
5.8980e+03	2.6e+00	7.59718e-01	9.3e-03
5.9014e+03	2.6e+00	7.71472e-01	7.1e-03
5.9049e+03	2.6e+00	8.23089e-01	1.3e-02
5.9084e+03	2.6e+00	9.61742e-01	6.9e-03
5.9118e+03	2.6e+00	1.02448e+00	1.0e-02
5.9153e+03	2.6e+00	1.05273e+00	1.7e-02
5.9187e+03	2.6e+00	1.05076e+00	7.3e-03
5.9222e+03	2.6e+00	1.03974e+00	9.3e-03
5.9256e+03	2.6e+00	1.03622e+00	9.1e-03
5.9291e+03	2.6e+00	1.06253e+00	8.3e-03
5.9325e+03	2.6e+00	1.07023e+00	7.9e-03
5.9360e+03	2.6e+00	1.09486e+00	5.0e-03
5.9394e+03	2.6e+00	1.09363e+00	1.2e-02
5.9429e+03	2.6e+00	1.06894e+00	1.1e-02
5.9463e+03	2.6e+00	1.06502e+00	7.7e-03
5.9498e+03	2.6e+00	1.07756e+00	1.0e-02
5.9532e+03	2.6e+00	1.09528e+00	1.6e-02
5.9567e+03	2.6e+00	1.09895e+00	8.3e-03
5.9601e+03	2.6e+00	1.06519e+00	1.0e-02
5.9636e+03	2.6e+00	1.06765e+00	6.3e-03
5.9670e+03	2.6e+00	1.10286e+00	5.6e-03
5.9705e+03	2.6e+00	1.15459e+00	1.1e-02
5.9739e+03	2.6e+00	1.15290e+00	1.3e-02
5.9773e+03	2.6e+00	1.17202e+00	7.6e-03
5.9808e+03	2.6e+00	1.17703e+00	1.4e-02
5.9842e+03	2.6e+00	1.14073e+00	6.2e-03
5.9877e+03	2.6e+00	1.12195e+00	1.0e-02
5.9911e+03	2.6e+00	1.13709e+00	1.2e-02
5.9945e+03	2.6e+00	1.14908e+00	7.9e-03
5.9980e+03	2.6e+00	1.18129e+00	1.1e-02
6.0014e+03	2.6e+00	1.19924e+00	1.5e-02
6.0049e+03	2.6e+00	1.19784e+00	1.6e-02
6.0083e+03	2.6e+00	1.15671e+00	7.4e-03
6.0117e+03	2.6e+00	1.13757e+00	7.9e-03
6.0152e+03	2.6e+00	1.13113e+00	1.1e-02
6.0186e+03	2.6e+00	1.13449e+00	1.5e-02
6.0220e+03	2.6e+00	1.14258e+00	8.7e-03
6.0255e+03	2.6e+00	1.15365e+00	3.9e-03
6.0289e+03	2.6e+00	1.18427e+00	1.7e-02
6.0323e+03	2.6e+00	1.20636e+00	1.3e-02
6.0358e+03	2.6e+00	1.22466e+00	1.4e-02
6.0392e+03	2.6e+00	1.26220e+00	1.3e-02
6.0426e+03	2.6e+00	1.28457e+00	8.7e-03
6.0460e+03	2.6e+00	1.29545e+00	1.2e-02
6.0495e+03	2.6e+00	1.30330e+00	1.6e-02
6.0529e+03	2.6e+00	1.32391e+00	1.3e-02
6.0563e+03	2.6e+00	1.32970e+00	9.9e-03
6.0598e+03	2.6e+00	1.30192e+00	5.7e-03
6.0632e+03	2.6e+00	1.28040e+00	1.0e-02
6.0666e+03	2.6e+00	1.26028e+00	1.8e-02
6.0700e+03	2.6e+00	1.26591e+00	9.6e-03
6.0734e+03	2.6e+00	1.28027e+00	8.2e-03
6.0769e+03	2.6e+00	1.35110e+00	7.7e-03
6.0803e+03	2.6e+00	1.38000e+00	9.4e-03
6.0837e+03	2.6e+00	1.33323e+00	1.4e-02
6.0871e+03	2.6e+00	1.27948e+00	1.1e-02
6.0906e+03	2.6e+00	1.23299e+00	8.4e-03
6.0940e+03	2.6e+00	1.23295e+00	1.0e-02
6.0974e+03	2.6e+00	1.25504e+00	9.7e-03
6.1008e+03	2.6e+00	1.26305e+00	5.5e-03
6.1042e+03	2.6e+00	1.28757e+00	8.7e-03
6.1076e+03	2.6e+00	1.28299e+00	1.1e-02
6.1110e+03	2.6e+00	1.24385e+00	1.2e-02
6.1145e+03	2.6e+00	1.26491e+00	8.3e-03
6.1179e+03	2.6e+00	1.29170e+00	1.1e-02
6.1213e+03	2.6e+00	1.29473e+00	8.6e-03
6.1247e+03	2.6e+00	1.27298e+00	1.4e-02
6.1281e+03	2.6e+00	1.20299e+00	1.2e-02
6.1315e+03	2.6e+00	1.20940e+00	1.3e-02
6.1349e+03	2.6e+00	1.21817e+00	1.1e-02
6.1383e+03	2.6e+00	1.21160e+00	7.1e-03
6.1417e+03	2.6e+00	1.17441e+00	9.0e-03
6.1451e+03	2.6e+00	1.09967e+00	1.8e-02
6.1485e+03	2.6e+00	1.18281e+00	7.3e-03
6.1520e+03	2.6e+00	1.23594e+00	1.4e-02
6.1554e+03	2.6e+00	1.23596e+00	1.6e-02
6.1588e+03	2.6e+00	1.18769e+00	1.0e-02
6.1622e+03	2.6e+00	1.15377e+00	9.3e-03
6.1656e+03	2.6e+00	1.06945e+00	1.0e-02
6.1690e+03	2.6e+00	9.75024e-01	1.6e-02
6.1724e+03	2.6e+00	9.64473e-01	8.2e-03
6.1758e+03	2.6e+00	1.01309e+00	6.4e-03
6.1792e+03	2.6e+00	1.01831e+00	1.2e-02
6.1826e+03	2.6e+00	1.04795e+00	1.3e-02
6.1860e+03	2.6e+00	1.06354e+00	1.3e-02
6.1893e+03	2.6e+00	1.06998e+00	4.6e-03
6.1927e+03	2.6e+00	1.03088e+00	7.5e-03
6.1961e+03	2.6e+00	9.70838e-01	6.6e-03
6.1995e+03	2.6e+00	9.63783e-01	1.0e-02
6.2029e+03	2.6e+00	1.00877e+00	8.9e-03
6.2063e+03	2.6e+00	1.02013e+00	9.8e-03
6.2097e+03	2.6e+00	1.02361e+00	9.9e-03
6.2131e+03	2.6e+00	1.05809e+00	1.1e-02
6.2165e+03	2.6e+00	1.02087e+00	9.1e-03
6.2199e+03	2.6e+00	9.62324e-01	1.2e-02
6.2233e+03	2.6e+00	9.12585e-01	1.4e-02
6.2266e+03	2.6e+00	9.09051e-01	1.3e-02
6.2300e+03	2.6e+00	9.09692e-01	1.1e-02
6.2334e+03	2.6e+00	9.18373e-01	1.3e-02
6.2368e+03	2.6e+00	9.20278e-01	8.2e-03
6.2402e+03	2.6e+00	9.40655e-01	6.0e-03
6.2436e+03	2.6e+00	9.70534e-01	1.3e-02
6.2469e+03	2.6e+00	9.30066e-01	7.9e-03
6.2503e+03	2.6e+00	9.23504e-01	1.4e-02
6.2537e+03	2.6e+00	9.44429e-01	5.3e-03
6.2571e+03	2.6e+00	9.52220e-01	3.1e-03
6.2605e+03	2.6e+00	9.16781e-01	5.2e-03
6.2638e+03	2.6e+00	9.08057e-01	9.3e-03
6.2672e+03	2.6e+00	9.41124e-01	8.6e-03
6.2706e+03	2.6e+00	1.01239e+00	1.1e-02
6.2740e+03	2.6e+00	1.01249e+00	8.0e-03
6.2773e+03	2.6e+00	9.84287e-01	8.4e-03
6.2807e+03	2.6e+00	9.86207e-01	8.2e-03
6.2841e+03	2.6e+00	9.53305e-01	1.4e-02
6.2875e+03	2.6e+00	9.58504e-01	7.6e-03
6.2908e+03	2.6e+00	1.02168e+00	1.1e-02
6.2942e+03	2.6e+00	1.08204e+00	1.2e-02
6.2976e+03	2.6e+00	1.06655e+00	5.1e-03
6.3009e+03	2.6e+00	1.01848e+00	9.7e-03
6.3043e+03	2.6e+00	9.97325e-01	1.0e-02
6.3077e+03	2.6e+00	1.03321e+00	8.8e-03
6.3110e+03	2.6e+00	1.06938e+00	9.1e-03
6.3144e+03	2.6e+00	1.11726e+00	1.2e-02
6.3178e+03	2.6e+00	1.10054e+00	1.2e-02
6.3211e+03	2.6e+00	1.08279e+00	1.0e-02
6.3245e+03	2.5e+00	1.08794e+00	9.6e-03
6.3278e+03	2.5e+00	1.12252e+00	1.1e-02
6.3312e+03	2.5e+00	1.14505e+00	7.0e-03
6.3346e+03	2.5e+00	1.16282e+00	5.9e-03
6.3379e+03	2.5e+00	1.15669e+00	9.8e-03
6.3413e+03	2.5e+00	1.15163e+00	1.3e-02
6.3446e+03	2.5e+00	1.14716e+00	1.7e-02
6.3480e+03	2.5e+00	1.19475e+00	2.0e-02
6.3513e+03	2.5e+00	1.18365e+00	1.1e-02
6.3547e+03	2.5e+00	1.18350e+00	1.1e-02
6.3580e+03	2.5e+00	1.16658e+00	1.1e-02
6.3614e+03	2.5e+00	1.10040e+00	8.0e-03
6.3647e+03	2.5e+00	1.04424e+00	1.1e-02
6.3681e+03	2.5e+00	1.08477e+00	7.6e-03
6.3714e+03	2.5e+00	1.16395e+00	1.2e-02
6.3748e+03	2.5e+00	1.21776e+00	1.3e-02
6.3781e+03	2.5e+00	1.25119e+00	1.6e-02
6.3815e+03	2.5e+00	1.24501e+00	1.5e-02
6.3848e+03	2.5e+00	1.23007e+00	7.4e-03
6.3882e+03	2.5e+00	1.22445e+00	9.1e-03
6.3915e+03	2.5e+00	1.22043e+00	1.1e-02
6.3949e+03	2.5e+00	1.21448e+00	7.8e-03
6.3982e+03	2.5e+00	1.17032e+00	1.1e-02
6.4015e+03	2.5e+00	1.20319e+00	1.4e-02
6.4049e+03	2.5e+00	1.23888e+00	1.4e-02
6.4082e+03	2.5e+00	1.26233e+00	1.4e-02
6.4116e+03	2.5e+00	1.28624e+00	1.9e-02
6.4149e+03	2.5e+00	1.25858e+00	3.8e-03
6.4182e+03	2.5e+00	1.21181e+00	1.2e-02
6.4216e+03	2.5e+00	1.22827e+00	1.7e-02
6.4249e+03	2.5e+00	1.20748e+00	8.2e-03
6.4282e+03	2.5e+00	1.20549e+00	1.1e-02
6.4316e+03	2.5e+00	1.23134e+00	6.8e-03
6.4349e+03	2.5e+00	1.21664e+00	1.4e-02
6.4382e+03	2.5e+00	1.20283e+00	1.6e-02
6.4416e+03	2.5e+00	1.26423e+00	1.4e-02
6.4449e+03	2.5e+00	1.29595e+00	1.3e-02
6.4482e+03	2.5e+00	1.30316e+00	6.0e-03
6.4515e+03	2.5e+00	1.28152e+00	7.2e-03
6.4549e+03	2.5e+00	1.20842e+00	1.4e-02
6.4582e+03	2.5e+00	1.24512e+00	5.7e-03
6.4615e+03	2.5e+00	1.27435e+00	7.4e-03
6.4648e+03	2.5e+00	1.31157e+00	9.8e-03
6.4681e+03	2.5e+00	1.23469e+00	4.2e-03
6.4715e+03	2.5e+00	1.27135e+00	1.9e-02
6.4748e+03	2.5e+00	1.26399e+00	9.1e-03
6.4781e+03	2.5e+00	1.22813e+00	1.4e-02
6.4814e+03	2.5e+00	1.20869e+00	1.2e-02
6.4847e+03	2.5e+00	1.18867e+00	1.1e-02
6.4881e+03	2.5e+00	1.15469e+00	1.1e-02
6.4914e+03	2.5e+00	1.17794e+00	9.7e-03
6.4947e+03	2.5e+00	1.11523e+00	2.6e-03
6.4980e+03	2.5e+00	1.01614e+00	7.0e-03
6.5013e+03	2.5e+00	9.82155e-01	1.3e-02
6.5046e+03	2.5e+00	1.08308e+00	1.5e-02
6.5079e+03	2.5e+00	1.18447e+00	6.9e-03
6.5112e+03	2.5e+00	1.19787e+00	1.0e-02
6.5145e+03	2.5e+00	1.19878e+00	1.0e-02
6.5179e+03	2.5e+00	1.21118e+00	5.0e-03
6.5212e+03	2.5e+00	1.20023e+00	1.4e-02
6.5245e+03	2.5e+00	1.23897e+00	6.6e-03
6.5278e+03	2.5e+00	1.25890e+00	9.8e-03
6.5311e+03	2.5e+00	1.24368e+00	9.4e-03
6.5344e+03	2.5e+00	1.22842e+00	1.4e-02
6.5377e+03	2.5e+00	1.26280e+00	1.1e-02
6.5410e+03	2.5e+00	1.28822e+00	1.2e-02
6.5443e+03	2.5e+00	1.27497e+00	8.8e-03
6.5476e+03	2.5e+00	1.21949e+00	7.4e-03
6.5509e+03	2.5e+00	1.17618e+00	1.3e-02
6.5542e+03	2.5e+00	1.17841e+00	9.3e-03
6.5575e+03	2.5e+00	1.13897e+00	7.9e-03
6.5607e+03	2.5e+00	1.13643e+00	1.2e-02
6.5640e+03	2.5e+00	1.14622e+00	1.2e-02
6.5673e+03	2.5e+00	1.11827e+00	1.0e-02
6.5706e+03	2.5e+00	1.20698e+00	1.1e-02
6.5739e+03	2.5e+00	1.19928e+00	1.2e-02
6.5772e+03	2.5e+00	1.15733e+00	7.0e-03
6.5805e+03	2.5e+00	1.22809e+00	1.3e-02
6.5838e+03	2.5e+00	1.26004e+00	1.6e-02
6.5871e+03	2.5e+00	1.26286e+00	1.1e-02
6.5903e+03	2.5e+00	1.25842e+00	1.6e-02
6.5936e+03	2.5e+00	1.22115e+00	1.4e-02
6.5969e+03	2.5e+00	1.18596e+00	6.0e-03
6.6002e+03	2.5e+00	1.22272e+00	1.5e-02
6.6035e+03	2.5e+00	1.25783e+00	1.7e-02
6.6067e+03	2.5e+00	1.24522e+00	1.4e-02
6.6100e+03	2.5e+00	1.20483e+00	1.3e-02
6.6133e+03	2.5e+00	1.23136e+00	9.3e-03
6.6166e+03	2.5e+00	1.27022e+00	7.2e-03
6.6199e+03	2.5e+00	1.29388e+00	1.4e-02
6.6231e+03	2.5e+00	1.27796e+00	1.1e-02
6.6264e+03	2.5e+00	1.21301e+00	1.5e-02
6.6297e+03	2.5e+00	1.23080e+00	1.4e-02
6.6329e+03	2.5e+00	1.22916e+00	6.6e-03
6.6362e+03	2.5e+00	1.24386e+00	1.2e-02
6.6395e+03	2.5e+00	1.25626e+00	1.3e-02
6.6427e+03	2.5e+00	1.26008e+00	9.1e-03
6.6460e+03	2.5e+00	1.21556e+00	7.0e-03
6.6493e+03	2.5e+00	1.20806e+00	1.1e-02
6.6525e+03	2.5e+00	1.18617e+00	1.2e-02
6.6558e+03	2.5e+00	1.19547e+00	8.6e-03
6.6591e+03	2.5e+00	1.20210e+00	9.7e-03
6.6623e+03	2.5e+00	1.17160e+00	1.4e-02
6.6656e+03	2.5e+00	1.18071e+00	1.5e-02
6.6688e+03	2.5e+00	1.21054e+00	9.7e-03
6.6721e+03	2.5e+00	1.21471e+00	1.3e-02
6.6754e+03	2.5e+00	1.19496e+00	1.1e-02
6.6786e+03	2.5e+00	1.15255e+00	8.6e-03
6.6819e+03	2.5e+00	1.16895e+00	1.1e-02
6.6851e+03	2.5e+00	1.18823e+00	1.1e-02
6.6884e+03	2.5e+00	1.18354e+00	1.4e-02
6.6916e+03	2.5e+00	1.20209e+00	8.3e-03
6.6949e+03	2.5e+00	1.20682e+00	1.4e-02
6.6981e+03	2.5e+00	1.19265e+00	1.2e-02
6.7014e+03	2.5e+00	1.21631e+00	7.5e-03
6.7046e+03	2.5e+00	1.20118e+00	1.3e-02
6.7079e+03	2.5e+00	1.19611e+00	1.8e-02
6.7111e+03	2.5e+00	1.16603e+00	6.3e-03
6.7144e+03	2.5e+00	1.13051e+00	3.9e-03
6.7176e+03	2.5e+00	1.11959e+00	1.1e-02
6.7208e+03	2.5e+00	1.15258e+00	1.4e-02
6.7241e+03	2.5e+00	1.16720e+00	1.1e-02
6.7273e+03	2.5e+00	1.17325e+00	1.1e-02
6.7306e+03	2.5e+00	1.17739e+00	9.0e-03
6.7338e+03	2.5e+00	1.15644e+00	8.5e-03
6.7370e+03	2.5e+00	1.14873e+00	1.4e-02
6.7403e+03	2.5e+00	1.14088e+00	7.9e-03
6.7435e+03	2.5e+00	1.13689e+00	1.4e-02
6.7467e+03	2.5e+00	1.15811e+00	8.3e-03
6.7500e+03	2.5e+00	1.16866e+00	8.4e-03
6.7532e+03	2.5e+00	1.18766e+00	1.2e-02
6.7564e+03	2.5e+00	1.22884e+00	9.2e-03
6.7597e+03	2.5e+00	1.22304e+00	5.8e-03
6.7629e+03	2.5e+00	1.20956e+00	4.5e-03
6.7661e+03	2.5e+00	1.19708e+00	1.1e-02
6.7693e+03	2.5e+00	1.23601e+00	1.0e-02
6.7726e+03	2.5e+00	1.25988e+00	9.5e-03
6.7758e+03	2.5e+00	1.26325e+00	1.1e-02
6.7790e+03	2.5e+00	1.22633e+00	1.3e-02
6.7822e+03	2.5e+00	1.16382e+00	1.3e-02
6.7854e+03	2.5e+00	1.17293e+00	8.9e-03
6.7887e+03	2.5e+00	1.20818e+00	9.7e-03
6.7919e+03	2.5e+00	1.19531e+00	8.4e-03
6.7951e+03	2.5e+00	1.23836e+00	9.3e-03
6.7983e+03	2.5e+00	1.24223e+00	8.2e-03
6.8015e+03	2.5e+00	1.25600e+00	6.0e-03
6.8047e+03	2.5e+00	1.23462e+00	9.0e-03
6.8079e+03	2.5e+00	1.23484e+00	9.3e-03
6.8112e+03	2.5e+00	1.22401e+00	9.5e-03
6.8144e+03	2.5e+00	1.26232e+00	1.4e-02
6.8176e+03	2.5e+00	1.26633e+00	9.3e-03
6.8208e+03	2.5e+00	1.27122e+00	1.1e-02
6.8240e+03	2.5e+00	1.23654e+00	1.2e-02
6.8272e+03	2.5e+00	1.24746e+00	6.3e-03
6.8304e+03	2.5e+00	1.25064e+00	8.4e-03
6.8336e+03	2.5e+00	1.24481e+00	1.4e-02
6.8368e+03	2.5e+00	1.21287e+00	3.5e-03
6.8400e+03	2.5e+00	1.22415e+00	4.7e-03
6.8432e+03	2.5e+00	1.24794e+00	1.5e-02
6.8464e+03	2.5e+00	1.21948e+00	6.6e-03
6.8496e+03	2.5e+00	1.19719e+00	7.9e-03
6.8528e+03	2.5e+00	1.18131e+00	1.3e-02
6.8560e+03	2.5e+00	1.13597e+00	1.1e-02
6.8592e+03	2.5e+00	1.08524e+00	5.4e-03
6.8624e+03	2.5e+00	8.90141e-01	6.3e-03
6.8656e+03	2.5e+00	8.49858e-01	7.5e-03
6.8687e+03	2.5e+00	9.35138e-01	5.0e-03
6.8719e+03	2.5e+00	1.06201e+00	1.2e-02
6.8751e+03	2.5e+00	1.14000e+00	6.8e-03
6.8783e+03	2.5e+00	1.12814e+00	3.0e-03
6.8815e+03	2.5e+00	1.09956e+00	5.7e-03
6.8847e+03	2.5e+00	1.11771e+00	8.6e-03
6.8879e+03	2.5e+00	1.13098e+00	6.0e-03
6.8910e+03	2.5e+00	1.13882e+00	7.8e-03
6.8942e+03	2.5e+00	1.16614e+00	1.1e-02
6.8974e+03	2.5e+00	1.19838e+00	6.6e-03
6.9006e+03	2.5e+00	1.22428e+00	1.1e-02
6.9037e+03	2.5e+00	1.22310e+00	7.0e-03
6.9069e+03	2.5e+00	1.19986e+00	7.9e-03
6.9101e+03	2.5e+00	1.23321e+00	9.6e-03
6.9133e+03	2.5e+00	1.24997e+00	5.5e-03
6.9164e+03	2.5e+00	1.22492e+00	9.9e-03
6.9196e+03	2.5e+00	1.18946e+00	1.2e-02
6.9228e+03	2.5e+00	1.20656e+00	7.4e-03
6.9259e+03	2.5e+00	1.19871e+00	1.2e-02
6.9291e+03	2.5e+00	1.22146e+00	1.4e-02
6.9323e+03	2.5e+00	1.20352e+00	1.2e-02
6.9354e+03	2.5e+00	1.16667e+00	1.1e-02
6.9386e+03	2.5e+00	1.13891e+00	4.8e-03
6.9418e+03	2.5e+00	1.17857e+00	3.6e-03
6.9449e+03	2.5e+00	1.15724e+00	6.4e-03
6.9481e+03	2.5e+00	1.20101e+00	9.4e-03
6.9512e+03	2.5e+00	1.23123e+00	7.9e-03
6.9544e+03	2.5e+00	1.27767e+00	4.3e-03
6.9576e+03	2.5e+00	1.28216e+00	8.7e-03
6.9607e+03	2.4e+00	1.27128e+00	9.2e-03
6.9639e+03	2.4e+00	1.24995e+00	7.4e-03
6.9670e+03	2.4e+00	1.21393e+00	7.1e-03
6.9702e+03	2.4e+00	1.17798e+00	5.8e-03
6.9733e+03	2.4e+00	1.25029e+00	1.2e-02
6.9765e+03	2.4e+00	1.25494e+00	8.9e-03
6.9796e+03	2.4e+00	1.21770e+00	6.7e-03
6.9828e+03	2.4e+00	1.22830e+00	1.1e-02
6.9859e+03	2.4e+00	1.23970e+00	3.2e-03
6.9891e+03	2.4e+00	1.21953e+00	7.1e-03
6.9922e+03	2.4e+00	1.21029e+00	4.8e-03
6.9953e+03	2.4e+00	1.20995e+00	8.2e-03
6.9985e+03	2.4e+00	1.21565e+00	7.8e-03
7.0016e+03	2.4e+00	1.21671e+00	9.4e-03
7.0048e+03	2.4e+00	1.17484e+00	5.6e-03
7.0079e+03	2.4e+00	1.21907e+00	6.4e-03
7.0110e+03	2.4e+00	1.22194e+00	9.7e-03
7.0142e+03	2.4e+00	1.21280e+00	6.3e-03
7.0173e+03	2.4e+00	1.23170e+00	1.2e-02
7.0204e+03	2.4e+00	1.26495e+00	1.0e-02
7.0236e+03	2.4e+00	1.30201e+00	9.1e-03
7.0267e+03	2.4e+00	1.26764e+00	5.1e-03
7.0298e+03	2.4e+00	1.34391e+00	6.1e-03
7.0329e+03	2.4e+00	1.30190e+00	1.1e-02
7.0361e+03	2.4e+00	1.28663e+00	1.4e-02
7.0392e+03	2.4e+00	1.19615e+00	9.1e-03
7.0423e+03	2.4e+00	1.09733e+00	6.6e-03
7.0454e+03	2.4e+00	1.10688e+00	1.4e-02
7.0485e+03	2.4e+00	1.06159e+00	7.4e-03
7.0517e+03	2.4e+00	1.07939e+00	7.8e-03
7.0548e+03	2.4e+00	1.08042e+00	1.0e-02
7.0579e+03	2.4e+00	1.12320e+00	6.0e-03
7.0610e+03	2.4e+00	1.15779e+00	2.9e-03
7.0641e+03	2.4e+00	1.14676e+00	8.6e-03
7.0672e+03	2.4e+00	1.13036e+00	8.3e-03
7.0704e+03	2.4e+00	1.06053e+00	8.1e-03
7.0735e+03	2.4e+00	9.75532e-01	1.1e-02
7.0766e+03	2.4e+00	9.73921e-01	4.8e-03
7.0797e+03	2.4e+00	9.78921e-01	7.3e-03
7.0828e+03	2.4e+00	9.81942e-01	4.1e-03
7.0859e+03	2.4e+00	9.99990e-01	4.1e-03
7.0890e+03	2.4e+00	9.97722e-01	1.1e-02
7.0921e+03	2.4e+00	1.00518e+00	8.9e-03
7.0952e+03	2.4e+00	9.97871e-01	1.3e-02
7.0983e+03	2.4e+00	1.02145e+00	8.6e-03
7.1014e+03	2.4e+00	1.03019e+00	1.1e-02
7.1045e+03	2.4e+00	9.93167e-01	1.1e-02
7.1076e+03	2.4e+00	9.55880e-01	6.5e-03
7.1107e+03	2.4e+00	9.21666e-01	6.8e-03
7.1138e+03	2.4e+00	8.96628e-01	5.6e-03
7.1169e+03	2.4e+00	9.21992e-01	5.4e-03
7.1200e+03	2.4e+00	9.44723e-01	1.3e-02
7.1230e+03	2.4e+00	9.48557e-01	7.0e-03
7.1261e+03	2.4e+00	9.56186e-01	7.8e-03
7.1292e+03	2.4e+00	9.51881e-01	7.0e-03
7.1323e+03	2.4e+00	9.58451e-01	6.5e-03
7.1354e+03	2.4e+00	9.79205e-01	1.2e-02
7.1385e+03	2.4e+00	1.00162e+00	9.2e-03
7.1416e+03	2.4e+00	9.72934e-01	4.8e-03
7.1446e+03	2.4e+00	9.52444e-01	5.5e-03
7.1477e+03	2.4e+00	9.30386e-01	5.8e-03
7.1508e+03	2.4e+00	9.16648e-01	5.5e-03
7.1539e+03	2.4e+00	9.06067e-01	8.4e-03
7.1569e+03	2.4e+00	8.99125e-01	5.8e-03
7.1600e+03	2.4e+00	8.92805e-01	4.4e-03
7.1631e+03	2.4e+00	8.68703e-01	7.8e-03
7.1662e+03	2.4e+00	8.35190e-01	3.9e-03
7.1692e+03	2.4e+00	8.46683e-01	6.9e-03
7.1723e+03	2.4e+00	8.53260e-01	6.5e-03
7.1754e+03	2.4e+00	8.76749e-01	7.2e-03
7.1784e+03	2.4e+00	8.67110e-01	4.4e-03
7.1815e+03	2.4e+00	8.74982e-01	8.6e-03
7.1846e+03	2.4e+00	9.15572e-01	8.4e-03
7.1876e+03	2.4e+00	9.37985e-01	6.8e-03
7.1907e+03	2.4e+00	9.99076e-01	1.2e-02
7.1937e+03	2.4e+00	1.00249e+00	1.1e-02
7.1968e+03	2.4e+00	1.02127e+00	7.4e-03
7.1999e+03	2.4e+00	1.03326e+00	5.0e-03
7.2029e+03	2.4e+00	1.02440e+00	7.2e-03
7.2060e+03	2.4e+00	1.02850e+00	8.4e-03
7.2090e+03	2.4e+00	9.88428e-01	7.2e-03
7.2121e+03	2.4e+00	9.45413e-01	7.1e-03
7.2151e+03	2.4e+00	9.52876e-01	6.7e-03
7.2182e+03	2.4e+00	9.68685e-01	5.7e-03
7.2212e+03	2.4e+00	9.73910e-01	8.0e-03
7.2243e+03	2.4e+00	9.82505e-01	3.0e-03
7.2273e+03	2.4e+00	1.00613e+00	1.1e-02
7.2304e+03	2.4e+00	9.56331e-01	7.7e-03
7.2334e+03	2.4e+00	1.00824e+00	9.6e-03
7.2364e+03	2.4e+00	1.01014e+00	7.6e-03
7.2395e+03	2.4e+00	9.82716e-01	9.9e-03
7.2425e+03	2.4e+00	1.00698e+00	6.4e-03
7.2455e+03	2.4e+00	1.02216e+00	7.0e-03
7.2486e+03	2.4e+00	9.83998e-01	1.2e-02
7.2516e+03	2.4e+00	9.74301e-01	1.2e-02
7.2547e+03	2.4e+00	9.88076e-01	5.8e-03
7.2577e+03	2.4e+00	9.79530e-01	9.7e-03
7.2607e+03	2.4e+00	9.78646e-01	1.3e-02
7.2637e+03	2.4e+00	9.58700e-01	5.1e-03
7.2668e+03	2.4e+00	9.33479e-01	3.5e-03
7.2698e+03	2.4e+00	1.01182e+00	9.8e-03
7.2728e+03	2.4e+00	1.02686e+00	9.6e-03
7.2758e+03	2.4e+00	9.90228e-01	9.9e-03
7.2789e+03	2.4e+00	1.01284e+00	1.1e-02
7.2819e+03	2.4e+00	1.01260e+00	1.2e-02
7.2849e+03	2.4e+00	1.00523e+00	1.1e-02
7.2879e+03	2.4e+00	1.01507e+00	9.7e-03
7.2909e+03	2.4e+00	9.97724e-01	7.4e-03
7.2939e+03	2.4e+00	1.02100e+00	6.8e-03
7.2970e+03	2.4e+00	1.01438e+00	9.0e-03
7.3000e+03	2.4e+00	1.01482e+00	1.1e-02
7.3030e+03	2.4e+00	1.05298e+00	5.2e-03
7.3060e+03	2.4e+00	1.05245e+00	5.8e-03
7.3090e+03	2.4e+00	1.07206e+00	9.0e-03
7.3120e+03	2.4e+00	1.08279e+00	4.7e-03
7.3150e+03	2.4e+00	1.04483e+00	1.1e-02
7.3180e+03	2.4e+00	1.03759e+00	7.8e-03
7.3210e+03	2.4e+00	1.02054e+00	7.0e-03
7.3240e+03	2.4e+00	1.01316e+00	1.1e-02
7.3270e+03	2.4e+00	9.75499e-01	7.0e-03
7.3300e+03	2.4e+00	1.01055e+00	1.2e-02
7.3330e+03	2.4e+00	1.00830e+00	1.4e-02
7.3360e+03	2.4e+00	1.04059e+00	7.2e-03
7.3390e+03	2.4e+00	1.06154e+00	8.4e-03
7.3420e+03	2.4e+00	1.10849e+00	8.7e-03
7.3450e+03	2.4e+00	1.08525e+00	1.1e-02
7.3480e+03	2.4e+00	1.07409e+00	1.1e-02
7.3510e+03	2.4e+00	1.04636e+00	9.1e-03
7.3540e+03	2.4e+00	1.01228e+00	1.1e-02
7.3569e+03	2.4e+00	1.00234e+00	7.8e-03
7.3599e+03	2.4e+00	1.02458e+00	8.5e-03
7.3629e+03	2.4e+00	1.03832e+00	7.1e-03
7.3659e+03	2.4e+00	1.04185e+00	1.3e-02
7.3689e+03	2.4e+00	1.05133e+00	1.3e-02
7.3718e+03	2.4e+00	1.07888e+00	1.3e-02
7.3748e+03	2.4e+00	1.05074e+00	1.1e-02
7.3778e+03	2.4e+00	1.00039e+00	1.1e-02
7.3808e+03	2.4e+00	9.91935e-01	5.4e-03
7.3837e+03	2.3e+00	9.80998e-01	1.3e-02
7.3867e+03	2.3e+00	1.02123e+00	4.9e-03
7.3897e+03	2.3e+00	1.01174e+00	1.7e-02
7.3927e+03	2.3e+00	1.05224e+00	1.2e-02
7.3956e+03	2.3e+00	1.05885e+00	8.5e-03
7.3986e+03	2.3e+00	1.03952e+00	1.1e-02
7.4016e+03	2.3e+00	1.03765e+00	1.0e-02
7.4045e+03	2.3e+00	1.02186e+00	9.4e-03
7.4075e+03	2.3e+00	1.01235e+00	1.3e-02
7.4104e+03	2.3e+00	1.03860e+00	7.3e-03
7.4134e+03	2.3e+00	1.04759e+00	5.7e-03
7.4164e+03	2.3e+00	1.04488e+00	8.6e-03
7.4193e+03	2.3e+00	1.03411e+00	9.0e-03
7.4223e+03	2.3e+00	1.01269e+00	1.0e-02
7.4252e+03	2.3e+00	9.77256e-01	1.1e-02
7.4282e+03	2.3e+00	1.02314e+00	7.9e-03
7.4311e+03	2.3e+00	1.04399e+00	1.0e-02
7.4341e+03	2.3e+00	1.00461e+00	1.1e-02
7.4370e+03	2.3e+00	1.01457e+00	4.4e-03
7.4400e+03	2.3e+00	1.02020e+00	8.7e-03
7.4429e+03	2.3e+00	1.00736e+00	1.3e-02
7.4459e+03	2.3e+00	9.96077e-01	1.1e-02
7.4488e+03	2.3e+00	1.01799e+00	1.1e-02
7.4517e+03	2.3e+00	9.88072e-01	4.6e-03
7.4547e+03	2.3e+00	9.80034e-01	5.5e-03
7.4576e+03	2.3e+00	1.01266e+00	8.5e-03
7.4605e+03	2.3e+00	1.03959e+00	1.1e-02
7.4635e+03	2.3e+00	1.05815e+00	9.7e-03
7.4664e+03	2.3e+00	1.02711e+00	1.2e-02
7.4693e+03	2.3e+00	1.02913e+00	1.1e-02
7.4723e+03	2.3e+00	1.04422e+00	1.2e-02
7.4752e+03	2.3e+00	1.04347e+00	1.3e-02
7.4781e+03	2.3e+00	1.06552e+00	1.4e-02
7.4811e+03	2.3e+00	1.04338e+00	8.2e-03
7.4840e+03	2.3e+00	1.02132e+00	2.0e-02
7.4869e+03	2.3e+00	1.04610e+00	1.2e-02
7.4898e+03	2.3e+00	1.05726e+00	1.3e-02
7.4927e+03	2.3e+00	1.05056e+00	1.6e-02
7.4957e+03	2.3e+00	1.05408e+00	1.5e-02
7.4986e+03	2.3e+00	1.03789e+00	1.7e-02
7.5015e+03	2.3e+00	1.04946e+00	1.0e-02
7.5044e+03	2.3e+00	1.03630e+00	6.3e-03
7.5073e+03	2.3e+00	1.03116e+00	1.2e-02
7.5102e+03	2.3e+00	1.04367e+00	7.3e-03
7.5131e+03	2.3e+00	1.03910e+00	1.1e-02
7.5160e+03	2.3e+00	1.03096e+00	1.5e-02
7.5190e+03	2.3e+00	1.02107e+00	1.3e-02
7.5219e+03	2.3e+00	1.03134e+00	1.4e-02
7.5248e+03	2.3e+00	1.02897e+00	1.4e-02
7.5277e+03	2.3e+00	1.02929e+00	1.3e-02
7.5306e+03	2.3e+00	1.01845e+00	1.1e-02
7.5335e+03	2.3e+00	9.84849e-01	1.3e-02
7.5364e+03	2.3e+00	9.54097e-01	1.1e-02
7.5393e+03	2.3e+00	8.84288e-01	1.2e-02
7.5422e+03	2.3e+00	7.67859e-01	1.5e-02
7.5450e+03	2.3e+00	5.83481e-01	6.4e-03
7.5479e+03	2.3e+00	3.42330e-01	4.2e-03
7.5508e+03	2.3e+00	1.96284e-01	4.4e-03
7.5537e+03	2.3e+00	1.51675e-01	8.9e-04
7.5566e+03	2.3e+00	1.64951e-01	2.5e-03
7.5595e+03	2.3e+00	2.32507e-01	2.0e-03
7.5624e+03	2.3e+00	3.36947e-01	2.2e-03
7.5653e+03	2.3e+00	4.42034e-01	5.5e-03
7.5681e+03	2.3e+00	5.13288e-01	8.5e-03
7.5710e+03	2.3e+00	4.77435e-01	7.4e-03
7.5739e+03	2.3e+00	3.92077e-01	5.4e-03
7.5768e+03	2.3e+00	3.68905e-01	5.9e-03
7.5797e+03	2.3e+00	3.79175e-01	4.7e-03
7.5825e+03	2.3e+00	4.10734e-01	5.2e-03
7.5854e+03	2.3e+00	4.30723e-01	4.9e-03
7.5883e+03	2.3e+00	4.79857e-01	7.8e-03
7.5911e+03	2.3e+00	5.37338e-01	4.6e-03
7.5940e+03	2.3e+00	5.74700e-01	1.2e-02
7.5969e+03	2.3e+00	6.06206e-01	1.2e-02
7.5997e+03	2.3e+00	6.47557e-01	1.0e-02
7.6026e+03	2.3e+00	6.59011e-01	8.5e-03
7.6055e+03	2.3e+00	6.73717e-01	1.2e-02
7.6083e+03	2.3e+00	6.96222e-01	9.7e-03
7.6112e+03	2.3e+00	7.06930e-01	9.5e-03
7.6140e+03	2.3e+00	7.88267e-01	9.9e-03
7.6169e+03	2.3e+00	8.25606e-01	1.5e-02
