# lambda [A]	Dlambda [A]	specval [counts]	Dspecval [counts]
4.1928e+03	2.5e+00	6.37191e+02	2.6e+01
4.1963e+03	2.5e+00	9.70027e+02	2.8e+01
4.1999e+03	2.5e+00	1.32473e+03	2.2e+01
4.2034e+03	2.5e+00	1.36499e+03	1.5e+01
4.2069e+03	2.5e+00	1.01212e+03	1.7e+01
4.2104e+03	2.5e+00	4.50385e+02	1.3e+01
4.2139e+03	2.5e+00	3.31677e+02	1.0e+01
4.2174e+03	2.5e+00	3.34144e+02	1.4e+01
4.2209e+03	2.5e+00	3.31396e+02	6.2e+00
4.2244e+03	2.5e+00	3.47274e+02	1.3e+01
4.2280e+03	2.5e+00	3.88489e+02	7.4e+00
4.2315e+03	2.5e+00	3.74664e+02	2.0e+01
4.2350e+03	2.5e+00	3.51929e+02	1.3e+01
4.2385e+03	2.5e+00	3.19867e+02	1.5e+01
4.2420e+03	2.5e+00	3.03082e+02	1.6e+01
4.2456e+03	2.5e+00	2.68651e+02	1.6e+01
4.2491e+03	2.5e+00	2.71143e+02	1.9e+01
4.2526e+03	2.5e+00	3.07155e+02	1.9e+01
4.2561e+03	2.5e+00	4.68810e+02	8.9e+00
4.2596e+03	2.5e+00	7.04193e+02	2.5e+01
4.2631e+03	2.5e+00	7.69806e+02	2.8e+01
4.2667e+03	2.5e+00	7.07553e+02	1.8e+01
4.2702e+03	2.5e+00	5.08757e+02	2.2e+01
4.2737e+03	2.5e+00	5.82572e+02	2.0e+01
4.2772e+03	2.5e+00	6.46826e+02	1.7e+01
4.2808e+03	2.5e+00	6.14085e+02	1.9e+01
4.2843e+03	2.5e+00	4.91872e+02	1.5e+01
4.2878e+03	2.5e+00	2.85797e+02	1.3e+01
4.2913e+03	2.5e+00	2.45198e+02	1.4e+01
4.2948e+03	2.5e+00	2.51567e+02	1.3e+01
4.2984e+03	2.5e+00	3.10625e+02	1.4e+01
4.3019e+03	2.5e+00	3.63112e+02	1.6e+01
4.3054e+03	2.5e+00	3.35846e+02	1.8e+01
4.3090e+03	2.5e+00	3.02174e+02	9.4e+00
4.3125e+03	2.5e+00	2.83247e+02	1.1e+01
4.3160e+03	2.5e+00	2.64390e+02	1.2e+01
4.3195e+03	2.5e+00	2.46435e+02	9.8e+00
4.3231e+03	2.5e+00	2.28199e+02	1.2e+01
4.3266e+03	2.5e+00	2.71634e+02	9.6e+00
4.3301e+03	2.5e+00	3.89960e+02	1.8e+01
4.3336e+03	2.5e+00	5.14332e+02	8.7e+00
4.3372e+03	2.5e+00	5.79834e+02	1.6e+01
4.3407e+03	2.5e+00	5.15896e+02	1.3e+01
4.3442e+03	2.5e+00	4.91028e+02	1.5e+01
4.3478e+03	2.5e+00	5.55217e+02	1.2e+01
4.3513e+03	2.5e+00	5.31343e+02	9.4e+00
4.3548e+03	2.5e+00	4.57211e+02	1.7e+01
4.3584e+03	2.5e+00	3.05927e+02	1.1e+01
4.3619e+03	2.5e+00	2.88234e+02	9.1e+00
4.3654e+03	2.5e+00	3.15516e+02	9.2e+00
4.3689e+03	2.5e+00	4.16712e+02	1.2e+01
4.3725e+03	2.5e+00	4.35299e+02	1.2e+01
4.3760e+03	2.5e+00	4.76102e+02	1.1e+01
4.3795e+03	2.5e+00	4.81788e+02	4.9e+00
4.3831e+03	2.5e+00	4.08614e+02	1.1e+01
4.3866e+03	2.5e+00	3.44006e+02	1.1e+01
4.3902e+03	2.6e+00	2.71508e+02	1.0e+01
4.3937e+03	2.6e+00	2.43528e+02	8.9e+00
4.3972e+03	2.6e+00	2.45109e+02	1.2e+01
4.4008e+03	2.6e+00	2.81998e+02	7.1e+00
4.4043e+03	2.6e+00	2.58807e+02	8.5e+00
4.4078e+03	2.6e+00	2.41393e+02	1.2e+01
4.4114e+03	2.6e+00	2.06007e+02	5.1e+00
4.4149e+03	2.6e+00	1.92858e+02	1.2e+01
4.4184e+03	2.6e+00	2.01947e+02	9.7e+00
4.4220e+03	2.6e+00	2.28733e+02	1.0e+01
4.4255e+03	2.6e+00	3.16115e+02	1.7e+01
4.4291e+03	2.6e+00	3.59187e+02	1.2e+01
4.4326e+03	2.6e+00	3.71791e+02	1.1e+01
4.4361e+03	2.6e+00	2.80030e+02	9.9e+00
4.4397e+03	2.6e+00	2.22433e+02	1.4e+01
4.4432e+03	2.6e+00	2.06526e+02	7.6e+00
4.4467e+03	2.6e+00	2.06163e+02	1.2e+01
4.4503e+03	2.6e+00	2.10497e+02	7.6e+00
4.4538e+03	2.6e+00	2.24573e+02	5.2e+00
4.4574e+03	2.6e+00	1.77037e+02	9.8e+00
4.4609e+03	2.6e+00	1.57099e+02	1.1e+01
4.4645e+03	2.6e+00	1.76624e+02	8.2e+00
4.4680e+03	2.6e+00	1.91196e+02	9.7e+00
4.4715e+03	2.6e+00	2.25874e+02	1.3e+01
4.4751e+03	2.6e+00	2.58900e+02	7.3e+00
4.4786e+03	2.6e+00	2.76437e+02	1.0e+01
4.4822e+03	2.6e+00	2.86429e+02	7.5e+00
4.4857e+03	2.6e+00	2.63113e+02	1.1e+01
4.4892e+03	2.6e+00	2.57015e+02	8.6e+00
4.4928e+03	2.6e+00	2.47354e+02	9.4e+00
4.4963e+03	2.6e+00	2.92834e+02	8.8e+00
4.4999e+03	2.6e+00	3.27382e+02	9.0e+00
4.5034e+03	2.6e+00	3.65672e+02	1.4e+01
4.5070e+03	2.6e+00	4.53276e+02	1.1e+01
4.5105e+03	2.6e+00	5.00101e+02	1.6e+01
4.5141e+03	2.6e+00	4.76852e+02	1.6e+01
4.5176e+03	2.6e+00	3.58942e+02	7.7e+00
4.5211e+03	2.6e+00	2.28960e+02	7.6e+00
4.5247e+03	2.6e+00	2.17770e+02	5.1e+00
4.5282e+03	2.6e+00	2.23219e+02	7.5e+00
4.5318e+03	2.6e+00	2.11046e+02	6.8e+00
4.5353e+03	2.6e+00	1.93575e+02	6.3e+00
4.5389e+03	2.6e+00	2.11682e+02	7.2e+00
4.5424e+03	2.6e+00	3.09129e+02	8.0e+00
4.5460e+03	2.6e+00	3.90831e+02	1.9e+01
4.5495e+03	2.6e+00	3.45692e+02	6.3e+00
4.5531e+03	2.6e+00	2.75921e+02	8.7e+00
4.5566e+03	2.6e+00	1.75943e+02	6.5e+00
4.5602e+03	2.6e+00	1.66626e+02	7.9e+00
4.5637e+03	2.6e+00	1.68241e+02	3.9e+00
4.5673e+03	2.6e+00	1.62601e+02	5.3e+00
4.5708e+03	2.6e+00	1.56679e+02	7.5e+00
4.5744e+03	2.6e+00	1.69527e+02	8.6e+00
4.5779e+03	2.6e+00	2.34206e+02	8.6e+00
4.5815e+03	2.6e+00	2.70411e+02	9.5e+00
4.5850e+03	2.6e+00	2.66979e+02	1.3e+01
4.5886e+03	2.6e+00	2.68182e+02	6.9e+00
4.5921e+03	2.6e+00	2.67721e+02	6.8e+00
4.5957e+03	2.6e+00	2.62787e+02	6.3e+00
4.5992e+03	2.6e+00	2.17952e+02	1.2e+01
4.6028e+03	2.6e+00	1.89272e+02	9.5e+00
4.6063e+03	2.6e+00	2.37196e+02	7.6e+00
4.6099e+03	2.6e+00	3.10392e+02	1.6e+01
4.6134e+03	2.6e+00	3.08604e+02	1.2e+01
4.6170e+03	2.6e+00	2.55809e+02	1.0e+01
4.6205e+03	2.6e+00	1.52582e+02	6.4e+00
4.6241e+03	2.6e+00	1.24516e+02	4.3e+00
4.6276e+03	2.6e+00	1.25906e+02	4.6e+00
4.6312e+03	2.6e+00	1.39565e+02	5.7e+00
4.6347e+03	2.6e+00	1.28959e+02	5.1e+00
4.6383e+03	2.6e+00	1.33794e+02	6.7e+00
4.6418e+03	2.6e+00	1.24331e+02	1.0e+01
4.6454e+03	2.6e+00	1.34140e+02	8.4e+00
4.6489e+03	2.6e+00	1.40428e+02	2.4e+00
4.6525e+03	2.6e+00	1.52429e+02	7.6e+00
4.6560e+03	2.6e+00	2.10391e+02	3.1e+00
4.6596e+03	2.6e+00	2.84433e+02	5.1e+00
4.6631e+03	2.6e+00	2.76861e+02	1.1e+01
4.6667e+03	2.6e+00	2.06275e+02	1.1e+01
4.6703e+03	2.6e+00	1.45881e+02	7.4e+00
4.6738e+03	2.6e+00	1.40359e+02	8.5e+00
4.6774e+03	2.6e+00	1.49829e+02	6.8e+00
4.6809e+03	2.6e+00	1.64959e+02	3.9e+00
4.6845e+03	2.6e+00	1.53871e+02	5.9e+00
4.6880e+03	2.6e+00	1.54703e+02	6.9e+00
4.6916e+03	2.6e+00	1.40510e+02	6.3e+00
4.6951e+03	2.6e+00	1.31632e+02	7.0e+00
4.6987e+03	2.6e+00	1.22256e+02	8.8e+00
4.7022e+03	2.6e+00	1.26241e+02	6.8e+00
4.7058e+03	2.6e+00	1.42914e+02	4.2e+00
4.7093e+03	2.6e+00	1.36379e+02	5.3e+00
4.7129e+03	2.6e+00	1.35241e+02	6.3e+00
4.7165e+03	2.6e+00	1.29756e+02	7.7e+00
4.7200e+03	2.6e+00	1.39009e+02	4.0e+00
4.7236e+03	2.6e+00	1.56544e+02	4.7e+00
4.7271e+03	2.6e+00	1.82132e+02	4.0e+00
4.7307e+03	2.6e+00	2.07749e+02	4.5e+00
4.7342e+03	2.6e+00	2.13437e+02	5.1e+00
4.7378e+03	2.6e+00	1.78495e+02	6.1e+00
4.7413e+03	2.6e+00	1.55442e+02	3.7e+00
4.7449e+03	2.6e+00	1.21268e+02	5.7e+00
4.7485e+03	2.6e+00	1.13048e+02	4.9e+00
4.7520e+03	2.6e+00	1.10339e+02	2.0e+00
4.7556e+03	2.6e+00	1.15236e+02	3.7e+00
4.7591e+03	2.6e+00	1.29135e+02	7.1e+00
4.7627e+03	2.6e+00	1.95659e+02	5.0e+00
4.7662e+03	2.6e+00	3.05576e+02	6.7e+00
4.7698e+03	2.6e+00	2.86635e+02	6.2e+00
4.7734e+03	2.6e+00	2.10126e+02	3.3e+00
4.7769e+03	2.6e+00	1.16918e+02	3.8e+00
4.7805e+03	2.6e+00	9.59944e+01	3.1e+00
4.7840e+03	2.6e+00	1.04234e+02	4.7e+00
4.7876e+03	2.6e+00	1.00530e+02	3.8e+00
4.7911e+03	2.6e+00	1.01445e+02	7.3e+00
4.7947e+03	2.6e+00	1.12192e+02	3.6e+00
4.7983e+03	2.6e+00	1.20018e+02	3.4e+00
4.8018e+03	2.6e+00	1.47023e+02	5.7e+00
4.8054e+03	2.6e+00	1.85170e+02	5.7e+00
4.8089e+03	2.6e+00	2.14476e+02	9.8e+00
4.8125e+03	2.6e+00	2.23157e+02	7.1e+00
4.8160e+03	2.6e+00	2.00468e+02	8.2e+00
4.8196e+03	2.6e+00	2.01245e+02	5.0e+00
4.8232e+03	2.6e+00	2.38724e+02	3.3e+00
4.8267e+03	2.6e+00	2.68294e+02	1.1e+01
4.8303e+03	2.6e+00	3.04620e+02	4.3e+00
4.8338e+03	2.6e+00	3.24570e+02	5.0e+00
4.8374e+03	2.6e+00	2.83635e+02	5.7e+00
4.8409e+03	2.6e+00	1.90993e+02	6.4e+00
4.8445e+03	2.6e+00	1.29209e+02	4.9e+00
4.8481e+03	2.6e+00	1.25388e+02	4.3e+00
4.8516e+03	2.6e+00	1.30130e+02	4.7e+00
4.8552e+03	2.6e+00	1.15710e+02	7.1e+00
4.8587e+03	2.6e+00	1.60863e+02	6.7e+00
4.8623e+03	2.6e+00	2.51229e+02	8.2e+00
4.8658e+03	2.6e+00	2.87748e+02	7.2e+00
4.8694e+03	2.6e+00	2.19889e+02	7.2e+00
4.8730e+03	2.6e+00	1.50107e+02	5.9e+00
4.8765e+03	2.6e+00	1.44017e+02	8.0e+00
4.8801e+03	2.6e+00	2.00217e+02	3.5e+00
4.8836e+03	2.6e+00	2.31672e+02	8.2e+00
4.8872e+03	2.6e+00	2.11329e+02	8.9e+00
4.8907e+03	2.6e+00	1.54021e+02	3.6e+00
4.8943e+03	2.6e+00	1.29552e+02	3.0e+00
4.8979e+03	2.6e+00	1.19118e+02	4.2e+00
4.9014e+03	2.6e+00	1.08435e+02	5.0e+00
4.9050e+03	2.6e+00	1.07026e+02	5.6e+00
4.9085e+03	2.6e+00	1.05207e+02	4.3e+00
4.9121e+03	2.6e+00	9.32499e+01	2.1e+00
4.9156e+03	2.6e+00	9.15854e+01	4.7e+00
4.9192e+03	2.6e+00	8.86932e+01	5.0e+00
4.9228e+03	2.6e+00	9.64975e+01	4.4e+00
4.9263e+03	2.6e+00	1.03921e+02	4.0e+00
4.9299e+03	2.6e+00	9.17736e+01	2.1e+00
4.9334e+03	2.6e+00	8.77731e+01	4.4e+00
4.9370e+03	2.6e+00	8.47671e+01	2.4e+00
4.9405e+03	2.6e+00	8.89130e+01	3.5e+00
4.9441e+03	2.6e+00	8.14075e+01	3.2e+00
4.9477e+03	2.6e+00	7.75829e+01	2.8e+00
4.9512e+03	2.6e+00	7.54408e+01	5.4e+00
4.9548e+03	2.6e+00	7.32513e+01	2.6e+00
4.9583e+03	2.6e+00	8.71633e+01	4.4e+00
4.9619e+03	2.6e+00	8.72241e+01	2.0e+00
4.9654e+03	2.6e+00	1.17955e+02	3.7e+00
4.9690e+03	2.6e+00	1.21226e+02	5.8e+00
4.9725e+03	2.6e+00	1.10033e+02	7.4e+00
4.9761e+03	2.6e+00	9.83136e+01	5.7e+00
4.9797e+03	2.6e+00	7.72606e+01	4.7e+00
4.9832e+03	2.6e+00	7.63018e+01	3.1e+00
4.9868e+03	2.6e+00	7.57950e+01	2.9e+00
4.9903e+03	2.6e+00	7.66562e+01	2.7e+00
4.9939e+03	2.6e+00	7.56094e+01	5.0e+00
4.9974e+03	2.6e+00	7.47047e+01	3.8e+00
5.0010e+03	2.6e+00	7.58869e+01	5.8e+00
5.0046e+03	2.6e+00	8.50597e+01	6.0e+00
5.0081e+03	2.6e+00	8.67939e+01	5.0e+00
5.0117e+03	2.6e+00	9.20483e+01	5.3e+00
5.0152e+03	2.6e+00	9.89019e+01	4.3e+00
5.0188e+03	2.6e+00	1.24703e+02	4.1e+00
5.0223e+03	2.6e+00	1.20757e+02	2.4e+00
5.0259e+03	2.6e+00	9.49926e+01	1.5e+00
5.0294e+03	2.6e+00	6.52429e+01	4.1e+00
5.0330e+03	2.6e+00	5.98868e+01	5.4e+00
5.0365e+03	2.6e+00	7.04867e+01	2.3e+00
5.0401e+03	2.6e+00	7.12192e+01	2.0e+00
5.0437e+03	2.6e+00	7.83817e+01	5.1e+00
5.0472e+03	2.6e+00	7.97850e+01	3.3e+00
5.0508e+03	2.6e+00	8.40449e+01	5.3e+00
5.0543e+03	2.6e+00	7.80544e+01	2.6e+00
5.0579e+03	2.6e+00	8.89372e+01	5.4e+00
5.0614e+03	2.6e+00	8.63475e+01	5.9e+00
5.0650e+03	2.6e+00	8.88121e+01	3.1e+00
5.0685e+03	2.6e+00	9.20080e+01	4.0e+00
5.0721e+03	2.6e+00	8.78225e+01	5.7e+00
5.0756e+03	2.6e+00	8.35385e+01	4.3e+00
5.0792e+03	2.6e+00	8.89706e+01	2.9e+00
5.0827e+03	2.6e+00	9.09999e+01	1.9e+00
5.0863e+03	2.6e+00	8.22854e+01	4.8e+00
5.0898e+03	2.6e+00	7.67793e+01	5.5e+00
5.0934e+03	2.6e+00	7.46624e+01	4.9e+00
5.0970e+03	2.6e+00	7.51265e+01	5.2e+00
5.1005e+03	2.6e+00	7.33350e+01	3.5e+00
5.1041e+03	2.6e+00	5.76623e+01	3.7e+00
5.1076e+03	2.6e+00	5.72788e+01	2.5e+00
5.1112e+03	2.6e+00	5.88671e+01	4.5e+00
5.1147e+03	2.6e+00	6.15166e+01	3.3e+00
5.1183e+03	2.6e+00	5.86216e+01	2.1e+00
5.1218e+03	2.6e+00	5.88780e+01	3.7e+00
5.1254e+03	2.6e+00	6.53288e+01	2.6e+00
5.1289e+03	2.6e+00	6.51313e+01	4.5e+00
5.1325e+03	2.6e+00	7.33666e+01	3.9e+00
5.1360e+03	2.6e+00	7.37377e+01	4.0e+00
5.1396e+03	2.6e+00	7.70563e+01	3.6e+00
5.1431e+03	2.6e+00	8.96834e+01	2.6e+00
5.1467e+03	2.6e+00	9.32544e+01	4.1e+00
5.1502e+03	2.6e+00	1.02615e+02	4.5e+00
5.1538e+03	2.6e+00	9.95979e+01	5.9e+00
5.1573e+03	2.6e+00	8.53306e+01	3.2e+00
5.1609e+03	2.6e+00	9.36078e+01	3.6e+00
5.1644e+03	2.6e+00	1.00065e+02	5.9e+00
5.1680e+03	2.6e+00	1.08264e+02	6.9e+00
5.1715e+03	2.6e+00	1.09763e+02	2.5e+00
5.1751e+03	2.6e+00	1.03975e+02	4.6e+00
5.1786e+03	2.6e+00	1.10521e+02	3.4e+00
5.1821e+03	2.6e+00	1.29438e+02	2.9e+00
5.1857e+03	2.6e+00	1.45479e+02	6.3e+00
5.1892e+03	2.6e+00	1.69326e+02	5.2e+00
5.1928e+03	2.6e+00	2.00893e+02	4.3e+00
5.1963e+03	2.6e+00	2.02459e+02	6.7e+00
5.1999e+03	2.6e+00	1.86693e+02	3.6e+00
5.2034e+03	2.6e+00	1.44640e+02	6.3e+00
5.2070e+03	2.6e+00	8.87877e+01	3.7e+00
5.2105e+03	2.6e+00	5.92275e+01	4.1e+00
5.2141e+03	2.6e+00	5.01587e+01	3.6e+00
5.2176e+03	2.6e+00	5.43823e+01	3.7e+00
5.2212e+03	2.6e+00	5.41872e+01	3.0e+00
5.2247e+03	2.6e+00	5.85183e+01	3.4e+00
5.2282e+03	2.6e+00	5.72938e+01	2.3e+00
5.2318e+03	2.6e+00	5.15983e+01	1.7e+00
5.2353e+03	2.6e+00	4.70086e+01	2.1e+00
5.2389e+03	2.6e+00	4.56418e+01	1.8e+00
5.2424e+03	2.6e+00	4.76607e+01	2.1e+00
5.2460e+03	2.6e+00	5.11351e+01	2.9e+00
5.2495e+03	2.6e+00	4.88376e+01	2.1e+00
5.2531e+03	2.6e+00	5.10794e+01	3.2e+00
5.2566e+03	2.6e+00	5.68967e+01	4.0e+00
5.2601e+03	2.6e+00	6.19972e+01	5.4e+00
5.2637e+03	2.6e+00	6.33352e+01	2.4e+00
5.2672e+03	2.6e+00	5.56274e+01	2.8e+00
5.2708e+03	2.6e+00	5.62905e+01	3.1e+00
5.2743e+03	2.6e+00	5.26495e+01	2.4e+00
5.2778e+03	2.6e+00	5.16504e+01	2.4e+00
5.2814e+03	2.6e+00	4.47321e+01	2.4e+00
5.2849e+03	2.6e+00	4.55104e+01	3.7e+00
5.2885e+03	2.6e+00	5.04236e+01	2.3e+00
5.2920e+03	2.6e+00	5.30541e+01	2.7e+00
5.2955e+03	2.6e+00	4.11460e+01	2.7e+00
5.2991e+03	2.6e+00	4.22673e+01	3.3e+00
5.3026e+03	2.6e+00	4.41755e+01	2.5e+00
5.3062e+03	2.6e+00	4.42340e+01	2.6e+00
5.3097e+03	2.6e+00	4.68347e+01	1.6e+00
5.3132e+03	2.6e+00	4.15203e+01	2.8e+00
5.3168e+03	2.6e+00	4.06252e+01	2.9e+00
5.3203e+03	2.6e+00	4.24517e+01	3.0e+00
5.3239e+03	2.6e+00	4.56520e+01	3.5e+00
5.3274e+03	2.6e+00	4.61802e+01	3.4e+00
5.3309e+03	2.6e+00	4.43036e+01	3.4e+00
5.3345e+03	2.6e+00	4.80021e+01	4.1e+00
5.3380e+03	2.6e+00	5.36270e+01	4.2e+00
5.3415e+03	2.6e+00	5.19905e+01	2.3e+00
5.3451e+03	2.6e+00	5.12574e+01	4.4e+00
5.3486e+03	2.6e+00	5.63881e+01	3.8e+00
5.3521e+03	2.6e+00	5.60717e+01	4.3e+00
5.3557e+03	2.6e+00	4.79282e+01	4.2e+00
5.3592e+03	2.6e+00	4.52450e+01	5.6e+00
5.3627e+03	2.6e+00	4.53457e+01	3.5e+00
5.3663e+03	2.6e+00	4.17437e+01	2.7e+00
5.3698e+03	2.6e+00	4.28909e+01	2.6e+00
5.3733e+03	2.6e+00	3.71688e+01	2.2e+00
5.3769e+03	2.6e+00	3.77596e+01	2.0e+00
5.3804e+03	2.6e+00	4.27108e+01	2.5e+00
5.3839e+03	2.6e+00	4.27714e+01	2.7e+00
5.3875e+03	2.6e+00	3.22145e+01	3.4e+00
5.3910e+03	2.6e+00	3.87743e+01	1.4e+00
5.3945e+03	2.6e+00	3.15936e+01	3.6e+00
5.3981e+03	2.6e+00	3.69766e+01	2.5e+00
5.4016e+03	2.6e+00	4.95783e+01	1.6e+00
5.4051e+03	2.6e+00	5.85031e+01	2.7e+00
5.4086e+03	2.6e+00	5.80286e+01	4.0e+00
5.4122e+03	2.6e+00	4.84460e+01	4.0e+00
5.4157e+03	2.6e+00	3.59231e+01	2.1e+00
5.4192e+03	2.6e+00	3.97496e+01	1.8e+00
5.4228e+03	2.6e+00	3.73707e+01	2.9e+00
5.4263e+03	2.6e+00	3.80891e+01	1.0e+00
5.4298e+03	2.6e+00	3.84781e+01	1.7e+00
5.4333e+03	2.6e+00	3.74247e+01	4.2e+00
5.4369e+03	2.6e+00	3.59335e+01	2.3e+00
5.4404e+03	2.6e+00	3.23287e+01	2.9e+00
5.4439e+03	2.6e+00	3.42304e+01	1.3e+00
5.4474e+03	2.6e+00	3.91135e+01	1.5e+00
5.4510e+03	2.6e+00	3.72304e+01	2.6e+00
5.4545e+03	2.6e+00	3.86323e+01	2.6e+00
5.4580e+03	2.6e+00	3.41930e+01	3.3e+00
5.4615e+03	2.6e+00	3.82634e+01	1.4e+00
5.4651e+03	2.6e+00	3.76625e+01	2.6e+00
5.4686e+03	2.6e+00	3.12144e+01	2.8e+00
5.4721e+03	2.6e+00	3.14593e+01	2.2e+00
5.4756e+03	2.6e+00	3.17609e+01	1.4e+00
5.4792e+03	2.6e+00	3.33014e+01	2.7e+00
5.4827e+03	2.6e+00	3.24679e+01	3.4e+00
5.4862e+03	2.6e+00	2.77985e+01	2.5e+00
5.4897e+03	2.6e+00	2.64171e+01	2.4e+00
5.4932e+03	2.6e+00	2.90538e+01	3.2e+00
5.4968e+03	2.6e+00	3.89998e+01	2.0e+00
5.5003e+03	2.6e+00	5.37876e+01	2.5e+00
5.5038e+03	2.6e+00	5.05687e+01	2.4e+00
5.5073e+03	2.6e+00	4.37192e+01	3.1e+00
5.5108e+03	2.6e+00	3.34311e+01	3.0e+00
5.5143e+03	2.6e+00	2.95122e+01	2.7e+00
5.5179e+03	2.6e+00	2.76474e+01	2.8e+00
5.5214e+03	2.6e+00	2.51844e+01	1.7e+00
5.5249e+03	2.6e+00	3.02922e+01	1.6e+00
5.5284e+03	2.6e+00	3.24516e+01	2.7e+00
5.5319e+03	2.6e+00	2.98916e+01	2.7e+00
5.5354e+03	2.6e+00	3.05366e+01	2.7e+00
5.5390e+03	2.6e+00	3.03058e+01	2.6e+00
5.5425e+03	2.6e+00	4.05639e+01	3.5e+00
5.5460e+03	2.6e+00	3.41717e+01	1.9e+00
5.5495e+03	2.6e+00	3.45500e+01	2.6e+00
5.5530e+03	2.6e+00	3.02427e+01	2.2e+00
5.5565e+03	2.6e+00	2.90320e+01	1.7e+00
5.5600e+03	2.6e+00	4.65736e+01	3.2e+00
5.5635e+03	2.6e+00	5.84795e+01	3.3e+00
5.5671e+03	2.6e+00	6.48649e+01	3.7e+00
5.5706e+03	2.6e+00	6.26472e+01	1.9e+00
5.5741e+03	2.6e+00	4.75987e+01	3.5e+00
5.5776e+03	2.6e+00	4.91099e+01	2.3e+00
5.5811e+03	2.6e+00	5.78566e+01	2.0e+00
5.5846e+03	2.6e+00	5.42471e+01	1.3e+00
5.5881e+03	2.6e+00	5.59843e+01	2.3e+00
5.5916e+03	2.6e+00	5.45341e+01	2.8e+00
5.5951e+03	2.6e+00	6.02217e+01	2.1e+00
5.5986e+03	2.6e+00	6.37646e+01	2.0e+00
5.6021e+03	2.6e+00	7.17498e+01	2.5e+00
5.6056e+03	2.6e+00	8.37868e+01	2.1e+00
5.6091e+03	2.6e+00	9.27905e+01	1.9e+00
5.6126e+03	2.6e+00	1.06341e+02	5.0e+00
5.6162e+03	2.6e+00	9.63218e+01	3.1e+00
5.6197e+03	2.6e+00	6.68479e+01	2.9e+00
5.6232e+03	2.6e+00	3.85196e+01	1.6e+00
5.6267e+03	2.6e+00	3.24172e+01	2.1e+00
5.6302e+03	2.6e+00	2.71457e+01	2.5e+00
5.6337e+03	2.6e+00	3.07624e+01	3.4e+00
5.6372e+03	2.6e+00	3.18511e+01	2.4e+00
5.6407e+03	2.6e+00	3.43055e+01	2.3e+00
5.6442e+03	2.6e+00	3.65127e+01	2.7e+00
5.6477e+03	2.6e+00	3.75038e+01	2.4e+00
5.6512e+03	2.6e+00	4.03696e+01	1.1e+00
5.6547e+03	2.6e+00	4.64890e+01	2.1e+00
5.6582e+03	2.6e+00	4.92719e+01	2.6e+00
5.6617e+03	2.6e+00	4.62704e+01	2.7e+00
5.6652e+03	2.6e+00	4.21517e+01	3.7e+00
5.6687e+03	2.6e+00	4.43430e+01	2.1e+00
5.6721e+03	2.6e+00	3.90687e+01	2.7e+00
5.6756e+03	2.6e+00	4.48279e+01	2.4e+00
5.6791e+03	2.6e+00	5.02153e+01	2.6e+00
5.6826e+03	2.6e+00	4.69500e+01	3.3e+00
5.6861e+03	2.6e+00	5.26572e+01	1.5e+00
5.6896e+03	2.6e+00	5.29407e+01	1.2e+00
5.6931e+03	2.6e+00	5.23363e+01	3.7e+00
5.6966e+03	2.6e+00	4.93132e+01	1.9e+00
5.7001e+03	2.6e+00	4.79654e+01	2.2e+00
5.7036e+03	2.6e+00	4.46008e+01	1.9e+00
5.7071e+03	2.6e+00	4.35431e+01	4.3e+00
5.7106e+03	2.6e+00	3.64929e+01	3.9e+00
5.7141e+03	2.6e+00	3.97232e+01	3.2e+00
5.7175e+03	2.6e+00	3.32734e+01	2.3e+00
5.7210e+03	2.6e+00	3.65953e+01	2.7e+00
5.7245e+03	2.6e+00	3.39230e+01	2.3e+00
5.7280e+03	2.6e+00	3.30722e+01	3.8e+00
5.7315e+03	2.6e+00	2.73085e+01	1.1e+00
5.7350e+03	2.6e+00	3.23935e+01	2.3e+00
5.7385e+03	2.6e+00	3.10217e+01	3.3e+00
5.7420e+03	2.6e+00	3.15849e+01	2.7e+00
5.7454e+03	2.6e+00	3.83068e+01	2.4e+00
5.7489e+03	2.6e+00	3.42360e+01	1.8e+00
5.7524e+03	2.6e+00	3.66108e+01	4.6e+00
5.7559e+03	2.6e+00	3.37239e+01	1.2e+00
5.7594e+03	2.6e+00	3.69950e+01	2.6e+00
5.7629e+03	2.6e+00	3.06202e+01	2.0e+00
5.7663e+03	2.6e+00	3.97972e+01	2.5e+00
5.7698e+03	2.6e+00	4.76214e+01	1.2e+00
5.7733e+03	2.6e+00	4.89735e+01	2.0e+00
5.7768e+03	2.6e+00	4.57298e+01	2.0e+00
5.7803e+03	2.6e+00	3.41824e+01	1.3e+00
5.7837e+03	2.6e+00	3.13202e+01	3.1e+00
5.7872e+03	2.6e+00	3.00502e+01	1.4e+00
5.7907e+03	2.6e+00	3.14186e+01	2.4e+00
5.7942e+03	2.6e+00	2.97068e+01	2.5e+00
5.7976e+03	2.6e+00	3.04243e+01	1.5e+00
5.8011e+03	2.6e+00	3.33578e+01	2.3e+00
5.8046e+03	2.6e+00	2.99506e+01	2.6e+00
5.8081e+03	2.6e+00	3.33119e+01	1.7e+00
5.8115e+03	2.6e+00	3.32235e+01	1.7e+00
5.8150e+03	2.6e+00	3.10533e+01	1.5e+00
5.8185e+03	2.6e+00	3.70881e+01	2.3e+00
5.8219e+03	2.6e+00	3.85514e+01	2.2e+00
5.8254e+03	2.6e+00	4.00076e+01	1.6e+00
5.8289e+03	2.6e+00	4.06636e+01	1.8e+00
5.8324e+03	2.6e+00	3.56689e+01	1.1e+00
5.8358e+03	2.6e+00	2.94903e+01	8.7e-01
5.8393e+03	2.6e+00	3.17174e+01	2.1e+00
5.8428e+03	2.6e+00	4.39792e+01	2.5e+00
5.8462e+03	2.6e+00	6.85168e+01	3.2e+00
5.8497e+03	2.6e+00	1.45650e+02	4.6e+00
5.8532e+03	2.6e+00	3.90438e+02	2.7e+01
5.8566e+03	2.6e+00	1.17889e+03	5.3e+01
5.8601e+03	2.6e+00	1.56810e+03	1.9e+01
5.8636e+03	2.6e+00	1.34989e+03	2.3e+01
5.8670e+03	2.6e+00	6.50670e+02	2.9e+01
5.8705e+03	2.6e+00	4.55854e+01	9.4e+00
5.8739e+03	2.6e+00	4.23557e+01	2.7e+00
5.8774e+03	2.6e+00	4.45403e+01	2.5e+00
5.8809e+03	2.6e+00	7.51745e+01	2.1e+00
5.8843e+03	2.6e+00	1.01110e+02	1.8e+00
5.8878e+03	2.6e+00	1.20067e+02	4.6e+00
5.8912e+03	2.6e+00	1.06166e+02	4.6e+00
5.8947e+03	2.6e+00	9.08838e+01	3.7e+00
5.8982e+03	2.6e+00	5.10647e+01	2.1e+00
5.9016e+03	2.6e+00	3.69446e+01	1.7e+00
5.9051e+03	2.6e+00	3.20581e+01	1.8e+00
5.9085e+03	2.6e+00	3.50144e+01	3.4e+00
5.9120e+03	2.6e+00	4.00069e+01	3.2e+00
5.9154e+03	2.6e+00	4.16135e+01	3.4e+00
5.9189e+03	2.6e+00	5.12245e+01	2.3e+00
5.9223e+03	2.6e+00	4.49555e+01	2.2e+00
5.9258e+03	2.6e+00	3.45545e+01	1.9e+00
5.9293e+03	2.6e+00	3.16676e+01	2.2e+00
5.9327e+03	2.6e+00	3.39465e+01	1.9e+00
5.9362e+03	2.6e+00	3.61454e+01	2.5e+00
5.9396e+03	2.6e+00	4.03198e+01	3.0e+00
5.9431e+03	2.6e+00	4.05439e+01	1.9e+00
5.9465e+03	2.6e+00	6.28181e+01	3.6e+00
5.9499e+03	2.6e+00	1.22703e+02	3.0e+00
5.9534e+03	2.6e+00	1.30782e+02	2.7e+00
5.9568e+03	2.6e+00	1.05466e+02	3.0e+00
5.9603e+03	2.6e+00	4.84597e+01	3.7e+00
5.9637e+03	2.6e+00	2.07750e+01	1.7e+00
5.9672e+03	2.6e+00	2.23769e+01	1.4e+00
5.9706e+03	2.6e+00	2.65032e+01	1.7e+00
5.9741e+03	2.6e+00	3.13049e+01	2.5e+00
5.9775e+03	2.6e+00	4.15057e+01	2.5e+00
5.9809e+03	2.6e+00	4.98445e+01	2.0e+00
5.9844e+03	2.6e+00	5.21030e+01	2.9e+00
5.9878e+03	2.6e+00	4.44920e+01	2.0e+00
5.9913e+03	2.6e+00	3.38912e+01	1.8e+00
5.9947e+03	2.6e+00	3.56949e+01	4.0e+00
5.9981e+03	2.6e+00	3.75104e+01	2.2e+00
6.0016e+03	2.6e+00	3.44126e+01	1.7e+00
6.0050e+03	2.6e+00	3.08796e+01	2.7e+00
6.0084e+03	2.6e+00	2.98564e+01	1.8e+00
6.0119e+03	2.6e+00	3.22700e+01	1.8e+00
6.0153e+03	2.6e+00	3.37003e+01	2.8e+00
6.0187e+03	2.6e+00	3.50524e+01	8.1e-01
6.0222e+03	2.6e+00	3.20412e+01	1.7e+00
6.0256e+03	2.6e+00	3.69616e+01	2.4e+00
6.0290e+03	2.6e+00	4.23220e+01	3.8e+00
6.0325e+03	2.6e+00	6.05433e+01	2.4e+00
6.0359e+03	2.6e+00	1.05756e+02	6.0e+00
6.0393e+03	2.6e+00	1.19140e+02	2.4e+00
6.0428e+03	2.6e+00	1.11607e+02	2.7e+00
6.0462e+03	2.6e+00	7.83486e+01	2.5e+00
6.0496e+03	2.6e+00	5.60648e+01	2.3e+00
6.0530e+03	2.6e+00	6.17739e+01	3.0e+00
6.0565e+03	2.6e+00	5.70897e+01	3.2e+00
6.0599e+03	2.6e+00	4.40016e+01	2.7e+00
6.0633e+03	2.6e+00	4.70162e+01	3.0e+00
6.0667e+03	2.6e+00	4.82440e+01	2.7e+00
6.0702e+03	2.6e+00	5.83998e+01	2.6e+00
6.0736e+03	2.6e+00	5.69026e+01	1.7e+00
6.0770e+03	2.6e+00	9.67290e+01	4.8e+00
6.0804e+03	2.6e+00	1.44279e+02	1.7e+00
6.0838e+03	2.6e+00	1.31346e+02	3.7e+00
6.0873e+03	2.6e+00	9.32294e+01	3.3e+00
6.0907e+03	2.6e+00	4.07492e+01	2.9e+00
6.0941e+03	2.6e+00	3.88272e+01	3.1e+00
6.0975e+03	2.6e+00	7.96224e+01	3.9e+00
6.1009e+03	2.6e+00	1.69306e+02	2.8e+00
6.1043e+03	2.6e+00	1.84535e+02	6.1e+00
6.1078e+03	2.6e+00	1.51216e+02	5.6e+00
6.1112e+03	2.6e+00	6.45914e+01	3.8e+00
6.1146e+03	2.6e+00	2.65945e+01	1.5e+00
6.1180e+03	2.6e+00	3.25425e+01	1.6e+00
6.1214e+03	2.6e+00	3.25457e+01	1.2e+00
6.1248e+03	2.6e+00	3.15037e+01	2.0e+00
6.1282e+03	2.6e+00	3.13031e+01	1.9e+00
6.1316e+03	2.6e+00	2.75398e+01	1.7e+00
6.1350e+03	2.6e+00	3.15696e+01	2.4e+00
6.1384e+03	2.6e+00	4.14871e+01	2.5e+00
6.1419e+03	2.6e+00	5.78251e+01	3.0e+00
6.1453e+03	2.6e+00	1.49134e+02	5.1e+00
6.1487e+03	2.6e+00	2.31807e+02	3.0e+00
6.1521e+03	2.6e+00	2.23441e+02	3.8e+00
6.1555e+03	2.6e+00	1.53735e+02	1.7e+00
6.1589e+03	2.6e+00	4.55393e+01	4.0e+00
6.1623e+03	2.6e+00	3.51754e+01	2.2e+00
6.1657e+03	2.6e+00	6.91991e+01	3.2e+00
6.1691e+03	2.6e+00	9.78205e+01	2.2e+00
6.1725e+03	2.6e+00	9.20724e+01	2.7e+00
6.1759e+03	2.6e+00	7.66380e+01	2.6e+00
6.1793e+03	2.6e+00	3.89563e+01	2.9e+00
6.1827e+03	2.6e+00	3.28806e+01	1.2e+00
6.1861e+03	2.6e+00	2.44193e+01	2.8e+00
6.1895e+03	2.6e+00	2.01552e+01	2.0e+00
6.1928e+03	2.6e+00	1.92022e+01	1.5e+00
6.1962e+03	2.6e+00	1.83521e+01	1.9e+00
6.1996e+03	2.6e+00	1.62545e+01	2.3e+00
6.2030e+03	2.6e+00	1.72359e+01	2.4e+00
6.2064e+03	2.6e+00	1.73324e+01	1.9e+00
6.2098e+03	2.6e+00	1.76458e+01	1.5e+00
6.2132e+03	2.6e+00	2.50573e+01	1.2e+00
6.2166e+03	2.6e+00	3.01223e+01	1.7e+00
6.2200e+03	2.6e+00	4.42919e+01	3.1e+00
6.2234e+03	2.6e+00	5.25530e+01	3.1e+00
6.2267e+03	2.6e+00	4.18514e+01	2.1e+00
6.2301e+03	2.6e+00	2.00927e+01	2.1e+00
6.2335e+03	2.6e+00	1.31373e+01	2.5e+00
6.2369e+03	2.6e+00	1.57172e+01	1.9e+00
6.2403e+03	2.6e+00	1.64360e+01	1.9e+00
6.2437e+03	2.6e+00	1.73636e+01	2.4e+00
6.2470e+03	2.6e+00	1.70527e+01	1.6e+00
6.2504e+03	2.6e+00	1.79336e+01	2.2e+00
6.2538e+03	2.6e+00	1.43283e+01	1.2e+00
6.2572e+03	2.6e+00	2.33728e+01	2.5e+00
6.2605e+03	2.6e+00	2.78054e+01	1.8e+00
6.2639e+03	2.6e+00	3.47875e+01	1.8e+00
6.2673e+03	2.6e+00	8.29277e+01	4.8e+00
6.2707e+03	2.6e+00	1.38896e+02	5.3e+00
6.2740e+03	2.6e+00	1.37434e+02	3.9e+00
6.2774e+03	2.6e+00	1.01880e+02	3.1e+00
6.2808e+03	2.6e+00	3.19420e+01	4.3e+00
6.2842e+03	2.6e+00	1.89936e+01	1.4e+00
6.2875e+03	2.6e+00	1.50142e+01	1.6e+00
6.2909e+03	2.6e+00	1.68484e+01	2.0e+00
6.2943e+03	2.6e+00	1.84621e+01	1.2e+00
6.2976e+03	2.6e+00	2.31298e+01	1.8e+00
6.3010e+03	2.6e+00	2.67006e+01	2.0e+00
6.3044e+03	2.6e+00	3.41529e+01	1.6e+00
6.3077e+03	2.6e+00	4.83704e+01	2.7e+00
6.3111e+03	2.6e+00	4.93638e+01	1.7e+00
6.3145e+03	2.6e+00	4.41330e+01	2.0e+00
6.3178e+03	2.6e+00	2.68830e+01	2.3e+00
6.3212e+03	2.6e+00	1.81976e+01	1.1e+00
6.3245e+03	2.6e+00	1.60902e+01	1.4e+00
6.3279e+03	2.6e+00	2.39125e+01	1.4e+00
6.3313e+03	2.6e+00	2.90169e+01	2.0e+00
6.3346e+03	2.6e+00	6.07820e+01	2.7e+00
6.3380e+03	2.6e+00	9.46922e+01	1.8e+00
6.3413e+03	2.6e+00	8.84255e+01	3.4e+00
6.3447e+03	2.6e+00	5.84561e+01	1.9e+00
6.3480e+03	2.6e+00	1.77316e+01	1.4e+00
6.3514e+03	2.6e+00	1.38708e+01	2.2e+00
6.3548e+03	2.6e+00	1.57923e+01	2.2e+00
6.3581e+03	2.6e+00	1.43088e+01	1.3e+00
6.3615e+03	2.6e+00	1.49620e+01	2.2e+00
6.3648e+03	2.6e+00	1.71258e+01	2.0e+00
6.3682e+03	2.6e+00	1.84241e+01	1.2e+00
6.3715e+03	2.6e+00	2.09318e+01	8.5e-01
6.3748e+03	2.6e+00	2.73716e+01	1.8e+00
6.3782e+03	2.6e+00	3.36342e+01	2.3e+00
6.3815e+03	2.6e+00	7.31589e+01	2.8e+00
6.3849e+03	2.6e+00	1.41619e+02	3.9e+00
6.3882e+03	2.6e+00	1.60393e+02	3.8e+00
6.3916e+03	2.6e+00	1.33491e+02	4.8e+00
6.3949e+03	2.6e+00	7.27563e+01	4.2e+00
6.3982e+03	2.6e+00	6.90191e+01	4.1e+00
6.4016e+03	2.6e+00	1.86959e+02	5.9e+00
6.4049e+03	2.6e+00	3.04165e+02	4.9e+00
6.4083e+03	2.6e+00	2.86827e+02	3.9e+00
6.4116e+03	2.6e+00	2.07855e+02	3.6e+00
6.4149e+03	2.6e+00	5.28450e+01	4.8e+00
6.4183e+03	2.6e+00	4.43707e+01	2.5e+00
6.4216e+03	2.6e+00	4.32762e+01	2.6e+00
6.4249e+03	2.6e+00	3.64005e+01	2.4e+00
6.4283e+03	2.6e+00	2.27067e+01	1.7e+00
6.4316e+03	2.6e+00	1.69487e+01	1.2e+00
6.4349e+03	2.6e+00	2.38626e+01	1.7e+00
6.4383e+03	2.6e+00	2.22803e+01	2.1e+00
6.4416e+03	2.6e+00	2.06929e+01	1.8e+00
6.4449e+03	2.6e+00	2.05008e+01	1.4e+00
6.4482e+03	2.6e+00	2.52087e+01	1.8e+00
6.4516e+03	2.6e+00	2.05146e+01	2.1e+00
6.4549e+03	2.6e+00	1.96566e+01	1.6e+00
6.4582e+03	2.6e+00	1.83505e+01	2.1e+00
6.4615e+03	2.6e+00	2.21023e+01	1.8e+00
6.4649e+03	2.6e+00	1.96250e+01	2.1e+00
6.4682e+03	2.6e+00	2.25658e+01	1.4e+00
6.4715e+03	2.6e+00	2.38187e+01	1.1e+00
6.4748e+03	2.6e+00	2.79462e+01	2.1e+00
6.4781e+03	2.6e+00	2.16867e+01	1.4e+00
6.4814e+03	2.5e+00	1.86027e+01	1.6e+00
6.4848e+03	2.5e+00	2.11704e+01	1.1e+00
6.4881e+03	2.5e+00	2.26242e+01	2.0e+00
6.4914e+03	2.5e+00	2.30640e+01	2.1e+00
6.4947e+03	2.5e+00	2.31391e+01	2.7e+00
6.4980e+03	2.5e+00	2.96913e+01	1.8e+00
6.5013e+03	2.5e+00	4.63153e+01	1.6e+00
6.5046e+03	2.5e+00	1.01743e+02	4.3e+00
6.5079e+03	2.5e+00	1.35464e+02	3.2e+00
6.5113e+03	2.5e+00	1.30763e+02	3.2e+00
6.5146e+03	2.5e+00	8.30173e+01	5.3e+00
6.5179e+03	2.5e+00	2.54285e+01	2.6e+00
6.5212e+03	2.5e+00	2.22694e+01	1.6e+00
6.5245e+03	2.5e+00	2.49935e+01	2.6e+00
6.5278e+03	2.5e+00	3.25648e+01	2.3e+00
6.5311e+03	2.5e+00	4.60148e+01	2.3e+00
6.5344e+03	2.5e+00	6.22525e+01	1.4e+00
6.5377e+03	2.5e+00	5.99278e+01	4.5e+00
6.5410e+03	2.5e+00	4.09944e+01	2.5e+00
6.5443e+03	2.5e+00	2.53773e+01	1.4e+00
6.5476e+03	2.5e+00	3.09857e+01	1.6e+00
6.5509e+03	2.5e+00	4.41582e+01	3.2e+00
6.5542e+03	2.5e+00	7.03010e+01	4.9e+00
6.5575e+03	2.5e+00	1.66175e+02	6.5e+00
6.5607e+03	2.5e+00	3.58733e+02	9.1e+00
6.5640e+03	2.5e+00	4.17435e+02	6.7e+00
6.5673e+03	2.5e+00	3.64257e+02	7.0e+00
6.5706e+03	2.5e+00	1.80700e+02	7.1e+00
6.5739e+03	2.5e+00	2.59837e+01	4.9e+00
6.5772e+03	2.5e+00	2.56463e+01	9.6e-01
6.5805e+03	2.5e+00	2.13238e+01	2.0e+00
6.5838e+03	2.5e+00	2.42964e+01	2.7e+00
6.5870e+03	2.5e+00	2.75236e+01	2.4e+00
6.5903e+03	2.5e+00	3.41035e+01	2.6e+00
6.5936e+03	2.5e+00	6.88381e+01	1.9e+00
6.5969e+03	2.5e+00	1.12724e+02	3.6e+00
6.6002e+03	2.5e+00	1.15942e+02	4.0e+00
6.6035e+03	2.5e+00	1.00100e+02	3.7e+00
6.6067e+03	2.5e+00	4.93693e+01	2.7e+00
6.6100e+03	2.5e+00	2.69840e+01	1.0e+00
6.6133e+03	2.5e+00	2.42106e+01	1.3e+00
6.6166e+03	2.5e+00	2.27584e+01	2.7e+00
6.6198e+03	2.5e+00	1.88488e+01	2.2e+00
6.6231e+03	2.5e+00	1.84333e+01	2.4e+00
6.6264e+03	2.5e+00	1.32308e+01	2.4e+00
6.6296e+03	2.5e+00	1.58712e+01	1.5e+00
6.6329e+03	2.5e+00	1.93934e+01	1.5e+00
6.6362e+03	2.5e+00	1.93629e+01	1.6e+00
6.6395e+03	2.5e+00	2.26196e+01	2.7e+00
6.6427e+03	2.5e+00	2.35341e+01	1.8e+00
6.6460e+03	2.5e+00	2.11724e+01	2.0e+00
6.6493e+03	2.5e+00	1.80986e+01	1.4e+00
6.6525e+03	2.5e+00	1.81352e+01	1.6e+00
6.6558e+03	2.5e+00	2.23949e+01	2.5e+00
6.6590e+03	2.5e+00	2.50791e+01	2.9e+00
6.6623e+03	2.5e+00	3.62583e+01	1.6e+00
6.6656e+03	2.5e+00	5.21196e+01	2.0e+00
6.6688e+03	2.5e+00	8.49595e+01	4.7e+00
6.6721e+03	2.5e+00	2.11500e+02	4.6e+00
6.6753e+03	2.5e+00	2.95428e+02	5.1e+00
6.6786e+03	2.5e+00	2.74918e+02	5.0e+00
6.6818e+03	2.5e+00	1.81356e+02	7.6e+00
6.6851e+03	2.5e+00	3.08633e+01	4.2e+00
6.6883e+03	2.5e+00	2.01115e+01	1.3e+00
6.6916e+03	2.5e+00	1.64568e+01	1.9e+00
6.6948e+03	2.5e+00	1.73107e+01	1.4e+00
6.6981e+03	2.5e+00	1.66419e+01	1.4e+00
6.7013e+03	2.5e+00	1.91384e+01	1.6e+00
6.7046e+03	2.5e+00	2.45890e+01	2.6e+00
6.7078e+03	2.5e+00	4.79454e+01	3.3e+00
6.7111e+03	2.5e+00	8.55535e+01	3.4e+00
6.7143e+03	2.5e+00	1.02336e+02	2.7e+00
6.7176e+03	2.5e+00	9.26680e+01	5.9e+00
6.7208e+03	2.5e+00	4.77423e+01	4.0e+00
6.7240e+03	2.5e+00	1.63371e+01	1.9e+00
6.7273e+03	2.5e+00	1.82256e+01	1.7e+00
6.7305e+03	2.5e+00	1.81172e+01	2.5e+00
6.7337e+03	2.5e+00	2.20698e+01	2.1e+00
6.7370e+03	2.5e+00	1.92286e+01	2.1e+00
6.7402e+03	2.5e+00	3.20525e+01	1.9e+00
6.7435e+03	2.5e+00	4.85497e+01	3.5e+00
6.7467e+03	2.5e+00	8.09238e+01	5.5e+00
6.7499e+03	2.5e+00	8.12278e+01	3.6e+00
6.7531e+03	2.5e+00	6.42552e+01	4.2e+00
6.7564e+03	2.5e+00	3.51614e+01	2.8e+00
6.7596e+03	2.5e+00	2.07077e+01	1.6e+00
6.7628e+03	2.5e+00	2.19496e+01	1.6e+00
6.7660e+03	2.5e+00	1.79749e+01	2.3e+00
6.7693e+03	2.5e+00	1.91134e+01	1.7e+00
6.7725e+03	2.5e+00	1.29400e+01	2.5e+00
6.7757e+03	2.5e+00	1.22865e+01	1.8e+00
6.7789e+03	2.5e+00	1.66525e+01	1.9e+00
6.7822e+03	2.5e+00	1.28920e+01	2.0e+00
6.7854e+03	2.5e+00	1.47571e+01	1.3e+00
6.7886e+03	2.5e+00	1.42837e+01	1.5e+00
6.7918e+03	2.5e+00	1.08533e+01	6.9e-01
6.7950e+03	2.5e+00	1.64420e+01	2.3e+00
6.7982e+03	2.5e+00	1.43594e+01	2.5e+00
6.8015e+03	2.5e+00	1.52228e+01	1.2e+00
6.8047e+03	2.5e+00	1.62322e+01	1.3e+00
6.8079e+03	2.5e+00	1.19226e+01	1.6e+00
6.8111e+03	2.5e+00	1.42335e+01	2.1e+00
6.8143e+03	2.5e+00	1.47638e+01	8.9e-01
6.8175e+03	2.5e+00	1.60349e+01	2.3e+00
6.8207e+03	2.5e+00	1.81955e+01	1.6e+00
6.8239e+03	2.5e+00	1.95592e+01	2.7e+00
6.8271e+03	2.5e+00	1.90681e+01	2.3e+00
6.8303e+03	2.5e+00	1.53746e+01	2.5e+00
6.8335e+03	2.5e+00	2.02371e+01	1.7e+00
6.8367e+03	2.5e+00	1.61308e+01	9.9e-01
6.8399e+03	2.5e+00	1.43043e+01	1.6e+00
6.8431e+03	2.5e+00	1.79967e+01	1.5e+00
6.8463e+03	2.5e+00	1.57386e+01	1.4e+00
6.8495e+03	2.5e+00	2.74056e+01	2.2e+00
6.8527e+03	2.5e+00	2.74502e+01	3.4e+00
6.8559e+03	2.5e+00	2.95880e+01	3.1e+00
6.8591e+03	2.5e+00	5.44646e+01	2.2e+00
6.8623e+03	2.5e+00	7.25030e+01	1.2e+00
6.8655e+03	2.5e+00	7.25249e+01	2.4e+00
6.8687e+03	2.5e+00	5.75323e+01	3.6e+00
6.8718e+03	2.5e+00	2.87873e+01	1.5e+00
6.8750e+03	2.5e+00	2.35966e+01	4.0e+00
6.8782e+03	2.5e+00	2.15366e+01	2.2e+00
6.8814e+03	2.5e+00	2.30644e+01	1.5e+00
6.8846e+03	2.5e+00	2.02432e+01	2.5e+00
6.8878e+03	2.5e+00	1.78200e+01	2.2e+00
6.8909e+03	2.5e+00	1.58602e+01	1.1e+00
6.8941e+03	2.5e+00	1.53557e+01	3.0e+00
6.8973e+03	2.5e+00	1.76562e+01	2.1e+00
6.9005e+03	2.5e+00	1.30615e+01	2.1e+00
6.9036e+03	2.5e+00	2.59669e+01	1.3e+00
6.9068e+03	2.5e+00	2.69496e+01	1.6e+00
6.9100e+03	2.5e+00	3.21927e+01	1.9e+00
6.9132e+03	2.5e+00	5.29202e+01	2.7e+00
6.9163e+03	2.5e+00	9.65932e+01	2.5e+00
6.9195e+03	2.5e+00	1.05832e+02	4.5e+00
6.9227e+03	2.5e+00	1.08162e+02	6.5e+00
6.9258e+03	2.5e+00	7.20842e+01	3.8e+00
6.9290e+03	2.5e+00	3.62560e+01	3.2e+00
6.9322e+03	2.5e+00	3.89580e+01	1.4e+00
6.9353e+03	2.5e+00	3.51368e+01	3.7e+00
6.9385e+03	2.5e+00	8.28898e+01	4.2e+00
6.9417e+03	2.5e+00	1.66566e+02	6.5e+00
6.9448e+03	2.5e+00	2.99393e+02	6.6e+00
6.9480e+03	2.5e+00	6.11287e+02	2.1e+01
6.9511e+03	2.5e+00	1.18650e+03	2.6e+01
6.9543e+03	2.5e+00	1.34425e+03	8.3e+00
6.9574e+03	2.5e+00	1.11370e+03	1.6e+01
6.9606e+03	2.5e+00	4.89385e+02	2.6e+01
6.9637e+03	2.5e+00	2.85869e+01	5.7e+00
6.9669e+03	2.5e+00	2.68973e+01	2.4e+00
6.9701e+03	2.5e+00	1.97324e+01	3.3e+00
6.9732e+03	2.5e+00	2.41829e+01	3.3e+00
6.9763e+03	2.5e+00	2.23143e+01	1.6e+00
6.9795e+03	2.5e+00	2.20547e+01	2.5e+00
6.9826e+03	2.5e+00	1.54731e+01	1.5e+00
6.9858e+03	2.5e+00	1.83226e+01	2.4e+00
6.9889e+03	2.5e+00	2.17684e+01	1.5e+00
6.9921e+03	2.5e+00	2.05791e+01	2.7e+00
6.9952e+03	2.5e+00	2.06850e+01	1.6e+00
6.9983e+03	2.5e+00	2.30665e+01	2.8e+00
7.0015e+03	2.5e+00	3.00795e+01	3.1e+00
7.0046e+03	2.5e+00	3.60603e+01	4.3e+00
7.0078e+03	2.5e+00	5.80768e+01	5.7e+00
7.0109e+03	2.5e+00	8.44166e+01	2.2e+00
7.0140e+03	2.5e+00	1.43662e+02	5.0e+00
7.0172e+03	2.5e+00	1.63835e+02	4.8e+00
7.0203e+03	2.5e+00	1.39161e+02	4.7e+00
7.0234e+03	2.5e+00	9.38147e+01	4.4e+00
7.0265e+03	2.5e+00	3.66998e+01	2.4e+00
7.0297e+03	2.5e+00	2.69822e+01	2.8e+00
7.0328e+03	2.5e+00	3.25142e+01	1.7e+00
7.0359e+03	2.5e+00	7.28478e+01	4.6e+00
7.0390e+03	2.5e+00	1.36635e+02	5.5e+00
7.0422e+03	2.5e+00	2.13615e+02	4.0e+00
7.0453e+03	2.5e+00	4.15797e+02	1.5e+01
7.0484e+03	2.5e+00	7.48012e+02	1.7e+01
7.0515e+03	2.4e+00	8.19671e+02	1.5e+01
7.0546e+03	2.4e+00	7.15805e+02	1.7e+01
7.0578e+03	2.4e+00	3.40305e+02	2.1e+01
7.0609e+03	2.4e+00	3.42847e+01	5.6e+00
7.0640e+03	2.4e+00	2.72553e+01	1.9e+00
7.0671e+03	2.4e+00	1.66745e+01	1.7e+00
7.0702e+03	2.4e+00	1.94847e+01	1.9e+00
7.0733e+03	2.4e+00	2.54751e+01	1.2e+00
7.0764e+03	2.4e+00	1.88895e+01	3.9e+00
7.0795e+03	2.4e+00	2.02566e+01	1.0e+00
7.0826e+03	2.4e+00	1.88058e+01	2.7e+00
7.0857e+03	2.4e+00	2.29914e+01	1.7e+00
7.0888e+03	2.4e+00	2.56938e+01	1.6e+00
7.0919e+03	2.4e+00	2.20513e+01	1.9e+00
7.0950e+03	2.4e+00	2.25781e+01	2.7e+00
7.0981e+03	2.4e+00	1.74639e+01	4.0e+00
7.1012e+03	2.4e+00	1.65406e+01	1.8e+00
7.1043e+03	2.4e+00	2.19115e+01	1.1e+00
7.1074e+03	2.4e+00	2.38030e+01	2.5e+00
7.1105e+03	2.4e+00	3.13975e+01	2.7e+00
7.1136e+03	2.4e+00	3.41848e+01	2.7e+00
7.1167e+03	2.4e+00	3.61319e+01	3.2e+00
7.1198e+03	2.4e+00	5.04706e+01	3.3e+00
7.1229e+03	2.4e+00	8.42088e+01	2.6e+00
7.1260e+03	2.4e+00	1.06586e+02	3.7e+00
7.1291e+03	2.4e+00	1.00534e+02	4.1e+00
7.1321e+03	2.4e+00	7.70484e+01	2.0e+00
7.1352e+03	2.4e+00	3.49205e+01	2.6e+00
7.1383e+03	2.4e+00	1.98871e+01	2.0e+00
7.1414e+03	2.4e+00	2.52459e+01	2.3e+00
7.1445e+03	2.4e+00	2.33848e+01	1.8e+00
7.1475e+03	2.4e+00	2.36816e+01	2.4e+00
7.1506e+03	2.4e+00	2.94060e+01	2.0e+00
7.1537e+03	2.4e+00	2.73860e+01	2.9e+00
7.1568e+03	2.4e+00	2.31527e+01	2.3e+00
7.1598e+03	2.4e+00	2.18868e+01	2.4e+00
7.1629e+03	2.4e+00	2.14749e+01	2.0e+00
7.1660e+03	2.4e+00	2.15636e+01	1.4e+00
7.1690e+03	2.4e+00	2.21824e+01	2.0e+00
7.1721e+03	2.4e+00	1.98329e+01	2.5e+00
7.1752e+03	2.4e+00	3.06230e+01	1.2e+00
7.1782e+03	2.4e+00	2.96280e+01	2.3e+00
7.1813e+03	2.4e+00	3.96755e+01	4.1e+00
7.1844e+03	2.4e+00	4.16118e+01	2.3e+00
7.1874e+03	2.4e+00	3.58618e+01	3.1e+00
7.1905e+03	2.4e+00	2.19572e+01	2.4e+00
7.1936e+03	2.4e+00	2.40596e+01	3.4e+00
7.1966e+03	2.4e+00	2.18125e+01	2.7e+00
7.1997e+03	2.4e+00	2.19970e+01	2.0e+00
7.2027e+03	2.4e+00	1.98868e+01	1.7e+00
7.2058e+03	2.4e+00	2.94526e+01	2.5e+00
7.2088e+03	2.4e+00	3.30654e+01	1.8e+00
7.2119e+03	2.4e+00	3.66840e+01	2.6e+00
7.2149e+03	2.4e+00	4.65343e+01	1.1e+00
7.2180e+03	2.4e+00	5.22374e+01	3.0e+00
7.2210e+03	2.4e+00	5.01421e+01	3.5e+00
7.2241e+03	2.4e+00	4.91548e+01	1.4e+00
7.2271e+03	2.4e+00	3.45108e+01	1.7e+00
7.2301e+03	2.4e+00	4.74445e+01	2.7e+00
7.2332e+03	2.4e+00	6.90755e+01	5.6e+00
7.2362e+03	2.4e+00	1.15770e+02	4.4e+00
7.2393e+03	2.4e+00	1.73168e+02	5.6e+00
7.2423e+03	2.4e+00	2.65640e+02	8.5e+00
7.2453e+03	2.4e+00	3.11454e+02	6.4e+00
7.2484e+03	2.4e+00	2.66258e+02	6.5e+00
7.2514e+03	2.4e+00	1.66750e+02	8.9e+00
7.2544e+03	2.4e+00	5.65476e+01	4.3e+00
7.2575e+03	2.4e+00	2.69647e+01	2.2e+00
7.2605e+03	2.4e+00	3.32890e+01	1.6e+00
7.2635e+03	2.4e+00	2.45674e+01	3.0e+00
7.2666e+03	2.4e+00	2.48581e+01	3.2e+00
7.2696e+03	2.4e+00	2.49642e+01	3.3e+00
7.2726e+03	2.4e+00	2.94980e+01	3.3e+00
7.2756e+03	2.4e+00	3.36227e+01	1.6e+00
7.2786e+03	2.4e+00	3.45183e+01	3.4e+00
7.2817e+03	2.4e+00	3.78371e+01	2.8e+00
7.2847e+03	2.4e+00	4.01486e+01	2.4e+00
7.2877e+03	2.4e+00	3.52910e+01	1.6e+00
7.2907e+03	2.4e+00	3.07745e+01	2.5e+00
7.2937e+03	2.4e+00	2.75645e+01	2.2e+00
7.2967e+03	2.4e+00	2.19367e+01	1.3e+00
7.2997e+03	2.4e+00	2.46284e+01	2.3e+00
7.3028e+03	2.4e+00	3.04502e+01	2.1e+00
7.3058e+03	2.4e+00	3.06631e+01	2.2e+00
7.3088e+03	2.4e+00	3.11459e+01	3.3e+00
7.3118e+03	2.4e+00	3.68513e+01	3.0e+00
7.3148e+03	2.4e+00	4.03567e+01	2.3e+00
7.3178e+03	2.4e+00	4.70304e+01	2.6e+00
7.3208e+03	2.4e+00	5.02735e+01	4.9e+00
7.3238e+03	2.4e+00	5.58439e+01	2.8e+00
7.3268e+03	2.4e+00	5.06423e+01	4.7e+00
7.3298e+03	2.4e+00	7.43860e+01	3.0e+00
7.3328e+03	2.4e+00	1.40398e+02	5.9e+00
7.3358e+03	2.4e+00	2.62623e+02	1.0e+01
7.3388e+03	2.4e+00	4.03655e+02	1.2e+01
7.3418e+03	2.4e+00	6.12006e+02	1.1e+01
7.3447e+03	2.4e+00	9.19530e+02	1.5e+01
7.3477e+03	2.4e+00	1.23308e+03	3.1e+01
7.3507e+03	2.4e+00	1.20674e+03	2.3e+01
7.3537e+03	2.4e+00	9.05722e+02	2.5e+01
7.3567e+03	2.4e+00	3.78164e+02	2.3e+01
7.3597e+03	2.4e+00	5.44845e+01	7.2e+00
7.3627e+03	2.4e+00	4.94331e+01	4.3e+00
7.3656e+03	2.4e+00	3.54190e+01	4.0e+00
7.3686e+03	2.4e+00	3.37654e+01	2.7e+00
7.3716e+03	2.4e+00	3.38712e+01	4.7e+00
7.3746e+03	2.4e+00	3.14092e+01	1.4e+00
7.3775e+03	2.4e+00	3.13933e+01	2.5e+00
7.3805e+03	2.4e+00	3.96894e+01	4.1e+00
7.3835e+03	2.4e+00	3.82079e+01	2.8e+00
7.3865e+03	2.4e+00	4.07536e+01	4.0e+00
7.3894e+03	2.4e+00	4.97246e+01	4.0e+00
7.3924e+03	2.4e+00	4.87689e+01	2.4e+00
7.3954e+03	2.4e+00	4.82311e+01	2.1e+00
7.3983e+03	2.4e+00	5.12899e+01	3.5e+00
7.4013e+03	2.4e+00	4.94785e+01	5.1e+00
7.4043e+03	2.4e+00	4.60022e+01	4.3e+00
7.4072e+03	2.4e+00	4.40780e+01	2.8e+00
7.4102e+03	2.4e+00	4.06368e+01	2.4e+00
7.4131e+03	2.4e+00	3.88635e+01	3.0e+00
7.4161e+03	2.4e+00	4.61078e+01	3.4e+00
7.4190e+03	2.4e+00	4.82581e+01	2.5e+00
7.4220e+03	2.4e+00	5.13112e+01	1.5e+00
7.4250e+03	2.4e+00	5.61431e+01	1.4e+00
7.4279e+03	2.4e+00	5.82101e+01	3.9e+00
7.4309e+03	2.4e+00	6.30359e+01	2.9e+00
7.4338e+03	2.4e+00	7.15797e+01	3.2e+00
7.4367e+03	2.4e+00	9.07054e+01	5.4e+00
7.4397e+03	2.4e+00	2.06389e+02	1.1e+01
7.4426e+03	2.4e+00	5.80709e+02	2.4e+01
7.4456e+03	2.4e+00	1.24546e+03	4.3e+01
7.4485e+03	2.3e+00	2.23465e+03	4.0e+01
7.4515e+03	2.3e+00	3.65898e+03	6.6e+01
7.4544e+03	2.3e+00	5.44627e+03	7.9e+01
7.4573e+03	2.3e+00	7.89170e+03	1.5e+02
7.4603e+03	2.3e+00	9.29302e+03	8.7e+01
7.4632e+03	2.3e+00	8.22784e+03	9.1e+01
7.4661e+03	2.3e+00	6.06497e+03	1.1e+02
7.4691e+03	2.3e+00	3.31742e+03	8.5e+01
7.4720e+03	2.3e+00	2.19887e+03	2.3e+01
7.4749e+03	2.3e+00	1.61439e+03	4.3e+01
7.4778e+03	2.3e+00	6.37479e+02	3.3e+01
7.4808e+03	2.3e+00	1.08454e+02	6.6e+00
7.4837e+03	2.3e+00	6.96945e+01	3.2e+00
7.4866e+03	2.3e+00	6.73912e+01	5.1e+00
7.4895e+03	2.3e+00	6.36041e+01	2.4e+00
7.4925e+03	2.3e+00	6.24732e+01	3.0e+00
7.4954e+03	2.3e+00	6.25781e+01	4.5e+00
7.4983e+03	2.3e+00	5.81092e+01	2.4e+00
7.5012e+03	2.3e+00	4.43451e+01	4.6e+00
7.5041e+03	2.3e+00	4.17015e+01	6.8e+00
7.5070e+03	2.3e+00	4.88613e+01	3.0e+00
7.5099e+03	2.3e+00	4.79931e+01	5.0e+00
7.5128e+03	2.3e+00	4.25033e+01	4.5e+00
7.5157e+03	2.3e+00	4.12678e+01	4.9e+00
7.5187e+03	2.3e+00	3.72669e+01	2.8e+00
7.5216e+03	2.3e+00	4.17434e+01	4.4e+00
7.5245e+03	2.3e+00	4.37724e+01	4.0e+00
7.5274e+03	2.3e+00	4.76441e+01	2.7e+00
7.5303e+03	2.3e+00	4.36486e+01	4.2e+00
7.5332e+03	2.3e+00	4.40065e+01	5.7e+00
7.5361e+03	2.3e+00	4.70064e+01	3.5e+00
7.5390e+03	2.3e+00	4.04942e+01	2.8e+00
7.5418e+03	2.3e+00	4.20321e+01	2.2e+00
7.5447e+03	2.3e+00	4.42917e+01	4.2e+00
7.5476e+03	2.3e+00	5.51501e+01	3.0e+00
7.5505e+03	2.3e+00	4.18395e+01	4.0e+00
7.5534e+03	2.3e+00	4.51521e+01	3.3e+00
7.5563e+03	2.3e+00	6.39588e+01	1.5e+00
7.5592e+03	2.3e+00	1.18496e+02	1.2e+01
7.5621e+03	2.3e+00	2.92200e+02	1.2e+01
7.5649e+03	2.3e+00	6.30194e+02	1.4e+01
7.5678e+03	2.3e+00	1.11667e+03	2.4e+01
7.5707e+03	2.3e+00	1.78254e+03	3.3e+01
7.5736e+03	2.3e+00	2.43830e+03	3.3e+01
7.5765e+03	2.3e+00	3.20297e+03	3.6e+01
7.5793e+03	2.3e+00	4.12696e+03	5.7e+01
7.5822e+03	2.3e+00	3.73064e+03	6.4e+01
7.5851e+03	2.3e+00	2.74859e+03	5.3e+01
7.5879e+03	2.3e+00	1.19989e+03	6.6e+01
7.5908e+03	2.3e+00	1.47249e+02	1.1e+01
7.5937e+03	2.3e+00	5.70991e+01	4.7e+00
7.5965e+03	2.3e+00	4.62369e+01	4.0e+00
7.5994e+03	2.3e+00	4.48328e+01	6.0e+00
