# lambda [A]	Dlambda [A]	specval [counts]	Dspecval [counts]
3.5785e+03	2.5e+00	1.00007e+04	9.6e+01
3.5822e+03	2.5e+00	1.04720e+04	3.6e+02
3.5860e+03	2.5e+00	1.13269e+04	1.0e+02
3.5897e+03	2.5e+00	1.00621e+04	2.1e+02
3.5934e+03	2.5e+00	1.03945e+04	3.8e+02
3.5971e+03	2.5e+00	1.12862e+04	3.8e+02
3.6009e+03	2.5e+00	1.15085e+04	5.1e+02
3.6046e+03	2.5e+00	1.11954e+04	2.1e+02
3.6083e+03	2.5e+00	1.20356e+04	3.5e+02
3.6120e+03	2.5e+00	1.33457e+04	5.2e+02
3.6158e+03	2.5e+00	1.41733e+04	7.9e+02
3.6195e+03	2.5e+00	1.32544e+04	4.2e+02
3.6232e+03	2.5e+00	1.45412e+04	5.9e+01
3.6269e+03	2.5e+00	1.39602e+04	3.9e+02
3.6307e+03	2.5e+00	1.39275e+04	5.7e+02
3.6344e+03	2.5e+00	1.46391e+04	2.9e+02
3.6381e+03	2.5e+00	1.46331e+04	3.8e+02
3.6418e+03	2.5e+00	1.62825e+04	3.7e+02
3.6455e+03	2.5e+00	1.64112e+04	1.0e+03
3.6493e+03	2.5e+00	1.78506e+04	7.3e+02
3.6530e+03	2.5e+00	1.74489e+04	3.2e+02
3.6567e+03	2.5e+00	1.96002e+04	5.3e+02
3.6604e+03	2.5e+00	1.86714e+04	3.8e+02
3.6641e+03	2.5e+00	1.94783e+04	6.0e+02
3.6678e+03	2.5e+00	2.13159e+04	5.4e+02
3.6716e+03	2.5e+00	2.28720e+04	1.0e+03
3.6753e+03	2.5e+00	2.20368e+04	1.4e+03
3.6790e+03	2.5e+00	2.57265e+04	1.6e+03
3.6827e+03	2.5e+00	2.59239e+04	1.2e+03
3.6864e+03	2.5e+00	2.77699e+04	1.0e+03
3.6901e+03	2.5e+00	2.88011e+04	1.5e+03
3.6939e+03	2.5e+00	2.96772e+04	7.4e+02
3.6976e+03	2.5e+00	3.09756e+04	8.9e+02
3.7013e+03	2.5e+00	3.54832e+04	7.4e+02
3.7050e+03	2.5e+00	4.11225e+04	1.5e+03
3.7087e+03	2.5e+00	4.20717e+04	1.4e+03
3.7124e+03	2.5e+00	4.07407e+04	1.2e+03
3.7161e+03	2.5e+00	4.28269e+04	1.9e+03
3.7198e+03	2.5e+00	5.14678e+04	2.0e+03
3.7236e+03	2.5e+00	6.00860e+04	2.1e+03
3.7273e+03	2.5e+00	6.33254e+04	2.1e+03
3.7310e+03	2.5e+00	5.70974e+04	1.7e+03
3.7347e+03	2.5e+00	5.42137e+04	2.0e+03
3.7384e+03	2.5e+00	6.29337e+04	3.5e+03
3.7421e+03	2.5e+00	7.50541e+04	2.8e+03
3.7458e+03	2.5e+00	9.59434e+04	4.0e+03
3.7495e+03	2.5e+00	1.09899e+05	4.5e+03
3.7532e+03	2.5e+00	1.08598e+05	3.0e+03
3.7569e+03	2.5e+00	1.03164e+05	4.2e+03
3.7606e+03	2.5e+00	8.68173e+04	2.9e+03
3.7643e+03	2.5e+00	8.20732e+04	2.7e+03
3.7681e+03	2.5e+00	9.36349e+04	3.7e+03
3.7718e+03	2.5e+00	1.20628e+05	4.7e+03
3.7755e+03	2.5e+00	1.53578e+05	7.4e+03
3.7792e+03	2.5e+00	1.83036e+05	7.4e+03
3.7829e+03	2.5e+00	1.98662e+05	8.2e+03
3.7866e+03	2.5e+00	2.15063e+05	8.8e+03
3.7903e+03	2.5e+00	2.01390e+05	8.8e+03
3.7940e+03	2.5e+00	1.93796e+05	8.1e+03
3.7977e+03	2.5e+00	1.69529e+05	7.0e+03
3.8014e+03	2.5e+00	1.34324e+05	5.5e+03
3.8051e+03	2.5e+00	1.25927e+05	4.9e+03
3.8088e+03	2.5e+00	1.55394e+05	6.8e+03
3.8125e+03	2.5e+00	2.10094e+05	8.3e+03
3.8162e+03	2.5e+00	2.66754e+05	1.0e+04
3.8199e+03	2.5e+00	3.04831e+05	1.3e+04
3.8236e+03	2.5e+00	3.49239e+05	1.5e+04
3.8273e+03	2.5e+00	3.75904e+05	1.5e+04
3.8310e+03	2.5e+00	3.97853e+05	1.5e+04
3.8347e+03	2.5e+00	4.11787e+05	1.6e+04
3.8384e+03	2.5e+00	4.24577e+05	1.9e+04
3.8421e+03	2.5e+00	4.17262e+05	1.9e+04
3.8458e+03	2.5e+00	4.03732e+05	1.8e+04
3.8495e+03	2.5e+00	3.70956e+05	1.3e+04
3.8532e+03	2.5e+00	3.20390e+05	1.1e+04
3.8569e+03	2.5e+00	2.54919e+05	1.2e+04
3.8605e+03	2.5e+00	2.16055e+05	9.3e+03
3.8642e+03	2.5e+00	2.35839e+05	7.1e+03
3.8679e+03	2.5e+00	3.02923e+05	9.9e+03
3.8716e+03	2.5e+00	3.89668e+05	1.4e+04
3.8753e+03	2.5e+00	4.64983e+05	1.6e+04
3.8790e+03	2.5e+00	5.24495e+05	2.3e+04
3.8827e+03	2.5e+00	5.74147e+05	1.8e+04
3.8864e+03	2.5e+00	6.06642e+05	2.0e+04
3.8901e+03	2.5e+00	6.28193e+05	2.1e+04
3.8938e+03	2.5e+00	6.56854e+05	2.6e+04
3.8975e+03	2.5e+00	6.77682e+05	2.3e+04
3.9012e+03	2.5e+00	6.69892e+05	2.6e+04
3.9048e+03	2.5e+00	6.55041e+05	2.7e+04
3.9085e+03	2.5e+00	6.42526e+05	2.6e+04
3.9122e+03	2.5e+00	6.72518e+05	3.0e+04
3.9159e+03	2.5e+00	6.95229e+05	2.9e+04
3.9196e+03	2.5e+00	6.89454e+05	2.5e+04
3.9233e+03	2.5e+00	6.76118e+05	2.8e+04
3.9270e+03	2.5e+00	6.64091e+05	2.1e+04
3.9307e+03	2.5e+00	6.15494e+05	2.1e+04
3.9343e+03	2.5e+00	5.55602e+05	2.0e+04
3.9380e+03	2.5e+00	4.68548e+05	1.6e+04
3.9417e+03	2.5e+00	3.67129e+05	1.4e+04
3.9454e+03	2.5e+00	2.95920e+05	1.1e+04
3.9491e+03	2.5e+00	3.01769e+05	1.0e+04
3.9528e+03	2.5e+00	3.76951e+05	1.4e+04
3.9564e+03	2.5e+00	4.76958e+05	2.0e+04
3.9601e+03	2.5e+00	5.73430e+05	2.2e+04
3.9638e+03	2.5e+00	6.38214e+05	2.4e+04
3.9675e+03	2.5e+00	7.00370e+05	2.4e+04
3.9712e+03	2.5e+00	7.27176e+05	2.5e+04
3.9749e+03	2.5e+00	7.62484e+05	2.9e+04
3.9785e+03	2.5e+00	7.68123e+05	2.8e+04
3.9822e+03	2.5e+00	7.72149e+05	2.5e+04
3.9859e+03	2.5e+00	7.80151e+05	3.0e+04
3.9896e+03	2.5e+00	7.88948e+05	3.4e+04
3.9933e+03	2.5e+00	7.93923e+05	3.2e+04
3.9969e+03	2.5e+00	8.02207e+05	3.1e+04
4.0006e+03	2.5e+00	7.93266e+05	2.8e+04
4.0043e+03	2.5e+00	7.91734e+05	2.8e+04
4.0080e+03	2.5e+00	7.96508e+05	2.4e+04
4.0116e+03	2.5e+00	7.86631e+05	2.8e+04
4.0153e+03	2.5e+00	7.90323e+05	3.0e+04
4.0190e+03	2.5e+00	7.82487e+05	2.5e+04
4.0227e+03	2.5e+00	7.70051e+05	2.6e+04
4.0263e+03	2.5e+00	7.73563e+05	2.6e+04
4.0300e+03	2.5e+00	7.62188e+05	2.5e+04
4.0337e+03	2.5e+00	7.61083e+05	2.6e+04
4.0374e+03	2.5e+00	7.56685e+05	2.8e+04
4.0410e+03	2.5e+00	7.48281e+05	2.4e+04
4.0447e+03	2.5e+00	7.37795e+05	2.2e+04
4.0484e+03	2.5e+00	7.34804e+05	2.4e+04
4.0521e+03	2.5e+00	7.18779e+05	2.5e+04
4.0557e+03	2.5e+00	6.96341e+05	2.3e+04
4.0594e+03	2.5e+00	6.82832e+05	2.4e+04
4.0631e+03	2.5e+00	6.55586e+05	2.3e+04
4.0667e+03	2.5e+00	6.14845e+05	2.3e+04
4.0704e+03	2.5e+00	5.62467e+05	2.0e+04
4.0741e+03	2.4e+00	4.88074e+05	1.9e+04
4.0777e+03	2.4e+00	4.00680e+05	1.3e+04
4.0814e+03	2.4e+00	3.10330e+05	9.8e+03
4.0851e+03	2.4e+00	2.76415e+05	9.1e+03
4.0887e+03	2.4e+00	3.00164e+05	1.0e+04
4.0924e+03	2.4e+00	3.86289e+05	1.3e+04
4.0961e+03	2.4e+00	4.72807e+05	1.5e+04
4.0997e+03	2.4e+00	5.38180e+05	1.8e+04
4.1034e+03	2.4e+00	5.82058e+05	1.7e+04
4.1071e+03	2.4e+00	6.18186e+05	2.0e+04
4.1107e+03	2.4e+00	6.24591e+05	1.9e+04
4.1144e+03	2.4e+00	6.47236e+05	1.9e+04
4.1181e+03	2.4e+00	6.46146e+05	1.7e+04
4.1217e+03	2.4e+00	6.66447e+05	2.2e+04
4.1254e+03	2.4e+00	6.64201e+05	2.0e+04
4.1291e+03	2.4e+00	6.76897e+05	2.1e+04
4.1327e+03	2.4e+00	6.68478e+05	2.0e+04
4.1364e+03	2.4e+00	6.67753e+05	2.1e+04
4.1400e+03	2.4e+00	6.78643e+05	1.9e+04
4.1437e+03	2.4e+00	6.80102e+05	1.8e+04
4.1474e+03	2.4e+00	6.77334e+05	2.0e+04
4.1510e+03	2.4e+00	6.76503e+05	2.0e+04
4.1547e+03	2.4e+00	6.77437e+05	2.3e+04
4.1583e+03	2.4e+00	6.71174e+05	1.8e+04
4.1620e+03	2.4e+00	6.72304e+05	2.1e+04
4.1657e+03	2.4e+00	6.70619e+05	1.7e+04
4.1693e+03	2.4e+00	6.73437e+05	2.1e+04
4.1730e+03	2.4e+00	6.72252e+05	2.1e+04
4.1766e+03	2.4e+00	6.70677e+05	1.8e+04
4.1803e+03	2.4e+00	6.76439e+05	1.6e+04
4.1839e+03	2.4e+00	6.76974e+05	1.9e+04
4.1876e+03	2.4e+00	6.78417e+05	1.8e+04
4.1912e+03	2.4e+00	6.74889e+05	2.0e+04
4.1949e+03	2.4e+00	6.74233e+05	1.8e+04
4.1986e+03	2.4e+00	6.72715e+05	1.9e+04
4.2022e+03	2.4e+00	6.68295e+05	1.7e+04
4.2059e+03	2.4e+00	6.66068e+05	1.8e+04
4.2095e+03	2.4e+00	6.64532e+05	1.6e+04
4.2132e+03	2.4e+00	6.62352e+05	1.9e+04
4.2168e+03	2.4e+00	6.55878e+05	1.8e+04
4.2205e+03	2.4e+00	6.56773e+05	1.8e+04
4.2241e+03	2.4e+00	6.62819e+05	1.5e+04
4.2278e+03	2.4e+00	6.58957e+05	1.5e+04
4.2314e+03	2.4e+00	6.49226e+05	1.6e+04
4.2351e+03	2.4e+00	6.51480e+05	1.8e+04
4.2387e+03	2.4e+00	6.56074e+05	1.6e+04
4.2424e+03	2.4e+00	6.53603e+05	1.8e+04
4.2460e+03	2.4e+00	6.46071e+05	1.8e+04
4.2497e+03	2.4e+00	6.53003e+05	1.7e+04
4.2533e+03	2.4e+00	6.53246e+05	1.7e+04
4.2570e+03	2.4e+00	6.46600e+05	1.6e+04
4.2606e+03	2.4e+00	6.40580e+05	1.3e+04
4.2642e+03	2.4e+00	6.41195e+05	1.6e+04
4.2679e+03	2.4e+00	6.43857e+05	1.7e+04
4.2715e+03	2.4e+00	6.41917e+05	1.5e+04
4.2752e+03	2.4e+00	6.34078e+05	1.4e+04
4.2788e+03	2.4e+00	6.24712e+05	1.3e+04
4.2825e+03	2.4e+00	6.22866e+05	1.5e+04
4.2861e+03	2.4e+00	6.14362e+05	1.5e+04
4.2898e+03	2.4e+00	6.03949e+05	1.2e+04
4.2934e+03	2.4e+00	6.04276e+05	1.3e+04
4.2970e+03	2.4e+00	5.86188e+05	1.4e+04
4.3007e+03	2.4e+00	5.84935e+05	1.4e+04
4.3043e+03	2.4e+00	5.70401e+05	1.3e+04
4.3080e+03	2.4e+00	5.56362e+05	1.2e+04
4.3116e+03	2.4e+00	5.36302e+05	1.3e+04
4.3152e+03	2.4e+00	5.01852e+05	1.2e+04
4.3189e+03	2.4e+00	4.55428e+05	1.0e+04
4.3225e+03	2.4e+00	3.99959e+05	9.0e+03
4.3262e+03	2.4e+00	3.23736e+05	6.5e+03
4.3298e+03	2.4e+00	2.60209e+05	5.2e+03
4.3334e+03	2.4e+00	2.50468e+05	4.8e+03
4.3371e+03	2.4e+00	2.88477e+05	7.0e+03
4.3407e+03	2.4e+00	3.62704e+05	7.6e+03
4.3443e+03	2.4e+00	4.26823e+05	1.0e+04
4.3480e+03	2.4e+00	4.73185e+05	1.2e+04
4.3516e+03	2.4e+00	5.08025e+05	1.1e+04
4.3553e+03	2.4e+00	5.32298e+05	1.1e+04
4.3589e+03	2.4e+00	5.44263e+05	1.2e+04
4.3625e+03	2.4e+00	5.52785e+05	1.1e+04
4.3662e+03	2.4e+00	5.59476e+05	1.2e+04
4.3698e+03	2.4e+00	5.64588e+05	1.3e+04
4.3734e+03	2.4e+00	5.64427e+05	1.3e+04
4.3771e+03	2.4e+00	5.63248e+05	1.3e+04
4.3807e+03	2.4e+00	5.59034e+05	1.1e+04
4.3843e+03	2.4e+00	5.63644e+05	1.1e+04
4.3879e+03	2.4e+00	5.64408e+05	1.3e+04
4.3916e+03	2.4e+00	5.59508e+05	9.9e+03
4.3952e+03	2.4e+00	5.61569e+05	9.5e+03
4.3988e+03	2.4e+00	5.65617e+05	1.2e+04
4.4025e+03	2.4e+00	5.61836e+05	1.1e+04
4.4061e+03	2.4e+00	5.57508e+05	1.0e+04
4.4097e+03	2.4e+00	5.55145e+05	1.0e+04
4.4134e+03	2.4e+00	5.55015e+05	9.7e+03
4.4170e+03	2.4e+00	5.56511e+05	8.9e+03
4.4206e+03	2.4e+00	5.60247e+05	7.6e+03
4.4242e+03	2.4e+00	5.54819e+05	8.0e+03
4.4279e+03	2.4e+00	5.54782e+05	9.7e+03
4.4315e+03	2.4e+00	5.54093e+05	9.8e+03
4.4351e+03	2.4e+00	5.44936e+05	9.7e+03
4.4387e+03	2.4e+00	5.41316e+05	7.8e+03
4.4424e+03	2.4e+00	5.38620e+05	8.9e+03
4.4460e+03	2.4e+00	5.39652e+05	9.8e+03
4.4496e+03	2.4e+00	5.36295e+05	9.0e+03
4.4532e+03	2.4e+00	5.40632e+05	9.5e+03
4.4569e+03	2.4e+00	5.34849e+05	9.8e+03
4.4605e+03	2.4e+00	5.33021e+05	8.3e+03
4.4641e+03	2.4e+00	5.23296e+05	9.2e+03
4.4677e+03	2.4e+00	5.23293e+05	8.1e+03
4.4713e+03	2.4e+00	5.14548e+05	8.9e+03
4.4750e+03	2.4e+00	5.09933e+05	8.1e+03
4.4786e+03	2.4e+00	5.09210e+05	7.3e+03
4.4822e+03	2.4e+00	5.05668e+05	9.0e+03
4.4858e+03	2.4e+00	5.13230e+05	8.8e+03
4.4894e+03	2.4e+00	5.03669e+05	8.4e+03
4.4931e+03	2.4e+00	5.11073e+05	7.5e+03
4.4967e+03	2.4e+00	5.11048e+05	6.6e+03
4.5003e+03	2.4e+00	5.05193e+05	7.8e+03
4.5039e+03	2.4e+00	5.05965e+05	7.0e+03
4.5075e+03	2.4e+00	5.00550e+05	8.4e+03
4.5111e+03	2.4e+00	4.97180e+05	7.8e+03
4.5148e+03	2.4e+00	4.90824e+05	7.8e+03
4.5184e+03	2.4e+00	4.93090e+05	7.2e+03
4.5220e+03	2.4e+00	4.87450e+05	6.2e+03
4.5256e+03	2.4e+00	4.84837e+05	6.0e+03
4.5292e+03	2.4e+00	4.82988e+05	6.3e+03
4.5328e+03	2.4e+00	4.84280e+05	6.3e+03
4.5364e+03	2.4e+00	4.84263e+05	7.0e+03
4.5401e+03	2.4e+00	4.82728e+05	7.6e+03
4.5437e+03	2.4e+00	4.74165e+05	7.3e+03
4.5473e+03	2.4e+00	4.70752e+05	6.9e+03
4.5509e+03	2.4e+00	4.69455e+05	7.6e+03
4.5545e+03	2.4e+00	4.72567e+05	6.9e+03
4.5581e+03	2.4e+00	4.69892e+05	5.4e+03
4.5617e+03	2.4e+00	4.64580e+05	6.4e+03
4.5653e+03	2.4e+00	4.63902e+05	7.4e+03
4.5689e+03	2.4e+00	4.63767e+05	5.7e+03
4.5725e+03	2.4e+00	4.59270e+05	5.8e+03
4.5762e+03	2.4e+00	4.52516e+05	7.4e+03
4.5798e+03	2.4e+00	4.48757e+05	6.1e+03
4.5834e+03	2.4e+00	4.46120e+05	5.1e+03
4.5870e+03	2.4e+00	4.44639e+05	6.0e+03
4.5906e+03	2.4e+00	4.47898e+05	4.8e+03
4.5942e+03	2.4e+00	4.47491e+05	4.4e+03
4.5978e+03	2.4e+00	4.47032e+05	4.6e+03
4.6014e+03	2.4e+00	4.46199e+05	4.7e+03
4.6050e+03	2.4e+00	4.44882e+05	4.2e+03
4.6086e+03	2.4e+00	4.42230e+05	3.2e+03
4.6122e+03	2.4e+00	4.38495e+05	3.6e+03
4.6158e+03	2.4e+00	4.37029e+05	2.9e+03
4.6194e+03	2.4e+00	4.32040e+05	3.8e+03
4.6230e+03	2.4e+00	4.31567e+05	4.1e+03
4.6266e+03	2.4e+00	4.33841e+05	4.3e+03
4.6302e+03	2.4e+00	4.28401e+05	5.8e+03
4.6338e+03	2.4e+00	4.26959e+05	5.4e+03
4.6374e+03	2.4e+00	4.26508e+05	4.3e+03
4.6410e+03	2.4e+00	4.25490e+05	3.7e+03
4.6446e+03	2.4e+00	4.23688e+05	4.6e+03
4.6482e+03	2.4e+00	4.22730e+05	3.5e+03
4.6518e+03	2.4e+00	4.22023e+05	3.6e+03
4.6554e+03	2.4e+00	4.17688e+05	3.8e+03
4.6590e+03	2.4e+00	4.15165e+05	2.9e+03
4.6626e+03	2.4e+00	4.12126e+05	3.6e+03
4.6662e+03	2.4e+00	4.11540e+05	2.3e+03
4.6698e+03	2.4e+00	4.07752e+05	3.0e+03
4.6734e+03	2.4e+00	4.03305e+05	3.8e+03
4.6770e+03	2.4e+00	4.03484e+05	2.9e+03
4.6806e+03	2.4e+00	4.00669e+05	3.7e+03
4.6842e+03	2.4e+00	3.99833e+05	3.5e+03
4.6878e+03	2.4e+00	3.97882e+05	2.9e+03
4.6914e+03	2.4e+00	3.93295e+05	3.5e+03
4.6950e+03	2.4e+00	3.93859e+05	3.4e+03
4.6986e+03	2.4e+00	3.90174e+05	3.6e+03
4.7022e+03	2.4e+00	3.89918e+05	2.5e+03
4.7057e+03	2.4e+00	3.87487e+05	3.7e+03
4.7093e+03	2.4e+00	3.85029e+05	2.6e+03
4.7129e+03	2.4e+00	3.85313e+05	4.0e+03
4.7165e+03	2.4e+00	3.81033e+05	3.1e+03
4.7201e+03	2.4e+00	3.80022e+05	2.5e+03
4.7237e+03	2.4e+00	3.81262e+05	2.2e+03
4.7273e+03	2.4e+00	3.74441e+05	2.5e+03
4.7309e+03	2.4e+00	3.75924e+05	3.1e+03
4.7345e+03	2.4e+00	3.71711e+05	2.6e+03
4.7381e+03	2.4e+00	3.69603e+05	2.4e+03
4.7416e+03	2.4e+00	3.68286e+05	2.2e+03
4.7452e+03	2.4e+00	3.65691e+05	2.3e+03
4.7488e+03	2.4e+00	3.62827e+05	1.5e+03
4.7524e+03	2.4e+00	3.60244e+05	3.0e+03
4.7560e+03	2.4e+00	3.61916e+05	1.9e+03
4.7596e+03	2.4e+00	3.54998e+05	1.7e+03
4.7632e+03	2.4e+00	3.53797e+05	1.7e+03
4.7667e+03	2.4e+00	3.48126e+05	1.8e+03
4.7703e+03	2.4e+00	3.47514e+05	1.8e+03
4.7739e+03	2.4e+00	3.47352e+05	1.4e+03
4.7775e+03	2.4e+00	3.45705e+05	1.9e+03
4.7811e+03	2.4e+00	3.44142e+05	2.2e+03
4.7847e+03	2.4e+00	3.43317e+05	2.0e+03
4.7882e+03	2.4e+00	3.39516e+05	1.4e+03
4.7918e+03	2.4e+00	3.39167e+05	1.6e+03
4.7954e+03	2.4e+00	3.37462e+05	1.6e+03
4.7990e+03	2.4e+00	3.35527e+05	1.9e+03
4.8026e+03	2.4e+00	3.32981e+05	2.2e+03
4.8062e+03	2.4e+00	3.31651e+05	1.8e+03
4.8097e+03	2.4e+00	3.28906e+05	1.8e+03
4.8133e+03	2.4e+00	3.30145e+05	1.8e+03
4.8169e+03	2.4e+00	3.24052e+05	1.8e+03
4.8205e+03	2.4e+00	3.19803e+05	1.5e+03
4.8240e+03	2.4e+00	3.15097e+05	1.8e+03
4.8276e+03	2.4e+00	3.13215e+05	1.8e+03
4.8312e+03	2.4e+00	3.07186e+05	1.6e+03
4.8348e+03	2.4e+00	3.00914e+05	1.8e+03
4.8384e+03	2.4e+00	2.89539e+05	2.2e+03
4.8419e+03	2.4e+00	2.79036e+05	1.9e+03
4.8455e+03	2.4e+00	2.65026e+05	1.9e+03
4.8491e+03	2.4e+00	2.43629e+05	1.6e+03
4.8527e+03	2.4e+00	2.15868e+05	1.2e+03
4.8562e+03	2.4e+00	1.83468e+05	1.2e+03
4.8598e+03	2.4e+00	1.51519e+05	1.2e+03
4.8634e+03	2.4e+00	1.46135e+05	7.8e+02
4.8669e+03	2.4e+00	1.61729e+05	5.5e+02
4.8705e+03	2.4e+00	1.97391e+05	9.7e+02
4.8741e+03	2.4e+00	2.21140e+05	8.6e+02
4.8777e+03	2.4e+00	2.44716e+05	6.4e+02
4.8812e+03	2.4e+00	2.60569e+05	1.5e+03
4.8848e+03	2.4e+00	2.71905e+05	1.3e+03
4.8884e+03	2.4e+00	2.80084e+05	1.3e+03
4.8919e+03	2.4e+00	2.84155e+05	1.4e+03
4.8955e+03	2.4e+00	2.88329e+05	1.5e+03
4.8991e+03	2.4e+00	2.89940e+05	1.5e+03
4.9026e+03	2.4e+00	2.91963e+05	1.3e+03
4.9062e+03	2.4e+00	2.93320e+05	1.5e+03
4.9098e+03	2.4e+00	2.92599e+05	1.1e+03
4.9133e+03	2.4e+00	2.92293e+05	1.3e+03
4.9169e+03	2.4e+00	2.90357e+05	1.2e+03
4.9205e+03	2.4e+00	2.87204e+05	1.5e+03
4.9240e+03	2.4e+00	2.87535e+05	9.5e+02
4.9276e+03	2.4e+00	2.88279e+05	1.1e+03
4.9312e+03	2.4e+00	2.88657e+05	1.6e+03
4.9347e+03	2.4e+00	2.90234e+05	1.6e+03
4.9383e+03	2.4e+00	2.89502e+05	1.4e+03
4.9419e+03	2.4e+00	2.88533e+05	1.2e+03
4.9454e+03	2.4e+00	2.88216e+05	1.7e+03
4.9490e+03	2.4e+00	2.86464e+05	1.6e+03
4.9525e+03	2.4e+00	2.86920e+05	1.7e+03
4.9561e+03	2.4e+00	2.83685e+05	1.5e+03
4.9597e+03	2.4e+00	2.83030e+05	1.6e+03
4.9632e+03	2.4e+00	2.81763e+05	1.7e+03
4.9668e+03	2.4e+00	2.81011e+05	1.7e+03
4.9703e+03	2.4e+00	2.81694e+05	1.1e+03
4.9739e+03	2.4e+00	2.80584e+05	1.5e+03
4.9775e+03	2.4e+00	2.79663e+05	2.1e+03
4.9810e+03	2.4e+00	2.76222e+05	1.9e+03
4.9846e+03	2.4e+00	2.76557e+05	1.6e+03
4.9881e+03	2.4e+00	2.74288e+05	1.7e+03
4.9917e+03	2.4e+00	2.72865e+05	2.3e+03
4.9953e+03	2.4e+00	2.73816e+05	1.7e+03
4.9988e+03	2.4e+00	2.70600e+05	2.3e+03
5.0024e+03	2.4e+00	2.68952e+05	1.6e+03
5.0059e+03	2.4e+00	2.66271e+05	1.6e+03
5.0095e+03	2.4e+00	2.65000e+05	1.9e+03
5.0130e+03	2.4e+00	2.63728e+05	1.5e+03
5.0166e+03	2.4e+00	2.60532e+05	1.8e+03
5.0201e+03	2.4e+00	2.59930e+05	2.0e+03
5.0237e+03	2.4e+00	2.57236e+05	1.8e+03
5.0272e+03	2.4e+00	2.57533e+05	1.7e+03
5.0308e+03	2.4e+00	2.57810e+05	1.5e+03
5.0343e+03	2.4e+00	2.54599e+05	1.2e+03
5.0379e+03	2.4e+00	2.53728e+05	1.7e+03
5.0414e+03	2.4e+00	2.52984e+05	1.5e+03
5.0450e+03	2.4e+00	2.52114e+05	1.6e+03
5.0485e+03	2.4e+00	2.51259e+05	1.9e+03
5.0521e+03	2.4e+00	2.50451e+05	1.6e+03
5.0556e+03	2.4e+00	2.49109e+05	1.7e+03
5.0592e+03	2.4e+00	2.46841e+05	1.5e+03
5.0627e+03	2.4e+00	2.45789e+05	1.4e+03
5.0663e+03	2.4e+00	2.47308e+05	1.5e+03
5.0698e+03	2.4e+00	2.46066e+05	1.3e+03
5.0734e+03	2.4e+00	2.43409e+05	9.9e+02
5.0769e+03	2.4e+00	2.45242e+05	1.4e+03
5.0805e+03	2.4e+00	2.43660e+05	1.3e+03
5.0840e+03	2.4e+00	2.42797e+05	1.3e+03
5.0876e+03	2.4e+00	2.40342e+05	1.2e+03
5.0911e+03	2.4e+00	2.39812e+05	1.4e+03
5.0947e+03	2.4e+00	2.38697e+05	1.3e+03
5.0982e+03	2.4e+00	2.38865e+05	1.2e+03
5.1017e+03	2.4e+00	2.36389e+05	1.4e+03
5.1053e+03	2.4e+00	2.37224e+05	1.5e+03
5.1088e+03	2.4e+00	2.34431e+05	1.4e+03
5.1124e+03	2.4e+00	2.33542e+05	1.8e+03
5.1159e+03	2.4e+00	2.33090e+05	1.7e+03
5.1195e+03	2.4e+00	2.32742e+05	1.3e+03
5.1230e+03	2.4e+00	2.30855e+05	1.3e+03
5.1265e+03	2.4e+00	2.28733e+05	1.6e+03
5.1301e+03	2.4e+00	2.28438e+05	1.6e+03
5.1336e+03	2.4e+00	2.28040e+05	1.6e+03
5.1372e+03	2.4e+00	2.25882e+05	1.6e+03
5.1407e+03	2.4e+00	2.25141e+05	1.5e+03
5.1442e+03	2.4e+00	2.23020e+05	1.7e+03
5.1478e+03	2.4e+00	2.21290e+05	1.6e+03
5.1513e+03	2.4e+00	2.21994e+05	1.4e+03
5.1548e+03	2.4e+00	2.19761e+05	1.6e+03
5.1584e+03	2.4e+00	2.19442e+05	1.6e+03
5.1619e+03	2.4e+00	2.16920e+05	1.9e+03
5.1654e+03	2.4e+00	2.16881e+05	1.8e+03
5.1690e+03	2.4e+00	2.12455e+05	1.5e+03
5.1725e+03	2.4e+00	2.10371e+05	1.5e+03
5.1761e+03	2.4e+00	2.09835e+05	1.5e+03
5.1796e+03	2.4e+00	2.11454e+05	1.3e+03
5.1831e+03	2.4e+00	2.10864e+05	1.5e+03
5.1867e+03	2.4e+00	2.09047e+05	1.5e+03
5.1902e+03	2.4e+00	2.08671e+05	1.4e+03
5.1937e+03	2.4e+00	2.09641e+05	1.4e+03
5.1972e+03	2.4e+00	2.08278e+05	1.5e+03
5.2008e+03	2.4e+00	2.07565e+05	1.5e+03
5.2043e+03	2.4e+00	2.06711e+05	1.3e+03
5.2078e+03	2.4e+00	2.07038e+05	1.3e+03
5.2114e+03	2.4e+00	2.05280e+05	1.3e+03
5.2149e+03	2.4e+00	2.02726e+05	1.4e+03
5.2184e+03	2.4e+00	2.02123e+05	1.1e+03
5.2220e+03	2.4e+00	2.01682e+05	1.1e+03
5.2255e+03	2.4e+00	2.00654e+05	1.1e+03
5.2290e+03	2.4e+00	1.97310e+05	7.8e+02
5.2325e+03	2.4e+00	1.98534e+05	1.2e+03
5.2361e+03	2.4e+00	1.94747e+05	1.2e+03
5.2396e+03	2.4e+00	1.95674e+05	1.3e+03
5.2431e+03	2.4e+00	1.93982e+05	1.2e+03
5.2466e+03	2.4e+00	1.95490e+05	9.3e+02
5.2502e+03	2.4e+00	1.95020e+05	1.3e+03
5.2537e+03	2.4e+00	1.91530e+05	8.7e+02
5.2572e+03	2.4e+00	1.91642e+05	1.2e+03
5.2607e+03	2.4e+00	1.90527e+05	1.2e+03
5.2643e+03	2.4e+00	1.88203e+05	1.1e+03
5.2678e+03	2.4e+00	1.86720e+05	1.3e+03
5.2713e+03	2.4e+00	1.86766e+05	1.1e+03
5.2748e+03	2.4e+00	1.85780e+05	1.1e+03
5.2783e+03	2.4e+00	1.83520e+05	8.9e+02
5.2819e+03	2.4e+00	1.82016e+05	1.1e+03
5.2854e+03	2.4e+00	1.81847e+05	1.1e+03
5.2889e+03	2.4e+00	1.83092e+05	1.0e+03
5.2924e+03	2.4e+00	1.81560e+05	1.1e+03
5.2959e+03	2.4e+00	1.80593e+05	1.3e+03
5.2995e+03	2.4e+00	1.79339e+05	1.2e+03
5.3030e+03	2.4e+00	1.79145e+05	1.4e+03
5.3065e+03	2.4e+00	1.78093e+05	1.3e+03
5.3100e+03	2.4e+00	1.77120e+05	1.3e+03
5.3135e+03	2.4e+00	1.77056e+05	1.2e+03
5.3171e+03	2.4e+00	1.74857e+05	1.2e+03
5.3206e+03	2.4e+00	1.72226e+05	1.2e+03
5.3241e+03	2.4e+00	1.73425e+05	1.1e+03
5.3276e+03	2.4e+00	1.73725e+05	1.3e+03
5.3311e+03	2.4e+00	1.72251e+05	1.2e+03
5.3346e+03	2.4e+00	1.71347e+05	1.1e+03
5.3381e+03	2.4e+00	1.71187e+05	1.3e+03
5.3417e+03	2.4e+00	1.71215e+05	1.3e+03
5.3452e+03	2.4e+00	1.70984e+05	1.2e+03
5.3487e+03	2.4e+00	1.72272e+05	1.3e+03
5.3522e+03	2.4e+00	1.69813e+05	8.2e+02
5.3557e+03	2.4e+00	1.69517e+05	1.6e+03
5.3592e+03	2.4e+00	1.69270e+05	1.3e+03
5.3627e+03	2.4e+00	1.68325e+05	1.5e+03
5.3662e+03	2.4e+00	1.67111e+05	1.2e+03
5.3697e+03	2.4e+00	1.67047e+05	1.1e+03
5.3733e+03	2.4e+00	1.65464e+05	1.4e+03
5.3768e+03	2.4e+00	1.65751e+05	1.3e+03
5.3803e+03	2.4e+00	1.65346e+05	1.2e+03
5.3838e+03	2.4e+00	1.64109e+05	1.3e+03
5.3873e+03	2.4e+00	1.62819e+05	1.1e+03
5.3908e+03	2.4e+00	1.61762e+05	1.2e+03
5.3943e+03	2.4e+00	1.63062e+05	1.2e+03
5.3978e+03	2.4e+00	1.60725e+05	1.1e+03
5.4013e+03	2.4e+00	1.60746e+05	1.2e+03
5.4048e+03	2.4e+00	1.59520e+05	8.6e+02
5.4083e+03	2.4e+00	1.60012e+05	7.6e+02
5.4118e+03	2.4e+00	1.58278e+05	9.2e+02
5.4153e+03	2.4e+00	1.58489e+05	9.6e+02
5.4188e+03	2.4e+00	1.56587e+05	9.8e+02
5.4223e+03	2.4e+00	1.55044e+05	6.1e+02
5.4258e+03	2.4e+00	1.54459e+05	7.8e+02
5.4293e+03	2.4e+00	1.53765e+05	6.7e+02
5.4328e+03	2.4e+00	1.53590e+05	7.1e+02
5.4363e+03	2.4e+00	1.52767e+05	8.8e+02
5.4398e+03	2.4e+00	1.52452e+05	7.7e+02
5.4433e+03	2.4e+00	1.52652e+05	9.5e+02
5.4468e+03	2.4e+00	1.51829e+05	7.5e+02
5.4503e+03	2.4e+00	1.51141e+05	9.9e+02
5.4538e+03	2.4e+00	1.50714e+05	7.7e+02
5.4573e+03	2.4e+00	1.50318e+05	8.8e+02
5.4608e+03	2.4e+00	1.50609e+05	9.3e+02
5.4643e+03	2.4e+00	1.49369e+05	8.2e+02
5.4678e+03	2.4e+00	1.48463e+05	6.5e+02
5.4713e+03	2.4e+00	1.49212e+05	8.2e+02
5.4748e+03	2.4e+00	1.47602e+05	8.9e+02
5.4783e+03	2.4e+00	1.46986e+05	8.9e+02
5.4818e+03	2.4e+00	1.47469e+05	7.8e+02
5.4853e+03	2.4e+00	1.45784e+05	8.1e+02
5.4888e+03	2.4e+00	1.44991e+05	9.5e+02
5.4923e+03	2.4e+00	1.45488e+05	8.7e+02
5.4958e+03	2.4e+00	1.45047e+05	9.8e+02
5.4993e+03	2.4e+00	1.44134e+05	1.1e+03
5.5028e+03	2.4e+00	1.43098e+05	1.3e+03
5.5063e+03	2.4e+00	1.43273e+05	8.8e+02
5.5098e+03	2.4e+00	1.42688e+05	1.0e+03
5.5133e+03	2.4e+00	1.42014e+05	1.1e+03
5.5168e+03	2.4e+00	1.42217e+05	9.0e+02
5.5202e+03	2.4e+00	1.40781e+05	8.5e+02
5.5237e+03	2.4e+00	1.41238e+05	1.0e+03
5.5272e+03	2.4e+00	1.40634e+05	1.1e+03
5.5307e+03	2.4e+00	1.38687e+05	1.1e+03
5.5342e+03	2.4e+00	1.37667e+05	9.6e+02
5.5377e+03	2.4e+00	1.37870e+05	1.2e+03
5.5412e+03	2.4e+00	1.37944e+05	9.4e+02
5.5447e+03	2.4e+00	1.37708e+05	1.1e+03
5.5482e+03	2.4e+00	1.36171e+05	1.1e+03
5.5516e+03	2.4e+00	1.35439e+05	9.4e+02
5.5551e+03	2.4e+00	1.34874e+05	7.8e+02
5.5586e+03	2.4e+00	1.33707e+05	9.3e+02
5.5621e+03	2.4e+00	1.34163e+05	8.5e+02
5.5656e+03	2.4e+00	1.33776e+05	9.7e+02
5.5691e+03	2.4e+00	1.33949e+05	1.0e+03
5.5726e+03	2.4e+00	1.32080e+05	8.2e+02
5.5760e+03	2.4e+00	1.30182e+05	6.2e+02
5.5795e+03	2.4e+00	1.31102e+05	7.6e+02
5.5830e+03	2.4e+00	1.30865e+05	8.8e+02
5.5865e+03	2.4e+00	1.30586e+05	7.5e+02
5.5900e+03	2.4e+00	1.29474e+05	9.8e+02
5.5935e+03	2.4e+00	1.28547e+05	8.1e+02
5.5969e+03	2.4e+00	1.28638e+05	7.1e+02
5.6004e+03	2.4e+00	1.28426e+05	7.5e+02
5.6039e+03	2.4e+00	1.27104e+05	8.4e+02
5.6074e+03	2.4e+00	1.26159e+05	6.1e+02
5.6109e+03	2.4e+00	1.26999e+05	8.1e+02
5.6143e+03	2.4e+00	1.27172e+05	8.3e+02
5.6178e+03	2.4e+00	1.25170e+05	7.7e+02
5.6213e+03	2.4e+00	1.25112e+05	7.4e+02
5.6248e+03	2.4e+00	1.23810e+05	6.4e+02
5.6282e+03	2.4e+00	1.24538e+05	6.9e+02
5.6317e+03	2.4e+00	1.23537e+05	6.8e+02
5.6352e+03	2.4e+00	1.23264e+05	6.8e+02
5.6387e+03	2.4e+00	1.22835e+05	8.0e+02
5.6421e+03	2.4e+00	1.22691e+05	6.2e+02
5.6456e+03	2.4e+00	1.23389e+05	8.2e+02
5.6491e+03	2.4e+00	1.21552e+05	9.9e+02
5.6526e+03	2.4e+00	1.22794e+05	8.0e+02
5.6560e+03	2.4e+00	1.21083e+05	6.3e+02
5.6595e+03	2.4e+00	1.21092e+05	7.2e+02
5.6630e+03	2.4e+00	1.20067e+05	7.1e+02
5.6665e+03	2.4e+00	1.19890e+05	7.3e+02
5.6699e+03	2.4e+00	1.19719e+05	6.7e+02
5.6734e+03	2.4e+00	1.19746e+05	8.0e+02
5.6769e+03	2.4e+00	1.19590e+05	6.9e+02
5.6803e+03	2.4e+00	1.18560e+05	8.6e+02
5.6838e+03	2.4e+00	1.18262e+05	9.3e+02
5.6873e+03	2.4e+00	1.17152e+05	7.4e+02
5.6908e+03	2.4e+00	1.17580e+05	8.0e+02
5.6942e+03	2.4e+00	1.16384e+05	1.0e+03
5.6977e+03	2.4e+00	1.14745e+05	9.0e+02
5.7012e+03	2.4e+00	1.15577e+05	9.2e+02
5.7046e+03	2.4e+00	1.14975e+05	8.6e+02
5.7081e+03	2.4e+00	1.13963e+05	8.6e+02
5.7116e+03	2.4e+00	1.13794e+05	8.8e+02
5.7150e+03	2.4e+00	1.12366e+05	6.2e+02
5.7185e+03	2.4e+00	1.13077e+05	7.8e+02
5.7220e+03	2.4e+00	1.11658e+05	9.1e+02
5.7254e+03	2.4e+00	1.12937e+05	5.5e+02
5.7289e+03	2.4e+00	1.11612e+05	4.9e+02
5.7324e+03	2.4e+00	1.11477e+05	7.5e+02
5.7358e+03	2.4e+00	1.10620e+05	7.1e+02
5.7393e+03	2.4e+00	1.11089e+05	7.7e+02
5.7427e+03	2.4e+00	1.09979e+05	7.3e+02
5.7462e+03	2.4e+00	1.09265e+05	6.4e+02
5.7497e+03	2.4e+00	1.09237e+05	6.0e+02
5.7531e+03	2.4e+00	1.08230e+05	5.6e+02
5.7566e+03	2.4e+00	1.08111e+05	6.9e+02
5.7600e+03	2.4e+00	1.07753e+05	7.2e+02
5.7635e+03	2.4e+00	1.07977e+05	6.6e+02
5.7670e+03	2.4e+00	1.07177e+05	5.8e+02
5.7704e+03	2.4e+00	1.07208e+05	7.4e+02
5.7739e+03	2.4e+00	1.07030e+05	6.4e+02
5.7773e+03	2.4e+00	1.07181e+05	5.1e+02
5.7808e+03	2.4e+00	1.06613e+05	6.1e+02
5.7843e+03	2.4e+00	1.06814e+05	4.6e+02
5.7877e+03	2.4e+00	1.05428e+05	4.6e+02
5.7912e+03	2.4e+00	1.06279e+05	5.4e+02
5.7946e+03	2.4e+00	1.05847e+05	4.8e+02
5.7981e+03	2.4e+00	1.06086e+05	5.9e+02
5.8015e+03	2.4e+00	1.05649e+05	5.2e+02
5.8050e+03	2.4e+00	1.04335e+05	7.0e+02
5.8084e+03	2.4e+00	1.06149e+05	5.1e+02
5.8119e+03	2.4e+00	1.06662e+05	5.2e+02
5.8154e+03	2.4e+00	1.05576e+05	6.3e+02
5.8188e+03	2.4e+00	1.05595e+05	5.7e+02
5.8223e+03	2.4e+00	1.04723e+05	3.6e+02
5.8257e+03	2.4e+00	1.04959e+05	5.7e+02
5.8292e+03	2.4e+00	1.04487e+05	5.7e+02
5.8326e+03	2.4e+00	1.04690e+05	6.1e+02
5.8361e+03	2.4e+00	1.04483e+05	4.2e+02
5.8395e+03	2.4e+00	1.04582e+05	5.1e+02
5.8430e+03	2.4e+00	1.03886e+05	3.9e+02
5.8464e+03	2.4e+00	1.04367e+05	5.9e+02
5.8499e+03	2.4e+00	1.03608e+05	5.0e+02
5.8533e+03	2.4e+00	1.03058e+05	6.1e+02
5.8568e+03	2.4e+00	1.03240e+05	4.8e+02
5.8602e+03	2.4e+00	1.03696e+05	5.7e+02
5.8637e+03	2.4e+00	1.03404e+05	5.8e+02
5.8671e+03	2.4e+00	1.03218e+05	5.7e+02
5.8705e+03	2.4e+00	1.02939e+05	5.3e+02
5.8740e+03	2.4e+00	1.02088e+05	6.4e+02
5.8774e+03	2.4e+00	1.01566e+05	6.1e+02
5.8809e+03	2.4e+00	9.98771e+04	5.2e+02
5.8843e+03	2.4e+00	9.99043e+04	5.9e+02
5.8878e+03	2.4e+00	9.85175e+04	6.3e+02
5.8912e+03	2.4e+00	9.74794e+04	4.6e+02
5.8947e+03	2.4e+00	9.74065e+04	6.6e+02
5.8981e+03	2.4e+00	9.68303e+04	4.0e+02
5.9015e+03	2.4e+00	9.78127e+04	5.0e+02
5.9050e+03	2.4e+00	9.77105e+04	3.9e+02
5.9084e+03	2.4e+00	9.74246e+04	5.9e+02
5.9119e+03	2.4e+00	9.77416e+04	4.3e+02
5.9153e+03	2.4e+00	9.70061e+04	4.6e+02
5.9188e+03	2.4e+00	9.64136e+04	5.6e+02
5.9222e+03	2.4e+00	9.58314e+04	5.1e+02
5.9256e+03	2.4e+00	9.60727e+04	5.5e+02
5.9291e+03	2.4e+00	9.62596e+04	4.9e+02
5.9325e+03	2.4e+00	9.60481e+04	4.9e+02
5.9359e+03	2.4e+00	9.59309e+04	4.8e+02
5.9394e+03	2.4e+00	9.59278e+04	5.5e+02
5.9428e+03	2.4e+00	9.57736e+04	4.3e+02
5.9463e+03	2.4e+00	9.45289e+04	4.9e+02
5.9497e+03	2.4e+00	9.39726e+04	3.9e+02
5.9531e+03	2.4e+00	9.38936e+04	4.4e+02
5.9566e+03	2.4e+00	9.32279e+04	3.3e+02
5.9600e+03	2.4e+00	9.42837e+04	4.0e+02
5.9634e+03	2.4e+00	9.37012e+04	5.4e+02
5.9669e+03	2.4e+00	9.38525e+04	4.5e+02
5.9703e+03	2.4e+00	9.40344e+04	4.0e+02
5.9737e+03	2.4e+00	9.31330e+04	4.0e+02
5.9772e+03	2.4e+00	9.25794e+04	3.4e+02
5.9806e+03	2.4e+00	9.25269e+04	4.2e+02
5.9840e+03	2.4e+00	9.29880e+04	3.5e+02
5.9875e+03	2.4e+00	9.29565e+04	5.0e+02
5.9909e+03	2.4e+00	9.20624e+04	4.9e+02
5.9943e+03	2.4e+00	9.22036e+04	5.3e+02
5.9978e+03	2.4e+00	9.20862e+04	4.3e+02
6.0012e+03	2.4e+00	9.16783e+04	4.6e+02
6.0046e+03	2.4e+00	9.20359e+04	5.2e+02
6.0080e+03	2.4e+00	9.13877e+04	6.2e+02
6.0115e+03	2.4e+00	9.09611e+04	4.3e+02
6.0149e+03	2.4e+00	9.07980e+04	3.9e+02
6.0183e+03	2.4e+00	9.02577e+04	5.4e+02
6.0218e+03	2.4e+00	9.04472e+04	3.1e+02
6.0252e+03	2.4e+00	9.06384e+04	6.9e+02
6.0286e+03	2.4e+00	9.01852e+04	3.4e+02
6.0320e+03	2.4e+00	8.98369e+04	3.0e+02
6.0355e+03	2.4e+00	8.94241e+04	4.6e+02
6.0389e+03	2.4e+00	8.95348e+04	5.9e+02
6.0423e+03	2.4e+00	8.87617e+04	3.6e+02
6.0457e+03	2.4e+00	8.90175e+04	4.9e+02
6.0491e+03	2.4e+00	8.75960e+04	3.5e+02
6.0526e+03	2.4e+00	8.83641e+04	3.6e+02
6.0560e+03	2.4e+00	8.80717e+04	5.5e+02
6.0594e+03	2.4e+00	8.85891e+04	3.8e+02
6.0628e+03	2.4e+00	8.83373e+04	5.4e+02
6.0663e+03	2.4e+00	8.90480e+04	6.7e+02
6.0697e+03	2.4e+00	8.82791e+04	7.1e+02
6.0731e+03	2.4e+00	8.72110e+04	3.6e+02
6.0765e+03	2.4e+00	8.66897e+04	3.0e+02
6.0799e+03	2.4e+00	8.74542e+04	4.0e+02
6.0834e+03	2.4e+00	8.65804e+04	4.5e+02
6.0868e+03	2.4e+00	8.63634e+04	3.8e+02
6.0902e+03	2.4e+00	8.60208e+04	3.0e+02
6.0936e+03	2.4e+00	8.53881e+04	3.5e+02
6.0970e+03	2.4e+00	8.67190e+04	3.1e+02
6.1004e+03	2.4e+00	8.62048e+04	4.3e+02
6.1039e+03	2.4e+00	8.60493e+04	4.2e+02
6.1073e+03	2.4e+00	8.57969e+04	3.0e+02
6.1107e+03	2.4e+00	8.48317e+04	4.8e+02
6.1141e+03	2.4e+00	8.50579e+04	2.4e+02
6.1175e+03	2.4e+00	8.46857e+04	2.8e+02
6.1209e+03	2.4e+00	8.54849e+04	3.1e+02
6.1244e+03	2.4e+00	8.49389e+04	3.5e+02
6.1278e+03	2.4e+00	8.43243e+04	3.3e+02
6.1312e+03	2.4e+00	8.36368e+04	3.5e+02
6.1346e+03	2.4e+00	8.35901e+04	5.1e+02
6.1380e+03	2.4e+00	8.36794e+04	6.1e+02
6.1414e+03	2.4e+00	8.34206e+04	1.6e+02
6.1448e+03	2.4e+00	8.36681e+04	3.9e+02
6.1482e+03	2.4e+00	8.26086e+04	3.0e+02
6.1516e+03	2.4e+00	8.26184e+04	3.8e+02
6.1551e+03	2.4e+00	8.19267e+04	5.7e+02
6.1585e+03	2.4e+00	8.11785e+04	3.6e+02
6.1619e+03	2.4e+00	8.20053e+04	5.3e+02
6.1653e+03	2.4e+00	8.19734e+04	2.0e+02
6.1687e+03	2.4e+00	8.32392e+04	2.9e+02
6.1721e+03	2.4e+00	8.24922e+04	2.8e+02
6.1755e+03	2.4e+00	8.21198e+04	4.4e+02
6.1789e+03	2.4e+00	8.18895e+04	8.2e+02
6.1823e+03	2.4e+00	8.15769e+04	4.5e+02
6.1857e+03	2.4e+00	8.12314e+04	4.2e+02
6.1891e+03	2.4e+00	8.14804e+04	5.0e+02
6.1925e+03	2.4e+00	8.02868e+04	4.5e+02
6.1959e+03	2.4e+00	8.04056e+04	3.5e+02
6.1993e+03	2.4e+00	8.02912e+04	5.0e+02
6.2027e+03	2.4e+00	8.04654e+04	2.8e+02
6.2061e+03	2.4e+00	8.00352e+04	4.9e+02
6.2096e+03	2.4e+00	8.02557e+04	6.5e+02
6.2130e+03	2.4e+00	7.98843e+04	6.2e+02
6.2164e+03	2.4e+00	7.96793e+04	5.9e+02
6.2198e+03	2.4e+00	7.93883e+04	5.6e+02
6.2232e+03	2.4e+00	7.86713e+04	7.5e+02
6.2266e+03	2.4e+00	7.93207e+04	8.1e+02
6.2300e+03	2.4e+00	7.82413e+04	8.3e+02
6.2334e+03	2.4e+00	7.80804e+04	5.2e+02
6.2368e+03	2.4e+00	7.78539e+04	2.9e+02
6.2402e+03	2.4e+00	7.82074e+04	7.0e+02
6.2436e+03	2.4e+00	7.75944e+04	7.1e+02
6.2470e+03	2.4e+00	7.75175e+04	3.3e+02
6.2503e+03	2.4e+00	7.71415e+04	5.5e+02
6.2537e+03	2.4e+00	7.77379e+04	3.8e+02
6.2571e+03	2.4e+00	7.78152e+04	2.8e+02
6.2605e+03	2.4e+00	7.69351e+04	4.8e+02
6.2639e+03	2.4e+00	7.62450e+04	2.5e+02
6.2673e+03	2.4e+00	7.66498e+04	2.4e+02
6.2707e+03	2.4e+00	7.50664e+04	3.8e+02
6.2741e+03	2.4e+00	7.30944e+04	6.5e+02
6.2775e+03	2.4e+00	7.22125e+04	3.1e+02
6.2809e+03	2.4e+00	7.13424e+04	2.9e+02
6.2843e+03	2.4e+00	7.32099e+04	2.2e+02
6.2877e+03	2.4e+00	7.34708e+04	4.3e+02
6.2911e+03	2.4e+00	7.36888e+04	3.2e+02
6.2945e+03	2.4e+00	7.25114e+04	2.4e+02
6.2979e+03	2.4e+00	7.33816e+04	2.6e+02
6.3013e+03	2.4e+00	7.29212e+04	5.7e+02
6.3046e+03	2.4e+00	7.34002e+04	5.4e+02
6.3080e+03	2.4e+00	7.33528e+04	5.3e+02
6.3114e+03	2.4e+00	7.32264e+04	2.1e+02
6.3148e+03	2.4e+00	7.33451e+04	6.5e+02
6.3182e+03	2.4e+00	7.39063e+04	6.6e+02
6.3216e+03	2.4e+00	7.39305e+04	5.3e+02
6.3250e+03	2.4e+00	7.33829e+04	4.3e+02
6.3284e+03	2.4e+00	7.37313e+04	5.4e+02
6.3318e+03	2.4e+00	7.33096e+04	4.9e+02
6.3351e+03	2.4e+00	7.44139e+04	4.5e+02
6.3385e+03	2.4e+00	7.27470e+04	4.1e+02
6.3419e+03	2.4e+00	7.26784e+04	5.1e+02
6.3453e+03	2.4e+00	7.24582e+04	3.5e+02
6.3487e+03	2.4e+00	7.25887e+04	4.8e+02
6.3521e+03	2.4e+00	7.31200e+04	6.5e+02
6.3554e+03	2.4e+00	7.36500e+04	7.9e+02
6.3588e+03	2.4e+00	7.23791e+04	5.8e+02
6.3622e+03	2.4e+00	7.33902e+04	8.2e+02
6.3656e+03	2.4e+00	7.25757e+04	5.5e+02
6.3690e+03	2.4e+00	7.24140e+04	5.9e+02
6.3724e+03	2.4e+00	7.15457e+04	5.0e+02
6.3757e+03	2.4e+00	7.23513e+04	6.6e+02
6.3791e+03	2.4e+00	7.27042e+04	4.1e+02
6.3825e+03	2.4e+00	7.22558e+04	5.5e+02
6.3859e+03	2.4e+00	7.24262e+04	6.5e+02
6.3893e+03	2.4e+00	7.22724e+04	6.1e+02
6.3926e+03	2.4e+00	7.23210e+04	3.1e+02
6.3960e+03	2.4e+00	7.18377e+04	7.6e+02
6.3994e+03	2.4e+00	7.17001e+04	6.3e+02
6.4028e+03	2.4e+00	7.11513e+04	7.3e+02
6.4062e+03	2.4e+00	7.15707e+04	3.5e+02
6.4095e+03	2.4e+00	7.08613e+04	7.6e+02
6.4129e+03	2.4e+00	7.07947e+04	6.3e+02
6.4163e+03	2.4e+00	7.10650e+04	7.4e+02
6.4197e+03	2.4e+00	7.10339e+04	2.6e+02
6.4230e+03	2.4e+00	7.15217e+04	2.0e+02
6.4264e+03	2.4e+00	7.05207e+04	5.1e+02
6.4298e+03	2.4e+00	7.04385e+04	3.6e+02
6.4332e+03	2.4e+00	7.13867e+04	4.1e+02
6.4365e+03	2.4e+00	7.00512e+04	5.4e+02
6.4399e+03	2.4e+00	6.96393e+04	4.7e+02
6.4433e+03	2.4e+00	6.89357e+04	4.9e+02
6.4466e+03	2.4e+00	6.92104e+04	4.4e+02
6.4500e+03	2.4e+00	6.88339e+04	6.5e+02
6.4534e+03	2.4e+00	6.84736e+04	5.6e+02
6.4568e+03	2.4e+00	6.87151e+04	4.8e+02
6.4601e+03	2.4e+00	6.95199e+04	4.5e+02
6.4635e+03	2.4e+00	6.85911e+04	6.8e+02
6.4669e+03	2.4e+00	6.76495e+04	5.9e+02
6.4702e+03	2.4e+00	6.76476e+04	2.6e+02
6.4736e+03	2.4e+00	6.77907e+04	3.9e+02
6.4770e+03	2.4e+00	6.71661e+04	4.0e+02
6.4803e+03	2.4e+00	6.70987e+04	6.7e+02
6.4837e+03	2.4e+00	6.72776e+04	5.8e+02
6.4871e+03	2.4e+00	6.67321e+04	4.8e+02
6.4904e+03	2.4e+00	6.63383e+04	5.4e+02
6.4938e+03	2.4e+00	6.65969e+04	5.7e+02
6.4972e+03	2.4e+00	6.66589e+04	3.5e+02
6.5005e+03	2.4e+00	6.67193e+04	4.1e+02
6.5039e+03	2.4e+00	6.64534e+04	6.5e+02
6.5073e+03	2.4e+00	6.67272e+04	6.9e+02
6.5106e+03	2.4e+00	6.49590e+04	6.1e+02
6.5140e+03	2.4e+00	6.47663e+04	5.9e+02
6.5173e+03	2.4e+00	6.42323e+04	6.2e+02
6.5207e+03	2.4e+00	6.32395e+04	7.0e+02
6.5241e+03	2.4e+00	6.38256e+04	6.5e+02
6.5274e+03	2.4e+00	6.34639e+04	4.5e+02
6.5308e+03	2.4e+00	6.24415e+04	5.1e+02
6.5342e+03	2.4e+00	6.13046e+04	4.6e+02
6.5375e+03	2.4e+00	6.04543e+04	6.9e+02
6.5409e+03	2.4e+00	5.88694e+04	7.4e+02
6.5442e+03	2.4e+00	5.58486e+04	8.0e+02
6.5476e+03	2.4e+00	5.34132e+04	7.5e+02
6.5509e+03	2.4e+00	5.04504e+04	4.9e+02
6.5543e+03	2.4e+00	4.51824e+04	2.9e+02
6.5577e+03	2.4e+00	3.94587e+04	4.3e+02
6.5610e+03	2.4e+00	3.71924e+04	4.5e+02
6.5644e+03	2.4e+00	3.92036e+04	3.7e+02
6.5677e+03	2.4e+00	4.54413e+04	5.5e+02
6.5711e+03	2.4e+00	4.99535e+04	5.1e+02
6.5744e+03	2.4e+00	5.31332e+04	4.8e+02
6.5778e+03	2.4e+00	5.56168e+04	6.3e+02
6.5812e+03	2.4e+00	5.70323e+04	5.2e+02
6.5845e+03	2.4e+00	5.88031e+04	7.3e+02
6.5879e+03	2.4e+00	6.04587e+04	7.0e+02
6.5912e+03	2.4e+00	6.04849e+04	5.0e+02
6.5946e+03	2.4e+00	6.13001e+04	5.7e+02
6.5979e+03	2.4e+00	6.06609e+04	4.7e+02
6.6013e+03	2.4e+00	6.16588e+04	6.0e+02
6.6046e+03	2.4e+00	6.20537e+04	5.6e+02
6.6080e+03	2.4e+00	6.25474e+04	6.4e+02
6.6113e+03	2.4e+00	6.17366e+04	6.3e+02
6.6147e+03	2.4e+00	6.21578e+04	4.5e+02
6.6180e+03	2.4e+00	6.26669e+04	7.2e+02
6.6214e+03	2.4e+00	6.25709e+04	6.4e+02
6.6247e+03	2.4e+00	6.29474e+04	7.4e+02
6.6281e+03	2.4e+00	6.27646e+04	5.9e+02
6.6314e+03	2.4e+00	6.29784e+04	6.5e+02
6.6348e+03	2.4e+00	6.24117e+04	7.7e+02
6.6381e+03	2.4e+00	6.18278e+04	8.1e+02
6.6415e+03	2.4e+00	6.24850e+04	6.0e+02
6.6448e+03	2.4e+00	6.16789e+04	4.6e+02
6.6481e+03	2.4e+00	6.17953e+04	5.1e+02
6.6515e+03	2.4e+00	6.22388e+04	1.0e+03
6.6548e+03	2.4e+00	6.23835e+04	6.0e+02
6.6582e+03	2.4e+00	6.14138e+04	6.6e+02
6.6615e+03	2.4e+00	6.19099e+04	9.4e+02
6.6649e+03	2.4e+00	6.17495e+04	7.5e+02
6.6682e+03	2.4e+00	6.22948e+04	6.2e+02
6.6715e+03	2.4e+00	6.17018e+04	4.4e+02
6.6749e+03	2.4e+00	6.09241e+04	6.6e+02
6.6782e+03	2.4e+00	6.11697e+04	7.2e+02
6.6816e+03	2.4e+00	6.13107e+04	5.5e+02
6.6849e+03	2.4e+00	6.14669e+04	6.7e+02
6.6883e+03	2.4e+00	6.11599e+04	5.8e+02
6.6916e+03	2.4e+00	6.06502e+04	6.7e+02
6.6949e+03	2.4e+00	6.07885e+04	8.3e+02
6.6983e+03	2.4e+00	6.02753e+04	6.3e+02
6.7016e+03	2.4e+00	6.02991e+04	5.9e+02
6.7049e+03	2.4e+00	5.98211e+04	6.0e+02
6.7083e+03	2.4e+00	6.00097e+04	6.6e+02
6.7116e+03	2.4e+00	5.97673e+04	6.0e+02
6.7150e+03	2.4e+00	6.03641e+04	6.5e+02
6.7183e+03	2.4e+00	6.00959e+04	6.7e+02
6.7216e+03	2.4e+00	6.01944e+04	5.2e+02
6.7250e+03	2.4e+00	5.95235e+04	6.6e+02
6.7283e+03	2.4e+00	5.94576e+04	6.3e+02
6.7316e+03	2.4e+00	5.88856e+04	5.9e+02
6.7350e+03	2.4e+00	5.85944e+04	8.1e+02
6.7383e+03	2.4e+00	5.89389e+04	6.2e+02
6.7416e+03	2.4e+00	5.90722e+04	8.5e+02
6.7450e+03	2.4e+00	5.89111e+04	7.3e+02
6.7483e+03	2.4e+00	5.91984e+04	6.4e+02
6.7516e+03	2.4e+00	5.88630e+04	8.7e+02
6.7550e+03	2.4e+00	5.91089e+04	6.0e+02
6.7583e+03	2.4e+00	5.84325e+04	8.7e+02
6.7616e+03	2.4e+00	5.82469e+04	6.3e+02
6.7650e+03	2.4e+00	5.87209e+04	7.8e+02
6.7683e+03	2.4e+00	5.79270e+04	7.8e+02
6.7716e+03	2.4e+00	5.79014e+04	7.7e+02
6.7749e+03	2.4e+00	5.79608e+04	7.6e+02
6.7783e+03	2.4e+00	5.79992e+04	9.1e+02
6.7816e+03	2.4e+00	5.79720e+04	7.9e+02
6.7849e+03	2.4e+00	5.79910e+04	8.9e+02
6.7883e+03	2.4e+00	5.73671e+04	8.6e+02
6.7916e+03	2.4e+00	5.74518e+04	6.6e+02
6.7949e+03	2.4e+00	5.73927e+04	7.5e+02
6.7982e+03	2.4e+00	5.73549e+04	6.1e+02
6.8016e+03	2.4e+00	5.70259e+04	7.1e+02
6.8049e+03	2.4e+00	5.65843e+04	5.8e+02
6.8082e+03	2.4e+00	5.57093e+04	6.0e+02
6.8115e+03	2.4e+00	5.62204e+04	7.2e+02
6.8148e+03	2.4e+00	5.62158e+04	9.0e+02
6.8182e+03	2.4e+00	5.57995e+04	6.7e+02
6.8215e+03	2.4e+00	5.58601e+04	9.8e+02
6.8248e+03	2.4e+00	5.62429e+04	5.9e+02
6.8281e+03	2.4e+00	5.56325e+04	7.6e+02
6.8315e+03	2.4e+00	5.62365e+04	6.1e+02
6.8348e+03	2.4e+00	5.57912e+04	7.1e+02
6.8381e+03	2.4e+00	5.52764e+04	7.5e+02
6.8414e+03	2.4e+00	5.50997e+04	6.4e+02
6.8447e+03	2.4e+00	5.54957e+04	7.0e+02
6.8481e+03	2.4e+00	5.49296e+04	7.3e+02
6.8514e+03	2.4e+00	5.46310e+04	8.0e+02
6.8547e+03	2.4e+00	5.43848e+04	9.3e+02
6.8580e+03	2.4e+00	5.35673e+04	1.1e+03
6.8613e+03	2.4e+00	5.05135e+04	7.0e+02
6.8646e+03	2.4e+00	4.23508e+04	6.1e+02
6.8680e+03	2.4e+00	3.61948e+04	5.3e+02
6.8713e+03	2.4e+00	3.50911e+04	5.4e+02
6.8746e+03	2.4e+00	3.94253e+04	4.7e+02
6.8779e+03	2.4e+00	4.39263e+04	6.9e+02
6.8812e+03	2.4e+00	4.59270e+04	6.9e+02
6.8845e+03	2.4e+00	4.54908e+04	8.5e+02
6.8879e+03	2.4e+00	4.39073e+04	6.6e+02
6.8912e+03	2.4e+00	4.32039e+04	6.7e+02
6.8945e+03	2.4e+00	4.38361e+04	6.5e+02
6.8978e+03	2.4e+00	4.50837e+04	6.3e+02
6.9011e+03	2.4e+00	4.58314e+04	7.1e+02
6.9044e+03	2.4e+00	4.68800e+04	6.8e+02
6.9077e+03	2.4e+00	4.78454e+04	7.1e+02
6.9110e+03	2.4e+00	4.81791e+04	6.4e+02
6.9143e+03	2.4e+00	4.91954e+04	8.7e+02
6.9177e+03	2.4e+00	4.99854e+04	7.0e+02
6.9210e+03	2.4e+00	4.96445e+04	4.2e+02
6.9243e+03	2.4e+00	4.94387e+04	6.0e+02
6.9276e+03	2.4e+00	4.91945e+04	6.9e+02
6.9309e+03	2.4e+00	4.96486e+04	9.8e+02
6.9342e+03	2.4e+00	4.97343e+04	9.2e+02
6.9375e+03	2.4e+00	4.99202e+04	9.2e+02
6.9408e+03	2.4e+00	4.87806e+04	8.5e+02
6.9441e+03	2.4e+00	4.86811e+04	9.8e+02
6.9474e+03	2.4e+00	4.89506e+04	7.2e+02
6.9507e+03	2.4e+00	4.90138e+04	5.9e+02
6.9540e+03	2.4e+00	4.96999e+04	8.7e+02
6.9573e+03	2.4e+00	4.90805e+04	7.5e+02
6.9606e+03	2.4e+00	4.91874e+04	7.9e+02
6.9639e+03	2.4e+00	5.00028e+04	9.0e+02
6.9672e+03	2.4e+00	5.01101e+04	8.5e+02
6.9705e+03	2.4e+00	5.05269e+04	8.4e+02
6.9739e+03	2.4e+00	5.04428e+04	8.4e+02
6.9772e+03	2.4e+00	5.04448e+04	8.0e+02
6.9805e+03	2.4e+00	4.93116e+04	9.6e+02
6.9838e+03	2.4e+00	4.83781e+04	1.0e+03
6.9871e+03	2.4e+00	4.82241e+04	7.8e+02
6.9904e+03	2.4e+00	4.79000e+04	9.2e+02
6.9937e+03	2.4e+00	4.79067e+04	7.9e+02
6.9970e+03	2.4e+00	4.78591e+04	8.9e+02
7.0003e+03	2.4e+00	4.72431e+04	8.4e+02
7.0035e+03	2.4e+00	4.78288e+04	9.5e+02
7.0068e+03	2.4e+00	4.74140e+04	7.2e+02
7.0101e+03	2.4e+00	4.70902e+04	9.0e+02
7.0134e+03	2.4e+00	4.67199e+04	6.5e+02
7.0167e+03	2.4e+00	4.74056e+04	7.1e+02
7.0200e+03	2.4e+00	4.70724e+04	7.9e+02
7.0233e+03	2.4e+00	4.67203e+04	8.0e+02
7.0266e+03	2.4e+00	4.72187e+04	9.0e+02
7.0299e+03	2.4e+00	4.70624e+04	9.4e+02
7.0332e+03	2.4e+00	4.71013e+04	8.1e+02
7.0365e+03	2.4e+00	4.70138e+04	9.9e+02
7.0398e+03	2.4e+00	4.68535e+04	7.7e+02
7.0431e+03	2.4e+00	4.70621e+04	7.0e+02
7.0464e+03	2.4e+00	4.64121e+04	7.8e+02
7.0497e+03	2.4e+00	4.61584e+04	8.8e+02
7.0530e+03	2.4e+00	4.61717e+04	1.0e+03
7.0563e+03	2.4e+00	4.56228e+04	9.2e+02
7.0596e+03	2.4e+00	4.55603e+04	8.6e+02
7.0628e+03	2.4e+00	4.54475e+04	8.8e+02
7.0661e+03	2.4e+00	4.55510e+04	8.0e+02
7.0694e+03	2.4e+00	4.57654e+04	8.1e+02
7.0727e+03	2.4e+00	4.58678e+04	1.0e+03
7.0760e+03	2.4e+00	4.50929e+04	1.1e+03
7.0793e+03	2.4e+00	4.50948e+04	8.2e+02
7.0826e+03	2.4e+00	4.48202e+04	8.8e+02
7.0859e+03	2.4e+00	4.50255e+04	9.8e+02
7.0891e+03	2.4e+00	4.40444e+04	1.3e+03
7.0924e+03	2.4e+00	4.40917e+04	1.2e+03
7.0957e+03	2.4e+00	4.41990e+04	1.4e+03
7.0990e+03	2.4e+00	4.40277e+04	1.2e+03
7.1023e+03	2.4e+00	4.39294e+04	1.2e+03
7.1056e+03	2.4e+00	4.39823e+04	6.5e+02
7.1089e+03	2.4e+00	4.38186e+04	1.0e+03
7.1121e+03	2.4e+00	4.32996e+04	9.9e+02
7.1154e+03	2.4e+00	4.33669e+04	9.1e+02
7.1187e+03	2.4e+00	4.34514e+04	8.9e+02
7.1220e+03	2.4e+00	4.36800e+04	8.7e+02
7.1253e+03	2.4e+00	4.32973e+04	9.8e+02
7.1286e+03	2.4e+00	4.28815e+04	1.0e+03
7.1318e+03	2.4e+00	4.29496e+04	9.5e+02
7.1351e+03	2.4e+00	4.29624e+04	1.0e+03
7.1384e+03	2.4e+00	4.27454e+04	8.9e+02
7.1417e+03	2.4e+00	4.27371e+04	1.0e+03
7.1450e+03	2.4e+00	4.14770e+04	1.0e+03
7.1482e+03	2.4e+00	4.20161e+04	1.0e+03
7.1515e+03	2.4e+00	4.19646e+04	9.8e+02
7.1548e+03	2.4e+00	4.14577e+04	1.0e+03
7.1581e+03	2.4e+00	4.11087e+04	9.0e+02
7.1613e+03	2.4e+00	4.04136e+04	8.1e+02
7.1646e+03	2.4e+00	3.94955e+04	7.6e+02
7.1679e+03	2.4e+00	3.81807e+04	1.1e+03
7.1712e+03	2.4e+00	3.74568e+04	8.2e+02
7.1744e+03	2.4e+00	3.61074e+04	7.4e+02
7.1777e+03	2.4e+00	3.60605e+04	7.5e+02
7.1810e+03	2.4e+00	3.58614e+04	6.9e+02
7.1843e+03	2.4e+00	3.42028e+04	7.2e+02
7.1875e+03	2.4e+00	3.44341e+04	7.1e+02
7.1908e+03	2.4e+00	3.45913e+04	7.3e+02
7.1941e+03	2.4e+00	3.44848e+04	7.3e+02
7.1974e+03	2.4e+00	3.44852e+04	7.3e+02
7.2006e+03	2.4e+00	3.47334e+04	8.0e+02
7.2039e+03	2.4e+00	3.49980e+04	7.4e+02
7.2072e+03	2.4e+00	3.64676e+04	7.2e+02
7.2104e+03	2.4e+00	3.79167e+04	7.5e+02
7.2137e+03	2.4e+00	3.84774e+04	8.1e+02
7.2170e+03	2.4e+00	3.79678e+04	8.2e+02
7.2203e+03	2.4e+00	3.82568e+04	9.7e+02
7.2235e+03	2.4e+00	3.75992e+04	7.9e+02
7.2268e+03	2.4e+00	3.69525e+04	8.3e+02
7.2301e+03	2.4e+00	3.55229e+04	7.6e+02
7.2333e+03	2.4e+00	3.47754e+04	8.8e+02
7.2366e+03	2.4e+00	3.40424e+04	7.7e+02
7.2399e+03	2.4e+00	3.34262e+04	6.4e+02
7.2431e+03	2.4e+00	3.41036e+04	8.5e+02
7.2464e+03	2.4e+00	3.51568e+04	8.6e+02
7.2497e+03	2.4e+00	3.41895e+04	8.3e+02
7.2529e+03	2.4e+00	3.49926e+04	7.8e+02
7.2562e+03	2.4e+00	3.55176e+04	1.0e+03
7.2595e+03	2.4e+00	3.50497e+04	8.0e+02
7.2627e+03	2.4e+00	3.43106e+04	7.6e+02
7.2660e+03	2.4e+00	3.48351e+04	7.7e+02
7.2692e+03	2.4e+00	3.42931e+04	8.4e+02
7.2725e+03	2.4e+00	3.31882e+04	8.8e+02
7.2758e+03	2.4e+00	3.32369e+04	8.8e+02
7.2790e+03	2.4e+00	3.35634e+04	7.6e+02
7.2823e+03	2.4e+00	3.49467e+04	7.4e+02
7.2855e+03	2.4e+00	3.42418e+04	8.6e+02
7.2888e+03	2.4e+00	3.34660e+04	8.6e+02
7.2921e+03	2.4e+00	3.33304e+04	8.6e+02
7.2953e+03	2.4e+00	3.36379e+04	8.4e+02
7.2986e+03	2.4e+00	3.38236e+04	8.7e+02
7.3018e+03	2.4e+00	3.34671e+04	8.2e+02
7.3051e+03	2.4e+00	3.35221e+04	8.6e+02
7.3084e+03	2.4e+00	3.29351e+04	8.9e+02
7.3116e+03	2.4e+00	3.32921e+04	8.3e+02
7.3149e+03	2.4e+00	3.36928e+04	9.2e+02
7.3181e+03	2.4e+00	3.33596e+04	8.9e+02
7.3214e+03	2.4e+00	3.37103e+04	9.2e+02
7.3246e+03	2.4e+00	3.37901e+04	8.0e+02
7.3279e+03	2.4e+00	3.39635e+04	8.5e+02
7.3311e+03	2.4e+00	3.30723e+04	8.4e+02
7.3344e+03	2.4e+00	3.31656e+04	8.3e+02
7.3377e+03	2.4e+00	3.38775e+04	8.8e+02
7.3409e+03	2.4e+00	3.37869e+04	8.7e+02
7.3442e+03	2.4e+00	3.34695e+04	8.4e+02
7.3474e+03	2.4e+00	3.33175e+04	8.9e+02
7.3507e+03	2.4e+00	3.30890e+04	9.0e+02
7.3539e+03	2.4e+00	3.28701e+04	8.8e+02
7.3572e+03	2.4e+00	3.26027e+04	8.7e+02
7.3604e+03	2.4e+00	3.26893e+04	9.0e+02
7.3637e+03	2.4e+00	3.25576e+04	9.3e+02
7.3669e+03	2.4e+00	3.29154e+04	9.7e+02
7.3702e+03	2.4e+00	3.25235e+04	8.8e+02
7.3734e+03	2.4e+00	3.23795e+04	8.7e+02
7.3767e+03	2.4e+00	3.23137e+04	9.0e+02
7.3799e+03	2.4e+00	3.25262e+04	9.8e+02
7.3831e+03	2.4e+00	3.22422e+04	9.3e+02
7.3864e+03	2.4e+00	3.23496e+04	8.4e+02
7.3896e+03	2.4e+00	3.19855e+04	9.2e+02
7.3929e+03	2.4e+00	3.22250e+04	8.9e+02
7.3961e+03	2.4e+00	3.18732e+04	9.6e+02
7.3994e+03	2.4e+00	3.21521e+04	1.1e+03
7.4026e+03	2.4e+00	3.13572e+04	9.5e+02
7.4059e+03	2.4e+00	3.18589e+04	8.5e+02
7.4091e+03	2.4e+00	3.17552e+04	9.5e+02
7.4124e+03	2.4e+00	3.19243e+04	9.4e+02
7.4156e+03	2.4e+00	3.13901e+04	9.1e+02
7.4188e+03	2.4e+00	3.10080e+04	1.0e+03
7.4221e+03	2.4e+00	3.08825e+04	1.1e+03
7.4253e+03	2.4e+00	3.12411e+04	1.0e+03
7.4286e+03	2.4e+00	3.12356e+04	1.0e+03
7.4318e+03	2.4e+00	3.15098e+04	9.6e+02
7.4350e+03	2.4e+00	3.19471e+04	1.1e+03
7.4383e+03	2.4e+00	3.13292e+04	9.3e+02
7.4415e+03	2.4e+00	3.07254e+04	9.8e+02
7.4448e+03	2.4e+00	3.06292e+04	1.1e+03
7.4480e+03	2.4e+00	3.08701e+04	9.9e+02
7.4512e+03	2.4e+00	3.07115e+04	9.7e+02
7.4545e+03	2.4e+00	3.03868e+04	9.5e+02
7.4577e+03	2.4e+00	3.05580e+04	9.3e+02
7.4609e+03	2.4e+00	3.08648e+04	1.0e+03
7.4642e+03	2.4e+00	3.01764e+04	1.1e+03
7.4674e+03	2.4e+00	2.98964e+04	1.0e+03
7.4707e+03	2.4e+00	2.94503e+04	8.9e+02
7.4739e+03	2.4e+00	2.95777e+04	1.0e+03
7.4771e+03	2.4e+00	3.02238e+04	1.0e+03
7.4804e+03	2.4e+00	2.96501e+04	9.6e+02
7.4836e+03	2.4e+00	2.97461e+04	9.7e+02
7.4868e+03	2.4e+00	2.90043e+04	9.7e+02
7.4901e+03	2.4e+00	2.94210e+04	1.1e+03
7.4933e+03	2.4e+00	2.94853e+04	1.0e+03
7.4965e+03	2.4e+00	2.93579e+04	1.0e+03
7.4997e+03	2.4e+00	2.93103e+04	9.8e+02
7.5030e+03	2.4e+00	2.91879e+04	9.9e+02
7.5062e+03	2.4e+00	2.94316e+04	1.0e+03
7.5094e+03	2.4e+00	2.85633e+04	1.0e+03
7.5127e+03	2.4e+00	2.83603e+04	1.0e+03
7.5159e+03	2.4e+00	2.86774e+04	1.0e+03
7.5191e+03	2.4e+00	2.90246e+04	9.7e+02
7.5224e+03	2.4e+00	2.83108e+04	1.1e+03
7.5256e+03	2.4e+00	2.82515e+04	1.1e+03
7.5288e+03	2.4e+00	2.79994e+04	1.0e+03
7.5320e+03	2.4e+00	2.83179e+04	1.1e+03
7.5353e+03	2.4e+00	2.77843e+04	1.1e+03
7.5385e+03	2.4e+00	2.82219e+04	9.7e+02
7.5417e+03	2.4e+00	2.77605e+04	1.0e+03
7.5449e+03	2.4e+00	2.77843e+04	1.1e+03
7.5482e+03	2.4e+00	2.77967e+04	1.1e+03
7.5514e+03	2.4e+00	2.76691e+04	1.0e+03
7.5546e+03	2.4e+00	2.72772e+04	1.1e+03
7.5578e+03	2.4e+00	2.74089e+04	1.2e+03
7.5611e+03	2.4e+00	2.72697e+04	1.0e+03
7.5643e+03	2.4e+00	2.75068e+04	1.1e+03
7.5675e+03	2.4e+00	2.70308e+04	1.0e+03
7.5707e+03	2.4e+00	2.75704e+04	1.0e+03
7.5739e+03	2.4e+00	2.73354e+04	1.0e+03
7.5772e+03	2.4e+00	2.67828e+04	1.1e+03
7.5804e+03	2.4e+00	2.64128e+04	1.1e+03
7.5836e+03	2.4e+00	2.68516e+04	1.2e+03
7.5868e+03	2.4e+00	2.62649e+04	1.1e+03
7.5900e+03	2.4e+00	2.43259e+04	1.2e+03
7.5933e+03	2.4e+00	2.12943e+04	9.5e+02
7.5965e+03	2.4e+00	1.59395e+04	7.4e+02
7.5997e+03	2.4e+00	1.06744e+04	5.4e+02
7.6029e+03	2.4e+00	6.44760e+03	3.9e+02
7.6061e+03	2.4e+00	4.31864e+03	2.6e+02
7.6093e+03	2.4e+00	3.97436e+03	2.0e+02
7.6126e+03	2.4e+00	5.48029e+03	2.4e+02
7.6158e+03	2.4e+00	8.37199e+03	3.7e+02
7.6190e+03	2.4e+00	1.17303e+04	4.3e+02
7.6222e+03	2.4e+00	1.33700e+04	5.3e+02
7.6254e+03	2.4e+00	1.22591e+04	5.6e+02
7.6286e+03	2.4e+00	1.06732e+04	5.3e+02
7.6318e+03	2.4e+00	9.67092e+03	4.9e+02
7.6351e+03	2.4e+00	9.06888e+03	4.1e+02
7.6383e+03	2.4e+00	1.00999e+04	4.5e+02
7.6415e+03	2.4e+00	1.08305e+04	5.3e+02
7.6447e+03	2.4e+00	1.17908e+04	4.9e+02
7.6479e+03	2.4e+00	1.27329e+04	5.2e+02
7.6511e+03	2.4e+00	1.39905e+04	6.5e+02
7.6543e+03	2.4e+00	1.53636e+04	7.3e+02
7.6575e+03	2.4e+00	1.65802e+04	7.5e+02
7.6607e+03	2.4e+00	1.74636e+04	8.2e+02
7.6640e+03	2.4e+00	1.83628e+04	8.0e+02
7.6672e+03	2.4e+00	1.94222e+04	8.3e+02
7.6704e+03	2.4e+00	2.02046e+04	9.2e+02
7.6736e+03	2.4e+00	2.08730e+04	9.2e+02
7.6768e+03	2.4e+00	2.09385e+04	9.1e+02
7.6800e+03	2.4e+00	2.15040e+04	9.7e+02
7.6832e+03	2.4e+00	2.20466e+04	1.0e+03
