# lambda [A]	Dlambda [A]	specval [counts]	Dspecval [counts]
3.5793e+03	2.4e+00	1.09195e+04	2.9e+02
3.5830e+03	2.4e+00	1.16540e+04	4.4e+02
3.5867e+03	2.4e+00	1.19945e+04	1.6e+02
3.5904e+03	2.4e+00	1.20673e+04	1.4e+02
3.5942e+03	2.4e+00	1.13655e+04	2.2e+02
3.5979e+03	2.4e+00	1.24366e+04	6.0e+01
3.6016e+03	2.4e+00	1.26275e+04	3.6e+02
3.6053e+03	2.4e+00	1.21732e+04	3.5e+02
3.6091e+03	2.4e+00	1.25233e+04	3.8e+02
3.6128e+03	2.4e+00	1.35982e+04	2.2e+02
3.6165e+03	2.4e+00	1.41332e+04	3.3e+02
3.6202e+03	2.4e+00	1.41148e+04	4.5e+02
3.6239e+03	2.4e+00	1.49418e+04	6.0e+02
3.6277e+03	2.4e+00	1.52394e+04	3.4e+02
3.6314e+03	2.4e+00	1.57348e+04	8.5e+01
3.6351e+03	2.4e+00	1.56505e+04	8.1e+01
3.6388e+03	2.4e+00	1.56559e+04	3.6e+02
3.6425e+03	2.4e+00	1.72213e+04	3.6e+02
3.6462e+03	2.4e+00	1.78346e+04	2.8e+02
3.6500e+03	2.4e+00	1.82515e+04	7.1e+02
3.6537e+03	2.4e+00	1.85780e+04	2.4e+02
3.6574e+03	2.4e+00	2.00976e+04	2.7e+02
3.6611e+03	2.4e+00	2.11531e+04	2.4e+02
3.6648e+03	2.4e+00	2.10220e+04	2.7e+02
3.6685e+03	2.4e+00	2.28523e+04	5.0e+02
3.6723e+03	2.4e+00	2.29377e+04	6.6e+02
3.6760e+03	2.4e+00	2.46950e+04	4.9e+02
3.6797e+03	2.4e+00	2.66145e+04	9.7e+02
3.6834e+03	2.4e+00	2.77215e+04	8.6e+02
3.6871e+03	2.4e+00	3.01795e+04	8.4e+02
3.6908e+03	2.4e+00	3.17406e+04	7.9e+02
3.6945e+03	2.4e+00	3.34913e+04	9.7e+02
3.6982e+03	2.4e+00	3.55519e+04	7.1e+02
3.7019e+03	2.4e+00	4.10147e+04	1.4e+03
3.7057e+03	2.4e+00	4.43527e+04	9.5e+02
3.7094e+03	2.4e+00	4.41149e+04	1.1e+03
3.7131e+03	2.4e+00	4.48132e+04	1.6e+03
3.7168e+03	2.4e+00	4.78087e+04	1.6e+03
3.7205e+03	2.4e+00	5.65565e+04	1.3e+03
3.7242e+03	2.4e+00	6.62408e+04	1.9e+03
3.7279e+03	2.4e+00	6.83143e+04	2.3e+03
3.7316e+03	2.4e+00	6.46651e+04	2.4e+03
3.7353e+03	2.4e+00	5.98907e+04	2.4e+03
3.7390e+03	2.4e+00	6.90360e+04	2.2e+03
3.7427e+03	2.4e+00	8.69368e+04	2.5e+03
3.7464e+03	2.4e+00	1.08921e+05	3.7e+03
3.7501e+03	2.4e+00	1.22604e+05	4.4e+03
3.7539e+03	2.4e+00	1.24877e+05	3.9e+03
3.7576e+03	2.4e+00	1.14879e+05	3.6e+03
3.7613e+03	2.4e+00	9.88200e+04	2.4e+03
3.7650e+03	2.4e+00	9.12086e+04	3.0e+03
3.7687e+03	2.4e+00	1.02742e+05	2.9e+03
3.7724e+03	2.4e+00	1.36115e+05	4.5e+03
3.7761e+03	2.4e+00	1.75500e+05	7.8e+03
3.7798e+03	2.4e+00	2.07126e+05	6.9e+03
3.7835e+03	2.4e+00	2.23165e+05	8.4e+03
3.7872e+03	2.4e+00	2.37067e+05	7.3e+03
3.7909e+03	2.4e+00	2.31354e+05	7.4e+03
3.7946e+03	2.4e+00	2.15099e+05	8.8e+03
3.7983e+03	2.4e+00	1.86147e+05	6.5e+03
3.8020e+03	2.4e+00	1.53539e+05	4.1e+03
3.8057e+03	2.4e+00	1.42897e+05	5.6e+03
3.8094e+03	2.4e+00	1.72569e+05	5.3e+03
3.8131e+03	2.4e+00	2.31733e+05	8.0e+03
3.8168e+03	2.4e+00	2.95003e+05	9.5e+03
3.8205e+03	2.4e+00	3.41147e+05	1.1e+04
3.8242e+03	2.4e+00	3.83979e+05	1.4e+04
3.8279e+03	2.4e+00	4.22098e+05	1.5e+04
3.8315e+03	2.4e+00	4.40390e+05	1.7e+04
3.8352e+03	2.4e+00	4.55964e+05	1.3e+04
3.8389e+03	2.4e+00	4.70543e+05	1.7e+04
3.8426e+03	2.4e+00	4.70484e+05	1.7e+04
3.8463e+03	2.4e+00	4.48089e+05	1.7e+04
3.8500e+03	2.4e+00	4.07753e+05	1.4e+04
3.8537e+03	2.4e+00	3.49143e+05	1.3e+04
3.8574e+03	2.4e+00	2.78903e+05	9.8e+03
3.8611e+03	2.4e+00	2.36530e+05	8.6e+03
3.8648e+03	2.4e+00	2.56531e+05	7.8e+03
3.8685e+03	2.4e+00	3.33598e+05	1.2e+04
3.8722e+03	2.4e+00	4.31898e+05	1.4e+04
3.8759e+03	2.4e+00	5.12881e+05	1.5e+04
3.8795e+03	2.4e+00	5.78850e+05	1.8e+04
3.8832e+03	2.4e+00	6.26613e+05	2.0e+04
3.8869e+03	2.4e+00	6.71382e+05	2.3e+04
3.8906e+03	2.4e+00	6.88552e+05	2.1e+04
3.8943e+03	2.4e+00	7.23635e+05	2.8e+04
3.8980e+03	2.4e+00	7.38764e+05	2.7e+04
3.9017e+03	2.4e+00	7.37190e+05	2.6e+04
3.9054e+03	2.4e+00	7.21485e+05	2.5e+04
3.9090e+03	2.4e+00	7.14252e+05	2.0e+04
3.9127e+03	2.4e+00	7.36566e+05	2.4e+04
3.9164e+03	2.4e+00	7.59382e+05	2.6e+04
3.9201e+03	2.4e+00	7.57101e+05	2.3e+04
3.9238e+03	2.4e+00	7.42848e+05	2.5e+04
3.9275e+03	2.4e+00	7.28672e+05	2.3e+04
3.9312e+03	2.4e+00	6.71766e+05	2.2e+04
3.9348e+03	2.4e+00	6.06128e+05	2.1e+04
3.9385e+03	2.4e+00	5.12643e+05	2.1e+04
3.9422e+03	2.4e+00	4.04150e+05	1.4e+04
3.9459e+03	2.4e+00	3.20797e+05	1.1e+04
3.9496e+03	2.4e+00	3.30680e+05	1.3e+04
3.9532e+03	2.4e+00	4.14111e+05	1.2e+04
3.9569e+03	2.4e+00	5.30175e+05	1.7e+04
3.9606e+03	2.4e+00	6.29772e+05	2.2e+04
3.9643e+03	2.4e+00	7.09980e+05	2.3e+04
3.9680e+03	2.4e+00	7.68082e+05	2.5e+04
3.9716e+03	2.4e+00	8.04811e+05	2.9e+04
3.9753e+03	2.4e+00	8.35971e+05	2.9e+04
3.9790e+03	2.4e+00	8.36781e+05	3.0e+04
3.9827e+03	2.4e+00	8.46295e+05	2.8e+04
3.9864e+03	2.4e+00	8.57292e+05	2.5e+04
3.9900e+03	2.4e+00	8.68667e+05	2.8e+04
3.9937e+03	2.4e+00	8.77494e+05	3.3e+04
3.9974e+03	2.4e+00	8.73667e+05	3.0e+04
4.0011e+03	2.4e+00	8.72757e+05	2.9e+04
4.0047e+03	2.4e+00	8.66186e+05	2.7e+04
4.0084e+03	2.4e+00	8.59576e+05	3.0e+04
4.0121e+03	2.4e+00	8.54202e+05	3.1e+04
4.0158e+03	2.4e+00	8.56646e+05	2.8e+04
4.0194e+03	2.4e+00	8.51543e+05	2.8e+04
4.0231e+03	2.4e+00	8.42717e+05	2.6e+04
4.0268e+03	2.4e+00	8.36148e+05	2.7e+04
4.0304e+03	2.4e+00	8.31919e+05	3.0e+04
4.0341e+03	2.4e+00	8.25881e+05	2.7e+04
4.0378e+03	2.4e+00	8.21725e+05	3.0e+04
4.0415e+03	2.4e+00	8.07316e+05	2.5e+04
4.0451e+03	2.4e+00	8.00879e+05	2.7e+04
4.0488e+03	2.4e+00	7.91185e+05	2.6e+04
4.0525e+03	2.4e+00	7.74743e+05	2.7e+04
4.0561e+03	2.4e+00	7.54149e+05	2.4e+04
4.0598e+03	2.4e+00	7.36884e+05	2.6e+04
4.0635e+03	2.4e+00	7.05169e+05	2.4e+04
4.0671e+03	2.4e+00	6.64028e+05	2.1e+04
4.0708e+03	2.4e+00	6.08926e+05	2.0e+04
4.0745e+03	2.4e+00	5.30292e+05	1.7e+04
4.0781e+03	2.4e+00	4.29152e+05	1.4e+04
4.0818e+03	2.4e+00	3.31389e+05	1.1e+04
4.0855e+03	2.4e+00	2.96107e+05	1.0e+04
4.0891e+03	2.4e+00	3.25549e+05	1.0e+04
4.0928e+03	2.4e+00	4.22458e+05	1.4e+04
4.0965e+03	2.4e+00	5.11800e+05	1.6e+04
4.1001e+03	2.4e+00	5.82785e+05	2.0e+04
4.1038e+03	2.4e+00	6.28907e+05	2.0e+04
4.1075e+03	2.4e+00	6.66435e+05	2.0e+04
4.1111e+03	2.4e+00	6.74958e+05	1.9e+04
4.1148e+03	2.4e+00	6.98284e+05	2.2e+04
4.1184e+03	2.4e+00	7.06220e+05	2.2e+04
4.1221e+03	2.4e+00	7.22623e+05	2.3e+04
4.1258e+03	2.4e+00	7.15586e+05	2.1e+04
4.1294e+03	2.4e+00	7.28102e+05	2.1e+04
4.1331e+03	2.4e+00	7.24075e+05	2.0e+04
4.1367e+03	2.4e+00	7.24563e+05	2.2e+04
4.1404e+03	2.4e+00	7.34195e+05	2.3e+04
4.1441e+03	2.4e+00	7.32538e+05	2.2e+04
4.1477e+03	2.4e+00	7.33197e+05	2.2e+04
4.1514e+03	2.4e+00	7.33821e+05	2.4e+04
4.1550e+03	2.4e+00	7.33129e+05	2.4e+04
4.1587e+03	2.4e+00	7.27698e+05	2.5e+04
4.1623e+03	2.4e+00	7.26613e+05	2.3e+04
4.1660e+03	2.4e+00	7.23296e+05	2.1e+04
4.1697e+03	2.4e+00	7.26308e+05	2.3e+04
4.1733e+03	2.4e+00	7.27889e+05	2.3e+04
4.1770e+03	2.4e+00	7.27320e+05	2.1e+04
4.1806e+03	2.4e+00	7.27671e+05	2.3e+04
4.1843e+03	2.4e+00	7.34290e+05	2.4e+04
4.1879e+03	2.4e+00	7.29860e+05	2.1e+04
4.1916e+03	2.4e+00	7.27242e+05	2.2e+04
4.1952e+03	2.4e+00	7.29251e+05	2.1e+04
4.1989e+03	2.4e+00	7.30112e+05	2.0e+04
4.2025e+03	2.4e+00	7.21484e+05	2.0e+04
4.2062e+03	2.4e+00	7.22403e+05	2.2e+04
4.2098e+03	2.4e+00	7.14244e+05	2.1e+04
4.2135e+03	2.4e+00	7.12688e+05	2.2e+04
4.2171e+03	2.4e+00	7.10143e+05	2.1e+04
4.2208e+03	2.4e+00	7.02825e+05	2.0e+04
4.2244e+03	2.4e+00	7.10256e+05	2.2e+04
4.2281e+03	2.4e+00	7.06782e+05	2.0e+04
4.2317e+03	2.4e+00	6.99095e+05	1.9e+04
4.2354e+03	2.4e+00	7.00757e+05	1.7e+04
4.2390e+03	2.4e+00	7.01358e+05	2.0e+04
4.2427e+03	2.4e+00	7.02572e+05	1.9e+04
4.2463e+03	2.4e+00	6.94185e+05	1.8e+04
4.2500e+03	2.4e+00	6.95070e+05	1.9e+04
4.2536e+03	2.4e+00	6.92760e+05	1.9e+04
4.2572e+03	2.4e+00	6.92124e+05	2.0e+04
4.2609e+03	2.4e+00	6.83905e+05	1.8e+04
4.2645e+03	2.4e+00	6.83176e+05	2.0e+04
4.2682e+03	2.4e+00	6.85232e+05	2.0e+04
4.2718e+03	2.4e+00	6.83657e+05	1.9e+04
4.2755e+03	2.4e+00	6.75883e+05	1.8e+04
4.2791e+03	2.4e+00	6.69409e+05	1.8e+04
4.2827e+03	2.4e+00	6.63276e+05	2.0e+04
4.2864e+03	2.4e+00	6.53805e+05	1.7e+04
4.2900e+03	2.4e+00	6.44357e+05	1.7e+04
4.2937e+03	2.4e+00	6.44033e+05	1.8e+04
4.2973e+03	2.4e+00	6.32257e+05	1.7e+04
4.3010e+03	2.4e+00	6.23860e+05	1.6e+04
4.3046e+03	2.4e+00	6.08959e+05	1.6e+04
4.3082e+03	2.4e+00	5.91358e+05	1.4e+04
4.3119e+03	2.4e+00	5.72031e+05	1.6e+04
4.3155e+03	2.4e+00	5.38358e+05	1.5e+04
4.3191e+03	2.4e+00	4.85573e+05	1.1e+04
4.3228e+03	2.4e+00	4.26023e+05	1.1e+04
4.3264e+03	2.4e+00	3.46264e+05	9.7e+03
4.3301e+03	2.4e+00	2.77788e+05	7.5e+03
4.3337e+03	2.4e+00	2.68237e+05	6.6e+03
4.3373e+03	2.4e+00	3.09972e+05	8.0e+03
4.3410e+03	2.4e+00	3.85554e+05	9.1e+03
4.3446e+03	2.4e+00	4.55470e+05	1.2e+04
4.3482e+03	2.4e+00	5.06451e+05	1.3e+04
4.3519e+03	2.4e+00	5.44236e+05	1.4e+04
4.3555e+03	2.4e+00	5.71434e+05	1.4e+04
4.3591e+03	2.4e+00	5.84721e+05	1.3e+04
4.3628e+03	2.4e+00	5.93898e+05	1.6e+04
4.3664e+03	2.4e+00	5.98331e+05	1.6e+04
4.3700e+03	2.4e+00	6.04411e+05	1.5e+04
4.3737e+03	2.4e+00	6.05451e+05	1.5e+04
4.3773e+03	2.4e+00	6.06544e+05	1.6e+04
4.3809e+03	2.4e+00	5.98087e+05	1.5e+04
4.3845e+03	2.4e+00	6.02595e+05	1.5e+04
4.3882e+03	2.4e+00	6.04406e+05	1.4e+04
4.3918e+03	2.4e+00	5.99806e+05	1.6e+04
4.3954e+03	2.4e+00	6.00930e+05	1.3e+04
4.3991e+03	2.4e+00	6.04861e+05	1.4e+04
4.4027e+03	2.4e+00	6.02172e+05	1.5e+04
4.4063e+03	2.4e+00	5.96186e+05	1.3e+04
4.4099e+03	2.4e+00	5.95187e+05	1.5e+04
4.4136e+03	2.4e+00	5.90768e+05	1.3e+04
4.4172e+03	2.4e+00	5.91115e+05	1.4e+04
4.4208e+03	2.4e+00	5.93292e+05	1.4e+04
4.4244e+03	2.4e+00	5.88374e+05	1.3e+04
4.4281e+03	2.4e+00	5.89928e+05	1.2e+04
4.4317e+03	2.4e+00	5.84407e+05	1.3e+04
4.4353e+03	2.4e+00	5.77916e+05	1.3e+04
4.4389e+03	2.4e+00	5.74539e+05	1.2e+04
4.4426e+03	2.4e+00	5.75692e+05	1.3e+04
4.4462e+03	2.4e+00	5.73114e+05	1.2e+04
4.4498e+03	2.4e+00	5.67355e+05	1.1e+04
4.4534e+03	2.4e+00	5.73935e+05	1.2e+04
4.4570e+03	2.4e+00	5.65181e+05	1.2e+04
4.4607e+03	2.4e+00	5.62788e+05	1.3e+04
4.4643e+03	2.4e+00	5.52901e+05	1.1e+04
4.4679e+03	2.4e+00	5.51749e+05	1.2e+04
4.4715e+03	2.4e+00	5.44518e+05	1.2e+04
4.4751e+03	2.4e+00	5.39059e+05	1.2e+04
4.4788e+03	2.4e+00	5.38448e+05	1.1e+04
4.4824e+03	2.4e+00	5.36288e+05	1.1e+04
4.4860e+03	2.4e+00	5.41625e+05	1.1e+04
4.4896e+03	2.4e+00	5.37314e+05	1.1e+04
4.4932e+03	2.4e+00	5.39588e+05	1.0e+04
4.4968e+03	2.4e+00	5.40908e+05	1.0e+04
4.5005e+03	2.4e+00	5.34397e+05	1.1e+04
4.5041e+03	2.4e+00	5.34471e+05	9.8e+03
4.5077e+03	2.4e+00	5.31676e+05	1.0e+04
4.5113e+03	2.4e+00	5.29041e+05	9.6e+03
4.5149e+03	2.4e+00	5.23533e+05	1.1e+04
4.5185e+03	2.4e+00	5.22137e+05	9.5e+03
4.5221e+03	2.4e+00	5.17373e+05	9.4e+03
4.5258e+03	2.4e+00	5.14884e+05	9.3e+03
4.5294e+03	2.4e+00	5.11457e+05	8.5e+03
4.5330e+03	2.4e+00	5.14499e+05	9.8e+03
4.5366e+03	2.4e+00	5.12646e+05	9.1e+03
4.5402e+03	2.4e+00	5.08772e+05	9.3e+03
4.5438e+03	2.4e+00	5.02499e+05	9.6e+03
4.5474e+03	2.4e+00	4.97916e+05	9.4e+03
4.5510e+03	2.4e+00	4.97192e+05	8.0e+03
4.5546e+03	2.4e+00	4.97061e+05	8.4e+03
4.5582e+03	2.4e+00	4.96326e+05	9.4e+03
4.5619e+03	2.4e+00	4.92501e+05	9.1e+03
4.5655e+03	2.4e+00	4.91403e+05	8.9e+03
4.5691e+03	2.4e+00	4.90117e+05	7.6e+03
4.5727e+03	2.4e+00	4.85242e+05	8.9e+03
4.5763e+03	2.4e+00	4.79943e+05	8.9e+03
4.5799e+03	2.4e+00	4.78599e+05	8.1e+03
4.5835e+03	2.4e+00	4.71704e+05	8.2e+03
4.5871e+03	2.4e+00	4.73088e+05	9.0e+03
4.5907e+03	2.4e+00	4.73894e+05	7.9e+03
4.5943e+03	2.4e+00	4.71628e+05	8.1e+03
4.5979e+03	2.4e+00	4.70076e+05	8.2e+03
4.6015e+03	2.4e+00	4.72066e+05	8.6e+03
4.6051e+03	2.4e+00	4.67982e+05	8.1e+03
4.6087e+03	2.4e+00	4.66531e+05	8.6e+03
4.6123e+03	2.4e+00	4.60300e+05	7.2e+03
4.6159e+03	2.4e+00	4.58454e+05	8.5e+03
4.6195e+03	2.4e+00	4.55008e+05	8.3e+03
4.6231e+03	2.4e+00	4.54004e+05	7.9e+03
4.6267e+03	2.4e+00	4.53493e+05	7.6e+03
4.6303e+03	2.4e+00	4.48571e+05	7.3e+03
4.6339e+03	2.4e+00	4.48647e+05	7.2e+03
4.6375e+03	2.4e+00	4.47360e+05	7.1e+03
4.6411e+03	2.4e+00	4.46173e+05	7.4e+03
4.6447e+03	2.4e+00	4.45467e+05	6.8e+03
4.6483e+03	2.4e+00	4.41636e+05	6.6e+03
4.6519e+03	2.4e+00	4.40922e+05	7.0e+03
4.6555e+03	2.4e+00	4.37956e+05	7.1e+03
4.6591e+03	2.4e+00	4.35902e+05	6.6e+03
4.6627e+03	2.4e+00	4.33386e+05	6.7e+03
4.6663e+03	2.4e+00	4.29955e+05	6.7e+03
4.6699e+03	2.4e+00	4.27350e+05	6.3e+03
4.6735e+03	2.4e+00	4.24576e+05	7.8e+03
4.6771e+03	2.4e+00	4.23093e+05	6.5e+03
4.6807e+03	2.4e+00	4.21060e+05	6.3e+03
4.6843e+03	2.4e+00	4.20730e+05	6.4e+03
4.6879e+03	2.4e+00	4.15915e+05	5.9e+03
4.6915e+03	2.4e+00	4.14422e+05	5.6e+03
4.6950e+03	2.4e+00	4.12871e+05	5.3e+03
4.6986e+03	2.4e+00	4.11905e+05	6.1e+03
4.7022e+03	2.4e+00	4.11084e+05	5.6e+03
4.7058e+03	2.4e+00	4.07365e+05	6.1e+03
4.7094e+03	2.4e+00	4.04575e+05	5.2e+03
4.7130e+03	2.4e+00	4.05975e+05	5.7e+03
4.7166e+03	2.4e+00	4.02212e+05	5.2e+03
4.7202e+03	2.4e+00	4.01131e+05	5.8e+03
4.7238e+03	2.4e+00	3.98664e+05	5.0e+03
4.7274e+03	2.4e+00	3.95238e+05	5.8e+03
4.7309e+03	2.4e+00	3.95303e+05	4.9e+03
4.7345e+03	2.4e+00	3.90336e+05	5.6e+03
4.7381e+03	2.4e+00	3.89160e+05	4.4e+03
4.7417e+03	2.4e+00	3.86126e+05	4.3e+03
4.7453e+03	2.4e+00	3.84134e+05	4.5e+03
4.7489e+03	2.4e+00	3.84159e+05	4.4e+03
4.7525e+03	2.4e+00	3.80315e+05	4.7e+03
4.7560e+03	2.4e+00	3.76854e+05	4.3e+03
4.7596e+03	2.4e+00	3.73680e+05	5.6e+03
4.7632e+03	2.4e+00	3.70649e+05	4.7e+03
4.7668e+03	2.4e+00	3.66458e+05	4.9e+03
4.7704e+03	2.4e+00	3.65337e+05	4.7e+03
4.7740e+03	2.4e+00	3.62119e+05	4.6e+03
4.7775e+03	2.4e+00	3.62083e+05	4.6e+03
4.7811e+03	2.4e+00	3.60649e+05	4.3e+03
4.7847e+03	2.4e+00	3.58197e+05	3.9e+03
4.7883e+03	2.4e+00	3.55943e+05	4.5e+03
4.7919e+03	2.4e+00	3.55455e+05	4.6e+03
4.7954e+03	2.4e+00	3.53150e+05	4.9e+03
4.7990e+03	2.4e+00	3.50829e+05	3.5e+03
4.8026e+03	2.4e+00	3.46709e+05	4.8e+03
4.8062e+03	2.4e+00	3.46679e+05	4.6e+03
4.8098e+03	2.4e+00	3.43062e+05	3.0e+03
4.8133e+03	2.4e+00	3.41998e+05	4.3e+03
4.8169e+03	2.4e+00	3.37275e+05	4.1e+03
4.8205e+03	2.4e+00	3.33732e+05	3.7e+03
4.8241e+03	2.4e+00	3.28825e+05	3.5e+03
4.8276e+03	2.4e+00	3.27277e+05	3.5e+03
4.8312e+03	2.4e+00	3.20358e+05	3.7e+03
4.8348e+03	2.4e+00	3.13727e+05	4.2e+03
4.8384e+03	2.4e+00	3.03769e+05	2.8e+03
4.8419e+03	2.4e+00	2.90789e+05	2.8e+03
4.8455e+03	2.4e+00	2.73486e+05	3.3e+03
4.8491e+03	2.4e+00	2.53420e+05	3.2e+03
4.8527e+03	2.4e+00	2.23924e+05	2.3e+03
4.8562e+03	2.4e+00	1.89635e+05	2.0e+03
4.8598e+03	2.4e+00	1.57852e+05	1.6e+03
4.8634e+03	2.4e+00	1.51722e+05	1.6e+03
4.8669e+03	2.4e+00	1.69291e+05	2.1e+03
4.8705e+03	2.4e+00	2.04116e+05	2.7e+03
4.8741e+03	2.4e+00	2.31479e+05	2.4e+03
4.8777e+03	2.4e+00	2.55512e+05	2.5e+03
4.8812e+03	2.4e+00	2.72269e+05	3.1e+03
4.8848e+03	2.4e+00	2.82699e+05	3.3e+03
4.8884e+03	2.4e+00	2.91217e+05	3.0e+03
4.8919e+03	2.4e+00	2.94675e+05	3.4e+03
4.8955e+03	2.4e+00	2.99703e+05	3.9e+03
4.8991e+03	2.4e+00	3.01099e+05	3.0e+03
4.9026e+03	2.4e+00	3.02768e+05	3.3e+03
4.9062e+03	2.4e+00	3.04061e+05	3.2e+03
4.9098e+03	2.4e+00	3.04587e+05	3.4e+03
4.9133e+03	2.4e+00	3.02316e+05	2.9e+03
4.9169e+03	2.4e+00	3.02712e+05	3.3e+03
4.9205e+03	2.4e+00	2.99883e+05	3.0e+03
4.9240e+03	2.4e+00	2.99694e+05	2.6e+03
4.9276e+03	2.4e+00	2.99364e+05	2.7e+03
4.9312e+03	2.4e+00	3.00016e+05	2.9e+03
4.9347e+03	2.4e+00	3.01642e+05	3.4e+03
4.9383e+03	2.4e+00	3.00862e+05	3.1e+03
4.9418e+03	2.4e+00	2.99787e+05	2.6e+03
4.9454e+03	2.4e+00	2.99071e+05	2.7e+03
4.9490e+03	2.4e+00	2.98124e+05	2.7e+03
4.9525e+03	2.4e+00	2.98193e+05	2.7e+03
4.9561e+03	2.4e+00	2.96088e+05	2.4e+03
4.9596e+03	2.4e+00	2.95036e+05	3.3e+03
4.9632e+03	2.4e+00	2.92728e+05	2.5e+03
4.9668e+03	2.4e+00	2.92850e+05	2.7e+03
4.9703e+03	2.4e+00	2.92080e+05	2.7e+03
4.9739e+03	2.4e+00	2.91341e+05	2.8e+03
4.9774e+03	2.4e+00	2.89644e+05	2.6e+03
4.9810e+03	2.4e+00	2.87342e+05	2.6e+03
4.9845e+03	2.4e+00	2.86778e+05	2.5e+03
4.9881e+03	2.4e+00	2.84924e+05	3.0e+03
4.9917e+03	2.4e+00	2.83167e+05	2.5e+03
4.9952e+03	2.4e+00	2.82179e+05	3.1e+03
4.9988e+03	2.4e+00	2.79093e+05	2.5e+03
5.0023e+03	2.4e+00	2.77642e+05	2.7e+03
5.0059e+03	2.4e+00	2.76009e+05	2.4e+03
5.0094e+03	2.4e+00	2.74850e+05	2.6e+03
5.0130e+03	2.4e+00	2.72887e+05	2.7e+03
5.0165e+03	2.4e+00	2.69439e+05	2.5e+03
5.0201e+03	2.4e+00	2.67249e+05	2.5e+03
5.0236e+03	2.4e+00	2.65953e+05	2.5e+03
5.0272e+03	2.4e+00	2.65899e+05	2.6e+03
5.0307e+03	2.4e+00	2.66043e+05	2.5e+03
5.0343e+03	2.4e+00	2.63654e+05	2.4e+03
5.0378e+03	2.4e+00	2.62928e+05	2.4e+03
5.0414e+03	2.4e+00	2.61937e+05	2.6e+03
5.0449e+03	2.4e+00	2.60509e+05	2.5e+03
5.0485e+03	2.4e+00	2.59606e+05	2.5e+03
5.0520e+03	2.4e+00	2.58607e+05	2.4e+03
5.0556e+03	2.4e+00	2.56968e+05	2.6e+03
5.0591e+03	2.4e+00	2.55856e+05	2.5e+03
5.0627e+03	2.4e+00	2.54609e+05	2.2e+03
5.0662e+03	2.4e+00	2.54771e+05	2.4e+03
5.0698e+03	2.4e+00	2.54431e+05	2.4e+03
5.0733e+03	2.4e+00	2.52012e+05	2.5e+03
5.0769e+03	2.4e+00	2.52162e+05	2.3e+03
5.0804e+03	2.4e+00	2.51713e+05	2.5e+03
5.0840e+03	2.4e+00	2.50190e+05	2.3e+03
5.0875e+03	2.4e+00	2.49936e+05	2.3e+03
5.0910e+03	2.4e+00	2.48117e+05	2.5e+03
5.0946e+03	2.4e+00	2.46854e+05	2.5e+03
5.0981e+03	2.4e+00	2.46792e+05	2.7e+03
5.1017e+03	2.4e+00	2.44777e+05	2.3e+03
5.1052e+03	2.4e+00	2.43004e+05	2.7e+03
5.1088e+03	2.4e+00	2.44223e+05	2.4e+03
5.1123e+03	2.4e+00	2.40641e+05	2.5e+03
5.1158e+03	2.4e+00	2.40749e+05	2.6e+03
5.1194e+03	2.4e+00	2.40908e+05	2.3e+03
5.1229e+03	2.4e+00	2.38244e+05	2.3e+03
5.1265e+03	2.4e+00	2.37148e+05	2.5e+03
5.1300e+03	2.4e+00	2.36381e+05	2.3e+03
5.1335e+03	2.4e+00	2.35426e+05	2.4e+03
5.1371e+03	2.4e+00	2.33304e+05	2.5e+03
5.1406e+03	2.4e+00	2.32274e+05	2.4e+03
5.1441e+03	2.4e+00	2.31118e+05	2.4e+03
5.1477e+03	2.4e+00	2.28841e+05	2.6e+03
5.1512e+03	2.4e+00	2.28733e+05	2.5e+03
5.1548e+03	2.4e+00	2.26492e+05	2.7e+03
5.1583e+03	2.4e+00	2.25869e+05	2.4e+03
5.1618e+03	2.4e+00	2.24461e+05	2.5e+03
5.1654e+03	2.4e+00	2.22946e+05	2.3e+03
5.1689e+03	2.4e+00	2.18868e+05	2.5e+03
5.1724e+03	2.4e+00	2.16981e+05	2.3e+03
5.1760e+03	2.4e+00	2.16362e+05	2.3e+03
5.1795e+03	2.4e+00	2.18325e+05	2.0e+03
5.1830e+03	2.4e+00	2.17100e+05	2.2e+03
5.1866e+03	2.4e+00	2.15746e+05	2.1e+03
5.1901e+03	2.4e+00	2.15799e+05	2.2e+03
5.1936e+03	2.4e+00	2.16647e+05	2.1e+03
5.1971e+03	2.4e+00	2.13790e+05	2.3e+03
5.2007e+03	2.4e+00	2.13356e+05	2.2e+03
5.2042e+03	2.4e+00	2.12839e+05	2.3e+03
5.2077e+03	2.4e+00	2.12661e+05	2.1e+03
5.2113e+03	2.4e+00	2.11666e+05	2.2e+03
5.2148e+03	2.4e+00	2.09223e+05	1.7e+03
5.2183e+03	2.4e+00	2.09442e+05	2.0e+03
5.2219e+03	2.4e+00	2.08450e+05	2.0e+03
5.2254e+03	2.4e+00	2.07582e+05	2.1e+03
5.2289e+03	2.4e+00	2.04486e+05	2.0e+03
5.2324e+03	2.4e+00	2.03673e+05	2.0e+03
5.2360e+03	2.4e+00	2.01645e+05	2.1e+03
5.2395e+03	2.4e+00	2.01230e+05	1.9e+03
5.2430e+03	2.4e+00	2.00723e+05	1.9e+03
5.2465e+03	2.4e+00	2.01648e+05	2.0e+03
5.2501e+03	2.4e+00	1.99989e+05	2.1e+03
5.2536e+03	2.4e+00	1.97352e+05	1.8e+03
5.2571e+03	2.4e+00	1.97241e+05	2.0e+03
5.2606e+03	2.4e+00	1.95988e+05	2.0e+03
5.2641e+03	2.4e+00	1.94049e+05	2.0e+03
5.2677e+03	2.4e+00	1.92478e+05	2.1e+03
5.2712e+03	2.4e+00	1.91841e+05	1.9e+03
5.2747e+03	2.4e+00	1.90904e+05	2.0e+03
5.2782e+03	2.4e+00	1.89619e+05	1.9e+03
5.2817e+03	2.4e+00	1.88685e+05	1.9e+03
5.2853e+03	2.4e+00	1.87644e+05	1.9e+03
5.2888e+03	2.4e+00	1.88268e+05	2.0e+03
5.2923e+03	2.4e+00	1.86968e+05	1.9e+03
5.2958e+03	2.4e+00	1.86139e+05	2.0e+03
5.2993e+03	2.4e+00	1.85020e+05	1.9e+03
5.3029e+03	2.4e+00	1.84081e+05	1.9e+03
5.3064e+03	2.4e+00	1.83384e+05	1.9e+03
5.3099e+03	2.4e+00	1.82308e+05	2.0e+03
5.3134e+03	2.4e+00	1.81946e+05	1.9e+03
5.3169e+03	2.4e+00	1.78980e+05	2.0e+03
5.3204e+03	2.4e+00	1.78770e+05	1.8e+03
5.3240e+03	2.4e+00	1.77978e+05	1.7e+03
5.3275e+03	2.4e+00	1.77802e+05	1.8e+03
5.3310e+03	2.4e+00	1.77027e+05	1.9e+03
5.3345e+03	2.4e+00	1.76911e+05	1.8e+03
5.3380e+03	2.4e+00	1.75991e+05	1.9e+03
5.3415e+03	2.4e+00	1.75930e+05	2.0e+03
5.3450e+03	2.4e+00	1.76287e+05	1.9e+03
5.3485e+03	2.4e+00	1.76238e+05	1.9e+03
5.3521e+03	2.4e+00	1.75015e+05	1.8e+03
5.3556e+03	2.4e+00	1.73799e+05	1.7e+03
5.3591e+03	2.4e+00	1.74118e+05	1.8e+03
5.3626e+03	2.4e+00	1.72604e+05	1.6e+03
5.3661e+03	2.4e+00	1.71484e+05	1.6e+03
5.3696e+03	2.4e+00	1.71476e+05	1.7e+03
5.3731e+03	2.4e+00	1.70629e+05	1.7e+03
5.3766e+03	2.4e+00	1.70664e+05	1.7e+03
5.3801e+03	2.4e+00	1.69848e+05	1.6e+03
5.3836e+03	2.4e+00	1.68219e+05	1.7e+03
5.3871e+03	2.4e+00	1.68282e+05	1.7e+03
5.3907e+03	2.4e+00	1.67107e+05	1.7e+03
5.3942e+03	2.4e+00	1.66756e+05	1.7e+03
5.3977e+03	2.4e+00	1.65474e+05	1.6e+03
5.4012e+03	2.4e+00	1.64360e+05	1.6e+03
5.4047e+03	2.4e+00	1.63890e+05	1.6e+03
5.4082e+03	2.4e+00	1.64317e+05	1.8e+03
5.4117e+03	2.4e+00	1.62881e+05	1.6e+03
5.4152e+03	2.4e+00	1.62590e+05	1.7e+03
5.4187e+03	2.4e+00	1.60843e+05	1.6e+03
5.4222e+03	2.4e+00	1.60313e+05	1.4e+03
5.4257e+03	2.4e+00	1.59727e+05	1.5e+03
5.4292e+03	2.4e+00	1.59014e+05	1.6e+03
5.4327e+03	2.4e+00	1.57879e+05	1.5e+03
5.4362e+03	2.4e+00	1.57605e+05	1.6e+03
5.4397e+03	2.4e+00	1.56684e+05	1.7e+03
5.4432e+03	2.4e+00	1.56913e+05	1.6e+03
5.4467e+03	2.4e+00	1.56085e+05	1.6e+03
5.4502e+03	2.4e+00	1.55641e+05	1.6e+03
5.4537e+03	2.4e+00	1.54807e+05	1.5e+03
5.4572e+03	2.4e+00	1.55148e+05	1.6e+03
5.4607e+03	2.4e+00	1.54560e+05	1.5e+03
5.4642e+03	2.4e+00	1.53861e+05	1.5e+03
5.4677e+03	2.4e+00	1.53625e+05	1.6e+03
5.4712e+03	2.4e+00	1.53002e+05	1.5e+03
5.4747e+03	2.4e+00	1.52013e+05	1.6e+03
5.4782e+03	2.4e+00	1.51450e+05	1.5e+03
5.4817e+03	2.4e+00	1.51305e+05	1.4e+03
5.4852e+03	2.4e+00	1.50383e+05	1.5e+03
5.4887e+03	2.4e+00	1.49496e+05	1.5e+03
5.4922e+03	2.4e+00	1.49468e+05	1.6e+03
5.4956e+03	2.4e+00	1.48609e+05	1.5e+03
5.4991e+03	2.4e+00	1.47966e+05	1.5e+03
5.5026e+03	2.4e+00	1.47485e+05	1.4e+03
5.5061e+03	2.4e+00	1.47092e+05	1.5e+03
5.5096e+03	2.4e+00	1.46579e+05	1.3e+03
5.5131e+03	2.4e+00	1.45211e+05	1.4e+03
5.5166e+03	2.4e+00	1.45627e+05	1.4e+03
5.5201e+03	2.4e+00	1.44509e+05	1.3e+03
5.5236e+03	2.4e+00	1.45078e+05	1.4e+03
5.5271e+03	2.4e+00	1.43923e+05	1.3e+03
5.5306e+03	2.4e+00	1.43164e+05	1.4e+03
5.5340e+03	2.4e+00	1.42273e+05	1.2e+03
5.5375e+03	2.4e+00	1.41481e+05	1.5e+03
5.5410e+03	2.4e+00	1.41350e+05	1.5e+03
5.5445e+03	2.4e+00	1.40164e+05	1.6e+03
5.5480e+03	2.4e+00	1.39390e+05	1.3e+03
5.5515e+03	2.4e+00	1.39777e+05	1.3e+03
5.5550e+03	2.4e+00	1.38844e+05	1.3e+03
5.5585e+03	2.4e+00	1.38297e+05	1.3e+03
5.5619e+03	2.4e+00	1.38035e+05	1.3e+03
5.5654e+03	2.4e+00	1.36625e+05	1.3e+03
5.5689e+03	2.4e+00	1.36860e+05	1.5e+03
5.5724e+03	2.4e+00	1.35761e+05	1.5e+03
5.5759e+03	2.4e+00	1.35238e+05	1.3e+03
5.5794e+03	2.4e+00	1.35045e+05	1.4e+03
5.5828e+03	2.4e+00	1.34959e+05	1.3e+03
5.5863e+03	2.4e+00	1.34666e+05	1.4e+03
5.5898e+03	2.4e+00	1.33410e+05	1.5e+03
5.5933e+03	2.4e+00	1.32439e+05	1.3e+03
5.5968e+03	2.4e+00	1.32402e+05	1.2e+03
5.6002e+03	2.4e+00	1.32071e+05	1.4e+03
5.6037e+03	2.4e+00	1.31147e+05	1.3e+03
5.6072e+03	2.4e+00	1.30602e+05	1.3e+03
5.6107e+03	2.4e+00	1.30817e+05	1.4e+03
5.6142e+03	2.4e+00	1.30353e+05	1.3e+03
5.6176e+03	2.4e+00	1.29437e+05	1.3e+03
5.6211e+03	2.4e+00	1.29065e+05	1.3e+03
5.6246e+03	2.4e+00	1.29302e+05	1.3e+03
5.6281e+03	2.4e+00	1.28829e+05	1.3e+03
5.6315e+03	2.4e+00	1.27844e+05	1.3e+03
5.6350e+03	2.4e+00	1.27014e+05	1.3e+03
5.6385e+03	2.4e+00	1.26582e+05	1.3e+03
5.6420e+03	2.4e+00	1.26724e+05	1.3e+03
5.6454e+03	2.4e+00	1.26759e+05	1.1e+03
5.6489e+03	2.4e+00	1.25073e+05	1.4e+03
5.6524e+03	2.4e+00	1.25590e+05	1.2e+03
5.6559e+03	2.4e+00	1.24913e+05	1.2e+03
5.6593e+03	2.4e+00	1.25525e+05	1.2e+03
5.6628e+03	2.4e+00	1.24405e+05	1.2e+03
5.6663e+03	2.4e+00	1.23799e+05	1.3e+03
5.6698e+03	2.4e+00	1.23223e+05	1.2e+03
5.6732e+03	2.4e+00	1.22827e+05	1.2e+03
5.6767e+03	2.4e+00	1.22988e+05	1.1e+03
5.6802e+03	2.4e+00	1.21796e+05	1.2e+03
5.6836e+03	2.4e+00	1.21306e+05	1.1e+03
5.6871e+03	2.4e+00	1.20818e+05	1.1e+03
5.6906e+03	2.4e+00	1.20476e+05	1.3e+03
5.6940e+03	2.4e+00	1.19481e+05	1.2e+03
5.6975e+03	2.4e+00	1.18716e+05	1.1e+03
5.7010e+03	2.4e+00	1.18990e+05	1.2e+03
5.7045e+03	2.4e+00	1.18302e+05	1.1e+03
5.7079e+03	2.4e+00	1.17488e+05	1.1e+03
5.7114e+03	2.4e+00	1.17582e+05	1.1e+03
5.7149e+03	2.4e+00	1.16391e+05	1.1e+03
5.7183e+03	2.4e+00	1.16319e+05	1.1e+03
5.7218e+03	2.4e+00	1.15325e+05	1.0e+03
5.7252e+03	2.4e+00	1.15766e+05	1.0e+03
5.7287e+03	2.4e+00	1.14683e+05	9.9e+02
5.7322e+03	2.4e+00	1.14404e+05	1.1e+03
5.7356e+03	2.4e+00	1.13992e+05	1.1e+03
5.7391e+03	2.4e+00	1.13416e+05	1.1e+03
5.7426e+03	2.4e+00	1.13050e+05	1.1e+03
5.7460e+03	2.4e+00	1.12686e+05	1.1e+03
5.7495e+03	2.4e+00	1.12633e+05	1.1e+03
5.7529e+03	2.4e+00	1.11994e+05	9.9e+02
5.7564e+03	2.4e+00	1.11348e+05	8.9e+02
5.7599e+03	2.4e+00	1.12024e+05	1.0e+03
5.7633e+03	2.4e+00	1.11108e+05	1.1e+03
5.7668e+03	2.4e+00	1.10903e+05	1.0e+03
5.7702e+03	2.4e+00	1.10248e+05	1.1e+03
5.7737e+03	2.4e+00	1.10779e+05	1.1e+03
5.7772e+03	2.4e+00	1.10394e+05	1.1e+03
5.7806e+03	2.4e+00	1.10367e+05	1.1e+03
5.7841e+03	2.4e+00	1.09745e+05	1.1e+03
5.7875e+03	2.4e+00	1.09133e+05	9.7e+02
5.7910e+03	2.4e+00	1.09335e+05	1.1e+03
5.7944e+03	2.4e+00	1.09124e+05	9.3e+02
5.7979e+03	2.4e+00	1.08794e+05	9.9e+02
5.8014e+03	2.4e+00	1.08969e+05	9.7e+02
5.8048e+03	2.4e+00	1.08252e+05	1.0e+03
5.8083e+03	2.4e+00	1.09163e+05	9.2e+02
5.8117e+03	2.4e+00	1.09875e+05	1.1e+03
5.8152e+03	2.4e+00	1.08626e+05	1.0e+03
5.8186e+03	2.4e+00	1.08862e+05	1.1e+03
5.8221e+03	2.4e+00	1.08641e+05	1.0e+03
5.8255e+03	2.4e+00	1.08150e+05	1.0e+03
5.8290e+03	2.4e+00	1.07942e+05	9.5e+02
5.8324e+03	2.4e+00	1.07570e+05	1.0e+03
5.8359e+03	2.4e+00	1.07405e+05	1.1e+03
5.8393e+03	2.4e+00	1.07501e+05	9.3e+02
5.8428e+03	2.4e+00	1.07443e+05	9.3e+02
5.8462e+03	2.4e+00	1.06828e+05	9.8e+02
5.8497e+03	2.4e+00	1.06532e+05	1.1e+03
5.8531e+03	2.4e+00	1.06178e+05	9.6e+02
5.8566e+03	2.4e+00	1.06460e+05	1.1e+03
5.8600e+03	2.4e+00	1.06217e+05	1.2e+03
5.8635e+03	2.4e+00	1.06272e+05	9.4e+02
5.8669e+03	2.4e+00	1.05776e+05	1.1e+03
5.8704e+03	2.4e+00	1.05335e+05	1.1e+03
5.8738e+03	2.4e+00	1.04622e+05	1.2e+03
5.8773e+03	2.4e+00	1.04155e+05	1.0e+03
5.8807e+03	2.4e+00	1.03060e+05	1.1e+03
5.8841e+03	2.4e+00	1.02401e+05	9.2e+02
5.8876e+03	2.4e+00	1.00931e+05	1.1e+03
5.8910e+03	2.4e+00	1.00482e+05	1.0e+03
5.8945e+03	2.4e+00	9.99238e+04	9.6e+02
5.8979e+03	2.4e+00	1.00425e+05	1.1e+03
5.9014e+03	2.4e+00	1.00674e+05	1.1e+03
5.9048e+03	2.4e+00	1.01012e+05	1.2e+03
5.9082e+03	2.4e+00	1.00219e+05	1.2e+03
5.9117e+03	2.4e+00	1.00665e+05	9.3e+02
5.9151e+03	2.4e+00	1.00134e+05	1.0e+03
5.9186e+03	2.4e+00	9.95046e+04	1.2e+03
5.9220e+03	2.4e+00	9.93712e+04	1.0e+03
5.9254e+03	2.4e+00	9.93117e+04	1.1e+03
5.9289e+03	2.4e+00	9.94554e+04	9.9e+02
5.9323e+03	2.4e+00	9.93578e+04	8.6e+02
5.9358e+03	2.4e+00	9.96349e+04	9.4e+02
5.9392e+03	2.4e+00	9.86493e+04	9.3e+02
5.9426e+03	2.4e+00	9.81590e+04	8.8e+02
5.9461e+03	2.4e+00	9.74069e+04	1.0e+03
5.9495e+03	2.4e+00	9.70749e+04	9.9e+02
5.9529e+03	2.4e+00	9.74912e+04	8.8e+02
5.9564e+03	2.4e+00	9.70008e+04	9.0e+02
5.9598e+03	2.4e+00	9.70768e+04	9.1e+02
5.9633e+03	2.4e+00	9.67995e+04	1.0e+03
5.9667e+03	2.4e+00	9.64368e+04	1.2e+03
5.9701e+03	2.4e+00	9.60690e+04	1.0e+03
5.9736e+03	2.4e+00	9.59519e+04	9.6e+02
5.9770e+03	2.4e+00	9.59826e+04	1.2e+03
5.9804e+03	2.4e+00	9.54508e+04	1.0e+03
5.9838e+03	2.4e+00	9.57098e+04	1.1e+03
5.9873e+03	2.4e+00	9.54235e+04	1.1e+03
5.9907e+03	2.4e+00	9.48376e+04	1.2e+03
5.9941e+03	2.4e+00	9.49428e+04	1.2e+03
5.9976e+03	2.4e+00	9.44877e+04	1.0e+03
6.0010e+03	2.4e+00	9.48785e+04	9.8e+02
6.0044e+03	2.4e+00	9.42983e+04	1.1e+03
6.0079e+03	2.4e+00	9.40153e+04	1.1e+03
6.0113e+03	2.4e+00	9.37316e+04	1.1e+03
6.0147e+03	2.4e+00	9.38566e+04	1.1e+03
6.0181e+03	2.4e+00	9.32579e+04	1.2e+03
6.0216e+03	2.4e+00	9.27920e+04	1.0e+03
6.0250e+03	2.4e+00	9.32154e+04	1.2e+03
6.0284e+03	2.4e+00	9.29216e+04	1.1e+03
6.0318e+03	2.4e+00	9.27079e+04	1.3e+03
6.0353e+03	2.4e+00	9.20794e+04	1.1e+03
6.0387e+03	2.4e+00	9.18628e+04	1.1e+03
6.0421e+03	2.4e+00	9.12451e+04	1.1e+03
6.0455e+03	2.4e+00	9.11053e+04	1.1e+03
6.0490e+03	2.4e+00	9.07442e+04	1.3e+03
6.0524e+03	2.4e+00	9.10203e+04	1.0e+03
6.0558e+03	2.4e+00	9.09203e+04	1.2e+03
6.0592e+03	2.4e+00	9.09878e+04	1.2e+03
6.0627e+03	2.4e+00	9.09377e+04	1.0e+03
6.0661e+03	2.4e+00	9.10422e+04	1.2e+03
6.0695e+03	2.4e+00	9.03185e+04	1.2e+03
6.0729e+03	2.4e+00	8.99117e+04	1.0e+03
6.0763e+03	2.4e+00	8.97559e+04	1.1e+03
6.0798e+03	2.4e+00	8.95312e+04	9.5e+02
6.0832e+03	2.4e+00	8.90977e+04	1.0e+03
6.0866e+03	2.4e+00	8.94275e+04	1.0e+03
6.0900e+03	2.4e+00	8.92062e+04	9.5e+02
6.0934e+03	2.4e+00	8.83921e+04	7.3e+02
6.0969e+03	2.4e+00	8.87475e+04	9.2e+02
6.1003e+03	2.4e+00	8.84895e+04	9.6e+02
6.1037e+03	2.4e+00	8.84296e+04	1.2e+03
6.1071e+03	2.4e+00	8.81521e+04	9.4e+02
6.1105e+03	2.4e+00	8.81394e+04	1.2e+03
6.1139e+03	2.4e+00	8.79921e+04	1.2e+03
6.1174e+03	2.4e+00	8.77237e+04	8.1e+02
6.1208e+03	2.4e+00	8.77285e+04	1.0e+03
6.1242e+03	2.4e+00	8.74127e+04	9.4e+02
6.1276e+03	2.4e+00	8.70917e+04	9.4e+02
6.1310e+03	2.4e+00	8.68479e+04	1.0e+03
6.1344e+03	2.4e+00	8.65832e+04	1.0e+03
6.1378e+03	2.4e+00	8.61749e+04	1.1e+03
6.1412e+03	2.4e+00	8.64084e+04	1.0e+03
6.1447e+03	2.4e+00	8.62941e+04	1.2e+03
6.1481e+03	2.4e+00	8.60398e+04	1.2e+03
6.1515e+03	2.4e+00	8.51058e+04	1.1e+03
6.1549e+03	2.4e+00	8.43821e+04	1.4e+03
6.1583e+03	2.4e+00	8.38792e+04	1.2e+03
6.1617e+03	2.4e+00	8.44252e+04	1.1e+03
6.1651e+03	2.4e+00	8.49253e+04	1.2e+03
6.1685e+03	2.4e+00	8.54886e+04	1.1e+03
6.1719e+03	2.4e+00	8.50261e+04	1.2e+03
6.1753e+03	2.4e+00	8.42412e+04	1.3e+03
6.1787e+03	2.4e+00	8.45199e+04	1.3e+03
6.1822e+03	2.4e+00	8.39325e+04	1.2e+03
6.1856e+03	2.4e+00	8.35988e+04	1.2e+03
6.1890e+03	2.4e+00	8.39327e+04	1.1e+03
6.1924e+03	2.4e+00	8.36024e+04	1.2e+03
6.1958e+03	2.4e+00	8.32113e+04	1.1e+03
6.1992e+03	2.4e+00	8.29587e+04	1.3e+03
6.2026e+03	2.4e+00	8.31098e+04	1.1e+03
6.2060e+03	2.4e+00	8.26760e+04	1.2e+03
6.2094e+03	2.4e+00	8.23573e+04	1.2e+03
6.2128e+03	2.4e+00	8.25564e+04	1.2e+03
6.2162e+03	2.4e+00	8.23400e+04	1.2e+03
6.2196e+03	2.4e+00	8.20403e+04	1.2e+03
6.2230e+03	2.4e+00	8.18847e+04	1.1e+03
6.2264e+03	2.4e+00	8.15923e+04	1.3e+03
6.2298e+03	2.4e+00	8.11167e+04	1.4e+03
6.2332e+03	2.4e+00	8.09142e+04	1.3e+03
6.2366e+03	2.4e+00	8.06374e+04	1.0e+03
6.2400e+03	2.4e+00	8.06674e+04	1.2e+03
6.2434e+03	2.4e+00	8.03213e+04	1.2e+03
6.2468e+03	2.4e+00	7.99126e+04	9.5e+02
6.2502e+03	2.4e+00	7.99846e+04	1.2e+03
6.2536e+03	2.4e+00	8.00027e+04	1.1e+03
6.2570e+03	2.4e+00	7.99729e+04	1.2e+03
6.2604e+03	2.4e+00	8.00395e+04	1.2e+03
6.2638e+03	2.4e+00	7.88728e+04	1.1e+03
6.2672e+03	2.4e+00	7.89203e+04	1.2e+03
6.2706e+03	2.4e+00	7.80906e+04	1.2e+03
6.2740e+03	2.4e+00	7.56482e+04	1.1e+03
6.2774e+03	2.4e+00	7.40237e+04	9.2e+02
6.2808e+03	2.4e+00	7.36867e+04	9.8e+02
6.2841e+03	2.4e+00	7.53603e+04	1.2e+03
6.2875e+03	2.4e+00	7.59893e+04	9.6e+02
6.2909e+03	2.4e+00	7.62797e+04	8.7e+02
6.2943e+03	2.4e+00	7.55159e+04	1.0e+03
6.2977e+03	2.4e+00	7.56420e+04	1.1e+03
6.3011e+03	2.4e+00	7.59082e+04	1.1e+03
6.3045e+03	2.4e+00	7.58310e+04	1.3e+03
6.3079e+03	2.4e+00	7.61985e+04	1.2e+03
6.3113e+03	2.4e+00	7.59798e+04	1.1e+03
6.3147e+03	2.4e+00	7.58971e+04	1.1e+03
6.3181e+03	2.4e+00	7.60645e+04	1.3e+03
6.3214e+03	2.4e+00	7.60392e+04	1.2e+03
6.3248e+03	2.4e+00	7.61089e+04	1.1e+03
6.3282e+03	2.4e+00	7.59633e+04	1.1e+03
6.3316e+03	2.4e+00	7.63096e+04	1.3e+03
6.3350e+03	2.4e+00	7.63122e+04	1.2e+03
6.3384e+03	2.4e+00	7.56429e+04	1.2e+03
6.3418e+03	2.4e+00	7.54399e+04	1.2e+03
6.3452e+03	2.4e+00	7.50716e+04	1.2e+03
6.3485e+03	2.4e+00	7.49089e+04	1.3e+03
6.3519e+03	2.4e+00	7.56290e+04	1.3e+03
6.3553e+03	2.4e+00	7.58143e+04	1.4e+03
6.3587e+03	2.4e+00	7.55173e+04	1.3e+03
6.3621e+03	2.4e+00	7.55298e+04	1.4e+03
6.3655e+03	2.4e+00	7.50767e+04	1.4e+03
6.3688e+03	2.4e+00	7.48403e+04	1.3e+03
6.3722e+03	2.4e+00	7.47529e+04	1.2e+03
6.3756e+03	2.4e+00	7.47788e+04	1.3e+03
6.3790e+03	2.4e+00	7.51978e+04	1.3e+03
6.3824e+03	2.4e+00	7.48941e+04	1.3e+03
6.3857e+03	2.4e+00	7.52794e+04	1.4e+03
6.3891e+03	2.4e+00	7.48070e+04	1.4e+03
6.3925e+03	2.4e+00	7.44762e+04	1.4e+03
6.3959e+03	2.4e+00	7.40395e+04	1.3e+03
6.3993e+03	2.4e+00	7.38752e+04	1.3e+03
6.4026e+03	2.4e+00	7.37335e+04	1.5e+03
6.4060e+03	2.4e+00	7.39408e+04	1.3e+03
6.4094e+03	2.4e+00	7.38577e+04	1.5e+03
6.4128e+03	2.4e+00	7.33945e+04	1.3e+03
6.4162e+03	2.4e+00	7.32601e+04	1.4e+03
6.4195e+03	2.4e+00	7.31297e+04	1.3e+03
6.4229e+03	2.4e+00	7.34307e+04	1.3e+03
6.4263e+03	2.4e+00	7.31436e+04	1.4e+03
6.4297e+03	2.4e+00	7.33092e+04	1.3e+03
6.4330e+03	2.4e+00	7.28535e+04	1.5e+03
6.4364e+03	2.4e+00	7.27550e+04	1.3e+03
6.4398e+03	2.4e+00	7.21511e+04	1.3e+03
6.4432e+03	2.4e+00	7.20208e+04	1.3e+03
6.4465e+03	2.4e+00	7.20294e+04	1.4e+03
6.4499e+03	2.4e+00	7.13429e+04	1.3e+03
6.4533e+03	2.4e+00	7.12526e+04	1.3e+03
6.4566e+03	2.4e+00	7.09419e+04	1.3e+03
6.4600e+03	2.4e+00	7.16429e+04	1.4e+03
6.4634e+03	2.4e+00	7.10664e+04	1.3e+03
6.4667e+03	2.4e+00	7.08139e+04	1.2e+03
6.4701e+03	2.4e+00	7.01513e+04	1.2e+03
6.4735e+03	2.4e+00	7.01833e+04	1.1e+03
6.4769e+03	2.4e+00	6.97273e+04	1.1e+03
6.4802e+03	2.4e+00	6.94536e+04	1.3e+03
6.4836e+03	2.4e+00	6.97473e+04	1.2e+03
6.4870e+03	2.4e+00	6.94943e+04	1.1e+03
6.4903e+03	2.4e+00	6.92721e+04	1.2e+03
6.4937e+03	2.4e+00	6.94629e+04	1.4e+03
6.4971e+03	2.4e+00	6.90292e+04	1.4e+03
6.5004e+03	2.4e+00	6.95177e+04	1.4e+03
6.5038e+03	2.4e+00	6.90646e+04	1.5e+03
6.5072e+03	2.4e+00	6.86974e+04	1.3e+03
6.5105e+03	2.4e+00	6.76609e+04	1.3e+03
6.5139e+03	2.4e+00	6.71187e+04	1.2e+03
6.5172e+03	2.4e+00	6.64199e+04	1.3e+03
6.5206e+03	2.4e+00	6.63824e+04	1.4e+03
6.5240e+03	2.4e+00	6.61483e+04	1.4e+03
6.5273e+03	2.4e+00	6.57138e+04	1.3e+03
6.5307e+03	2.4e+00	6.48719e+04	1.2e+03
6.5341e+03	2.4e+00	6.36073e+04	1.2e+03
6.5374e+03	2.4e+00	6.22097e+04	1.2e+03
6.5408e+03	2.4e+00	6.07563e+04	1.2e+03
6.5441e+03	2.4e+00	5.79181e+04	1.3e+03
6.5475e+03	2.4e+00	5.52723e+04	1.2e+03
6.5509e+03	2.4e+00	5.20572e+04	1.1e+03
6.5542e+03	2.4e+00	4.71389e+04	9.1e+02
6.5576e+03	2.4e+00	4.08702e+04	8.6e+02
6.5609e+03	2.4e+00	3.85501e+04	7.8e+02
6.5643e+03	2.4e+00	4.05588e+04	8.8e+02
6.5676e+03	2.4e+00	4.63858e+04	1.0e+03
6.5710e+03	2.4e+00	5.14255e+04	1.2e+03
6.5744e+03	2.4e+00	5.47170e+04	1.3e+03
6.5777e+03	2.4e+00	5.75920e+04	1.4e+03
6.5811e+03	2.4e+00	5.91917e+04	1.4e+03
6.5844e+03	2.4e+00	6.07383e+04	1.3e+03
6.5878e+03	2.4e+00	6.18022e+04	1.4e+03
6.5911e+03	2.4e+00	6.26201e+04	1.5e+03
6.5945e+03	2.4e+00	6.29755e+04	1.5e+03
6.5978e+03	2.4e+00	6.30356e+04	1.4e+03
6.6012e+03	2.4e+00	6.35420e+04	1.5e+03
6.6045e+03	2.4e+00	6.37272e+04	1.4e+03
6.6079e+03	2.4e+00	6.42166e+04	1.5e+03
6.6112e+03	2.4e+00	6.43641e+04	1.5e+03
6.6146e+03	2.4e+00	6.43479e+04	1.6e+03
6.6179e+03	2.4e+00	6.44081e+04	1.6e+03
6.6213e+03	2.4e+00	6.45050e+04	1.5e+03
6.6246e+03	2.4e+00	6.47044e+04	1.6e+03
6.6280e+03	2.4e+00	6.44371e+04	1.5e+03
6.6313e+03	2.4e+00	6.47311e+04	1.6e+03
6.6347e+03	2.4e+00	6.43869e+04	1.4e+03
6.6380e+03	2.4e+00	6.43348e+04	1.6e+03
6.6414e+03	2.4e+00	6.45133e+04	1.5e+03
6.6447e+03	2.4e+00	6.42688e+04	1.4e+03
6.6481e+03	2.4e+00	6.40377e+04	1.5e+03
6.6514e+03	2.4e+00	6.43127e+04	1.6e+03
6.6548e+03	2.4e+00	6.43595e+04	1.4e+03
6.6581e+03	2.4e+00	6.38333e+04	1.5e+03
6.6615e+03	2.4e+00	6.41863e+04	1.5e+03
6.6648e+03	2.4e+00	6.42125e+04	1.4e+03
6.6681e+03	2.4e+00	6.40567e+04	1.4e+03
6.6715e+03	2.4e+00	6.38449e+04	1.5e+03
6.6748e+03	2.4e+00	6.34383e+04	1.6e+03
6.6782e+03	2.4e+00	6.35825e+04	1.6e+03
6.6815e+03	2.4e+00	6.37027e+04	1.5e+03
6.6849e+03	2.4e+00	6.33207e+04	1.6e+03
6.6882e+03	2.4e+00	6.33229e+04	1.5e+03
6.6915e+03	2.4e+00	6.29457e+04	1.5e+03
6.6949e+03	2.4e+00	6.27774e+04	1.6e+03
6.6982e+03	2.4e+00	6.24273e+04	1.5e+03
6.7016e+03	2.4e+00	6.24106e+04	1.5e+03
6.7049e+03	2.4e+00	6.23088e+04	1.5e+03
6.7082e+03	2.4e+00	6.22272e+04	1.6e+03
6.7116e+03	2.4e+00	6.22799e+04	1.6e+03
6.7149e+03	2.4e+00	6.21801e+04	1.7e+03
6.7183e+03	2.4e+00	6.20616e+04	1.6e+03
6.7216e+03	2.4e+00	6.19826e+04	1.6e+03
6.7249e+03	2.4e+00	6.16116e+04	1.5e+03
6.7283e+03	2.4e+00	6.13590e+04	1.6e+03
6.7316e+03	2.4e+00	6.12494e+04	1.7e+03
6.7349e+03	2.4e+00	6.08907e+04	1.7e+03
6.7383e+03	2.4e+00	6.09709e+04	1.6e+03
6.7416e+03	2.4e+00	6.07523e+04	1.8e+03
6.7449e+03	2.4e+00	6.06850e+04	1.7e+03
6.7483e+03	2.4e+00	6.09754e+04	1.7e+03
6.7516e+03	2.4e+00	6.07601e+04	1.8e+03
6.7549e+03	2.4e+00	6.04887e+04	1.7e+03
6.7583e+03	2.4e+00	6.04809e+04	1.6e+03
6.7616e+03	2.4e+00	6.02006e+04	1.6e+03
6.7649e+03	2.4e+00	6.03374e+04	1.6e+03
6.7683e+03	2.4e+00	5.96946e+04	1.6e+03
6.7716e+03	2.4e+00	5.99160e+04	1.7e+03
6.7749e+03	2.4e+00	5.99622e+04	1.7e+03
6.7782e+03	2.4e+00	5.99166e+04	1.8e+03
6.7816e+03	2.4e+00	5.96919e+04	1.7e+03
6.7849e+03	2.4e+00	5.94019e+04	1.7e+03
6.7882e+03	2.4e+00	5.89882e+04	1.7e+03
6.7916e+03	2.4e+00	5.92421e+04	1.7e+03
6.7949e+03	2.4e+00	5.88744e+04	1.6e+03
6.7982e+03	2.4e+00	5.88278e+04	1.6e+03
6.8015e+03	2.4e+00	5.87880e+04	1.6e+03
6.8049e+03	2.4e+00	5.86075e+04	1.6e+03
6.8082e+03	2.4e+00	5.81065e+04	1.7e+03
6.8115e+03	2.4e+00	5.83460e+04	1.6e+03
6.8148e+03	2.4e+00	5.79519e+04	1.6e+03
6.8182e+03	2.4e+00	5.80713e+04	1.5e+03
6.8215e+03	2.4e+00	5.76360e+04	1.7e+03
6.8248e+03	2.4e+00	5.76881e+04	1.6e+03
6.8281e+03	2.4e+00	5.79223e+04	1.6e+03
6.8315e+03	2.4e+00	5.75376e+04	1.5e+03
6.8348e+03	2.4e+00	5.76321e+04	1.7e+03
6.8381e+03	2.4e+00	5.71899e+04	1.6e+03
6.8414e+03	2.4e+00	5.69298e+04	1.6e+03
6.8447e+03	2.4e+00	5.69508e+04	1.7e+03
6.8481e+03	2.4e+00	5.65515e+04	1.5e+03
6.8514e+03	2.4e+00	5.64382e+04	1.6e+03
6.8547e+03	2.4e+00	5.65009e+04	1.5e+03
6.8580e+03	2.4e+00	5.56262e+04	1.7e+03
6.8613e+03	2.4e+00	5.25205e+04	1.5e+03
6.8647e+03	2.4e+00	4.44422e+04	1.2e+03
6.8680e+03	2.4e+00	3.80357e+04	9.9e+02
6.8713e+03	2.4e+00	3.61969e+04	1.0e+03
6.8746e+03	2.4e+00	4.00692e+04	1.2e+03
6.8779e+03	2.4e+00	4.50186e+04	1.4e+03
6.8812e+03	2.4e+00	4.74192e+04	1.5e+03
6.8846e+03	2.4e+00	4.67108e+04	1.5e+03
6.8879e+03	2.4e+00	4.52133e+04	1.5e+03
6.8912e+03	2.4e+00	4.47048e+04	1.4e+03
6.8945e+03	2.4e+00	4.52024e+04	1.4e+03
6.8978e+03	2.4e+00	4.64476e+04	1.5e+03
6.9011e+03	2.4e+00	4.74811e+04	1.5e+03
6.9044e+03	2.4e+00	4.80506e+04	1.4e+03
6.9078e+03	2.4e+00	4.90231e+04	1.5e+03
6.9111e+03	2.4e+00	4.94543e+04	1.6e+03
6.9144e+03	2.4e+00	5.01107e+04	1.6e+03
6.9177e+03	2.4e+00	5.08102e+04	1.6e+03
6.9210e+03	2.4e+00	5.10172e+04	1.5e+03
6.9243e+03	2.4e+00	5.08258e+04	1.6e+03
6.9276e+03	2.4e+00	5.09364e+04	1.7e+03
6.9309e+03	2.4e+00	5.08583e+04	1.7e+03
6.9342e+03	2.4e+00	5.07892e+04	1.7e+03
6.9375e+03	2.4e+00	5.06363e+04	1.6e+03
6.9409e+03	2.4e+00	5.04057e+04	1.7e+03
6.9442e+03	2.4e+00	5.02596e+04	1.7e+03
6.9475e+03	2.4e+00	5.05848e+04	1.6e+03
6.9508e+03	2.4e+00	5.06175e+04	1.5e+03
6.9541e+03	2.4e+00	5.08339e+04	1.7e+03
6.9574e+03	2.4e+00	5.03768e+04	1.6e+03
6.9607e+03	2.4e+00	5.04111e+04	1.7e+03
6.9640e+03	2.4e+00	5.13117e+04	1.7e+03
6.9673e+03	2.4e+00	5.13722e+04	1.8e+03
6.9706e+03	2.4e+00	5.14996e+04	1.8e+03
6.9739e+03	2.4e+00	5.12866e+04	1.7e+03
6.9772e+03	2.4e+00	5.12165e+04	1.7e+03
6.9805e+03	2.4e+00	5.06442e+04	1.8e+03
6.9838e+03	2.4e+00	4.99407e+04	1.6e+03
6.9871e+03	2.4e+00	4.95217e+04	1.7e+03
6.9904e+03	2.4e+00	4.94204e+04	1.8e+03
6.9937e+03	2.4e+00	4.96339e+04	1.6e+03
6.9970e+03	2.4e+00	4.92574e+04	1.8e+03
7.0003e+03	2.4e+00	4.90718e+04	1.7e+03
7.0036e+03	2.4e+00	4.91526e+04	1.8e+03
7.0069e+03	2.4e+00	4.91340e+04	1.6e+03
7.0102e+03	2.4e+00	4.86047e+04	1.6e+03
7.0135e+03	2.4e+00	4.82646e+04	1.6e+03
7.0168e+03	2.4e+00	4.87076e+04	1.5e+03
7.0201e+03	2.4e+00	4.82998e+04	1.5e+03
7.0234e+03	2.4e+00	4.82147e+04	1.8e+03
7.0267e+03	2.4e+00	4.82093e+04	1.7e+03
7.0300e+03	2.4e+00	4.84021e+04	1.6e+03
7.0333e+03	2.4e+00	4.82010e+04	1.7e+03
7.0366e+03	2.4e+00	4.82181e+04	1.6e+03
7.0399e+03	2.4e+00	4.82412e+04	1.6e+03
7.0432e+03	2.4e+00	4.80110e+04	1.7e+03
7.0465e+03	2.4e+00	4.78415e+04	1.7e+03
7.0498e+03	2.4e+00	4.75769e+04	1.6e+03
7.0531e+03	2.4e+00	4.73184e+04	1.7e+03
7.0564e+03	2.4e+00	4.71739e+04	1.7e+03
7.0597e+03	2.4e+00	4.69244e+04	1.8e+03
7.0629e+03	2.4e+00	4.68619e+04	1.7e+03
7.0662e+03	2.4e+00	4.67892e+04	1.6e+03
7.0695e+03	2.4e+00	4.69130e+04	1.7e+03
7.0728e+03	2.4e+00	4.67221e+04	1.7e+03
7.0761e+03	2.4e+00	4.63539e+04	1.7e+03
7.0794e+03	2.4e+00	4.60814e+04	1.5e+03
7.0827e+03	2.4e+00	4.58592e+04	1.7e+03
7.0860e+03	2.4e+00	4.59562e+04	1.7e+03
7.0893e+03	2.4e+00	4.57463e+04	1.8e+03
7.0926e+03	2.4e+00	4.54420e+04	1.8e+03
7.0958e+03	2.4e+00	4.52836e+04	1.8e+03
7.0991e+03	2.4e+00	4.51587e+04	1.8e+03
7.1024e+03	2.4e+00	4.48342e+04	1.7e+03
7.1057e+03	2.4e+00	4.47337e+04	1.6e+03
7.1090e+03	2.4e+00	4.47049e+04	1.6e+03
7.1123e+03	2.4e+00	4.42926e+04	1.7e+03
7.1156e+03	2.4e+00	4.41012e+04	1.6e+03
7.1188e+03	2.4e+00	4.42775e+04	1.8e+03
7.1221e+03	2.4e+00	4.40327e+04	1.6e+03
7.1254e+03	2.4e+00	4.42178e+04	1.6e+03
7.1287e+03	2.4e+00	4.40062e+04	1.6e+03
7.1320e+03	2.4e+00	4.39989e+04	1.7e+03
7.1353e+03	2.4e+00	4.36603e+04	1.7e+03
7.1385e+03	2.4e+00	4.31160e+04	1.6e+03
7.1418e+03	2.4e+00	4.31021e+04	1.7e+03
7.1451e+03	2.4e+00	4.24257e+04	1.6e+03
7.1484e+03	2.4e+00	4.26060e+04	1.5e+03
7.1517e+03	2.4e+00	4.23344e+04	1.6e+03
7.1549e+03	2.4e+00	4.20176e+04	1.6e+03
7.1582e+03	2.4e+00	4.19196e+04	1.6e+03
7.1615e+03	2.4e+00	4.17101e+04	1.6e+03
7.1648e+03	2.4e+00	4.01400e+04	1.4e+03
7.1681e+03	2.4e+00	3.89770e+04	1.5e+03
7.1713e+03	2.4e+00	3.79684e+04	1.4e+03
7.1746e+03	2.4e+00	3.68896e+04	1.4e+03
7.1779e+03	2.4e+00	3.66725e+04	1.3e+03
7.1812e+03	2.4e+00	3.60137e+04	1.3e+03
7.1844e+03	2.4e+00	3.50465e+04	1.3e+03
7.1877e+03	2.4e+00	3.52089e+04	1.2e+03
7.1910e+03	2.4e+00	3.53052e+04	1.3e+03
7.1943e+03	2.4e+00	3.55164e+04	1.3e+03
7.1975e+03	2.4e+00	3.52872e+04	1.3e+03
7.2008e+03	2.4e+00	3.53469e+04	1.4e+03
7.2041e+03	2.4e+00	3.57754e+04	1.5e+03
7.2074e+03	2.4e+00	3.67459e+04	1.4e+03
7.2106e+03	2.4e+00	3.82782e+04	1.5e+03
7.2139e+03	2.4e+00	3.87374e+04	1.4e+03
7.2172e+03	2.4e+00	3.89371e+04	1.6e+03
7.2204e+03	2.4e+00	3.87382e+04	1.5e+03
7.2237e+03	2.4e+00	3.81689e+04	1.5e+03
7.2270e+03	2.4e+00	3.76646e+04	1.6e+03
7.2303e+03	2.4e+00	3.64287e+04	1.5e+03
7.2335e+03	2.4e+00	3.51594e+04	1.4e+03
7.2368e+03	2.4e+00	3.48642e+04	1.4e+03
7.2401e+03	2.4e+00	3.43721e+04	1.3e+03
7.2433e+03	2.4e+00	3.47838e+04	1.4e+03
7.2466e+03	2.4e+00	3.50903e+04	1.4e+03
7.2499e+03	2.4e+00	3.47160e+04	1.4e+03
7.2531e+03	2.4e+00	3.48386e+04	1.4e+03
7.2564e+03	2.4e+00	3.52841e+04	1.5e+03
7.2597e+03	2.4e+00	3.51935e+04	1.5e+03
7.2629e+03	2.4e+00	3.48644e+04	1.4e+03
7.2662e+03	2.4e+00	3.49312e+04	1.3e+03
7.2695e+03	2.4e+00	3.46784e+04	1.3e+03
7.2727e+03	2.4e+00	3.41013e+04	1.3e+03
7.2760e+03	2.4e+00	3.35771e+04	1.3e+03
7.2792e+03	2.4e+00	3.39421e+04	1.4e+03
7.2825e+03	2.4e+00	3.49057e+04	1.3e+03
7.2858e+03	2.4e+00	3.46109e+04	1.4e+03
7.2890e+03	2.4e+00	3.39353e+04	1.4e+03
7.2923e+03	2.4e+00	3.36717e+04	1.3e+03
7.2956e+03	2.4e+00	3.40605e+04	1.3e+03
7.2988e+03	2.4e+00	3.40754e+04	1.3e+03
7.3021e+03	2.4e+00	3.34261e+04	1.2e+03
7.3053e+03	2.4e+00	3.34793e+04	1.4e+03
7.3086e+03	2.4e+00	3.34087e+04	1.3e+03
7.3119e+03	2.4e+00	3.34897e+04	1.3e+03
7.3151e+03	2.4e+00	3.37546e+04	1.3e+03
7.3184e+03	2.4e+00	3.36506e+04	1.3e+03
7.3216e+03	2.4e+00	3.40225e+04	1.5e+03
7.3249e+03	2.4e+00	3.41727e+04	1.4e+03
7.3281e+03	2.4e+00	3.43615e+04	1.4e+03
7.3314e+03	2.4e+00	3.36790e+04	1.4e+03
7.3346e+03	2.4e+00	3.36947e+04	1.3e+03
7.3379e+03	2.4e+00	3.40695e+04	1.3e+03
7.3412e+03	2.4e+00	3.39297e+04	1.2e+03
7.3444e+03	2.4e+00	3.38749e+04	1.4e+03
7.3477e+03	2.4e+00	3.35678e+04	1.4e+03
7.3509e+03	2.4e+00	3.33778e+04	1.3e+03
7.3542e+03	2.4e+00	3.34395e+04	1.3e+03
7.3574e+03	2.4e+00	3.31917e+04	1.3e+03
7.3607e+03	2.4e+00	3.31669e+04	1.3e+03
7.3639e+03	2.4e+00	3.30345e+04	1.4e+03
7.3672e+03	2.4e+00	3.29990e+04	1.3e+03
7.3704e+03	2.4e+00	3.28309e+04	1.3e+03
7.3737e+03	2.4e+00	3.28433e+04	1.3e+03
7.3769e+03	2.4e+00	3.30917e+04	1.3e+03
7.3802e+03	2.4e+00	3.29520e+04	1.4e+03
7.3834e+03	2.4e+00	3.26940e+04	1.2e+03
7.3867e+03	2.4e+00	3.24224e+04	1.3e+03
7.3899e+03	2.4e+00	3.24048e+04	1.3e+03
7.3932e+03	2.4e+00	3.22694e+04	1.3e+03
7.3964e+03	2.4e+00	3.20834e+04	1.3e+03
7.3997e+03	2.4e+00	3.21609e+04	1.3e+03
7.4029e+03	2.4e+00	3.19672e+04	1.3e+03
7.4062e+03	2.4e+00	3.19852e+04	1.4e+03
7.4094e+03	2.4e+00	3.19416e+04	1.3e+03
7.4127e+03	2.4e+00	3.19933e+04	1.4e+03
7.4159e+03	2.4e+00	3.15320e+04	1.3e+03
7.4191e+03	2.4e+00	3.15436e+04	1.4e+03
7.4224e+03	2.4e+00	3.14129e+04	1.3e+03
7.4256e+03	2.4e+00	3.12774e+04	1.3e+03
7.4289e+03	2.4e+00	3.12396e+04	1.3e+03
7.4321e+03	2.4e+00	3.11656e+04	1.3e+03
7.4354e+03	2.4e+00	3.11884e+04	1.3e+03
7.4386e+03	2.4e+00	3.08655e+04	1.3e+03
7.4418e+03	2.4e+00	3.07330e+04	1.2e+03
7.4451e+03	2.4e+00	3.08665e+04	1.3e+03
7.4483e+03	2.4e+00	3.06261e+04	1.2e+03
7.4516e+03	2.4e+00	3.06232e+04	1.2e+03
7.4548e+03	2.4e+00	3.05570e+04	1.2e+03
7.4580e+03	2.4e+00	3.06123e+04	1.2e+03
7.4613e+03	2.4e+00	3.04881e+04	1.2e+03
7.4645e+03	2.4e+00	3.01434e+04	1.2e+03
7.4678e+03	2.4e+00	3.00689e+04	1.3e+03
7.4710e+03	2.4e+00	2.96677e+04	1.2e+03
7.4742e+03	2.4e+00	2.97797e+04	1.3e+03
7.4775e+03	2.4e+00	3.00177e+04	1.2e+03
7.4807e+03	2.4e+00	2.95324e+04	1.2e+03
7.4839e+03	2.4e+00	2.94838e+04	1.2e+03
7.4872e+03	2.4e+00	2.89870e+04	1.2e+03
7.4904e+03	2.4e+00	2.91227e+04	1.2e+03
7.4936e+03	2.4e+00	2.90023e+04	1.3e+03
7.4969e+03	2.4e+00	2.89297e+04	1.2e+03
7.5001e+03	2.4e+00	2.88401e+04	1.2e+03
7.5033e+03	2.4e+00	2.87566e+04	1.2e+03
7.5066e+03	2.4e+00	2.86823e+04	1.2e+03
7.5098e+03	2.4e+00	2.84994e+04	1.2e+03
7.5130e+03	2.4e+00	2.81273e+04	1.2e+03
7.5163e+03	2.4e+00	2.83242e+04	1.2e+03
7.5195e+03	2.4e+00	2.85629e+04	1.2e+03
7.5227e+03	2.4e+00	2.82896e+04	1.3e+03
7.5260e+03	2.4e+00	2.80230e+04	1.4e+03
7.5292e+03	2.4e+00	2.81359e+04	1.3e+03
7.5324e+03	2.4e+00	2.78128e+04	1.2e+03
7.5356e+03	2.4e+00	2.75380e+04	1.3e+03
7.5389e+03	2.4e+00	2.78362e+04	1.3e+03
7.5421e+03	2.4e+00	2.74804e+04	1.3e+03
7.5453e+03	2.4e+00	2.74341e+04	1.3e+03
7.5486e+03	2.4e+00	2.71491e+04	1.3e+03
7.5518e+03	2.4e+00	2.71081e+04	1.3e+03
7.5550e+03	2.4e+00	2.71033e+04	1.3e+03
7.5582e+03	2.4e+00	2.71318e+04	1.3e+03
7.5615e+03	2.4e+00	2.71576e+04	1.3e+03
7.5647e+03	2.4e+00	2.71762e+04	1.3e+03
7.5679e+03	2.4e+00	2.67576e+04	1.3e+03
7.5711e+03	2.4e+00	2.68955e+04	1.3e+03
7.5744e+03	2.4e+00	2.68414e+04	1.3e+03
7.5776e+03	2.4e+00	2.65081e+04	1.3e+03
7.5808e+03	2.4e+00	2.63467e+04	1.4e+03
7.5840e+03	2.4e+00	2.62323e+04	1.3e+03
7.5872e+03	2.4e+00	2.57759e+04	1.3e+03
7.5905e+03	2.4e+00	2.44149e+04	1.2e+03
7.5937e+03	2.4e+00	2.15969e+04	1.1e+03
7.5969e+03	2.4e+00	1.62342e+04	9.3e+02
7.6001e+03	2.4e+00	1.08370e+04	6.9e+02
7.6033e+03	2.4e+00	6.67279e+03	4.4e+02
7.6066e+03	2.4e+00	4.30007e+03	2.8e+02
7.6098e+03	2.4e+00	3.92368e+03	2.4e+02
7.6130e+03	2.4e+00	5.10515e+03	2.9e+02
7.6162e+03	2.4e+00	7.67610e+03	4.0e+02
7.6194e+03	2.4e+00	1.11106e+04	5.1e+02
7.6227e+03	2.4e+00	1.28077e+04	6.6e+02
7.6259e+03	2.4e+00	1.20927e+04	7.0e+02
7.6291e+03	2.4e+00	1.06315e+04	6.4e+02
7.6323e+03	2.4e+00	9.55707e+03	5.7e+02
7.6355e+03	2.4e+00	9.11542e+03	5.2e+02
7.6387e+03	2.4e+00	9.68952e+03	5.4e+02
7.6419e+03	2.4e+00	1.03381e+04	5.6e+02
7.6452e+03	2.4e+00	1.13254e+04	6.3e+02
7.6484e+03	2.4e+00	1.23384e+04	6.7e+02
7.6516e+03	2.4e+00	1.34749e+04	7.7e+02
7.6548e+03	2.4e+00	1.47007e+04	8.3e+02
7.6580e+03	2.4e+00	1.59139e+04	8.7e+02
7.6612e+03	2.4e+00	1.67860e+04	9.3e+02
7.6644e+03	2.4e+00	1.79730e+04	9.8e+02
7.6676e+03	2.4e+00	1.87566e+04	1.0e+03
7.6709e+03	2.4e+00	1.95090e+04	1.1e+03
7.6741e+03	2.4e+00	2.00457e+04	1.1e+03
7.6773e+03	2.4e+00	2.06197e+04	1.2e+03
7.6805e+03	2.4e+00	2.10412e+04	1.2e+03
7.6837e+03	2.4e+00	2.11583e+04	1.2e+03
