# lambda [A]	Dlambda [A]	specval [counts]	Dspecval [counts]
3.5793e+03	2.4e+00	9.52700e+03	5.0e+02
3.5830e+03	2.4e+00	1.09043e+04	5.7e+02
3.5867e+03	2.4e+00	1.04103e+04	1.7e+02
3.5904e+03	2.4e+00	1.01968e+04	1.6e+02
3.5942e+03	2.4e+00	9.79945e+03	4.1e+02
3.5979e+03	2.4e+00	1.10286e+04	1.9e+02
3.6016e+03	2.4e+00	1.19567e+04	2.2e+02
3.6053e+03	2.4e+00	1.05917e+04	2.2e+02
3.6091e+03	2.4e+00	1.11906e+04	6.2e+02
3.6128e+03	2.4e+00	1.14871e+04	1.3e+02
3.6165e+03	2.4e+00	1.13403e+04	1.7e+02
3.6202e+03	2.4e+00	1.22574e+04	1.6e+02
3.6239e+03	2.4e+00	1.36127e+04	1.0e+02
3.6277e+03	2.4e+00	1.29805e+04	3.5e+02
3.6314e+03	2.4e+00	1.38966e+04	1.6e+02
3.6351e+03	2.4e+00	1.18516e+04	3.2e+02
3.6388e+03	2.4e+00	1.37824e+04	4.9e+01
3.6425e+03	2.4e+00	1.42633e+04	4.6e+02
3.6462e+03	2.4e+00	1.52811e+04	2.1e+02
3.6500e+03	2.4e+00	1.52406e+04	7.5e+02
3.6537e+03	2.4e+00	1.46625e+04	2.8e+02
3.6574e+03	2.4e+00	1.60449e+04	4.7e+02
3.6611e+03	2.4e+00	1.80563e+04	1.4e+02
3.6648e+03	2.4e+00	1.76757e+04	2.5e+02
3.6685e+03	2.4e+00	1.92664e+04	4.0e+02
3.6723e+03	2.4e+00	1.90592e+04	2.2e+02
3.6760e+03	2.4e+00	2.01975e+04	2.4e+02
3.6797e+03	2.4e+00	2.18731e+04	4.7e+02
3.6834e+03	2.4e+00	2.38580e+04	1.9e+02
3.6871e+03	2.4e+00	2.56709e+04	5.2e+02
3.6908e+03	2.4e+00	2.78820e+04	5.7e+02
3.6945e+03	2.4e+00	2.79217e+04	7.4e+02
3.6982e+03	2.4e+00	3.22072e+04	6.9e+02
3.7019e+03	2.4e+00	3.50730e+04	7.1e+02
3.7057e+03	2.4e+00	3.74799e+04	3.8e+02
3.7094e+03	2.4e+00	3.62885e+04	3.7e+02
3.7131e+03	2.4e+00	3.74876e+04	6.7e+02
3.7168e+03	2.4e+00	4.06260e+04	1.2e+03
3.7205e+03	2.4e+00	4.81814e+04	6.0e+02
3.7242e+03	2.4e+00	5.59878e+04	2.2e+03
3.7279e+03	2.4e+00	5.59634e+04	1.8e+03
3.7316e+03	2.4e+00	5.40263e+04	2.0e+03
3.7353e+03	2.4e+00	5.13498e+04	1.2e+03
3.7390e+03	2.4e+00	5.95881e+04	1.2e+03
3.7427e+03	2.4e+00	7.46900e+04	2.3e+03
3.7464e+03	2.4e+00	9.21843e+04	3.4e+03
3.7501e+03	2.4e+00	1.02425e+05	3.2e+03
3.7539e+03	2.4e+00	1.01976e+05	2.6e+03
3.7576e+03	2.4e+00	9.36692e+04	2.5e+03
3.7613e+03	2.4e+00	8.07796e+04	1.4e+03
3.7650e+03	2.4e+00	7.83748e+04	1.1e+03
3.7687e+03	2.4e+00	8.90650e+04	1.5e+03
3.7724e+03	2.4e+00	1.18448e+05	3.1e+03
3.7761e+03	2.4e+00	1.51266e+05	6.4e+03
3.7798e+03	2.4e+00	1.72771e+05	5.7e+03
3.7835e+03	2.4e+00	1.90522e+05	6.3e+03
3.7872e+03	2.4e+00	1.98010e+05	4.9e+03
3.7909e+03	2.4e+00	1.96669e+05	4.1e+03
3.7946e+03	2.4e+00	1.79491e+05	7.6e+03
3.7983e+03	2.4e+00	1.53231e+05	4.1e+03
3.8020e+03	2.4e+00	1.25449e+05	2.4e+03
3.8057e+03	2.4e+00	1.22156e+05	4.9e+03
3.8094e+03	2.4e+00	1.50389e+05	4.8e+03
3.8131e+03	2.4e+00	2.00043e+05	5.9e+03
3.8168e+03	2.4e+00	2.52635e+05	6.6e+03
3.8205e+03	2.4e+00	2.87909e+05	8.2e+03
3.8242e+03	2.4e+00	3.25880e+05	1.0e+04
3.8279e+03	2.4e+00	3.56479e+05	1.1e+04
3.8315e+03	2.4e+00	3.66040e+05	1.3e+04
3.8352e+03	2.4e+00	3.81687e+05	1.0e+04
3.8389e+03	2.4e+00	3.92282e+05	1.2e+04
3.8426e+03	2.4e+00	3.91891e+05	1.3e+04
3.8463e+03	2.4e+00	3.71626e+05	1.3e+04
3.8500e+03	2.4e+00	3.35055e+05	1.0e+04
3.8537e+03	2.4e+00	2.85435e+05	1.1e+04
3.8574e+03	2.4e+00	2.28067e+05	7.7e+03
3.8611e+03	2.4e+00	1.97553e+05	7.6e+03
3.8648e+03	2.4e+00	2.14091e+05	6.2e+03
3.8685e+03	2.4e+00	2.90631e+05	1.1e+04
3.8722e+03	2.4e+00	3.70904e+05	1.2e+04
3.8759e+03	2.4e+00	4.32697e+05	1.3e+04
3.8795e+03	2.4e+00	4.84838e+05	1.3e+04
3.8832e+03	2.4e+00	5.27364e+05	1.4e+04
3.8869e+03	2.4e+00	5.64733e+05	1.6e+04
3.8906e+03	2.4e+00	5.72342e+05	1.4e+04
3.8943e+03	2.4e+00	6.00744e+05	2.4e+04
3.8980e+03	2.4e+00	6.20549e+05	1.9e+04
3.9017e+03	2.4e+00	6.13355e+05	2.0e+04
3.9054e+03	2.4e+00	5.98832e+05	1.8e+04
3.9090e+03	2.4e+00	5.95632e+05	1.4e+04
3.9127e+03	2.4e+00	6.10432e+05	1.9e+04
3.9164e+03	2.4e+00	6.33755e+05	2.1e+04
3.9201e+03	2.4e+00	6.31212e+05	1.8e+04
3.9238e+03	2.4e+00	6.20187e+05	1.6e+04
3.9275e+03	2.4e+00	6.07882e+05	1.6e+04
3.9312e+03	2.4e+00	5.57316e+05	1.7e+04
3.9348e+03	2.4e+00	4.95235e+05	1.3e+04
3.9385e+03	2.4e+00	4.18387e+05	1.6e+04
3.9422e+03	2.4e+00	3.30735e+05	1.3e+04
3.9459e+03	2.4e+00	2.63949e+05	7.5e+03
3.9496e+03	2.4e+00	2.83430e+05	1.0e+04
3.9532e+03	2.4e+00	3.50434e+05	9.0e+03
3.9569e+03	2.4e+00	4.52849e+05	1.4e+04
3.9606e+03	2.4e+00	5.34449e+05	1.9e+04
3.9643e+03	2.4e+00	6.02720e+05	1.6e+04
3.9680e+03	2.4e+00	6.49809e+05	2.3e+04
3.9716e+03	2.4e+00	6.84408e+05	2.2e+04
3.9753e+03	2.4e+00	7.01195e+05	2.1e+04
3.9790e+03	2.4e+00	6.97835e+05	2.3e+04
3.9827e+03	2.4e+00	7.13433e+05	2.1e+04
3.9864e+03	2.4e+00	7.14453e+05	1.8e+04
3.9900e+03	2.4e+00	7.25115e+05	2.4e+04
3.9937e+03	2.4e+00	7.36959e+05	2.5e+04
3.9974e+03	2.4e+00	7.30127e+05	2.2e+04
4.0011e+03	2.4e+00	7.24409e+05	2.3e+04
4.0047e+03	2.4e+00	7.24048e+05	2.0e+04
4.0084e+03	2.4e+00	7.16559e+05	2.5e+04
4.0121e+03	2.4e+00	7.15832e+05	2.0e+04
4.0158e+03	2.4e+00	7.19301e+05	1.9e+04
4.0194e+03	2.4e+00	7.10869e+05	2.1e+04
4.0231e+03	2.4e+00	6.95589e+05	2.0e+04
4.0268e+03	2.4e+00	7.00570e+05	1.8e+04
4.0304e+03	2.4e+00	6.98996e+05	2.1e+04
4.0341e+03	2.4e+00	6.91595e+05	2.0e+04
4.0378e+03	2.4e+00	6.84382e+05	2.1e+04
4.0415e+03	2.4e+00	6.65517e+05	1.7e+04
4.0451e+03	2.4e+00	6.69614e+05	1.8e+04
4.0488e+03	2.4e+00	6.59750e+05	1.7e+04
4.0525e+03	2.4e+00	6.45389e+05	2.0e+04
4.0561e+03	2.4e+00	6.29168e+05	1.8e+04
4.0598e+03	2.4e+00	6.12826e+05	1.8e+04
4.0635e+03	2.4e+00	5.83474e+05	1.8e+04
4.0671e+03	2.4e+00	5.49381e+05	1.4e+04
4.0708e+03	2.4e+00	5.01947e+05	1.3e+04
4.0745e+03	2.4e+00	4.38503e+05	1.1e+04
4.0781e+03	2.4e+00	3.51277e+05	1.0e+04
4.0818e+03	2.4e+00	2.72056e+05	7.0e+03
4.0855e+03	2.4e+00	2.49367e+05	7.5e+03
4.0891e+03	2.4e+00	2.79261e+05	6.8e+03
4.0928e+03	2.4e+00	3.61418e+05	9.8e+03
4.0965e+03	2.4e+00	4.33411e+05	1.1e+04
4.1001e+03	2.4e+00	4.91420e+05	1.3e+04
4.1038e+03	2.4e+00	5.27554e+05	1.1e+04
4.1075e+03	2.4e+00	5.56956e+05	1.2e+04
4.1111e+03	2.4e+00	5.61887e+05	1.3e+04
4.1148e+03	2.4e+00	5.84512e+05	1.4e+04
4.1184e+03	2.4e+00	5.91030e+05	1.3e+04
4.1221e+03	2.4e+00	6.02579e+05	1.4e+04
4.1258e+03	2.4e+00	5.93587e+05	1.3e+04
4.1294e+03	2.4e+00	6.02091e+05	1.0e+04
4.1331e+03	2.4e+00	6.01229e+05	1.0e+04
4.1367e+03	2.4e+00	6.06299e+05	1.3e+04
4.1404e+03	2.4e+00	6.12532e+05	1.5e+04
4.1441e+03	2.4e+00	6.07780e+05	1.2e+04
4.1477e+03	2.4e+00	6.15936e+05	1.2e+04
4.1514e+03	2.4e+00	6.14255e+05	1.5e+04
4.1550e+03	2.4e+00	6.14997e+05	1.4e+04
4.1587e+03	2.4e+00	6.10387e+05	1.2e+04
4.1623e+03	2.4e+00	6.09589e+05	1.0e+04
4.1660e+03	2.4e+00	5.99877e+05	9.7e+03
4.1697e+03	2.4e+00	6.08179e+05	1.2e+04
4.1733e+03	2.4e+00	6.13659e+05	9.3e+03
4.1770e+03	2.4e+00	6.07368e+05	9.0e+03
4.1806e+03	2.4e+00	6.10341e+05	1.3e+04
4.1843e+03	2.4e+00	6.09439e+05	1.1e+04
4.1879e+03	2.4e+00	6.10130e+05	9.1e+03
4.1916e+03	2.4e+00	6.11010e+05	6.2e+03
4.1952e+03	2.4e+00	6.07015e+05	8.3e+03
4.1989e+03	2.4e+00	6.06588e+05	8.5e+03
4.2025e+03	2.4e+00	6.01265e+05	9.3e+03
4.2062e+03	2.4e+00	6.04547e+05	1.3e+04
4.2098e+03	2.4e+00	5.96911e+05	9.7e+03
4.2135e+03	2.4e+00	5.95626e+05	1.1e+04
4.2171e+03	2.4e+00	5.90926e+05	8.5e+03
4.2208e+03	2.4e+00	5.88063e+05	5.6e+03
4.2244e+03	2.4e+00	5.94132e+05	1.0e+04
4.2281e+03	2.4e+00	5.88902e+05	7.8e+03
4.2317e+03	2.4e+00	5.82544e+05	9.0e+03
4.2354e+03	2.4e+00	5.81294e+05	3.5e+03
4.2390e+03	2.4e+00	5.86116e+05	7.8e+03
4.2427e+03	2.4e+00	5.88660e+05	8.6e+03
4.2463e+03	2.4e+00	5.77919e+05	7.0e+03
4.2500e+03	2.4e+00	5.78054e+05	9.4e+03
4.2536e+03	2.4e+00	5.76434e+05	8.7e+03
4.2572e+03	2.4e+00	5.77283e+05	8.4e+03
4.2609e+03	2.4e+00	5.70868e+05	7.4e+03
4.2645e+03	2.4e+00	5.72535e+05	9.8e+03
4.2682e+03	2.4e+00	5.72199e+05	8.0e+03
4.2718e+03	2.4e+00	5.72905e+05	6.1e+03
4.2755e+03	2.4e+00	5.60419e+05	6.5e+03
4.2791e+03	2.4e+00	5.57647e+05	7.5e+03
4.2827e+03	2.4e+00	5.52650e+05	1.0e+04
4.2864e+03	2.4e+00	5.46108e+05	5.8e+03
4.2900e+03	2.4e+00	5.33617e+05	6.2e+03
4.2937e+03	2.4e+00	5.36826e+05	6.5e+03
4.2973e+03	2.4e+00	5.25042e+05	9.5e+03
4.3010e+03	2.4e+00	5.18379e+05	6.1e+03
4.3046e+03	2.4e+00	5.06153e+05	6.5e+03
4.3082e+03	2.4e+00	4.91648e+05	2.8e+03
4.3119e+03	2.4e+00	4.74245e+05	6.5e+03
4.3155e+03	2.4e+00	4.45934e+05	5.3e+03
4.3191e+03	2.4e+00	3.99832e+05	3.3e+03
4.3228e+03	2.4e+00	3.49311e+05	4.0e+03
4.3264e+03	2.4e+00	2.82791e+05	5.0e+03
4.3301e+03	2.4e+00	2.30344e+05	3.5e+03
4.3337e+03	2.4e+00	2.27883e+05	3.3e+03
4.3373e+03	2.4e+00	2.66631e+05	3.1e+03
4.3410e+03	2.4e+00	3.26200e+05	2.4e+03
4.3446e+03	2.4e+00	3.85068e+05	5.7e+03
4.3482e+03	2.4e+00	4.27056e+05	4.0e+03
4.3519e+03	2.4e+00	4.54924e+05	5.8e+03
4.3555e+03	2.4e+00	4.81139e+05	2.6e+03
4.3591e+03	2.4e+00	4.88779e+05	4.1e+03
4.3628e+03	2.4e+00	4.97571e+05	5.1e+03
4.3664e+03	2.4e+00	5.01308e+05	6.4e+03
4.3700e+03	2.4e+00	5.02550e+05	3.4e+03
4.3737e+03	2.4e+00	5.06941e+05	4.0e+03
4.3773e+03	2.4e+00	5.06702e+05	5.0e+03
4.3809e+03	2.4e+00	5.03325e+05	3.1e+03
4.3845e+03	2.4e+00	5.06392e+05	4.4e+03
4.3882e+03	2.4e+00	5.04992e+05	4.1e+03
4.3918e+03	2.4e+00	5.05410e+05	4.5e+03
4.3954e+03	2.4e+00	5.00922e+05	4.3e+03
4.3991e+03	2.4e+00	5.04995e+05	2.7e+03
4.4027e+03	2.4e+00	5.05601e+05	3.2e+03
4.4063e+03	2.4e+00	4.97815e+05	4.2e+03
4.4099e+03	2.4e+00	4.99717e+05	5.2e+03
4.4136e+03	2.4e+00	4.93878e+05	2.5e+03
4.4172e+03	2.4e+00	4.95271e+05	4.3e+03
4.4208e+03	2.4e+00	4.95003e+05	3.8e+03
4.4244e+03	2.4e+00	4.92365e+05	3.4e+03
4.4281e+03	2.4e+00	4.95839e+05	4.1e+03
4.4317e+03	2.4e+00	4.90371e+05	3.2e+03
4.4353e+03	2.4e+00	4.83095e+05	3.3e+03
4.4389e+03	2.4e+00	4.80692e+05	3.0e+03
4.4426e+03	2.4e+00	4.81761e+05	3.4e+03
4.4462e+03	2.4e+00	4.79052e+05	2.8e+03
4.4498e+03	2.4e+00	4.73599e+05	2.1e+03
4.4534e+03	2.4e+00	4.76381e+05	3.6e+03
4.4570e+03	2.4e+00	4.72501e+05	4.4e+03
4.4607e+03	2.4e+00	4.71344e+05	4.1e+03
4.4643e+03	2.4e+00	4.59748e+05	3.5e+03
4.4679e+03	2.4e+00	4.61923e+05	3.8e+03
4.4715e+03	2.4e+00	4.53946e+05	3.3e+03
4.4751e+03	2.4e+00	4.50206e+05	2.8e+03
4.4788e+03	2.4e+00	4.48616e+05	3.0e+03
4.4824e+03	2.4e+00	4.49209e+05	2.1e+03
4.4860e+03	2.4e+00	4.52357e+05	3.5e+03
4.4896e+03	2.4e+00	4.51032e+05	2.5e+03
4.4932e+03	2.4e+00	4.49250e+05	2.8e+03
4.4968e+03	2.4e+00	4.48690e+05	2.5e+03
4.5005e+03	2.4e+00	4.44950e+05	3.2e+03
4.5041e+03	2.4e+00	4.46584e+05	3.7e+03
4.5077e+03	2.4e+00	4.43767e+05	3.8e+03
4.5113e+03	2.4e+00	4.41060e+05	3.9e+03
4.5149e+03	2.4e+00	4.38743e+05	3.3e+03
4.5185e+03	2.4e+00	4.35019e+05	2.7e+03
4.5221e+03	2.4e+00	4.30446e+05	2.7e+03
4.5258e+03	2.4e+00	4.28613e+05	3.0e+03
4.5294e+03	2.4e+00	4.24140e+05	3.8e+03
4.5330e+03	2.4e+00	4.31745e+05	3.8e+03
4.5366e+03	2.4e+00	4.27113e+05	3.2e+03
4.5402e+03	2.4e+00	4.21905e+05	4.3e+03
4.5438e+03	2.4e+00	4.17485e+05	4.5e+03
4.5474e+03	2.4e+00	4.16106e+05	3.3e+03
4.5510e+03	2.4e+00	4.16107e+05	3.6e+03
4.5546e+03	2.4e+00	4.14839e+05	3.9e+03
4.5582e+03	2.4e+00	4.15305e+05	3.5e+03
4.5619e+03	2.4e+00	4.11838e+05	4.2e+03
4.5655e+03	2.4e+00	4.08226e+05	4.7e+03
4.5691e+03	2.4e+00	4.07860e+05	4.0e+03
4.5727e+03	2.4e+00	4.05933e+05	4.7e+03
4.5763e+03	2.4e+00	4.02959e+05	4.0e+03
4.5799e+03	2.4e+00	4.00546e+05	3.6e+03
4.5835e+03	2.4e+00	3.96120e+05	3.9e+03
4.5871e+03	2.4e+00	3.97373e+05	5.2e+03
4.5907e+03	2.4e+00	3.98167e+05	4.0e+03
4.5943e+03	2.4e+00	3.93475e+05	4.2e+03
4.5979e+03	2.4e+00	3.93926e+05	3.9e+03
4.6015e+03	2.4e+00	3.95207e+05	3.7e+03
4.6051e+03	2.4e+00	3.89251e+05	3.3e+03
4.6087e+03	2.4e+00	3.89960e+05	3.2e+03
4.6123e+03	2.4e+00	3.83994e+05	3.7e+03
4.6159e+03	2.4e+00	3.82980e+05	3.6e+03
4.6195e+03	2.4e+00	3.80933e+05	3.6e+03
4.6231e+03	2.4e+00	3.80342e+05	4.0e+03
4.6267e+03	2.4e+00	3.79407e+05	4.4e+03
4.6303e+03	2.4e+00	3.74419e+05	3.3e+03
4.6339e+03	2.4e+00	3.75661e+05	3.5e+03
4.6375e+03	2.4e+00	3.74665e+05	2.7e+03
4.6411e+03	2.4e+00	3.73428e+05	2.9e+03
4.6447e+03	2.4e+00	3.72339e+05	2.3e+03
4.6483e+03	2.4e+00	3.69419e+05	2.7e+03
4.6519e+03	2.4e+00	3.66873e+05	3.7e+03
4.6555e+03	2.4e+00	3.64716e+05	3.4e+03
4.6591e+03	2.4e+00	3.63555e+05	2.8e+03
4.6627e+03	2.4e+00	3.62417e+05	2.6e+03
4.6663e+03	2.4e+00	3.59298e+05	2.4e+03
4.6699e+03	2.4e+00	3.56985e+05	3.3e+03
4.6735e+03	2.4e+00	3.54427e+05	3.4e+03
4.6771e+03	2.4e+00	3.53225e+05	2.6e+03
4.6807e+03	2.4e+00	3.52647e+05	3.3e+03
4.6843e+03	2.4e+00	3.51409e+05	3.2e+03
4.6879e+03	2.4e+00	3.46907e+05	3.0e+03
4.6915e+03	2.4e+00	3.46259e+05	1.7e+03
4.6950e+03	2.4e+00	3.44673e+05	2.8e+03
4.6986e+03	2.4e+00	3.44130e+05	2.6e+03
4.7022e+03	2.4e+00	3.45874e+05	2.5e+03
4.7058e+03	2.4e+00	3.43003e+05	3.2e+03
4.7094e+03	2.4e+00	3.39510e+05	2.7e+03
4.7130e+03	2.4e+00	3.38807e+05	4.0e+03
4.7166e+03	2.4e+00	3.36044e+05	2.7e+03
4.7202e+03	2.4e+00	3.36159e+05	2.5e+03
4.7238e+03	2.4e+00	3.32520e+05	3.2e+03
4.7274e+03	2.4e+00	3.31380e+05	2.8e+03
4.7309e+03	2.4e+00	3.30600e+05	2.8e+03
4.7345e+03	2.4e+00	3.26731e+05	2.8e+03
4.7381e+03	2.4e+00	3.23997e+05	3.0e+03
4.7417e+03	2.4e+00	3.23409e+05	2.7e+03
4.7453e+03	2.4e+00	3.20682e+05	3.7e+03
4.7489e+03	2.4e+00	3.22426e+05	2.7e+03
4.7525e+03	2.4e+00	3.16019e+05	3.4e+03
4.7560e+03	2.4e+00	3.13840e+05	3.6e+03
4.7596e+03	2.4e+00	3.15301e+05	3.9e+03
4.7632e+03	2.4e+00	3.09403e+05	3.8e+03
4.7668e+03	2.4e+00	3.07873e+05	3.4e+03
4.7704e+03	2.4e+00	3.07215e+05	3.3e+03
4.7740e+03	2.4e+00	3.03452e+05	3.6e+03
4.7775e+03	2.4e+00	3.04100e+05	3.9e+03
4.7811e+03	2.4e+00	3.03111e+05	3.7e+03
4.7847e+03	2.4e+00	3.01685e+05	2.9e+03
4.7883e+03	2.4e+00	2.99245e+05	3.2e+03
4.7919e+03	2.4e+00	2.99226e+05	2.9e+03
4.7954e+03	2.4e+00	2.97048e+05	2.7e+03
4.7990e+03	2.4e+00	2.95010e+05	2.8e+03
4.8026e+03	2.4e+00	2.89281e+05	3.1e+03
4.8062e+03	2.4e+00	2.89630e+05	3.6e+03
4.8098e+03	2.4e+00	2.86872e+05	3.4e+03
4.8133e+03	2.4e+00	2.84692e+05	2.9e+03
4.8169e+03	2.4e+00	2.82185e+05	2.8e+03
4.8205e+03	2.4e+00	2.78217e+05	3.0e+03
4.8241e+03	2.4e+00	2.75668e+05	2.6e+03
4.8276e+03	2.4e+00	2.73073e+05	3.3e+03
4.8312e+03	2.4e+00	2.68165e+05	2.4e+03
4.8348e+03	2.4e+00	2.61514e+05	2.7e+03
4.8384e+03	2.4e+00	2.52331e+05	2.8e+03
4.8419e+03	2.4e+00	2.41846e+05	1.9e+03
4.8455e+03	2.4e+00	2.26942e+05	2.5e+03
4.8491e+03	2.4e+00	2.11430e+05	2.3e+03
4.8527e+03	2.4e+00	1.83871e+05	2.0e+03
4.8562e+03	2.4e+00	1.55022e+05	1.9e+03
4.8598e+03	2.4e+00	1.29092e+05	1.4e+03
4.8634e+03	2.4e+00	1.27715e+05	1.1e+03
4.8669e+03	2.4e+00	1.43376e+05	1.1e+03
4.8705e+03	2.4e+00	1.74870e+05	1.6e+03
4.8741e+03	2.4e+00	1.95868e+05	1.8e+03
4.8777e+03	2.4e+00	2.15341e+05	2.2e+03
4.8812e+03	2.4e+00	2.29961e+05	2.6e+03
4.8848e+03	2.4e+00	2.38258e+05	2.4e+03
4.8884e+03	2.4e+00	2.45624e+05	3.1e+03
4.8919e+03	2.4e+00	2.47872e+05	2.5e+03
4.8955e+03	2.4e+00	2.52442e+05	2.8e+03
4.8991e+03	2.4e+00	2.52293e+05	3.2e+03
4.9026e+03	2.4e+00	2.55432e+05	3.1e+03
4.9062e+03	2.4e+00	2.53851e+05	2.9e+03
4.9098e+03	2.4e+00	2.54775e+05	2.5e+03
4.9133e+03	2.4e+00	2.51654e+05	2.5e+03
4.9169e+03	2.4e+00	2.53405e+05	2.7e+03
4.9205e+03	2.4e+00	2.50540e+05	2.7e+03
4.9240e+03	2.4e+00	2.50264e+05	2.6e+03
4.9276e+03	2.4e+00	2.50733e+05	2.3e+03
4.9312e+03	2.4e+00	2.51450e+05	2.6e+03
4.9347e+03	2.4e+00	2.52906e+05	3.3e+03
4.9383e+03	2.4e+00	2.52775e+05	2.9e+03
4.9418e+03	2.4e+00	2.50747e+05	2.7e+03
4.9454e+03	2.4e+00	2.50015e+05	2.6e+03
4.9490e+03	2.4e+00	2.51329e+05	3.1e+03
4.9525e+03	2.4e+00	2.48504e+05	3.2e+03
4.9561e+03	2.4e+00	2.47030e+05	2.7e+03
4.9596e+03	2.4e+00	2.46958e+05	2.6e+03
4.9632e+03	2.4e+00	2.46561e+05	2.5e+03
4.9668e+03	2.4e+00	2.45384e+05	3.0e+03
4.9703e+03	2.4e+00	2.43641e+05	3.1e+03
4.9739e+03	2.4e+00	2.44397e+05	3.7e+03
4.9774e+03	2.4e+00	2.42920e+05	2.6e+03
4.9810e+03	2.4e+00	2.41182e+05	2.7e+03
4.9845e+03	2.4e+00	2.38615e+05	2.9e+03
4.9881e+03	2.4e+00	2.38801e+05	3.4e+03
4.9917e+03	2.4e+00	2.38633e+05	3.1e+03
4.9952e+03	2.4e+00	2.35425e+05	3.1e+03
4.9988e+03	2.4e+00	2.32505e+05	3.0e+03
5.0023e+03	2.4e+00	2.32125e+05	2.6e+03
5.0059e+03	2.4e+00	2.32513e+05	2.6e+03
5.0094e+03	2.4e+00	2.30220e+05	3.2e+03
5.0130e+03	2.4e+00	2.29763e+05	2.2e+03
5.0165e+03	2.4e+00	2.25931e+05	2.6e+03
5.0201e+03	2.4e+00	2.23980e+05	2.0e+03
5.0236e+03	2.4e+00	2.22629e+05	2.6e+03
5.0272e+03	2.4e+00	2.22009e+05	2.9e+03
5.0307e+03	2.4e+00	2.21865e+05	2.6e+03
5.0343e+03	2.4e+00	2.20571e+05	2.0e+03
5.0378e+03	2.4e+00	2.20034e+05	2.4e+03
5.0414e+03	2.4e+00	2.19119e+05	2.5e+03
5.0449e+03	2.4e+00	2.17472e+05	2.4e+03
5.0485e+03	2.4e+00	2.17841e+05	2.3e+03
5.0520e+03	2.4e+00	2.15286e+05	2.7e+03
5.0556e+03	2.4e+00	2.14389e+05	2.7e+03
5.0591e+03	2.4e+00	2.15673e+05	2.1e+03
5.0627e+03	2.4e+00	2.12675e+05	2.2e+03
5.0662e+03	2.4e+00	2.13463e+05	2.7e+03
5.0698e+03	2.4e+00	2.13476e+05	2.6e+03
5.0733e+03	2.4e+00	2.09989e+05	2.1e+03
5.0769e+03	2.4e+00	2.10420e+05	2.1e+03
5.0804e+03	2.4e+00	2.09660e+05	2.6e+03
5.0840e+03	2.4e+00	2.08913e+05	2.5e+03
5.0875e+03	2.4e+00	2.09846e+05	2.4e+03
5.0910e+03	2.4e+00	2.07032e+05	2.7e+03
5.0946e+03	2.4e+00	2.05637e+05	2.8e+03
5.0981e+03	2.4e+00	2.06385e+05	2.6e+03
5.1017e+03	2.4e+00	2.04279e+05	2.4e+03
5.1052e+03	2.4e+00	2.02120e+05	2.8e+03
5.1088e+03	2.4e+00	2.04445e+05	2.4e+03
5.1123e+03	2.4e+00	2.00295e+05	2.7e+03
5.1158e+03	2.4e+00	2.00932e+05	2.6e+03
5.1194e+03	2.4e+00	2.01424e+05	2.8e+03
5.1229e+03	2.4e+00	1.99064e+05	2.8e+03
5.1265e+03	2.4e+00	1.98712e+05	2.8e+03
5.1300e+03	2.4e+00	1.96741e+05	2.8e+03
5.1335e+03	2.4e+00	1.96858e+05	2.8e+03
5.1371e+03	2.4e+00	1.96147e+05	2.5e+03
5.1406e+03	2.4e+00	1.94197e+05	2.3e+03
5.1441e+03	2.4e+00	1.92841e+05	2.7e+03
5.1477e+03	2.4e+00	1.91579e+05	2.3e+03
5.1512e+03	2.4e+00	1.91661e+05	2.3e+03
5.1548e+03	2.4e+00	1.87536e+05	2.8e+03
5.1583e+03	2.4e+00	1.88245e+05	2.9e+03
5.1618e+03	2.4e+00	1.86932e+05	2.9e+03
5.1654e+03	2.4e+00	1.86251e+05	3.1e+03
5.1689e+03	2.4e+00	1.81295e+05	2.5e+03
5.1724e+03	2.4e+00	1.79982e+05	2.6e+03
5.1760e+03	2.4e+00	1.80390e+05	2.7e+03
5.1795e+03	2.4e+00	1.81754e+05	2.4e+03
5.1830e+03	2.4e+00	1.81435e+05	2.3e+03
5.1866e+03	2.4e+00	1.80867e+05	2.1e+03
5.1901e+03	2.4e+00	1.80216e+05	2.6e+03
5.1936e+03	2.4e+00	1.81068e+05	2.7e+03
5.1971e+03	2.4e+00	1.78495e+05	2.3e+03
5.2007e+03	2.4e+00	1.79025e+05	2.3e+03
5.2042e+03	2.4e+00	1.78245e+05	2.7e+03
5.2077e+03	2.4e+00	1.77073e+05	2.3e+03
5.2113e+03	2.4e+00	1.75329e+05	2.1e+03
5.2148e+03	2.4e+00	1.74129e+05	1.9e+03
5.2183e+03	2.4e+00	1.75280e+05	2.3e+03
5.2219e+03	2.4e+00	1.74130e+05	2.0e+03
5.2254e+03	2.4e+00	1.74091e+05	2.2e+03
5.2289e+03	2.4e+00	1.71198e+05	2.1e+03
5.2324e+03	2.4e+00	1.70113e+05	1.8e+03
5.2360e+03	2.4e+00	1.68509e+05	1.9e+03
5.2395e+03	2.4e+00	1.67537e+05	2.1e+03
5.2430e+03	2.4e+00	1.67205e+05	1.8e+03
5.2465e+03	2.4e+00	1.68394e+05	2.1e+03
5.2501e+03	2.4e+00	1.66378e+05	1.9e+03
5.2536e+03	2.4e+00	1.64432e+05	1.9e+03
5.2571e+03	2.4e+00	1.64690e+05	1.7e+03
5.2606e+03	2.4e+00	1.63016e+05	2.1e+03
5.2641e+03	2.4e+00	1.61804e+05	2.0e+03
5.2677e+03	2.4e+00	1.60486e+05	2.0e+03
5.2712e+03	2.4e+00	1.59189e+05	2.0e+03
5.2747e+03	2.4e+00	1.59404e+05	2.0e+03
5.2782e+03	2.4e+00	1.58644e+05	1.8e+03
5.2817e+03	2.4e+00	1.58176e+05	2.2e+03
5.2853e+03	2.4e+00	1.55721e+05	1.8e+03
5.2888e+03	2.4e+00	1.57554e+05	1.8e+03
5.2923e+03	2.4e+00	1.55871e+05	1.9e+03
5.2958e+03	2.4e+00	1.55594e+05	2.2e+03
5.2993e+03	2.4e+00	1.54204e+05	1.8e+03
5.3029e+03	2.4e+00	1.54159e+05	2.4e+03
5.3064e+03	2.4e+00	1.53614e+05	1.9e+03
5.3099e+03	2.4e+00	1.51531e+05	1.8e+03
5.3134e+03	2.4e+00	1.52547e+05	2.0e+03
5.3169e+03	2.4e+00	1.49667e+05	2.1e+03
5.3204e+03	2.4e+00	1.49016e+05	1.9e+03
5.3240e+03	2.4e+00	1.48887e+05	1.7e+03
5.3275e+03	2.4e+00	1.48555e+05	1.8e+03
5.3310e+03	2.4e+00	1.48207e+05	2.0e+03
5.3345e+03	2.4e+00	1.48405e+05	2.3e+03
5.3380e+03	2.4e+00	1.47097e+05	1.4e+03
5.3415e+03	2.4e+00	1.47478e+05	2.1e+03
5.3450e+03	2.4e+00	1.47623e+05	2.3e+03
5.3485e+03	2.4e+00	1.46098e+05	2.3e+03
5.3521e+03	2.4e+00	1.46844e+05	2.2e+03
5.3556e+03	2.4e+00	1.44570e+05	2.0e+03
5.3591e+03	2.4e+00	1.45011e+05	2.4e+03
5.3626e+03	2.4e+00	1.45213e+05	2.3e+03
5.3661e+03	2.4e+00	1.43969e+05	1.9e+03
5.3696e+03	2.4e+00	1.43832e+05	2.3e+03
5.3731e+03	2.4e+00	1.43074e+05	2.1e+03
5.3766e+03	2.4e+00	1.43679e+05	1.9e+03
5.3801e+03	2.4e+00	1.41962e+05	1.7e+03
5.3836e+03	2.4e+00	1.40317e+05	2.0e+03
5.3871e+03	2.4e+00	1.41258e+05	2.1e+03
5.3907e+03	2.4e+00	1.40125e+05	1.9e+03
5.3942e+03	2.4e+00	1.39967e+05	1.2e+03
5.3977e+03	2.4e+00	1.37918e+05	1.6e+03
5.4012e+03	2.4e+00	1.37134e+05	1.7e+03
5.4047e+03	2.4e+00	1.36271e+05	1.8e+03
5.4082e+03	2.4e+00	1.37939e+05	1.8e+03
5.4117e+03	2.4e+00	1.36643e+05	1.6e+03
5.4152e+03	2.4e+00	1.36362e+05	1.5e+03
5.4187e+03	2.4e+00	1.35663e+05	1.7e+03
5.4222e+03	2.4e+00	1.35311e+05	1.4e+03
5.4257e+03	2.4e+00	1.34470e+05	1.4e+03
5.4292e+03	2.4e+00	1.33432e+05	1.5e+03
5.4327e+03	2.4e+00	1.31913e+05	1.5e+03
5.4362e+03	2.4e+00	1.31402e+05	1.3e+03
5.4397e+03	2.4e+00	1.31229e+05	1.4e+03
5.4432e+03	2.4e+00	1.31292e+05	1.6e+03
5.4467e+03	2.4e+00	1.30951e+05	1.5e+03
5.4502e+03	2.4e+00	1.30329e+05	1.4e+03
5.4537e+03	2.4e+00	1.29596e+05	1.2e+03
5.4572e+03	2.4e+00	1.30792e+05	1.6e+03
5.4607e+03	2.4e+00	1.29501e+05	1.5e+03
5.4642e+03	2.4e+00	1.28431e+05	1.5e+03
5.4677e+03	2.4e+00	1.27985e+05	1.4e+03
5.4712e+03	2.4e+00	1.28154e+05	1.4e+03
5.4747e+03	2.4e+00	1.27073e+05	1.5e+03
5.4782e+03	2.4e+00	1.26865e+05	1.6e+03
5.4817e+03	2.4e+00	1.26815e+05	1.6e+03
5.4852e+03	2.4e+00	1.26116e+05	1.4e+03
5.4887e+03	2.4e+00	1.25271e+05	1.3e+03
5.4922e+03	2.4e+00	1.24084e+05	1.5e+03
5.4956e+03	2.4e+00	1.24286e+05	1.3e+03
5.4991e+03	2.4e+00	1.24028e+05	1.2e+03
5.5026e+03	2.4e+00	1.23940e+05	1.5e+03
5.5061e+03	2.4e+00	1.23518e+05	1.5e+03
5.5096e+03	2.4e+00	1.22596e+05	1.4e+03
5.5131e+03	2.4e+00	1.21487e+05	1.6e+03
5.5166e+03	2.4e+00	1.21901e+05	1.5e+03
5.5201e+03	2.4e+00	1.21172e+05	1.5e+03
5.5236e+03	2.4e+00	1.21416e+05	1.7e+03
5.5271e+03	2.4e+00	1.20143e+05	1.7e+03
5.5306e+03	2.4e+00	1.19894e+05	1.5e+03
5.5340e+03	2.4e+00	1.19992e+05	1.6e+03
5.5375e+03	2.4e+00	1.18577e+05	1.4e+03
5.5410e+03	2.4e+00	1.19304e+05	1.7e+03
5.5445e+03	2.4e+00	1.17396e+05	1.6e+03
5.5480e+03	2.4e+00	1.16299e+05	1.9e+03
5.5515e+03	2.4e+00	1.17463e+05	1.8e+03
5.5550e+03	2.4e+00	1.16209e+05	1.8e+03
5.5585e+03	2.4e+00	1.16365e+05	1.4e+03
5.5619e+03	2.4e+00	1.14871e+05	1.5e+03
5.5654e+03	2.4e+00	1.14098e+05	1.5e+03
5.5689e+03	2.4e+00	1.14301e+05	1.7e+03
5.5724e+03	2.4e+00	1.13340e+05	1.6e+03
5.5759e+03	2.4e+00	1.12942e+05	1.3e+03
5.5794e+03	2.4e+00	1.13304e+05	1.4e+03
5.5828e+03	2.4e+00	1.13316e+05	1.2e+03
5.5863e+03	2.4e+00	1.13157e+05	1.4e+03
5.5898e+03	2.4e+00	1.11414e+05	1.6e+03
5.5933e+03	2.4e+00	1.10923e+05	1.4e+03
5.5968e+03	2.4e+00	1.10965e+05	1.2e+03
5.6002e+03	2.4e+00	1.11418e+05	1.3e+03
5.6037e+03	2.4e+00	1.09924e+05	1.2e+03
5.6072e+03	2.4e+00	1.09791e+05	1.2e+03
5.6107e+03	2.4e+00	1.09382e+05	1.1e+03
5.6142e+03	2.4e+00	1.09281e+05	1.2e+03
5.6176e+03	2.4e+00	1.08042e+05	1.2e+03
5.6211e+03	2.4e+00	1.07909e+05	1.1e+03
5.6246e+03	2.4e+00	1.08802e+05	1.2e+03
5.6281e+03	2.4e+00	1.08315e+05	1.4e+03
5.6315e+03	2.4e+00	1.06707e+05	1.2e+03
5.6350e+03	2.4e+00	1.06990e+05	1.1e+03
5.6385e+03	2.4e+00	1.06107e+05	1.0e+03
5.6420e+03	2.4e+00	1.05947e+05	1.2e+03
5.6454e+03	2.4e+00	1.06477e+05	9.6e+02
5.6489e+03	2.4e+00	1.04811e+05	1.3e+03
5.6524e+03	2.4e+00	1.05755e+05	1.1e+03
5.6559e+03	2.4e+00	1.04711e+05	1.0e+03
5.6593e+03	2.4e+00	1.06254e+05	1.1e+03
5.6628e+03	2.4e+00	1.03828e+05	1.1e+03
5.6663e+03	2.4e+00	1.04704e+05	1.1e+03
5.6698e+03	2.4e+00	1.02584e+05	9.6e+02
5.6732e+03	2.4e+00	1.02655e+05	1.2e+03
5.6767e+03	2.4e+00	1.02889e+05	1.2e+03
5.6802e+03	2.4e+00	1.02213e+05	1.1e+03
5.6836e+03	2.4e+00	1.00750e+05	8.3e+02
5.6871e+03	2.4e+00	1.00767e+05	1.3e+03
5.6906e+03	2.4e+00	1.01766e+05	1.2e+03
5.6940e+03	2.4e+00	9.93954e+04	1.2e+03
5.6975e+03	2.4e+00	9.99009e+04	1.4e+03
5.7010e+03	2.4e+00	9.97053e+04	1.2e+03
5.7045e+03	2.4e+00	9.93420e+04	1.4e+03
5.7079e+03	2.4e+00	9.80780e+04	1.5e+03
5.7114e+03	2.4e+00	9.88745e+04	1.3e+03
5.7149e+03	2.4e+00	9.82137e+04	1.2e+03
5.7183e+03	2.4e+00	9.83844e+04	1.4e+03
5.7218e+03	2.4e+00	9.69232e+04	1.3e+03
5.7252e+03	2.4e+00	9.76168e+04	1.4e+03
5.7287e+03	2.4e+00	9.69129e+04	1.3e+03
5.7322e+03	2.4e+00	9.65762e+04	1.5e+03
5.7356e+03	2.4e+00	9.58130e+04	1.1e+03
5.7391e+03	2.4e+00	9.50095e+04	1.2e+03
5.7426e+03	2.4e+00	9.42053e+04	9.6e+02
5.7460e+03	2.4e+00	9.51496e+04	1.2e+03
5.7495e+03	2.4e+00	9.43328e+04	1.3e+03
5.7529e+03	2.4e+00	9.40520e+04	1.1e+03
5.7564e+03	2.4e+00	9.40485e+04	1.1e+03
5.7599e+03	2.4e+00	9.43935e+04	1.1e+03
5.7633e+03	2.4e+00	9.40719e+04	1.1e+03
5.7668e+03	2.4e+00	9.38064e+04	1.1e+03
5.7702e+03	2.4e+00	9.32425e+04	1.2e+03
5.7737e+03	2.4e+00	9.31470e+04	1.2e+03
5.7772e+03	2.4e+00	9.26579e+04	1.1e+03
5.7806e+03	2.4e+00	9.32242e+04	1.1e+03
5.7841e+03	2.4e+00	9.27698e+04	9.8e+02
5.7875e+03	2.4e+00	9.19264e+04	9.5e+02
5.7910e+03	2.4e+00	9.14868e+04	1.2e+03
5.7944e+03	2.4e+00	9.26168e+04	1.2e+03
5.7979e+03	2.4e+00	9.18066e+04	9.8e+02
5.8014e+03	2.4e+00	9.22814e+04	8.6e+02
5.8048e+03	2.4e+00	9.12533e+04	9.8e+02
5.8083e+03	2.4e+00	9.15875e+04	8.5e+02
5.8117e+03	2.4e+00	9.25269e+04	9.1e+02
5.8152e+03	2.4e+00	9.13204e+04	9.8e+02
5.8186e+03	2.4e+00	9.15678e+04	8.9e+02
5.8221e+03	2.4e+00	9.13546e+04	9.0e+02
5.8255e+03	2.4e+00	9.13885e+04	1.0e+03
5.8290e+03	2.4e+00	9.09282e+04	8.4e+02
5.8324e+03	2.4e+00	9.05528e+04	1.0e+03
5.8359e+03	2.4e+00	9.06235e+04	7.1e+02
5.8393e+03	2.4e+00	9.04883e+04	8.2e+02
5.8428e+03	2.4e+00	9.03904e+04	8.7e+02
5.8462e+03	2.4e+00	8.99764e+04	1.1e+03
5.8497e+03	2.4e+00	8.97818e+04	9.1e+02
5.8531e+03	2.4e+00	8.94052e+04	1.0e+03
5.8566e+03	2.4e+00	8.99727e+04	8.9e+02
5.8600e+03	2.4e+00	8.89336e+04	8.6e+02
5.8635e+03	2.4e+00	8.93367e+04	8.5e+02
5.8669e+03	2.4e+00	8.86514e+04	9.3e+02
5.8704e+03	2.4e+00	8.82228e+04	7.1e+02
5.8738e+03	2.4e+00	8.82331e+04	7.8e+02
5.8773e+03	2.4e+00	8.72605e+04	8.4e+02
5.8807e+03	2.4e+00	8.61697e+04	9.0e+02
5.8841e+03	2.4e+00	8.61868e+04	1.1e+03
5.8876e+03	2.4e+00	8.48661e+04	8.1e+02
5.8910e+03	2.4e+00	8.51955e+04	8.9e+02
5.8945e+03	2.4e+00	8.40713e+04	9.6e+02
5.8979e+03	2.4e+00	8.50063e+04	8.4e+02
5.9014e+03	2.4e+00	8.49023e+04	1.1e+03
5.9048e+03	2.4e+00	8.53944e+04	1.4e+03
5.9082e+03	2.4e+00	8.50787e+04	9.5e+02
5.9117e+03	2.4e+00	8.48741e+04	8.5e+02
5.9151e+03	2.4e+00	8.48767e+04	1.1e+03
5.9186e+03	2.4e+00	8.39827e+04	8.9e+02
5.9220e+03	2.4e+00	8.41182e+04	1.1e+03
5.9254e+03	2.4e+00	8.39376e+04	9.5e+02
5.9289e+03	2.4e+00	8.43741e+04	9.6e+02
5.9323e+03	2.4e+00	8.38476e+04	8.4e+02
5.9358e+03	2.4e+00	8.43511e+04	8.7e+02
5.9392e+03	2.4e+00	8.37582e+04	9.0e+02
5.9426e+03	2.4e+00	8.23793e+04	8.0e+02
5.9461e+03	2.4e+00	8.20626e+04	8.6e+02
5.9495e+03	2.4e+00	8.21747e+04	8.5e+02
5.9529e+03	2.4e+00	8.20330e+04	8.3e+02
5.9564e+03	2.4e+00	8.23747e+04	1.0e+03
5.9598e+03	2.4e+00	8.19402e+04	8.1e+02
5.9633e+03	2.4e+00	8.23944e+04	8.0e+02
5.9667e+03	2.4e+00	8.16676e+04	9.2e+02
5.9701e+03	2.4e+00	8.07700e+04	8.7e+02
5.9736e+03	2.4e+00	8.04504e+04	8.0e+02
5.9770e+03	2.4e+00	8.09199e+04	8.9e+02
5.9804e+03	2.4e+00	8.00594e+04	8.3e+02
5.9838e+03	2.4e+00	8.06804e+04	8.1e+02
5.9873e+03	2.4e+00	8.08114e+04	7.3e+02
5.9907e+03	2.4e+00	8.03591e+04	6.9e+02
5.9941e+03	2.4e+00	8.03486e+04	7.9e+02
5.9976e+03	2.4e+00	7.95692e+04	8.0e+02
6.0010e+03	2.4e+00	8.05940e+04	8.5e+02
6.0044e+03	2.4e+00	7.92055e+04	8.0e+02
6.0079e+03	2.4e+00	7.95483e+04	7.2e+02
6.0113e+03	2.4e+00	7.89496e+04	7.5e+02
6.0147e+03	2.4e+00	7.90161e+04	8.6e+02
6.0181e+03	2.4e+00	7.94356e+04	6.8e+02
6.0216e+03	2.4e+00	7.81773e+04	7.2e+02
6.0250e+03	2.4e+00	7.86071e+04	6.4e+02
6.0284e+03	2.4e+00	7.86877e+04	7.8e+02
6.0318e+03	2.4e+00	7.88275e+04	8.2e+02
6.0353e+03	2.4e+00	7.83207e+04	8.7e+02
6.0387e+03	2.4e+00	7.77339e+04	7.3e+02
6.0421e+03	2.4e+00	7.75000e+04	7.9e+02
6.0455e+03	2.4e+00	7.68429e+04	7.4e+02
6.0490e+03	2.4e+00	7.64775e+04	7.1e+02
6.0524e+03	2.4e+00	7.67769e+04	6.9e+02
6.0558e+03	2.4e+00	7.69072e+04	7.5e+02
6.0592e+03	2.4e+00	7.63483e+04	8.0e+02
6.0627e+03	2.4e+00	7.66536e+04	6.5e+02
6.0661e+03	2.4e+00	7.64325e+04	7.6e+02
6.0695e+03	2.4e+00	7.67713e+04	6.7e+02
6.0729e+03	2.4e+00	7.59888e+04	6.9e+02
6.0763e+03	2.4e+00	7.62811e+04	6.1e+02
6.0798e+03	2.4e+00	7.57882e+04	6.5e+02
6.0832e+03	2.4e+00	7.53866e+04	6.3e+02
6.0866e+03	2.4e+00	7.54435e+04	6.6e+02
6.0900e+03	2.4e+00	7.55924e+04	8.5e+02
6.0934e+03	2.4e+00	7.46803e+04	8.7e+02
6.0969e+03	2.4e+00	7.45587e+04	7.1e+02
6.1003e+03	2.4e+00	7.43513e+04	6.6e+02
6.1037e+03	2.4e+00	7.51852e+04	8.2e+02
6.1071e+03	2.4e+00	7.47303e+04	7.2e+02
6.1105e+03	2.4e+00	7.52944e+04	6.4e+02
6.1139e+03	2.4e+00	7.49986e+04	5.3e+02
6.1174e+03	2.4e+00	7.42688e+04	7.8e+02
6.1208e+03	2.4e+00	7.36105e+04	7.6e+02
6.1242e+03	2.4e+00	7.42650e+04	7.3e+02
6.1276e+03	2.4e+00	7.38865e+04	3.4e+02
6.1310e+03	2.4e+00	7.41467e+04	7.6e+02
6.1344e+03	2.4e+00	7.33329e+04	4.5e+02
6.1378e+03	2.4e+00	7.32370e+04	6.4e+02
6.1412e+03	2.4e+00	7.32204e+04	5.2e+02
6.1447e+03	2.4e+00	7.34506e+04	5.3e+02
6.1481e+03	2.4e+00	7.35018e+04	5.8e+02
6.1515e+03	2.4e+00	7.19411e+04	4.7e+02
6.1549e+03	2.4e+00	7.16052e+04	6.6e+02
6.1583e+03	2.4e+00	7.12218e+04	6.5e+02
6.1617e+03	2.4e+00	7.15072e+04	7.3e+02
6.1651e+03	2.4e+00	7.17855e+04	6.7e+02
6.1685e+03	2.4e+00	7.19930e+04	5.8e+02
6.1719e+03	2.4e+00	7.17904e+04	5.2e+02
6.1753e+03	2.4e+00	7.14570e+04	6.6e+02
6.1787e+03	2.4e+00	7.14487e+04	6.2e+02
6.1822e+03	2.4e+00	7.11262e+04	5.3e+02
6.1856e+03	2.4e+00	7.07014e+04	7.9e+02
6.1890e+03	2.4e+00	7.11112e+04	7.0e+02
6.1924e+03	2.4e+00	7.14451e+04	5.5e+02
6.1958e+03	2.4e+00	7.03608e+04	5.5e+02
6.1992e+03	2.4e+00	7.07803e+04	8.2e+02
6.2026e+03	2.4e+00	7.05777e+04	5.8e+02
6.2060e+03	2.4e+00	7.01117e+04	5.0e+02
6.2094e+03	2.4e+00	6.97811e+04	4.8e+02
6.2128e+03	2.4e+00	7.00863e+04	6.3e+02
6.2162e+03	2.4e+00	6.96199e+04	5.4e+02
6.2196e+03	2.4e+00	6.90169e+04	4.6e+02
6.2230e+03	2.4e+00	6.98651e+04	5.2e+02
6.2264e+03	2.4e+00	6.89624e+04	5.2e+02
6.2298e+03	2.4e+00	6.92160e+04	6.8e+02
6.2332e+03	2.4e+00	6.90594e+04	7.9e+02
6.2366e+03	2.4e+00	6.86777e+04	6.1e+02
6.2400e+03	2.4e+00	6.82926e+04	6.1e+02
6.2434e+03	2.4e+00	6.81709e+04	4.6e+02
6.2468e+03	2.4e+00	6.77769e+04	6.0e+02
6.2502e+03	2.4e+00	6.82409e+04	5.2e+02
6.2536e+03	2.4e+00	6.82639e+04	5.2e+02
6.2570e+03	2.4e+00	6.76495e+04	7.9e+02
6.2604e+03	2.4e+00	6.83286e+04	7.5e+02
6.2638e+03	2.4e+00	6.70975e+04	5.8e+02
6.2672e+03	2.4e+00	6.73786e+04	6.1e+02
6.2706e+03	2.4e+00	6.62148e+04	5.8e+02
6.2740e+03	2.4e+00	6.43147e+04	6.0e+02
6.2774e+03	2.4e+00	6.25746e+04	5.3e+02
6.2808e+03	2.4e+00	6.26703e+04	3.8e+02
6.2841e+03	2.4e+00	6.42162e+04	4.1e+02
6.2875e+03	2.4e+00	6.46257e+04	3.3e+02
6.2909e+03	2.4e+00	6.49765e+04	3.5e+02
6.2943e+03	2.4e+00	6.44622e+04	3.2e+02
6.2977e+03	2.4e+00	6.40830e+04	3.0e+02
6.3011e+03	2.4e+00	6.48215e+04	6.1e+02
6.3045e+03	2.4e+00	6.49493e+04	8.1e+02
6.3079e+03	2.4e+00	6.48898e+04	4.6e+02
6.3113e+03	2.4e+00	6.50707e+04	3.5e+02
6.3147e+03	2.4e+00	6.46678e+04	2.9e+02
6.3181e+03	2.4e+00	6.46930e+04	4.0e+02
6.3214e+03	2.4e+00	6.51444e+04	2.9e+02
6.3248e+03	2.4e+00	6.51273e+04	3.3e+02
6.3282e+03	2.4e+00	6.49181e+04	4.6e+02
6.3316e+03	2.4e+00	6.53463e+04	5.2e+02
6.3350e+03	2.4e+00	6.50101e+04	4.0e+02
6.3384e+03	2.4e+00	6.47845e+04	6.2e+02
6.3418e+03	2.4e+00	6.44416e+04	4.2e+02
6.3452e+03	2.4e+00	6.39861e+04	5.3e+02
6.3485e+03	2.4e+00	6.36274e+04	4.4e+02
6.3519e+03	2.4e+00	6.47163e+04	4.2e+02
6.3553e+03	2.4e+00	6.45665e+04	5.5e+02
6.3587e+03	2.4e+00	6.42370e+04	3.8e+02
6.3621e+03	2.4e+00	6.45641e+04	6.1e+02
6.3655e+03	2.4e+00	6.43426e+04	6.5e+02
6.3688e+03	2.4e+00	6.36353e+04	4.8e+02
6.3722e+03	2.4e+00	6.37017e+04	7.5e+02
6.3756e+03	2.4e+00	6.40153e+04	6.4e+02
6.3790e+03	2.4e+00	6.41332e+04	5.5e+02
6.3824e+03	2.4e+00	6.37976e+04	6.8e+02
6.3857e+03	2.4e+00	6.45897e+04	7.4e+02
6.3891e+03	2.4e+00	6.43748e+04	7.6e+02
6.3925e+03	2.4e+00	6.35846e+04	6.8e+02
6.3959e+03	2.4e+00	6.33528e+04	5.5e+02
6.3993e+03	2.4e+00	6.32001e+04	8.0e+02
6.4026e+03	2.4e+00	6.33646e+04	8.8e+02
6.4060e+03	2.4e+00	6.31408e+04	7.4e+02
6.4094e+03	2.4e+00	6.33465e+04	6.6e+02
6.4128e+03	2.4e+00	6.25122e+04	7.1e+02
6.4162e+03	2.4e+00	6.27894e+04	8.0e+02
6.4195e+03	2.4e+00	6.23902e+04	8.0e+02
6.4229e+03	2.4e+00	6.27451e+04	5.5e+02
6.4263e+03	2.4e+00	6.23618e+04	8.3e+02
6.4297e+03	2.4e+00	6.27319e+04	5.4e+02
6.4330e+03	2.4e+00	6.22487e+04	8.0e+02
6.4364e+03	2.4e+00	6.24737e+04	6.7e+02
6.4398e+03	2.4e+00	6.16273e+04	6.5e+02
6.4432e+03	2.4e+00	6.17308e+04	7.0e+02
6.4465e+03	2.4e+00	6.19191e+04	4.3e+02
6.4499e+03	2.4e+00	6.17773e+04	7.4e+02
6.4533e+03	2.4e+00	6.12211e+04	4.4e+02
6.4566e+03	2.4e+00	6.05094e+04	3.2e+02
6.4600e+03	2.4e+00	6.19377e+04	8.3e+02
6.4634e+03	2.4e+00	6.07148e+04	8.7e+02
6.4667e+03	2.4e+00	6.09156e+04	5.4e+02
6.4701e+03	2.4e+00	6.03541e+04	5.9e+02
6.4735e+03	2.4e+00	6.03080e+04	4.5e+02
6.4769e+03	2.4e+00	6.00773e+04	4.4e+02
6.4802e+03	2.4e+00	5.95818e+04	2.6e+02
6.4836e+03	2.4e+00	5.99178e+04	1.9e+02
6.4870e+03	2.4e+00	5.96896e+04	2.6e+02
6.4903e+03	2.4e+00	5.98519e+04	2.2e+02
6.4937e+03	2.4e+00	5.98383e+04	6.3e+02
6.4971e+03	2.4e+00	5.93622e+04	6.1e+02
6.5004e+03	2.4e+00	6.00101e+04	4.6e+02
6.5038e+03	2.4e+00	5.97592e+04	5.2e+02
6.5072e+03	2.4e+00	5.89266e+04	5.1e+02
6.5105e+03	2.4e+00	5.87427e+04	3.7e+02
6.5139e+03	2.4e+00	5.77208e+04	1.9e+02
6.5172e+03	2.4e+00	5.71761e+04	5.3e+02
6.5206e+03	2.4e+00	5.73874e+04	6.6e+02
6.5240e+03	2.4e+00	5.66900e+04	5.1e+02
6.5273e+03	2.4e+00	5.64177e+04	8.9e+02
6.5307e+03	2.4e+00	5.61098e+04	8.1e+02
6.5341e+03	2.4e+00	5.45008e+04	4.5e+02
6.5374e+03	2.4e+00	5.32668e+04	6.0e+02
6.5408e+03	2.4e+00	5.23717e+04	6.4e+02
6.5441e+03	2.4e+00	4.99918e+04	6.2e+02
6.5475e+03	2.4e+00	4.74840e+04	7.2e+02
6.5509e+03	2.4e+00	4.49438e+04	5.2e+02
6.5542e+03	2.4e+00	4.09252e+04	4.1e+02
6.5576e+03	2.4e+00	3.56184e+04	4.5e+02
6.5609e+03	2.4e+00	3.30034e+04	2.8e+02
6.5643e+03	2.4e+00	3.44305e+04	3.4e+02
6.5676e+03	2.4e+00	3.93629e+04	5.4e+02
6.5710e+03	2.4e+00	4.41507e+04	6.5e+02
6.5744e+03	2.4e+00	4.69456e+04	8.2e+02
6.5777e+03	2.4e+00	4.94155e+04	7.0e+02
6.5811e+03	2.4e+00	5.09396e+04	7.7e+02
6.5844e+03	2.4e+00	5.18682e+04	5.0e+02
6.5878e+03	2.4e+00	5.32453e+04	8.8e+02
6.5911e+03	2.4e+00	5.45378e+04	8.2e+02
6.5945e+03	2.4e+00	5.43859e+04	8.7e+02
6.5978e+03	2.4e+00	5.42689e+04	6.3e+02
6.6012e+03	2.4e+00	5.47024e+04	8.0e+02
6.6045e+03	2.4e+00	5.45383e+04	7.6e+02
6.6079e+03	2.4e+00	5.51364e+04	7.6e+02
6.6112e+03	2.4e+00	5.54982e+04	1.0e+03
6.6146e+03	2.4e+00	5.58723e+04	8.5e+02
6.6179e+03	2.4e+00	5.56694e+04	1.1e+03
6.6213e+03	2.4e+00	5.60184e+04	6.6e+02
6.6246e+03	2.4e+00	5.56073e+04	7.2e+02
6.6280e+03	2.4e+00	5.54318e+04	6.7e+02
6.6313e+03	2.4e+00	5.54964e+04	9.0e+02
6.6347e+03	2.4e+00	5.52157e+04	6.4e+02
6.6380e+03	2.4e+00	5.60397e+04	8.0e+02
6.6414e+03	2.4e+00	5.59639e+04	6.1e+02
6.6447e+03	2.4e+00	5.59993e+04	5.4e+02
6.6481e+03	2.4e+00	5.49891e+04	5.7e+02
6.6514e+03	2.4e+00	5.56192e+04	7.0e+02
6.6548e+03	2.4e+00	5.60051e+04	4.6e+02
6.6581e+03	2.4e+00	5.53321e+04	6.7e+02
6.6615e+03	2.4e+00	5.56392e+04	4.8e+02
6.6648e+03	2.4e+00	5.54142e+04	4.7e+02
6.6681e+03	2.4e+00	5.50511e+04	3.0e+02
6.6715e+03	2.4e+00	5.53721e+04	4.1e+02
6.6748e+03	2.4e+00	5.46702e+04	4.5e+02
6.6782e+03	2.4e+00	5.46102e+04	7.9e+02
6.6815e+03	2.4e+00	5.49919e+04	8.1e+02
6.6849e+03	2.4e+00	5.46748e+04	9.0e+02
6.6882e+03	2.4e+00	5.47929e+04	7.6e+02
6.6915e+03	2.4e+00	5.43821e+04	6.3e+02
6.6949e+03	2.4e+00	5.37927e+04	4.6e+02
6.6982e+03	2.4e+00	5.38792e+04	8.2e+02
6.7016e+03	2.4e+00	5.35257e+04	7.9e+02
6.7049e+03	2.4e+00	5.41428e+04	7.9e+02
6.7082e+03	2.4e+00	5.37010e+04	7.6e+02
6.7116e+03	2.4e+00	5.41345e+04	8.8e+02
6.7149e+03	2.4e+00	5.37128e+04	1.0e+03
6.7183e+03	2.4e+00	5.35372e+04	6.0e+02
6.7216e+03	2.4e+00	5.31422e+04	8.4e+02
6.7249e+03	2.4e+00	5.34757e+04	7.9e+02
6.7283e+03	2.4e+00	5.28445e+04	7.6e+02
6.7316e+03	2.4e+00	5.29978e+04	1.0e+03
6.7349e+03	2.4e+00	5.25757e+04	1.2e+03
6.7383e+03	2.4e+00	5.25370e+04	9.4e+02
6.7416e+03	2.4e+00	5.27214e+04	1.1e+03
6.7449e+03	2.4e+00	5.25299e+04	1.2e+03
6.7483e+03	2.4e+00	5.32188e+04	1.1e+03
6.7516e+03	2.4e+00	5.29741e+04	9.9e+02
6.7549e+03	2.4e+00	5.22526e+04	1.1e+03
6.7583e+03	2.4e+00	5.27917e+04	1.2e+03
6.7616e+03	2.4e+00	5.22707e+04	9.8e+02
6.7649e+03	2.4e+00	5.26443e+04	8.8e+02
6.7683e+03	2.4e+00	5.19368e+04	8.7e+02
6.7716e+03	2.4e+00	5.21577e+04	1.1e+03
6.7749e+03	2.4e+00	5.20038e+04	1.2e+03
6.7782e+03	2.4e+00	5.21302e+04	1.2e+03
6.7816e+03	2.4e+00	5.19277e+04	1.0e+03
6.7849e+03	2.4e+00	5.13707e+04	8.3e+02
6.7882e+03	2.4e+00	5.17695e+04	1.0e+03
6.7916e+03	2.4e+00	5.16265e+04	9.3e+02
6.7949e+03	2.4e+00	5.15394e+04	8.4e+02
6.7982e+03	2.4e+00	5.11545e+04	1.1e+03
6.8015e+03	2.4e+00	5.08211e+04	6.8e+02
6.8049e+03	2.4e+00	5.12425e+04	9.1e+02
6.8082e+03	2.4e+00	5.10179e+04	1.0e+03
6.8115e+03	2.4e+00	5.15023e+04	8.6e+02
6.8148e+03	2.4e+00	5.04052e+04	8.3e+02
6.8182e+03	2.4e+00	5.07524e+04	8.6e+02
6.8215e+03	2.4e+00	5.00013e+04	1.1e+03
6.8248e+03	2.4e+00	4.99684e+04	6.3e+02
6.8281e+03	2.4e+00	5.07639e+04	9.4e+02
6.8315e+03	2.4e+00	5.02199e+04	9.3e+02
6.8348e+03	2.4e+00	5.02099e+04	8.8e+02
6.8381e+03	2.4e+00	4.99336e+04	8.1e+02
6.8414e+03	2.4e+00	4.94046e+04	9.2e+02
6.8447e+03	2.4e+00	4.94987e+04	9.8e+02
6.8481e+03	2.4e+00	4.92834e+04	9.9e+02
6.8514e+03	2.4e+00	4.90591e+04	8.7e+02
6.8547e+03	2.4e+00	4.92709e+04	7.7e+02
6.8580e+03	2.4e+00	4.82324e+04	9.3e+02
6.8613e+03	2.4e+00	4.62917e+04	8.1e+02
6.8647e+03	2.4e+00	3.89600e+04	5.5e+02
6.8680e+03	2.4e+00	3.35340e+04	6.3e+02
6.8713e+03	2.4e+00	3.15036e+04	5.7e+02
6.8746e+03	2.4e+00	3.46670e+04	6.7e+02
6.8779e+03	2.4e+00	3.91808e+04	8.0e+02
6.8812e+03	2.4e+00	4.15611e+04	1.0e+03
6.8846e+03	2.4e+00	4.06047e+04	7.5e+02
6.8879e+03	2.4e+00	3.95873e+04	9.0e+02
6.8912e+03	2.4e+00	3.86781e+04	8.6e+02
6.8945e+03	2.4e+00	3.92879e+04	8.9e+02
6.8978e+03	2.4e+00	3.99567e+04	6.9e+02
6.9011e+03	2.4e+00	4.19796e+04	9.4e+02
6.9044e+03	2.4e+00	4.14527e+04	8.8e+02
6.9078e+03	2.4e+00	4.28310e+04	8.0e+02
6.9111e+03	2.4e+00	4.31252e+04	9.3e+02
6.9144e+03	2.4e+00	4.33049e+04	7.6e+02
6.9177e+03	2.4e+00	4.39084e+04	9.2e+02
6.9210e+03	2.4e+00	4.43021e+04	9.7e+02
6.9243e+03	2.4e+00	4.46133e+04	9.5e+02
6.9276e+03	2.4e+00	4.42815e+04	1.1e+03
6.9309e+03	2.4e+00	4.43146e+04	1.2e+03
6.9342e+03	2.4e+00	4.42974e+04	1.0e+03
6.9375e+03	2.4e+00	4.38059e+04	9.9e+02
6.9409e+03	2.4e+00	4.44078e+04	1.2e+03
6.9442e+03	2.4e+00	4.41691e+04	1.1e+03
6.9475e+03	2.4e+00	4.44739e+04	1.1e+03
6.9508e+03	2.4e+00	4.43137e+04	1.1e+03
6.9541e+03	2.4e+00	4.44671e+04	1.2e+03
6.9574e+03	2.4e+00	4.35653e+04	9.8e+02
6.9607e+03	2.4e+00	4.37681e+04	9.0e+02
6.9640e+03	2.4e+00	4.49956e+04	9.7e+02
6.9673e+03	2.4e+00	4.49039e+04	1.4e+03
6.9706e+03	2.4e+00	4.51460e+04	9.2e+02
6.9739e+03	2.4e+00	4.48373e+04	1.1e+03
6.9772e+03	2.4e+00	4.51710e+04	9.2e+02
6.9805e+03	2.4e+00	4.45067e+04	9.5e+02
6.9838e+03	2.4e+00	4.36087e+04	1.1e+03
6.9871e+03	2.4e+00	4.36332e+04	1.1e+03
6.9904e+03	2.4e+00	4.37682e+04	1.5e+03
6.9937e+03	2.4e+00	4.30704e+04	8.5e+02
6.9970e+03	2.4e+00	4.30902e+04	1.2e+03
7.0003e+03	2.4e+00	4.34177e+04	1.2e+03
7.0036e+03	2.4e+00	4.32386e+04	1.4e+03
7.0069e+03	2.4e+00	4.35571e+04	1.1e+03
7.0102e+03	2.4e+00	4.25369e+04	8.0e+02
7.0135e+03	2.4e+00	4.25452e+04	9.3e+02
7.0168e+03	2.4e+00	4.27375e+04	7.4e+02
7.0201e+03	2.4e+00	4.28546e+04	7.7e+02
7.0234e+03	2.4e+00	4.19598e+04	1.2e+03
7.0267e+03	2.4e+00	4.17050e+04	1.1e+03
7.0300e+03	2.4e+00	4.21478e+04	8.4e+02
7.0333e+03	2.4e+00	4.22509e+04	1.2e+03
7.0366e+03	2.4e+00	4.20140e+04	1.0e+03
7.0399e+03	2.4e+00	4.19475e+04	1.1e+03
7.0432e+03	2.4e+00	4.20865e+04	1.2e+03
7.0465e+03	2.4e+00	4.23864e+04	1.0e+03
7.0498e+03	2.4e+00	4.18258e+04	9.7e+02
7.0531e+03	2.4e+00	4.16573e+04	9.4e+02
7.0564e+03	2.4e+00	4.16407e+04	1.0e+03
7.0597e+03	2.4e+00	4.12023e+04	9.4e+02
7.0629e+03	2.4e+00	4.13215e+04	1.2e+03
7.0662e+03	2.4e+00	4.07783e+04	9.4e+02
7.0695e+03	2.4e+00	4.06224e+04	9.7e+02
7.0728e+03	2.4e+00	4.10913e+04	1.1e+03
7.0761e+03	2.4e+00	4.08675e+04	1.3e+03
7.0794e+03	2.4e+00	4.05299e+04	1.1e+03
7.0827e+03	2.4e+00	4.02680e+04	1.1e+03
7.0860e+03	2.4e+00	4.07032e+04	1.1e+03
7.0893e+03	2.4e+00	4.05847e+04	1.2e+03
7.0926e+03	2.4e+00	4.01473e+04	1.3e+03
7.0958e+03	2.4e+00	4.04207e+04	1.2e+03
7.0991e+03	2.4e+00	3.98818e+04	1.2e+03
7.1024e+03	2.4e+00	3.91337e+04	9.6e+02
7.1057e+03	2.4e+00	3.96369e+04	1.4e+03
7.1090e+03	2.4e+00	3.89642e+04	8.6e+02
7.1123e+03	2.4e+00	3.89341e+04	8.5e+02
7.1156e+03	2.4e+00	3.87165e+04	1.2e+03
7.1188e+03	2.4e+00	3.90356e+04	1.3e+03
7.1221e+03	2.4e+00	3.82295e+04	1.1e+03
7.1254e+03	2.4e+00	3.83820e+04	9.9e+02
7.1287e+03	2.4e+00	3.88604e+04	1.0e+03
7.1320e+03	2.4e+00	3.85855e+04	1.0e+03
7.1353e+03	2.4e+00	3.83327e+04	1.2e+03
7.1385e+03	2.4e+00	3.76335e+04	1.2e+03
7.1418e+03	2.4e+00	3.77930e+04	1.1e+03
7.1451e+03	2.4e+00	3.70874e+04	1.1e+03
7.1484e+03	2.4e+00	3.75925e+04	1.3e+03
7.1517e+03	2.4e+00	3.71031e+04	1.1e+03
7.1549e+03	2.4e+00	3.72389e+04	9.3e+02
7.1582e+03	2.4e+00	3.70581e+04	1.1e+03
7.1615e+03	2.4e+00	3.67013e+04	1.0e+03
7.1648e+03	2.4e+00	3.54011e+04	1.0e+03
7.1681e+03	2.4e+00	3.44791e+04	1.0e+03
7.1713e+03	2.4e+00	3.32693e+04	8.6e+02
7.1746e+03	2.4e+00	3.24213e+04	8.9e+02
7.1779e+03	2.4e+00	3.27866e+04	8.1e+02
7.1812e+03	2.4e+00	3.14678e+04	9.2e+02
7.1844e+03	2.4e+00	3.06841e+04	8.5e+02
7.1877e+03	2.4e+00	3.06864e+04	9.2e+02
7.1910e+03	2.4e+00	3.10114e+04	8.7e+02
7.1943e+03	2.4e+00	3.14368e+04	9.4e+02
7.1975e+03	2.4e+00	3.11856e+04	9.3e+02
7.2008e+03	2.4e+00	3.10330e+04	1.1e+03
7.2041e+03	2.4e+00	3.13020e+04	8.0e+02
7.2074e+03	2.4e+00	3.20801e+04	1.0e+03
7.2106e+03	2.4e+00	3.36183e+04	1.2e+03
7.2139e+03	2.4e+00	3.42207e+04	9.3e+02
7.2172e+03	2.4e+00	3.39701e+04	1.1e+03
7.2204e+03	2.4e+00	3.41776e+04	9.5e+02
7.2237e+03	2.4e+00	3.37881e+04	1.0e+03
7.2270e+03	2.4e+00	3.33272e+04	1.1e+03
7.2303e+03	2.4e+00	3.21809e+04	9.5e+02
7.2335e+03	2.4e+00	3.10643e+04	1.0e+03
7.2368e+03	2.4e+00	3.08288e+04	1.0e+03
7.2401e+03	2.4e+00	3.02507e+04	1.0e+03
7.2433e+03	2.4e+00	3.00120e+04	8.8e+02
7.2466e+03	2.4e+00	3.04898e+04	9.6e+02
7.2499e+03	2.4e+00	3.03769e+04	9.4e+02
7.2531e+03	2.4e+00	3.05300e+04	1.0e+03
7.2564e+03	2.4e+00	3.07505e+04	9.8e+02
7.2597e+03	2.4e+00	3.09047e+04	1.0e+03
7.2629e+03	2.4e+00	3.05453e+04	1.1e+03
7.2662e+03	2.4e+00	3.06996e+04	1.0e+03
7.2695e+03	2.4e+00	3.03923e+04	1.1e+03
7.2727e+03	2.4e+00	3.04576e+04	1.0e+03
7.2760e+03	2.4e+00	2.97468e+04	9.7e+02
7.2792e+03	2.4e+00	2.98855e+04	1.0e+03
7.2825e+03	2.4e+00	3.05328e+04	8.8e+02
7.2858e+03	2.4e+00	3.04382e+04	1.0e+03
7.2890e+03	2.4e+00	3.00683e+04	1.1e+03
7.2923e+03	2.4e+00	2.94447e+04	1.1e+03
7.2956e+03	2.4e+00	2.99760e+04	1.0e+03
7.2988e+03	2.4e+00	2.99826e+04	1.1e+03
7.3021e+03	2.4e+00	2.92473e+04	1.1e+03
7.3053e+03	2.4e+00	2.93635e+04	1.1e+03
7.3086e+03	2.4e+00	2.92783e+04	1.1e+03
7.3119e+03	2.4e+00	2.97570e+04	9.2e+02
7.3151e+03	2.4e+00	2.92824e+04	1.1e+03
7.3184e+03	2.4e+00	2.98279e+04	9.6e+02
7.3216e+03	2.4e+00	2.99078e+04	1.1e+03
7.3249e+03	2.4e+00	2.99947e+04	1.1e+03
7.3281e+03	2.4e+00	3.04580e+04	1.0e+03
7.3314e+03	2.4e+00	3.00101e+04	1.0e+03
7.3346e+03	2.4e+00	2.96887e+04	1.1e+03
7.3379e+03	2.4e+00	2.97372e+04	1.1e+03
7.3412e+03	2.4e+00	2.91804e+04	1.1e+03
7.3444e+03	2.4e+00	2.98708e+04	1.3e+03
7.3477e+03	2.4e+00	2.93519e+04	1.3e+03
7.3509e+03	2.4e+00	2.87557e+04	1.0e+03
7.3542e+03	2.4e+00	2.90842e+04	1.1e+03
7.3574e+03	2.4e+00	2.90545e+04	1.1e+03
7.3607e+03	2.4e+00	2.94398e+04	1.2e+03
7.3639e+03	2.4e+00	2.93985e+04	1.3e+03
7.3672e+03	2.4e+00	2.87868e+04	1.1e+03
7.3704e+03	2.4e+00	2.87427e+04	1.1e+03
7.3737e+03	2.4e+00	2.89801e+04	1.1e+03
7.3769e+03	2.4e+00	2.91729e+04	1.2e+03
7.3802e+03	2.4e+00	2.94223e+04	1.0e+03
7.3834e+03	2.4e+00	2.95122e+04	1.1e+03
7.3867e+03	2.4e+00	2.85025e+04	1.1e+03
7.3899e+03	2.4e+00	2.81517e+04	1.1e+03
7.3932e+03	2.4e+00	2.82170e+04	1.2e+03
7.3964e+03	2.4e+00	2.84718e+04	1.1e+03
7.3997e+03	2.4e+00	2.81979e+04	1.2e+03
7.4029e+03	2.4e+00	2.83682e+04	1.2e+03
7.4062e+03	2.4e+00	2.82335e+04	1.3e+03
7.4094e+03	2.4e+00	2.82431e+04	1.2e+03
7.4127e+03	2.4e+00	2.77686e+04	1.2e+03
7.4159e+03	2.4e+00	2.73196e+04	1.2e+03
7.4191e+03	2.4e+00	2.79931e+04	1.2e+03
7.4224e+03	2.4e+00	2.76811e+04	1.2e+03
7.4256e+03	2.4e+00	2.76607e+04	1.2e+03
7.4289e+03	2.4e+00	2.71793e+04	1.2e+03
7.4321e+03	2.4e+00	2.77665e+04	1.1e+03
7.4354e+03	2.4e+00	2.72294e+04	1.2e+03
7.4386e+03	2.4e+00	2.68616e+04	1.2e+03
7.4418e+03	2.4e+00	2.69204e+04	1.2e+03
7.4451e+03	2.4e+00	2.73284e+04	1.2e+03
7.4483e+03	2.4e+00	2.69506e+04	1.1e+03
7.4516e+03	2.4e+00	2.65729e+04	1.2e+03
7.4548e+03	2.4e+00	2.68499e+04	1.2e+03
7.4580e+03	2.4e+00	2.70053e+04	1.2e+03
7.4613e+03	2.4e+00	2.70689e+04	1.2e+03
7.4645e+03	2.4e+00	2.65872e+04	1.3e+03
7.4678e+03	2.4e+00	2.65402e+04	1.2e+03
7.4710e+03	2.4e+00	2.62596e+04	1.3e+03
7.4742e+03	2.4e+00	2.58316e+04	1.3e+03
7.4775e+03	2.4e+00	2.64219e+04	1.2e+03
7.4807e+03	2.4e+00	2.57061e+04	1.3e+03
7.4839e+03	2.4e+00	2.58777e+04	1.2e+03
7.4872e+03	2.4e+00	2.53951e+04	1.3e+03
7.4904e+03	2.4e+00	2.52420e+04	1.2e+03
7.4936e+03	2.4e+00	2.51102e+04	1.3e+03
7.4969e+03	2.4e+00	2.54843e+04	1.3e+03
7.5001e+03	2.4e+00	2.53491e+04	1.3e+03
7.5033e+03	2.4e+00	2.51792e+04	1.3e+03
7.5066e+03	2.4e+00	2.49756e+04	1.2e+03
7.5098e+03	2.4e+00	2.51443e+04	1.2e+03
7.5130e+03	2.4e+00	2.43272e+04	1.3e+03
7.5163e+03	2.4e+00	2.49000e+04	1.3e+03
7.5195e+03	2.4e+00	2.50655e+04	1.3e+03
7.5227e+03	2.4e+00	2.50326e+04	1.2e+03
7.5260e+03	2.4e+00	2.47076e+04	1.3e+03
7.5292e+03	2.4e+00	2.46452e+04	1.3e+03
7.5324e+03	2.4e+00	2.43087e+04	1.2e+03
7.5356e+03	2.4e+00	2.37754e+04	1.3e+03
7.5389e+03	2.4e+00	2.44169e+04	1.2e+03
7.5421e+03	2.4e+00	2.37613e+04	1.3e+03
7.5453e+03	2.4e+00	2.39792e+04	1.3e+03
7.5486e+03	2.4e+00	2.37483e+04	1.3e+03
7.5518e+03	2.4e+00	2.33217e+04	1.3e+03
7.5550e+03	2.4e+00	2.37437e+04	1.3e+03
7.5582e+03	2.4e+00	2.41627e+04	1.4e+03
7.5615e+03	2.4e+00	2.43458e+04	1.4e+03
7.5647e+03	2.4e+00	2.38685e+04	1.4e+03
7.5679e+03	2.4e+00	2.35862e+04	1.4e+03
7.5711e+03	2.4e+00	2.36256e+04	1.4e+03
7.5744e+03	2.4e+00	2.32788e+04	1.3e+03
7.5776e+03	2.4e+00	2.33196e+04	1.4e+03
7.5808e+03	2.4e+00	2.31639e+04	1.4e+03
7.5840e+03	2.4e+00	2.30248e+04	1.4e+03
7.5872e+03	2.4e+00	2.26039e+04	1.4e+03
7.5905e+03	2.4e+00	2.18500e+04	1.2e+03
7.5937e+03	2.4e+00	1.96717e+04	1.2e+03
7.5969e+03	2.4e+00	1.52009e+04	1.0e+03
7.6001e+03	2.4e+00	1.00732e+04	8.3e+02
7.6033e+03	2.4e+00	6.34231e+03	5.0e+02
7.6066e+03	2.4e+00	3.93173e+03	3.1e+02
7.6098e+03	2.4e+00	3.36041e+03	2.5e+02
7.6130e+03	2.4e+00	4.24537e+03	2.8e+02
7.6162e+03	2.4e+00	6.27098e+03	3.4e+02
7.6194e+03	2.4e+00	9.07672e+03	4.6e+02
7.6227e+03	2.4e+00	1.10166e+04	6.5e+02
7.6259e+03	2.4e+00	1.09444e+04	7.0e+02
7.6291e+03	2.4e+00	9.47786e+03	6.6e+02
7.6323e+03	2.4e+00	8.47141e+03	5.9e+02
7.6355e+03	2.4e+00	7.90943e+03	5.3e+02
7.6387e+03	2.4e+00	8.36302e+03	5.4e+02
7.6419e+03	2.4e+00	8.80854e+03	5.1e+02
7.6452e+03	2.4e+00	9.77690e+03	6.0e+02
7.6484e+03	2.4e+00	1.06638e+04	7.3e+02
7.6516e+03	2.4e+00	1.16920e+04	7.9e+02
7.6548e+03	2.4e+00	1.27806e+04	7.6e+02
7.6580e+03	2.4e+00	1.37124e+04	8.8e+02
7.6612e+03	2.4e+00	1.43824e+04	9.7e+02
7.6644e+03	2.4e+00	1.55158e+04	1.0e+03
7.6676e+03	2.4e+00	1.65377e+04	1.1e+03
7.6709e+03	2.4e+00	1.68650e+04	1.1e+03
7.6741e+03	2.4e+00	1.74645e+04	1.2e+03
7.6773e+03	2.4e+00	1.82687e+04	1.3e+03
7.6805e+03	2.4e+00	1.84532e+04	1.3e+03
7.6837e+03	2.4e+00	1.85076e+04	1.2e+03
