# lambda [A]	Dlambda [A]	specval [counts]	Dspecval [counts]
3.5793e+03	2.4e+00	1.03166e+04	4.2e+02
3.5830e+03	2.4e+00	1.11876e+04	4.5e+02
3.5867e+03	2.4e+00	1.03307e+04	2.1e+02
3.5904e+03	2.4e+00	1.16758e+04	6.4e+02
3.5942e+03	2.4e+00	9.90855e+03	4.4e+02
3.5979e+03	2.4e+00	1.07680e+04	3.6e+02
3.6016e+03	2.4e+00	1.18760e+04	6.9e+02
3.6053e+03	2.4e+00	1.19979e+04	6.8e+02
3.6091e+03	2.4e+00	1.13730e+04	4.4e+02
3.6128e+03	2.4e+00	1.22114e+04	1.6e+02
3.6165e+03	2.4e+00	1.27624e+04	6.8e+02
3.6202e+03	2.4e+00	1.37157e+04	2.9e+02
3.6239e+03	2.4e+00	1.33080e+04	6.7e+02
3.6277e+03	2.4e+00	1.26432e+04	6.0e+02
3.6314e+03	2.4e+00	1.39202e+04	5.3e+01
3.6351e+03	2.4e+00	1.35766e+04	1.8e+02
3.6388e+03	2.4e+00	1.38259e+04	1.1e+02
3.6425e+03	2.4e+00	1.48131e+04	1.4e+02
3.6462e+03	2.4e+00	1.59967e+04	2.8e+02
3.6500e+03	2.4e+00	1.62167e+04	5.7e+02
3.6537e+03	2.4e+00	1.60930e+04	2.7e+02
3.6574e+03	2.4e+00	1.70701e+04	4.7e+02
3.6611e+03	2.4e+00	1.86971e+04	4.7e+02
3.6648e+03	2.4e+00	1.94460e+04	5.0e+02
3.6685e+03	2.4e+00	2.18331e+04	6.3e+02
3.6723e+03	2.4e+00	1.85912e+04	2.1e+02
3.6760e+03	2.4e+00	2.18220e+04	7.2e+02
3.6797e+03	2.4e+00	2.33103e+04	1.1e+03
3.6834e+03	2.4e+00	2.31620e+04	8.2e+02
3.6871e+03	2.4e+00	2.62336e+04	1.0e+03
3.6908e+03	2.4e+00	2.80781e+04	3.6e+02
3.6945e+03	2.4e+00	3.07693e+04	1.4e+03
3.6982e+03	2.4e+00	3.05036e+04	9.7e+02
3.7019e+03	2.4e+00	3.55860e+04	1.4e+03
3.7057e+03	2.4e+00	4.03543e+04	2.1e+03
3.7094e+03	2.4e+00	3.88431e+04	2.2e+03
3.7131e+03	2.4e+00	3.98834e+04	1.1e+03
3.7168e+03	2.4e+00	4.28770e+04	2.0e+03
3.7205e+03	2.4e+00	4.88633e+04	1.3e+03
3.7242e+03	2.4e+00	5.82884e+04	2.0e+03
3.7279e+03	2.4e+00	5.94114e+04	2.4e+03
3.7316e+03	2.4e+00	5.89928e+04	2.4e+03
3.7353e+03	2.4e+00	5.30267e+04	2.9e+03
3.7390e+03	2.4e+00	6.01137e+04	2.5e+03
3.7427e+03	2.4e+00	7.83151e+04	2.5e+03
3.7464e+03	2.4e+00	9.57438e+04	4.0e+03
3.7501e+03	2.4e+00	1.09946e+05	4.2e+03
3.7539e+03	2.4e+00	1.14722e+05	4.3e+03
3.7576e+03	2.4e+00	1.04224e+05	4.9e+03
3.7613e+03	2.4e+00	9.23183e+04	3.3e+03
3.7650e+03	2.4e+00	8.05668e+04	2.6e+03
3.7687e+03	2.4e+00	8.96967e+04	3.8e+03
3.7724e+03	2.4e+00	1.22542e+05	5.5e+03
3.7761e+03	2.4e+00	1.56212e+05	8.8e+03
3.7798e+03	2.4e+00	1.85796e+05	6.0e+03
3.7835e+03	2.4e+00	2.00693e+05	7.9e+03
3.7872e+03	2.4e+00	2.13310e+05	6.5e+03
3.7909e+03	2.4e+00	2.11025e+05	6.9e+03
3.7946e+03	2.4e+00	1.96637e+05	9.2e+03
3.7983e+03	2.4e+00	1.67174e+05	7.8e+03
3.8020e+03	2.4e+00	1.39962e+05	4.3e+03
3.8057e+03	2.4e+00	1.32262e+05	7.0e+03
3.8094e+03	2.4e+00	1.51363e+05	4.1e+03
3.8131e+03	2.4e+00	2.05984e+05	7.5e+03
3.8168e+03	2.4e+00	2.64959e+05	8.7e+03
3.8205e+03	2.4e+00	3.05342e+05	1.0e+04
3.8242e+03	2.4e+00	3.43961e+05	1.3e+04
3.8279e+03	2.4e+00	3.78831e+05	1.4e+04
3.8315e+03	2.4e+00	3.95206e+05	1.8e+04
3.8352e+03	2.4e+00	4.15634e+05	1.4e+04
3.8389e+03	2.4e+00	4.25056e+05	2.0e+04
3.8426e+03	2.4e+00	4.34661e+05	2.0e+04
3.8463e+03	2.4e+00	4.12852e+05	1.6e+04
3.8500e+03	2.4e+00	3.72472e+05	1.4e+04
3.8537e+03	2.4e+00	3.16645e+05	1.4e+04
3.8574e+03	2.4e+00	2.56385e+05	1.1e+04
3.8611e+03	2.4e+00	2.16374e+05	8.7e+03
3.8648e+03	2.4e+00	2.34354e+05	9.1e+03
3.8685e+03	2.4e+00	3.01804e+05	1.1e+04
3.8722e+03	2.4e+00	3.95923e+05	1.5e+04
3.8759e+03	2.4e+00	4.63929e+05	1.4e+04
3.8795e+03	2.4e+00	5.26339e+05	1.8e+04
3.8832e+03	2.4e+00	5.73258e+05	2.2e+04
3.8869e+03	2.4e+00	6.17680e+05	2.6e+04
3.8906e+03	2.4e+00	6.25308e+05	2.2e+04
3.8943e+03	2.4e+00	6.64163e+05	3.0e+04
3.8980e+03	2.4e+00	6.75249e+05	2.8e+04
3.9017e+03	2.4e+00	6.77334e+05	2.9e+04
3.9054e+03	2.4e+00	6.58595e+05	3.0e+04
3.9090e+03	2.4e+00	6.50628e+05	2.6e+04
3.9127e+03	2.4e+00	6.72370e+05	2.7e+04
3.9164e+03	2.4e+00	6.97063e+05	2.8e+04
3.9201e+03	2.4e+00	6.94558e+05	2.3e+04
3.9238e+03	2.4e+00	6.76107e+05	2.8e+04
3.9275e+03	2.4e+00	6.68755e+05	2.6e+04
3.9312e+03	2.4e+00	6.16629e+05	2.7e+04
3.9348e+03	2.4e+00	5.60960e+05	2.4e+04
3.9385e+03	2.4e+00	4.72919e+05	2.3e+04
3.9422e+03	2.4e+00	3.73724e+05	1.5e+04
3.9459e+03	2.4e+00	2.97508e+05	1.2e+04
3.9496e+03	2.4e+00	3.03392e+05	1.5e+04
3.9532e+03	2.4e+00	3.80283e+05	1.4e+04
3.9569e+03	2.4e+00	4.91193e+05	2.2e+04
3.9606e+03	2.4e+00	5.79152e+05	2.5e+04
3.9643e+03	2.4e+00	6.54645e+05	2.9e+04
3.9680e+03	2.4e+00	7.07542e+05	2.8e+04
3.9716e+03	2.4e+00	7.43531e+05	3.0e+04
3.9753e+03	2.4e+00	7.74321e+05	3.4e+04
3.9790e+03	2.4e+00	7.71074e+05	3.3e+04
3.9827e+03	2.4e+00	7.79056e+05	3.4e+04
3.9864e+03	2.4e+00	7.90817e+05	3.3e+04
3.9900e+03	2.4e+00	7.99955e+05	3.7e+04
3.9937e+03	2.4e+00	8.11607e+05	3.7e+04
3.9974e+03	2.4e+00	8.11044e+05	3.4e+04
4.0011e+03	2.4e+00	8.04672e+05	3.3e+04
4.0047e+03	2.4e+00	8.05221e+05	3.1e+04
4.0084e+03	2.4e+00	7.98629e+05	3.5e+04
4.0121e+03	2.4e+00	7.90962e+05	3.6e+04
4.0158e+03	2.4e+00	7.93226e+05	3.5e+04
4.0194e+03	2.4e+00	7.90960e+05	3.3e+04
4.0231e+03	2.4e+00	7.83396e+05	3.0e+04
4.0268e+03	2.4e+00	7.74563e+05	3.3e+04
4.0304e+03	2.4e+00	7.71045e+05	3.6e+04
4.0341e+03	2.4e+00	7.68360e+05	3.3e+04
4.0378e+03	2.4e+00	7.66880e+05	3.8e+04
4.0415e+03	2.4e+00	7.56999e+05	3.2e+04
4.0451e+03	2.4e+00	7.48439e+05	3.2e+04
4.0488e+03	2.4e+00	7.36881e+05	3.2e+04
4.0525e+03	2.4e+00	7.18914e+05	3.3e+04
4.0561e+03	2.4e+00	7.04094e+05	2.9e+04
4.0598e+03	2.4e+00	6.86649e+05	3.1e+04
4.0635e+03	2.4e+00	6.59002e+05	3.0e+04
4.0671e+03	2.4e+00	6.20732e+05	2.6e+04
4.0708e+03	2.4e+00	5.67032e+05	2.4e+04
4.0745e+03	2.4e+00	5.00085e+05	2.2e+04
4.0781e+03	2.4e+00	4.04126e+05	1.8e+04
4.0818e+03	2.4e+00	3.09801e+05	1.3e+04
4.0855e+03	2.4e+00	2.74016e+05	1.2e+04
4.0891e+03	2.4e+00	3.03362e+05	1.3e+04
4.0928e+03	2.4e+00	3.95553e+05	1.7e+04
4.0965e+03	2.4e+00	4.80026e+05	2.1e+04
4.1001e+03	2.4e+00	5.49805e+05	2.6e+04
4.1038e+03	2.4e+00	5.85535e+05	2.6e+04
4.1075e+03	2.4e+00	6.23857e+05	2.6e+04
4.1111e+03	2.4e+00	6.31343e+05	2.6e+04
4.1148e+03	2.4e+00	6.56443e+05	3.0e+04
4.1184e+03	2.4e+00	6.60211e+05	2.8e+04
4.1221e+03	2.4e+00	6.77842e+05	2.9e+04
4.1258e+03	2.4e+00	6.73675e+05	2.8e+04
4.1294e+03	2.4e+00	6.83147e+05	3.0e+04
4.1331e+03	2.4e+00	6.79163e+05	2.6e+04
4.1367e+03	2.4e+00	6.83778e+05	3.0e+04
4.1404e+03	2.4e+00	6.89951e+05	3.1e+04
4.1441e+03	2.4e+00	6.93790e+05	3.0e+04
4.1477e+03	2.4e+00	6.95849e+05	3.1e+04
4.1514e+03	2.4e+00	6.94179e+05	3.2e+04
4.1550e+03	2.4e+00	6.91084e+05	3.3e+04
4.1587e+03	2.4e+00	6.84870e+05	3.6e+04
4.1623e+03	2.4e+00	6.80893e+05	3.1e+04
4.1660e+03	2.4e+00	6.82000e+05	3.1e+04
4.1697e+03	2.4e+00	6.83619e+05	3.2e+04
4.1733e+03	2.4e+00	6.87982e+05	3.3e+04
4.1770e+03	2.4e+00	6.84134e+05	3.3e+04
4.1806e+03	2.4e+00	6.81533e+05	3.4e+04
4.1843e+03	2.4e+00	6.94144e+05	3.3e+04
4.1879e+03	2.4e+00	6.82547e+05	3.2e+04
4.1916e+03	2.4e+00	6.85326e+05	3.3e+04
4.1952e+03	2.4e+00	6.85272e+05	3.0e+04
4.1989e+03	2.4e+00	6.83473e+05	2.9e+04
4.2025e+03	2.4e+00	6.78587e+05	2.9e+04
4.2062e+03	2.4e+00	6.78367e+05	3.0e+04
4.2098e+03	2.4e+00	6.70208e+05	3.1e+04
4.2135e+03	2.4e+00	6.69407e+05	3.1e+04
4.2171e+03	2.4e+00	6.66129e+05	3.1e+04
4.2208e+03	2.4e+00	6.61810e+05	3.0e+04
4.2244e+03	2.4e+00	6.65371e+05	3.2e+04
4.2281e+03	2.4e+00	6.61746e+05	3.0e+04
4.2317e+03	2.4e+00	6.57489e+05	3.0e+04
4.2354e+03	2.4e+00	6.59373e+05	2.9e+04
4.2390e+03	2.4e+00	6.59110e+05	3.1e+04
4.2427e+03	2.4e+00	6.64559e+05	3.1e+04
4.2463e+03	2.4e+00	6.53350e+05	3.0e+04
4.2500e+03	2.4e+00	6.53218e+05	3.1e+04
4.2536e+03	2.4e+00	6.50342e+05	3.1e+04
4.2572e+03	2.4e+00	6.52814e+05	3.2e+04
4.2609e+03	2.4e+00	6.42625e+05	2.8e+04
4.2645e+03	2.4e+00	6.42880e+05	3.0e+04
4.2682e+03	2.4e+00	6.45738e+05	3.2e+04
4.2718e+03	2.4e+00	6.42292e+05	3.1e+04
4.2755e+03	2.4e+00	6.35764e+05	3.1e+04
4.2791e+03	2.4e+00	6.31569e+05	3.0e+04
4.2827e+03	2.4e+00	6.26901e+05	3.1e+04
4.2864e+03	2.4e+00	6.17711e+05	3.0e+04
4.2900e+03	2.4e+00	6.11939e+05	2.9e+04
4.2937e+03	2.4e+00	6.08414e+05	2.9e+04
4.2973e+03	2.4e+00	5.96765e+05	2.8e+04
4.3010e+03	2.4e+00	5.88246e+05	2.6e+04
4.3046e+03	2.4e+00	5.75005e+05	2.7e+04
4.3082e+03	2.4e+00	5.60520e+05	2.5e+04
4.3119e+03	2.4e+00	5.36472e+05	2.7e+04
4.3155e+03	2.4e+00	5.09741e+05	2.5e+04
4.3191e+03	2.4e+00	4.58325e+05	2.1e+04
4.3228e+03	2.4e+00	4.03525e+05	1.9e+04
4.3264e+03	2.4e+00	3.28836e+05	1.7e+04
4.3301e+03	2.4e+00	2.61737e+05	1.3e+04
4.3337e+03	2.4e+00	2.52270e+05	1.2e+04
4.3373e+03	2.4e+00	2.91437e+05	1.4e+04
4.3410e+03	2.4e+00	3.63214e+05	1.7e+04
4.3446e+03	2.4e+00	4.28733e+05	2.1e+04
4.3482e+03	2.4e+00	4.76713e+05	2.3e+04
4.3519e+03	2.4e+00	5.13970e+05	2.7e+04
4.3555e+03	2.4e+00	5.39317e+05	2.6e+04
4.3591e+03	2.4e+00	5.53475e+05	2.5e+04
4.3628e+03	2.4e+00	5.61491e+05	3.1e+04
4.3664e+03	2.4e+00	5.67937e+05	2.9e+04
4.3700e+03	2.4e+00	5.72376e+05	3.0e+04
4.3737e+03	2.4e+00	5.71758e+05	2.8e+04
4.3773e+03	2.4e+00	5.72205e+05	2.9e+04
4.3809e+03	2.4e+00	5.63468e+05	2.7e+04
4.3845e+03	2.4e+00	5.68563e+05	2.7e+04
4.3882e+03	2.4e+00	5.71711e+05	2.7e+04
4.3918e+03	2.4e+00	5.66264e+05	2.9e+04
4.3954e+03	2.4e+00	5.66209e+05	2.7e+04
4.3991e+03	2.4e+00	5.67419e+05	2.6e+04
4.4027e+03	2.4e+00	5.70282e+05	2.8e+04
4.4063e+03	2.4e+00	5.61405e+05	2.5e+04
4.4099e+03	2.4e+00	5.64164e+05	2.8e+04
4.4136e+03	2.4e+00	5.56503e+05	2.6e+04
4.4172e+03	2.4e+00	5.58039e+05	2.7e+04
4.4208e+03	2.4e+00	5.59048e+05	2.6e+04
4.4244e+03	2.4e+00	5.55646e+05	2.6e+04
4.4281e+03	2.4e+00	5.55359e+05	2.5e+04
4.4317e+03	2.4e+00	5.49027e+05	2.5e+04
4.4353e+03	2.4e+00	5.48042e+05	2.6e+04
4.4389e+03	2.4e+00	5.41957e+05	2.4e+04
4.4426e+03	2.4e+00	5.43411e+05	2.4e+04
4.4462e+03	2.4e+00	5.40569e+05	2.4e+04
4.4498e+03	2.4e+00	5.34129e+05	2.3e+04
4.4534e+03	2.4e+00	5.43780e+05	2.3e+04
4.4570e+03	2.4e+00	5.33559e+05	2.4e+04
4.4607e+03	2.4e+00	5.29036e+05	2.4e+04
4.4643e+03	2.4e+00	5.22042e+05	2.2e+04
4.4679e+03	2.4e+00	5.20017e+05	2.3e+04
4.4715e+03	2.4e+00	5.15124e+05	2.4e+04
4.4751e+03	2.4e+00	5.06664e+05	2.2e+04
4.4788e+03	2.4e+00	5.06056e+05	2.3e+04
4.4824e+03	2.4e+00	5.05485e+05	2.2e+04
4.4860e+03	2.4e+00	5.10211e+05	2.2e+04
4.4896e+03	2.4e+00	5.08131e+05	2.2e+04
4.4932e+03	2.4e+00	5.07502e+05	2.1e+04
4.4968e+03	2.4e+00	5.10392e+05	2.2e+04
4.5005e+03	2.4e+00	5.05319e+05	2.2e+04
4.5041e+03	2.4e+00	5.01765e+05	2.1e+04
4.5077e+03	2.4e+00	5.02193e+05	2.1e+04
4.5113e+03	2.4e+00	4.99988e+05	2.0e+04
4.5149e+03	2.4e+00	4.94201e+05	2.3e+04
4.5185e+03	2.4e+00	4.91009e+05	2.1e+04
4.5221e+03	2.4e+00	4.88454e+05	2.2e+04
4.5258e+03	2.4e+00	4.85755e+05	2.1e+04
4.5294e+03	2.4e+00	4.81684e+05	1.9e+04
4.5330e+03	2.4e+00	4.84791e+05	2.2e+04
4.5366e+03	2.4e+00	4.84249e+05	2.2e+04
4.5402e+03	2.4e+00	4.80629e+05	2.0e+04
4.5438e+03	2.4e+00	4.75623e+05	2.0e+04
4.5474e+03	2.4e+00	4.69935e+05	2.0e+04
4.5510e+03	2.4e+00	4.68666e+05	2.0e+04
4.5546e+03	2.4e+00	4.68934e+05	2.0e+04
4.5582e+03	2.4e+00	4.70259e+05	2.2e+04
4.5619e+03	2.4e+00	4.67505e+05	2.1e+04
4.5655e+03	2.4e+00	4.64505e+05	2.1e+04
4.5691e+03	2.4e+00	4.58108e+05	1.9e+04
4.5727e+03	2.4e+00	4.57223e+05	1.9e+04
4.5763e+03	2.4e+00	4.52465e+05	2.0e+04
4.5799e+03	2.4e+00	4.50959e+05	1.9e+04
4.5835e+03	2.4e+00	4.46047e+05	1.9e+04
4.5871e+03	2.4e+00	4.45305e+05	2.0e+04
4.5907e+03	2.4e+00	4.46651e+05	1.7e+04
4.5943e+03	2.4e+00	4.46009e+05	2.0e+04
4.5979e+03	2.4e+00	4.42956e+05	1.8e+04
4.6015e+03	2.4e+00	4.44371e+05	1.9e+04
4.6051e+03	2.4e+00	4.41390e+05	1.8e+04
4.6087e+03	2.4e+00	4.38685e+05	1.8e+04
4.6123e+03	2.4e+00	4.32336e+05	1.6e+04
4.6159e+03	2.4e+00	4.32348e+05	1.8e+04
4.6195e+03	2.4e+00	4.27427e+05	1.7e+04
4.6231e+03	2.4e+00	4.27185e+05	1.7e+04
4.6267e+03	2.4e+00	4.27347e+05	1.6e+04
4.6303e+03	2.4e+00	4.22610e+05	1.6e+04
4.6339e+03	2.4e+00	4.20812e+05	1.6e+04
4.6375e+03	2.4e+00	4.21785e+05	1.6e+04
4.6411e+03	2.4e+00	4.21447e+05	1.6e+04
4.6447e+03	2.4e+00	4.19663e+05	1.6e+04
4.6483e+03	2.4e+00	4.15938e+05	1.5e+04
4.6519e+03	2.4e+00	4.16492e+05	1.5e+04
4.6555e+03	2.4e+00	4.12210e+05	1.5e+04
4.6591e+03	2.4e+00	4.10243e+05	1.6e+04
4.6627e+03	2.4e+00	4.06909e+05	1.4e+04
4.6663e+03	2.4e+00	4.04859e+05	1.5e+04
4.6699e+03	2.4e+00	4.02410e+05	1.4e+04
4.6735e+03	2.4e+00	3.98512e+05	1.5e+04
4.6771e+03	2.4e+00	3.97980e+05	1.4e+04
4.6807e+03	2.4e+00	3.96827e+05	1.3e+04
4.6843e+03	2.4e+00	3.96004e+05	1.4e+04
4.6879e+03	2.4e+00	3.91007e+05	1.3e+04
4.6915e+03	2.4e+00	3.90048e+05	1.3e+04
4.6950e+03	2.4e+00	3.88478e+05	1.3e+04
4.6986e+03	2.4e+00	3.87213e+05	1.3e+04
4.7022e+03	2.4e+00	3.85305e+05	1.2e+04
4.7058e+03	2.4e+00	3.83004e+05	1.4e+04
4.7094e+03	2.4e+00	3.81972e+05	1.2e+04
4.7130e+03	2.4e+00	3.82023e+05	1.3e+04
4.7166e+03	2.4e+00	3.79034e+05	1.2e+04
4.7202e+03	2.4e+00	3.75835e+05	1.3e+04
4.7238e+03	2.4e+00	3.73473e+05	1.2e+04
4.7274e+03	2.4e+00	3.72307e+05	1.3e+04
4.7309e+03	2.4e+00	3.71792e+05	1.2e+04
4.7345e+03	2.4e+00	3.66599e+05	1.2e+04
4.7381e+03	2.4e+00	3.65254e+05	1.2e+04
4.7417e+03	2.4e+00	3.64493e+05	1.2e+04
4.7453e+03	2.4e+00	3.59737e+05	1.1e+04
4.7489e+03	2.4e+00	3.59308e+05	1.1e+04
4.7525e+03	2.4e+00	3.57482e+05	1.1e+04
4.7560e+03	2.4e+00	3.54734e+05	1.1e+04
4.7596e+03	2.4e+00	3.50240e+05	1.2e+04
4.7632e+03	2.4e+00	3.46277e+05	1.1e+04
4.7668e+03	2.4e+00	3.43729e+05	1.2e+04
4.7704e+03	2.4e+00	3.40909e+05	1.1e+04
4.7740e+03	2.4e+00	3.38360e+05	1.1e+04
4.7775e+03	2.4e+00	3.37652e+05	1.2e+04
4.7811e+03	2.4e+00	3.37151e+05	1.1e+04
4.7847e+03	2.4e+00	3.34616e+05	1.0e+04
4.7883e+03	2.4e+00	3.31972e+05	1.1e+04
4.7919e+03	2.4e+00	3.29672e+05	1.1e+04
4.7954e+03	2.4e+00	3.30043e+05	1.1e+04
4.7990e+03	2.4e+00	3.27407e+05	9.9e+03
4.8026e+03	2.4e+00	3.24385e+05	1.1e+04
4.8062e+03	2.4e+00	3.24865e+05	1.1e+04
4.8098e+03	2.4e+00	3.17985e+05	9.7e+03
4.8133e+03	2.4e+00	3.18336e+05	1.0e+04
4.8169e+03	2.4e+00	3.13778e+05	1.0e+04
4.8205e+03	2.4e+00	3.11928e+05	9.4e+03
4.8241e+03	2.4e+00	3.05893e+05	8.3e+03
4.8276e+03	2.4e+00	3.04548e+05	9.2e+03
4.8312e+03	2.4e+00	2.98833e+05	9.1e+03
4.8348e+03	2.4e+00	2.93272e+05	9.1e+03
4.8384e+03	2.4e+00	2.83539e+05	7.5e+03
4.8419e+03	2.4e+00	2.70359e+05	8.3e+03
4.8455e+03	2.4e+00	2.54869e+05	7.6e+03
4.8491e+03	2.4e+00	2.37342e+05	7.9e+03
4.8527e+03	2.4e+00	2.10618e+05	5.7e+03
4.8562e+03	2.4e+00	1.78242e+05	4.9e+03
4.8598e+03	2.4e+00	1.47711e+05	3.9e+03
4.8634e+03	2.4e+00	1.41103e+05	3.9e+03
4.8669e+03	2.4e+00	1.57868e+05	4.7e+03
4.8705e+03	2.4e+00	1.89031e+05	5.4e+03
4.8741e+03	2.4e+00	2.15201e+05	5.9e+03
4.8777e+03	2.4e+00	2.37544e+05	6.6e+03
4.8812e+03	2.4e+00	2.53652e+05	7.3e+03
4.8848e+03	2.4e+00	2.62405e+05	7.5e+03
4.8884e+03	2.4e+00	2.70003e+05	7.5e+03
4.8919e+03	2.4e+00	2.74189e+05	7.7e+03
4.8955e+03	2.4e+00	2.79054e+05	7.9e+03
4.8991e+03	2.4e+00	2.80000e+05	7.4e+03
4.9026e+03	2.4e+00	2.81050e+05	7.0e+03
4.9062e+03	2.4e+00	2.83412e+05	8.2e+03
4.9098e+03	2.4e+00	2.82791e+05	7.2e+03
4.9133e+03	2.4e+00	2.79604e+05	7.2e+03
4.9169e+03	2.4e+00	2.81296e+05	7.7e+03
4.9205e+03	2.4e+00	2.81078e+05	7.4e+03
4.9240e+03	2.4e+00	2.79164e+05	7.2e+03
4.9276e+03	2.4e+00	2.77868e+05	7.6e+03
4.9312e+03	2.4e+00	2.77997e+05	7.3e+03
4.9347e+03	2.4e+00	2.79947e+05	8.6e+03
4.9383e+03	2.4e+00	2.79555e+05	7.8e+03
4.9418e+03	2.4e+00	2.79804e+05	6.5e+03
4.9454e+03	2.4e+00	2.78077e+05	6.9e+03
4.9490e+03	2.4e+00	2.76469e+05	6.7e+03
4.9525e+03	2.4e+00	2.77558e+05	6.1e+03
4.9561e+03	2.4e+00	2.76061e+05	6.8e+03
4.9596e+03	2.4e+00	2.74958e+05	8.0e+03
4.9632e+03	2.4e+00	2.71916e+05	8.1e+03
4.9668e+03	2.4e+00	2.72236e+05	7.3e+03
4.9703e+03	2.4e+00	2.72277e+05	6.7e+03
4.9739e+03	2.4e+00	2.71113e+05	7.5e+03
4.9774e+03	2.4e+00	2.68433e+05	6.7e+03
4.9810e+03	2.4e+00	2.66074e+05	6.5e+03
4.9845e+03	2.4e+00	2.64917e+05	6.1e+03
4.9881e+03	2.4e+00	2.62500e+05	6.7e+03
4.9917e+03	2.4e+00	2.62002e+05	6.0e+03
4.9952e+03	2.4e+00	2.62481e+05	6.5e+03
4.9988e+03	2.4e+00	2.59181e+05	6.5e+03
5.0023e+03	2.4e+00	2.56653e+05	7.2e+03
5.0059e+03	2.4e+00	2.55129e+05	6.4e+03
5.0094e+03	2.4e+00	2.55016e+05	6.4e+03
5.0130e+03	2.4e+00	2.51626e+05	6.8e+03
5.0165e+03	2.4e+00	2.49284e+05	6.2e+03
5.0201e+03	2.4e+00	2.46176e+05	6.1e+03
5.0236e+03	2.4e+00	2.46094e+05	6.7e+03
5.0272e+03	2.4e+00	2.44753e+05	5.9e+03
5.0307e+03	2.4e+00	2.46577e+05	6.1e+03
5.0343e+03	2.4e+00	2.43114e+05	5.5e+03
5.0378e+03	2.4e+00	2.43373e+05	6.0e+03
5.0414e+03	2.4e+00	2.42045e+05	6.5e+03
5.0449e+03	2.4e+00	2.39691e+05	5.8e+03
5.0485e+03	2.4e+00	2.39611e+05	5.9e+03
5.0520e+03	2.4e+00	2.38865e+05	5.8e+03
5.0556e+03	2.4e+00	2.38044e+05	5.9e+03
5.0591e+03	2.4e+00	2.35653e+05	5.6e+03
5.0627e+03	2.4e+00	2.36545e+05	5.5e+03
5.0662e+03	2.4e+00	2.35008e+05	5.4e+03
5.0698e+03	2.4e+00	2.33974e+05	5.4e+03
5.0733e+03	2.4e+00	2.32358e+05	5.8e+03
5.0769e+03	2.4e+00	2.31996e+05	5.0e+03
5.0804e+03	2.4e+00	2.33488e+05	5.1e+03
5.0840e+03	2.4e+00	2.31806e+05	5.1e+03
5.0875e+03	2.4e+00	2.30491e+05	5.4e+03
5.0910e+03	2.4e+00	2.29924e+05	5.8e+03
5.0946e+03	2.4e+00	2.26960e+05	4.9e+03
5.0981e+03	2.4e+00	2.27245e+05	5.4e+03
5.1017e+03	2.4e+00	2.26594e+05	5.4e+03
5.1052e+03	2.4e+00	2.23675e+05	4.8e+03
5.1088e+03	2.4e+00	2.25666e+05	5.7e+03
5.1123e+03	2.4e+00	2.22741e+05	4.6e+03
5.1158e+03	2.4e+00	2.21363e+05	4.6e+03
5.1194e+03	2.4e+00	2.22978e+05	4.4e+03
5.1229e+03	2.4e+00	2.19526e+05	5.1e+03
5.1265e+03	2.4e+00	2.20001e+05	4.5e+03
5.1300e+03	2.4e+00	2.19186e+05	4.7e+03
5.1335e+03	2.4e+00	2.17450e+05	4.7e+03
5.1371e+03	2.4e+00	2.15135e+05	5.0e+03
5.1406e+03	2.4e+00	2.13733e+05	4.9e+03
5.1441e+03	2.4e+00	2.14678e+05	4.6e+03
5.1477e+03	2.4e+00	2.11075e+05	4.1e+03
5.1512e+03	2.4e+00	2.10856e+05	4.6e+03
5.1548e+03	2.4e+00	2.10227e+05	4.7e+03
5.1583e+03	2.4e+00	2.07977e+05	4.7e+03
5.1618e+03	2.4e+00	2.06744e+05	4.8e+03
5.1654e+03	2.4e+00	2.04654e+05	4.0e+03
5.1689e+03	2.4e+00	2.03645e+05	5.1e+03
5.1724e+03	2.4e+00	2.01142e+05	3.8e+03
5.1760e+03	2.4e+00	1.99850e+05	5.0e+03
5.1795e+03	2.4e+00	2.01734e+05	4.4e+03
5.1830e+03	2.4e+00	1.99824e+05	5.0e+03
5.1866e+03	2.4e+00	1.98734e+05	4.7e+03
5.1901e+03	2.4e+00	1.99122e+05	4.9e+03
5.1936e+03	2.4e+00	2.00387e+05	4.1e+03
5.1971e+03	2.4e+00	1.96360e+05	4.1e+03
5.2007e+03	2.4e+00	1.95437e+05	4.4e+03
5.2042e+03	2.4e+00	1.95490e+05	4.1e+03
5.2077e+03	2.4e+00	1.95711e+05	5.0e+03
5.2113e+03	2.4e+00	1.94896e+05	4.0e+03
5.2148e+03	2.4e+00	1.92812e+05	4.0e+03
5.2183e+03	2.4e+00	1.94516e+05	4.6e+03
5.2219e+03	2.4e+00	1.92519e+05	4.4e+03
5.2254e+03	2.4e+00	1.91130e+05	4.6e+03
5.2289e+03	2.4e+00	1.88764e+05	4.5e+03
5.2324e+03	2.4e+00	1.88094e+05	3.8e+03
5.2360e+03	2.4e+00	1.85571e+05	3.7e+03
5.2395e+03	2.4e+00	1.84824e+05	3.9e+03
5.2430e+03	2.4e+00	1.84552e+05	4.4e+03
5.2465e+03	2.4e+00	1.85864e+05	4.1e+03
5.2501e+03	2.4e+00	1.84717e+05	3.5e+03
5.2536e+03	2.4e+00	1.82044e+05	3.9e+03
5.2571e+03	2.4e+00	1.81464e+05	3.9e+03
5.2606e+03	2.4e+00	1.80520e+05	4.2e+03
5.2641e+03	2.4e+00	1.78462e+05	3.7e+03
5.2677e+03	2.4e+00	1.77876e+05	3.3e+03
5.2712e+03	2.4e+00	1.76474e+05	3.7e+03
5.2747e+03	2.4e+00	1.76420e+05	3.6e+03
5.2782e+03	2.4e+00	1.74715e+05	3.7e+03
5.2817e+03	2.4e+00	1.73435e+05	3.6e+03
5.2853e+03	2.4e+00	1.74473e+05	3.4e+03
5.2888e+03	2.4e+00	1.71784e+05	3.5e+03
5.2923e+03	2.4e+00	1.71726e+05	3.7e+03
5.2958e+03	2.4e+00	1.72151e+05	3.3e+03
5.2993e+03	2.4e+00	1.70711e+05	4.0e+03
5.3029e+03	2.4e+00	1.69698e+05	3.6e+03
5.3064e+03	2.4e+00	1.68213e+05	3.6e+03
5.3099e+03	2.4e+00	1.67977e+05	3.4e+03
5.3134e+03	2.4e+00	1.67644e+05	3.6e+03
5.3169e+03	2.4e+00	1.64865e+05	3.1e+03
5.3204e+03	2.4e+00	1.66113e+05	3.7e+03
5.3240e+03	2.4e+00	1.64296e+05	3.6e+03
5.3275e+03	2.4e+00	1.63425e+05	3.8e+03
5.3310e+03	2.4e+00	1.62930e+05	3.5e+03
5.3345e+03	2.4e+00	1.62431e+05	3.1e+03
5.3380e+03	2.4e+00	1.61341e+05	3.0e+03
5.3415e+03	2.4e+00	1.62127e+05	3.4e+03
5.3450e+03	2.4e+00	1.61499e+05	3.3e+03
5.3485e+03	2.4e+00	1.61551e+05	2.9e+03
5.3521e+03	2.4e+00	1.61993e+05	3.9e+03
5.3556e+03	2.4e+00	1.60653e+05	2.9e+03
5.3591e+03	2.4e+00	1.59665e+05	2.9e+03
5.3626e+03	2.4e+00	1.58432e+05	3.1e+03
5.3661e+03	2.4e+00	1.58717e+05	3.0e+03
5.3696e+03	2.4e+00	1.57823e+05	3.7e+03
5.3731e+03	2.4e+00	1.56829e+05	3.1e+03
5.3766e+03	2.4e+00	1.56847e+05	3.6e+03
5.3801e+03	2.4e+00	1.55944e+05	3.6e+03
5.3836e+03	2.4e+00	1.54721e+05	3.4e+03
5.3871e+03	2.4e+00	1.54111e+05	3.1e+03
5.3907e+03	2.4e+00	1.53373e+05	3.2e+03
5.3942e+03	2.4e+00	1.52592e+05	3.9e+03
5.3977e+03	2.4e+00	1.52070e+05	3.3e+03
5.4012e+03	2.4e+00	1.51113e+05	3.1e+03
5.4047e+03	2.4e+00	1.50532e+05	3.0e+03
5.4082e+03	2.4e+00	1.50598e+05	3.1e+03
5.4117e+03	2.4e+00	1.50226e+05	3.4e+03
5.4152e+03	2.4e+00	1.49085e+05	3.0e+03
5.4187e+03	2.4e+00	1.46585e+05	3.4e+03
5.4222e+03	2.4e+00	1.46269e+05	3.1e+03
5.4257e+03	2.4e+00	1.47064e+05	2.7e+03
5.4292e+03	2.4e+00	1.46182e+05	3.2e+03
5.4327e+03	2.4e+00	1.44483e+05	2.9e+03
5.4362e+03	2.4e+00	1.44221e+05	2.9e+03
5.4397e+03	2.4e+00	1.43994e+05	3.0e+03
5.4432e+03	2.4e+00	1.43425e+05	2.9e+03
5.4467e+03	2.4e+00	1.42339e+05	2.8e+03
5.4502e+03	2.4e+00	1.42504e+05	2.9e+03
5.4537e+03	2.4e+00	1.41795e+05	2.9e+03
5.4572e+03	2.4e+00	1.42100e+05	2.8e+03
5.4607e+03	2.4e+00	1.40896e+05	3.0e+03
5.4642e+03	2.4e+00	1.40694e+05	2.7e+03
5.4677e+03	2.4e+00	1.40936e+05	3.0e+03
5.4712e+03	2.4e+00	1.39830e+05	3.1e+03
5.4747e+03	2.4e+00	1.38941e+05	2.5e+03
5.4782e+03	2.4e+00	1.37835e+05	2.8e+03
5.4817e+03	2.4e+00	1.39135e+05	2.8e+03
5.4852e+03	2.4e+00	1.38051e+05	2.8e+03
5.4887e+03	2.4e+00	1.37437e+05	2.5e+03
5.4922e+03	2.4e+00	1.37005e+05	2.8e+03
5.4956e+03	2.4e+00	1.36196e+05	2.6e+03
5.4991e+03	2.4e+00	1.34556e+05	2.5e+03
5.5026e+03	2.4e+00	1.34642e+05	2.6e+03
5.5061e+03	2.4e+00	1.34524e+05	2.8e+03
5.5096e+03	2.4e+00	1.34516e+05	3.0e+03
5.5131e+03	2.4e+00	1.33063e+05	2.7e+03
5.5166e+03	2.4e+00	1.33069e+05	2.4e+03
5.5201e+03	2.4e+00	1.32938e+05	2.5e+03
5.5236e+03	2.4e+00	1.32477e+05	2.6e+03
5.5271e+03	2.4e+00	1.31765e+05	2.8e+03
5.5306e+03	2.4e+00	1.31432e+05	2.6e+03
5.5340e+03	2.4e+00	1.31056e+05	2.7e+03
5.5375e+03	2.4e+00	1.29177e+05	2.7e+03
5.5410e+03	2.4e+00	1.29612e+05	2.4e+03
5.5445e+03	2.4e+00	1.27201e+05	2.4e+03
5.5480e+03	2.4e+00	1.28670e+05	2.8e+03
5.5515e+03	2.4e+00	1.27097e+05	2.6e+03
5.5550e+03	2.4e+00	1.27091e+05	2.5e+03
5.5585e+03	2.4e+00	1.26805e+05	2.2e+03
5.5619e+03	2.4e+00	1.26319e+05	2.5e+03
5.5654e+03	2.4e+00	1.25070e+05	2.2e+03
5.5689e+03	2.4e+00	1.25476e+05	2.4e+03
5.5724e+03	2.4e+00	1.24482e+05	2.2e+03
5.5759e+03	2.4e+00	1.24326e+05	2.5e+03
5.5794e+03	2.4e+00	1.24223e+05	2.5e+03
5.5828e+03	2.4e+00	1.22992e+05	2.5e+03
5.5863e+03	2.4e+00	1.22616e+05	2.2e+03
5.5898e+03	2.4e+00	1.22067e+05	2.1e+03
5.5933e+03	2.4e+00	1.21486e+05	2.3e+03
5.5968e+03	2.4e+00	1.20453e+05	2.8e+03
5.6002e+03	2.4e+00	1.20479e+05	2.6e+03
5.6037e+03	2.4e+00	1.19908e+05	2.2e+03
5.6072e+03	2.4e+00	1.19436e+05	2.7e+03
5.6107e+03	2.4e+00	1.19973e+05	2.5e+03
5.6142e+03	2.4e+00	1.18359e+05	2.2e+03
5.6176e+03	2.4e+00	1.18824e+05	2.2e+03
5.6211e+03	2.4e+00	1.17828e+05	2.8e+03
5.6246e+03	2.4e+00	1.18562e+05	2.3e+03
5.6281e+03	2.4e+00	1.17817e+05	2.3e+03
5.6315e+03	2.4e+00	1.16726e+05	2.5e+03
5.6350e+03	2.4e+00	1.15563e+05	2.2e+03
5.6385e+03	2.4e+00	1.15276e+05	2.7e+03
5.6420e+03	2.4e+00	1.15611e+05	2.3e+03
5.6454e+03	2.4e+00	1.15655e+05	2.5e+03
5.6489e+03	2.4e+00	1.14118e+05	2.1e+03
5.6524e+03	2.4e+00	1.14114e+05	2.2e+03
5.6559e+03	2.4e+00	1.13745e+05	2.4e+03
5.6593e+03	2.4e+00	1.14466e+05	2.3e+03
5.6628e+03	2.4e+00	1.13509e+05	2.2e+03
5.6663e+03	2.4e+00	1.12445e+05	2.3e+03
5.6698e+03	2.4e+00	1.13129e+05	2.0e+03
5.6732e+03	2.4e+00	1.11876e+05	2.2e+03
5.6767e+03	2.4e+00	1.11907e+05	2.2e+03
5.6802e+03	2.4e+00	1.10722e+05	2.4e+03
5.6836e+03	2.4e+00	1.11312e+05	2.4e+03
5.6871e+03	2.4e+00	1.09853e+05	2.2e+03
5.6906e+03	2.4e+00	1.08766e+05	2.3e+03
5.6940e+03	2.4e+00	1.08868e+05	2.1e+03
5.6975e+03	2.4e+00	1.08521e+05	2.3e+03
5.7010e+03	2.4e+00	1.08611e+05	2.1e+03
5.7045e+03	2.4e+00	1.07355e+05	2.1e+03
5.7079e+03	2.4e+00	1.07428e+05	2.2e+03
5.7114e+03	2.4e+00	1.07424e+05	2.1e+03
5.7149e+03	2.4e+00	1.05927e+05	2.2e+03
5.7183e+03	2.4e+00	1.04776e+05	2.0e+03
5.7218e+03	2.4e+00	1.05442e+05	2.3e+03
5.7252e+03	2.4e+00	1.05558e+05	1.9e+03
5.7287e+03	2.4e+00	1.04370e+05	2.3e+03
5.7322e+03	2.4e+00	1.03993e+05	1.7e+03
5.7356e+03	2.4e+00	1.03818e+05	2.2e+03
5.7391e+03	2.4e+00	1.03189e+05	1.8e+03
5.7426e+03	2.4e+00	1.02690e+05	2.2e+03
5.7460e+03	2.4e+00	1.02386e+05	2.0e+03
5.7495e+03	2.4e+00	1.02817e+05	2.1e+03
5.7529e+03	2.4e+00	1.02324e+05	2.1e+03
5.7564e+03	2.4e+00	1.01344e+05	1.8e+03
5.7599e+03	2.4e+00	1.02080e+05	2.3e+03
5.7633e+03	2.4e+00	1.01208e+05	1.9e+03
5.7668e+03	2.4e+00	1.00739e+05	2.0e+03
5.7702e+03	2.4e+00	1.00446e+05	2.0e+03
5.7737e+03	2.4e+00	1.00569e+05	2.3e+03
5.7772e+03	2.4e+00	1.00484e+05	2.0e+03
5.7806e+03	2.4e+00	1.01688e+05	2.1e+03
5.7841e+03	2.4e+00	1.00056e+05	2.2e+03
5.7875e+03	2.4e+00	9.93893e+04	2.2e+03
5.7910e+03	2.4e+00	9.95201e+04	2.2e+03
5.7944e+03	2.4e+00	9.86214e+04	2.0e+03
5.7979e+03	2.4e+00	9.89023e+04	2.3e+03
5.8014e+03	2.4e+00	9.84303e+04	2.1e+03
5.8048e+03	2.4e+00	9.85377e+04	1.7e+03
5.8083e+03	2.4e+00	9.95397e+04	1.9e+03
5.8117e+03	2.4e+00	9.96494e+04	2.4e+03
5.8152e+03	2.4e+00	9.85315e+04	2.2e+03
5.8186e+03	2.4e+00	9.88041e+04	2.3e+03
5.8221e+03	2.4e+00	9.89581e+04	2.0e+03
5.8255e+03	2.4e+00	9.81060e+04	2.1e+03
5.8290e+03	2.4e+00	9.72538e+04	2.0e+03
5.8324e+03	2.4e+00	9.75722e+04	2.0e+03
5.8359e+03	2.4e+00	9.69344e+04	2.0e+03
5.8393e+03	2.4e+00	9.75188e+04	2.0e+03
5.8428e+03	2.4e+00	9.72418e+04	2.1e+03
5.8462e+03	2.4e+00	9.64830e+04	2.2e+03
5.8497e+03	2.4e+00	9.58769e+04	2.5e+03
5.8531e+03	2.4e+00	9.61214e+04	2.1e+03
5.8566e+03	2.4e+00	9.62773e+04	2.1e+03
5.8600e+03	2.4e+00	9.64369e+04	2.2e+03
5.8635e+03	2.4e+00	9.59250e+04	1.8e+03
5.8669e+03	2.4e+00	9.60294e+04	2.3e+03
5.8704e+03	2.4e+00	9.58690e+04	2.3e+03
5.8738e+03	2.4e+00	9.51230e+04	2.5e+03
5.8773e+03	2.4e+00	9.47195e+04	2.3e+03
5.8807e+03	2.4e+00	9.39581e+04	2.2e+03
5.8841e+03	2.4e+00	9.30043e+04	1.8e+03
5.8876e+03	2.4e+00	9.12409e+04	1.8e+03
5.8910e+03	2.4e+00	9.10459e+04	1.8e+03
5.8945e+03	2.4e+00	9.04597e+04	1.8e+03
5.8979e+03	2.4e+00	9.17873e+04	2.0e+03
5.9014e+03	2.4e+00	9.12904e+04	2.1e+03
5.9048e+03	2.4e+00	9.16677e+04	2.4e+03
5.9082e+03	2.4e+00	9.06716e+04	2.2e+03
5.9117e+03	2.4e+00	9.06393e+04	2.1e+03
5.9151e+03	2.4e+00	9.08304e+04	2.1e+03
5.9186e+03	2.4e+00	9.04571e+04	2.2e+03
5.9220e+03	2.4e+00	9.01812e+04	2.0e+03
5.9254e+03	2.4e+00	8.99079e+04	2.0e+03
5.9289e+03	2.4e+00	8.98842e+04	2.0e+03
5.9323e+03	2.4e+00	9.03219e+04	1.9e+03
5.9358e+03	2.4e+00	9.05813e+04	1.9e+03
5.9392e+03	2.4e+00	8.95089e+04	1.8e+03
5.9426e+03	2.4e+00	8.90378e+04	1.9e+03
5.9461e+03	2.4e+00	8.85178e+04	2.3e+03
5.9495e+03	2.4e+00	8.74521e+04	2.0e+03
5.9529e+03	2.4e+00	8.87994e+04	2.0e+03
5.9564e+03	2.4e+00	8.73799e+04	1.9e+03
5.9598e+03	2.4e+00	8.77838e+04	2.1e+03
5.9633e+03	2.4e+00	8.69546e+04	1.8e+03
5.9667e+03	2.4e+00	8.70683e+04	2.1e+03
5.9701e+03	2.4e+00	8.65400e+04	2.1e+03
5.9736e+03	2.4e+00	8.71954e+04	2.2e+03
5.9770e+03	2.4e+00	8.70711e+04	2.5e+03
5.9804e+03	2.4e+00	8.64908e+04	2.1e+03
5.9838e+03	2.4e+00	8.67632e+04	2.0e+03
5.9873e+03	2.4e+00	8.57767e+04	2.2e+03
5.9907e+03	2.4e+00	8.53398e+04	2.2e+03
5.9941e+03	2.4e+00	8.57335e+04	2.1e+03
5.9976e+03	2.4e+00	8.51810e+04	2.2e+03
6.0010e+03	2.4e+00	8.56476e+04	2.2e+03
6.0044e+03	2.4e+00	8.49909e+04	2.3e+03
6.0079e+03	2.4e+00	8.44414e+04	2.3e+03
6.0113e+03	2.4e+00	8.41151e+04	2.0e+03
6.0147e+03	2.4e+00	8.43942e+04	2.0e+03
6.0181e+03	2.4e+00	8.34935e+04	2.1e+03
6.0216e+03	2.4e+00	8.39756e+04	2.0e+03
6.0250e+03	2.4e+00	8.40596e+04	2.3e+03
6.0284e+03	2.4e+00	8.42543e+04	2.3e+03
6.0318e+03	2.4e+00	8.30053e+04	2.3e+03
6.0353e+03	2.4e+00	8.29618e+04	2.1e+03
6.0387e+03	2.4e+00	8.24635e+04	2.1e+03
6.0421e+03	2.4e+00	8.17290e+04	2.1e+03
6.0455e+03	2.4e+00	8.17249e+04	2.0e+03
6.0490e+03	2.4e+00	8.16722e+04	2.4e+03
6.0524e+03	2.4e+00	8.17288e+04	1.9e+03
6.0558e+03	2.4e+00	8.17868e+04	2.1e+03
6.0592e+03	2.4e+00	8.21100e+04	2.0e+03
6.0627e+03	2.4e+00	8.17664e+04	2.2e+03
6.0661e+03	2.4e+00	8.18510e+04	2.1e+03
6.0695e+03	2.4e+00	8.09805e+04	2.1e+03
6.0729e+03	2.4e+00	8.12318e+04	2.1e+03
6.0763e+03	2.4e+00	8.05652e+04	2.0e+03
6.0798e+03	2.4e+00	8.03284e+04	1.9e+03
6.0832e+03	2.4e+00	8.02841e+04	1.8e+03
6.0866e+03	2.4e+00	8.00981e+04	2.1e+03
6.0900e+03	2.4e+00	8.07681e+04	1.8e+03
6.0934e+03	2.4e+00	7.96817e+04	1.8e+03
6.0969e+03	2.4e+00	7.93798e+04	1.9e+03
6.1003e+03	2.4e+00	7.96231e+04	2.0e+03
6.1037e+03	2.4e+00	7.86381e+04	2.1e+03
6.1071e+03	2.4e+00	7.89656e+04	2.0e+03
6.1105e+03	2.4e+00	7.89075e+04	2.3e+03
6.1139e+03	2.4e+00	7.93465e+04	2.2e+03
6.1174e+03	2.4e+00	7.86101e+04	1.9e+03
6.1208e+03	2.4e+00	7.91790e+04	2.1e+03
6.1242e+03	2.4e+00	7.82271e+04	1.9e+03
6.1276e+03	2.4e+00	7.78555e+04	1.9e+03
6.1310e+03	2.4e+00	7.77509e+04	2.0e+03
6.1344e+03	2.4e+00	7.77200e+04	2.0e+03
6.1378e+03	2.4e+00	7.72672e+04	2.1e+03
6.1412e+03	2.4e+00	7.73862e+04	1.9e+03
6.1447e+03	2.4e+00	7.72954e+04	2.1e+03
6.1481e+03	2.4e+00	7.74895e+04	2.3e+03
6.1515e+03	2.4e+00	7.65730e+04	2.1e+03
6.1549e+03	2.4e+00	7.58477e+04	2.5e+03
6.1583e+03	2.4e+00	7.55143e+04	2.0e+03
6.1617e+03	2.4e+00	7.61972e+04	2.1e+03
6.1651e+03	2.4e+00	7.64078e+04	2.1e+03
6.1685e+03	2.4e+00	7.66790e+04	2.2e+03
6.1719e+03	2.4e+00	7.62771e+04	2.3e+03
6.1753e+03	2.4e+00	7.50451e+04	2.3e+03
6.1787e+03	2.4e+00	7.54670e+04	2.1e+03
6.1822e+03	2.4e+00	7.44719e+04	2.0e+03
6.1856e+03	2.4e+00	7.51275e+04	2.4e+03
6.1890e+03	2.4e+00	7.53973e+04	2.2e+03
6.1924e+03	2.4e+00	7.49370e+04	2.4e+03
6.1958e+03	2.4e+00	7.47527e+04	2.1e+03
6.1992e+03	2.4e+00	7.38837e+04	2.2e+03
6.2026e+03	2.4e+00	7.45704e+04	2.2e+03
6.2060e+03	2.4e+00	7.42702e+04	2.2e+03
6.2094e+03	2.4e+00	7.35483e+04	2.2e+03
6.2128e+03	2.4e+00	7.39349e+04	2.3e+03
6.2162e+03	2.4e+00	7.41057e+04	2.1e+03
6.2196e+03	2.4e+00	7.37427e+04	2.3e+03
6.2230e+03	2.4e+00	7.33539e+04	2.2e+03
6.2264e+03	2.4e+00	7.31887e+04	2.3e+03
6.2298e+03	2.4e+00	7.19939e+04	2.6e+03
6.2332e+03	2.4e+00	7.22675e+04	2.4e+03
6.2366e+03	2.4e+00	7.18415e+04	2.0e+03
6.2400e+03	2.4e+00	7.23579e+04	2.1e+03
6.2434e+03	2.4e+00	7.12177e+04	2.3e+03
6.2468e+03	2.4e+00	7.13718e+04	2.0e+03
6.2502e+03	2.4e+00	7.08069e+04	2.0e+03
6.2536e+03	2.4e+00	7.12185e+04	2.2e+03
6.2570e+03	2.4e+00	7.14497e+04	2.1e+03
6.2604e+03	2.4e+00	7.16763e+04	2.2e+03
6.2638e+03	2.4e+00	6.99727e+04	2.0e+03
6.2672e+03	2.4e+00	7.05448e+04	2.1e+03
6.2706e+03	2.4e+00	7.03504e+04	2.3e+03
6.2740e+03	2.4e+00	6.74826e+04	2.1e+03
6.2774e+03	2.4e+00	6.60523e+04	1.8e+03
6.2808e+03	2.4e+00	6.55899e+04	1.9e+03
6.2841e+03	2.4e+00	6.71109e+04	2.1e+03
6.2875e+03	2.4e+00	6.70709e+04	2.0e+03
6.2909e+03	2.4e+00	6.80177e+04	1.9e+03
6.2943e+03	2.4e+00	6.73606e+04	1.9e+03
6.2977e+03	2.4e+00	6.72088e+04	2.2e+03
6.3011e+03	2.4e+00	6.76795e+04	2.1e+03
6.3045e+03	2.4e+00	6.71334e+04	2.3e+03
6.3079e+03	2.4e+00	6.82997e+04	2.2e+03
6.3113e+03	2.4e+00	6.76280e+04	2.0e+03
6.3147e+03	2.4e+00	6.72753e+04	2.2e+03
6.3181e+03	2.4e+00	6.76657e+04	2.2e+03
6.3214e+03	2.4e+00	6.76629e+04	2.3e+03
6.3248e+03	2.4e+00	6.75142e+04	1.9e+03
6.3282e+03	2.4e+00	6.76882e+04	2.1e+03
6.3316e+03	2.4e+00	6.82545e+04	2.5e+03
6.3350e+03	2.4e+00	6.79087e+04	2.5e+03
6.3384e+03	2.4e+00	6.71782e+04	2.4e+03
6.3418e+03	2.4e+00	6.69269e+04	2.3e+03
6.3452e+03	2.4e+00	6.69221e+04	2.4e+03
6.3485e+03	2.4e+00	6.68797e+04	2.4e+03
6.3519e+03	2.4e+00	6.78455e+04	2.4e+03
6.3553e+03	2.4e+00	6.75140e+04	2.4e+03
6.3587e+03	2.4e+00	6.75468e+04	2.4e+03
6.3621e+03	2.4e+00	6.73226e+04	2.3e+03
6.3655e+03	2.4e+00	6.63725e+04	2.2e+03
6.3688e+03	2.4e+00	6.65817e+04	2.3e+03
6.3722e+03	2.4e+00	6.67234e+04	2.2e+03
6.3756e+03	2.4e+00	6.57099e+04	2.2e+03
6.3790e+03	2.4e+00	6.72765e+04	2.3e+03
6.3824e+03	2.4e+00	6.64616e+04	2.2e+03
6.3857e+03	2.4e+00	6.70565e+04	2.4e+03
6.3891e+03	2.4e+00	6.59448e+04	2.2e+03
6.3925e+03	2.4e+00	6.54706e+04	2.3e+03
6.3959e+03	2.4e+00	6.55450e+04	2.4e+03
6.3993e+03	2.4e+00	6.51647e+04	2.3e+03
6.4026e+03	2.4e+00	6.54457e+04	2.4e+03
6.4060e+03	2.4e+00	6.58163e+04	2.2e+03
6.4094e+03	2.4e+00	6.56772e+04	2.4e+03
6.4128e+03	2.4e+00	6.46178e+04	2.4e+03
6.4162e+03	2.4e+00	6.47926e+04	2.4e+03
6.4195e+03	2.4e+00	6.50411e+04	2.4e+03
6.4229e+03	2.4e+00	6.51224e+04	2.5e+03
6.4263e+03	2.4e+00	6.47357e+04	2.3e+03
6.4297e+03	2.4e+00	6.47309e+04	2.3e+03
6.4330e+03	2.4e+00	6.39518e+04	2.3e+03
6.4364e+03	2.4e+00	6.42461e+04	2.2e+03
6.4398e+03	2.4e+00	6.38672e+04	2.2e+03
6.4432e+03	2.4e+00	6.35949e+04	2.2e+03
6.4465e+03	2.4e+00	6.42268e+04	2.3e+03
6.4499e+03	2.4e+00	6.26968e+04	2.1e+03
6.4533e+03	2.4e+00	6.31714e+04	2.4e+03
6.4566e+03	2.4e+00	6.26358e+04	2.4e+03
6.4600e+03	2.4e+00	6.34296e+04	2.5e+03
6.4634e+03	2.4e+00	6.28215e+04	2.2e+03
6.4667e+03	2.4e+00	6.22458e+04	2.2e+03
6.4701e+03	2.4e+00	6.17169e+04	2.2e+03
6.4735e+03	2.4e+00	6.19175e+04	2.0e+03
6.4769e+03	2.4e+00	6.13665e+04	2.2e+03
6.4802e+03	2.4e+00	6.11367e+04	2.2e+03
6.4836e+03	2.4e+00	6.09070e+04	2.3e+03
6.4870e+03	2.4e+00	6.14320e+04	2.0e+03
6.4903e+03	2.4e+00	6.15851e+04	2.4e+03
6.4937e+03	2.4e+00	6.08972e+04	2.4e+03
6.4971e+03	2.4e+00	6.12764e+04	2.4e+03
6.5004e+03	2.4e+00	6.15621e+04	2.4e+03
6.5038e+03	2.4e+00	6.12288e+04	2.6e+03
6.5072e+03	2.4e+00	6.11023e+04	2.3e+03
6.5105e+03	2.4e+00	5.97822e+04	2.3e+03
6.5139e+03	2.4e+00	5.91904e+04	2.1e+03
6.5172e+03	2.4e+00	5.87147e+04	2.3e+03
6.5206e+03	2.4e+00	5.83550e+04	2.3e+03
6.5240e+03	2.4e+00	5.84581e+04	2.3e+03
6.5273e+03	2.4e+00	5.81641e+04	2.2e+03
6.5307e+03	2.4e+00	5.70888e+04	2.0e+03
6.5341e+03	2.4e+00	5.61417e+04	2.1e+03
6.5374e+03	2.4e+00	5.50651e+04	2.0e+03
6.5408e+03	2.4e+00	5.34399e+04	2.2e+03
6.5441e+03	2.4e+00	5.09560e+04	2.2e+03
6.5475e+03	2.4e+00	4.86259e+04	2.0e+03
6.5509e+03	2.4e+00	4.54465e+04	1.9e+03
6.5542e+03	2.4e+00	4.14918e+04	1.6e+03
6.5576e+03	2.4e+00	3.57738e+04	1.5e+03
6.5609e+03	2.4e+00	3.39209e+04	1.2e+03
6.5643e+03	2.4e+00	3.57510e+04	1.5e+03
6.5676e+03	2.4e+00	4.08545e+04	1.7e+03
6.5710e+03	2.4e+00	4.52046e+04	1.9e+03
6.5744e+03	2.4e+00	4.83737e+04	2.0e+03
6.5777e+03	2.4e+00	5.07658e+04	2.4e+03
6.5811e+03	2.4e+00	5.21292e+04	2.3e+03
6.5844e+03	2.4e+00	5.33635e+04	2.3e+03
6.5878e+03	2.4e+00	5.35801e+04	2.4e+03
6.5911e+03	2.4e+00	5.48167e+04	2.3e+03
6.5945e+03	2.4e+00	5.52400e+04	2.3e+03
6.5978e+03	2.4e+00	5.52412e+04	2.2e+03
6.6012e+03	2.4e+00	5.61707e+04	2.4e+03
6.6045e+03	2.4e+00	5.57274e+04	2.3e+03
6.6079e+03	2.4e+00	5.60258e+04	2.3e+03
6.6112e+03	2.4e+00	5.68130e+04	2.2e+03
6.6146e+03	2.4e+00	5.58042e+04	2.3e+03
6.6179e+03	2.4e+00	5.64639e+04	2.4e+03
6.6213e+03	2.4e+00	5.63884e+04	2.3e+03
6.6246e+03	2.4e+00	5.67114e+04	2.5e+03
6.6280e+03	2.4e+00	5.64302e+04	2.3e+03
6.6313e+03	2.4e+00	5.67834e+04	2.6e+03
6.6347e+03	2.4e+00	5.64422e+04	2.5e+03
6.6380e+03	2.4e+00	5.61819e+04	2.4e+03
6.6414e+03	2.4e+00	5.68259e+04	2.3e+03
6.6447e+03	2.4e+00	5.62415e+04	2.5e+03
6.6481e+03	2.4e+00	5.63938e+04	2.7e+03
6.6514e+03	2.4e+00	5.61712e+04	2.4e+03
6.6548e+03	2.4e+00	5.62036e+04	2.2e+03
6.6581e+03	2.4e+00	5.57273e+04	2.2e+03
6.6615e+03	2.4e+00	5.58372e+04	2.3e+03
6.6648e+03	2.4e+00	5.62525e+04	2.1e+03
6.6681e+03	2.4e+00	5.57570e+04	2.4e+03
6.6715e+03	2.4e+00	5.66223e+04	2.5e+03
6.6748e+03	2.4e+00	5.56855e+04	2.4e+03
6.6782e+03	2.4e+00	5.60624e+04	2.5e+03
6.6815e+03	2.4e+00	5.55281e+04	2.8e+03
6.6849e+03	2.4e+00	5.53451e+04	2.6e+03
6.6882e+03	2.4e+00	5.55099e+04	2.6e+03
6.6915e+03	2.4e+00	5.49341e+04	2.7e+03
6.6949e+03	2.4e+00	5.51777e+04	2.7e+03
6.6982e+03	2.4e+00	5.41638e+04	2.2e+03
6.7016e+03	2.4e+00	5.47535e+04	2.5e+03
6.7049e+03	2.4e+00	5.39231e+04	2.8e+03
6.7082e+03	2.4e+00	5.40728e+04	2.6e+03
6.7116e+03	2.4e+00	5.44820e+04	2.7e+03
6.7149e+03	2.4e+00	5.39632e+04	2.5e+03
6.7183e+03	2.4e+00	5.45995e+04	2.5e+03
6.7216e+03	2.4e+00	5.45078e+04	2.5e+03
6.7249e+03	2.4e+00	5.29984e+04	2.4e+03
6.7283e+03	2.4e+00	5.30726e+04	2.5e+03
6.7316e+03	2.4e+00	5.38728e+04	2.5e+03
6.7349e+03	2.4e+00	5.31949e+04	2.6e+03
6.7383e+03	2.4e+00	5.34037e+04	2.4e+03
6.7416e+03	2.4e+00	5.22655e+04	2.5e+03
6.7449e+03	2.4e+00	5.24196e+04	2.6e+03
6.7483e+03	2.4e+00	5.28303e+04	2.6e+03
6.7516e+03	2.4e+00	5.27498e+04	2.7e+03
6.7549e+03	2.4e+00	5.25533e+04	2.6e+03
6.7583e+03	2.4e+00	5.23971e+04	2.5e+03
6.7616e+03	2.4e+00	5.21401e+04	2.3e+03
6.7649e+03	2.4e+00	5.18702e+04	2.3e+03
6.7683e+03	2.4e+00	5.17317e+04	2.4e+03
6.7716e+03	2.4e+00	5.19709e+04	2.5e+03
6.7749e+03	2.4e+00	5.21360e+04	2.5e+03
6.7782e+03	2.4e+00	5.15372e+04	2.6e+03
6.7816e+03	2.4e+00	5.15787e+04	2.4e+03
6.7849e+03	2.4e+00	5.12660e+04	2.4e+03
6.7882e+03	2.4e+00	5.08019e+04	2.4e+03
6.7916e+03	2.4e+00	5.10008e+04	2.6e+03
6.7949e+03	2.4e+00	5.07070e+04	2.3e+03
6.7982e+03	2.4e+00	5.08332e+04	2.3e+03
6.8015e+03	2.4e+00	5.05450e+04	2.5e+03
6.8049e+03	2.4e+00	5.12315e+04	2.6e+03
6.8082e+03	2.4e+00	5.03205e+04	2.6e+03
6.8115e+03	2.4e+00	5.07177e+04	2.3e+03
6.8148e+03	2.4e+00	5.00448e+04	2.4e+03
6.8182e+03	2.4e+00	5.03014e+04	2.6e+03
6.8215e+03	2.4e+00	4.98196e+04	2.4e+03
6.8248e+03	2.4e+00	4.99665e+04	2.3e+03
6.8281e+03	2.4e+00	5.00733e+04	2.3e+03
6.8315e+03	2.4e+00	4.93460e+04	2.3e+03
6.8348e+03	2.4e+00	4.94989e+04	2.4e+03
6.8381e+03	2.4e+00	4.95065e+04	2.5e+03
6.8414e+03	2.4e+00	4.91819e+04	2.4e+03
6.8447e+03	2.4e+00	4.91386e+04	2.6e+03
6.8481e+03	2.4e+00	4.86172e+04	2.3e+03
6.8514e+03	2.4e+00	4.87591e+04	2.4e+03
6.8547e+03	2.4e+00	4.85935e+04	2.4e+03
6.8580e+03	2.4e+00	4.79842e+04	2.6e+03
6.8613e+03	2.4e+00	4.47771e+04	1.8e+03
6.8647e+03	2.4e+00	3.85385e+04	1.8e+03
6.8680e+03	2.4e+00	3.27184e+04	1.6e+03
6.8713e+03	2.4e+00	3.13718e+04	1.7e+03
6.8746e+03	2.4e+00	3.46098e+04	1.9e+03
6.8779e+03	2.4e+00	3.86619e+04	2.3e+03
6.8812e+03	2.4e+00	4.11993e+04	2.3e+03
6.8846e+03	2.4e+00	4.06350e+04	2.1e+03
6.8879e+03	2.4e+00	3.86500e+04	2.2e+03
6.8912e+03	2.4e+00	3.85514e+04	2.1e+03
6.8945e+03	2.4e+00	3.86742e+04	2.2e+03
6.8978e+03	2.4e+00	4.02386e+04	2.1e+03
6.9011e+03	2.4e+00	4.03875e+04	2.2e+03
6.9044e+03	2.4e+00	4.14038e+04	2.1e+03
6.9078e+03	2.4e+00	4.20344e+04	2.2e+03
6.9111e+03	2.4e+00	4.26545e+04	2.3e+03
6.9144e+03	2.4e+00	4.32946e+04	2.2e+03
6.9177e+03	2.4e+00	4.37401e+04	2.2e+03
6.9210e+03	2.4e+00	4.40230e+04	2.4e+03
6.9243e+03	2.4e+00	4.38414e+04	2.4e+03
6.9276e+03	2.4e+00	4.42821e+04	2.4e+03
6.9309e+03	2.4e+00	4.37733e+04	2.3e+03
6.9342e+03	2.4e+00	4.36761e+04	2.5e+03
6.9375e+03	2.4e+00	4.37074e+04	2.2e+03
6.9409e+03	2.4e+00	4.37264e+04	2.3e+03
6.9442e+03	2.4e+00	4.31266e+04	2.3e+03
6.9475e+03	2.4e+00	4.34781e+04	2.3e+03
6.9508e+03	2.4e+00	4.33756e+04	2.2e+03
6.9541e+03	2.4e+00	4.34462e+04	2.2e+03
6.9574e+03	2.4e+00	4.28509e+04	2.1e+03
6.9607e+03	2.4e+00	4.32299e+04	2.4e+03
6.9640e+03	2.4e+00	4.38247e+04	2.3e+03
6.9673e+03	2.4e+00	4.39117e+04	2.6e+03
6.9706e+03	2.4e+00	4.34864e+04	2.3e+03
6.9739e+03	2.4e+00	4.37834e+04	2.4e+03
6.9772e+03	2.4e+00	4.30610e+04	2.4e+03
6.9805e+03	2.4e+00	4.33037e+04	2.4e+03
6.9838e+03	2.4e+00	4.24941e+04	2.3e+03
6.9871e+03	2.4e+00	4.20893e+04	2.4e+03
6.9904e+03	2.4e+00	4.21446e+04	2.4e+03
6.9937e+03	2.4e+00	4.21579e+04	2.1e+03
6.9970e+03	2.4e+00	4.14767e+04	2.1e+03
7.0003e+03	2.4e+00	4.15247e+04	2.1e+03
7.0036e+03	2.4e+00	4.16837e+04	2.4e+03
7.0069e+03	2.4e+00	4.16803e+04	2.3e+03
7.0102e+03	2.4e+00	4.12514e+04	2.1e+03
7.0135e+03	2.4e+00	4.09052e+04	2.3e+03
7.0168e+03	2.4e+00	4.13771e+04	2.5e+03
7.0201e+03	2.4e+00	4.11433e+04	2.2e+03
7.0234e+03	2.4e+00	4.14132e+04	2.4e+03
7.0267e+03	2.4e+00	4.11803e+04	2.3e+03
7.0300e+03	2.4e+00	4.08683e+04	2.2e+03
7.0333e+03	2.4e+00	4.07481e+04	2.4e+03
7.0366e+03	2.4e+00	4.09748e+04	2.2e+03
7.0399e+03	2.4e+00	4.10825e+04	2.2e+03
7.0432e+03	2.4e+00	4.09128e+04	2.1e+03
7.0465e+03	2.4e+00	4.07409e+04	2.4e+03
7.0498e+03	2.4e+00	4.04814e+04	2.3e+03
7.0531e+03	2.4e+00	4.04973e+04	2.4e+03
7.0564e+03	2.4e+00	4.08400e+04	2.2e+03
7.0597e+03	2.4e+00	4.00991e+04	2.5e+03
7.0629e+03	2.4e+00	4.01150e+04	2.6e+03
7.0662e+03	2.4e+00	3.99845e+04	2.3e+03
7.0695e+03	2.4e+00	3.99671e+04	2.4e+03
7.0728e+03	2.4e+00	3.93583e+04	2.3e+03
7.0761e+03	2.4e+00	3.95572e+04	2.1e+03
7.0794e+03	2.4e+00	3.93073e+04	1.9e+03
7.0827e+03	2.4e+00	3.90662e+04	2.1e+03
7.0860e+03	2.4e+00	3.87388e+04	2.1e+03
7.0893e+03	2.4e+00	3.89240e+04	2.2e+03
7.0926e+03	2.4e+00	3.84863e+04	2.1e+03
7.0958e+03	2.4e+00	3.86106e+04	2.3e+03
7.0991e+03	2.4e+00	3.82452e+04	2.2e+03
7.1024e+03	2.4e+00	3.80430e+04	2.2e+03
7.1057e+03	2.4e+00	3.76610e+04	2.1e+03
7.1090e+03	2.4e+00	3.78439e+04	1.9e+03
7.1123e+03	2.4e+00	3.80537e+04	2.3e+03
7.1156e+03	2.4e+00	3.73654e+04	2.1e+03
7.1188e+03	2.4e+00	3.77605e+04	2.2e+03
7.1221e+03	2.4e+00	3.73675e+04	2.0e+03
7.1254e+03	2.4e+00	3.79074e+04	2.3e+03
7.1287e+03	2.4e+00	3.73806e+04	1.9e+03
7.1320e+03	2.4e+00	3.77906e+04	2.1e+03
7.1353e+03	2.4e+00	3.72611e+04	2.1e+03
7.1385e+03	2.4e+00	3.60031e+04	1.9e+03
7.1418e+03	2.4e+00	3.63465e+04	2.1e+03
7.1451e+03	2.4e+00	3.55149e+04	1.9e+03
7.1484e+03	2.4e+00	3.57765e+04	1.9e+03
7.1517e+03	2.4e+00	3.52878e+04	1.9e+03
7.1549e+03	2.4e+00	3.49595e+04	1.8e+03
7.1582e+03	2.4e+00	3.51869e+04	2.0e+03
7.1615e+03	2.4e+00	3.49694e+04	1.8e+03
7.1648e+03	2.4e+00	3.34281e+04	1.6e+03
7.1681e+03	2.4e+00	3.24685e+04	1.8e+03
7.1713e+03	2.4e+00	3.21096e+04	1.8e+03
7.1746e+03	2.4e+00	3.09078e+04	1.8e+03
7.1779e+03	2.4e+00	3.04202e+04	1.7e+03
7.1812e+03	2.4e+00	2.99403e+04	1.7e+03
7.1844e+03	2.4e+00	2.93903e+04	1.6e+03
7.1877e+03	2.4e+00	2.96056e+04	1.5e+03
7.1910e+03	2.4e+00	2.97149e+04	1.6e+03
7.1943e+03	2.4e+00	2.98143e+04	1.7e+03
7.1975e+03	2.4e+00	2.96180e+04	1.5e+03
7.2008e+03	2.4e+00	2.97717e+04	1.5e+03
7.2041e+03	2.4e+00	2.96274e+04	1.8e+03
7.2074e+03	2.4e+00	3.06781e+04	1.6e+03
7.2106e+03	2.4e+00	3.19209e+04	1.7e+03
7.2139e+03	2.4e+00	3.17978e+04	1.7e+03
7.2172e+03	2.4e+00	3.28380e+04	2.0e+03
7.2204e+03	2.4e+00	3.22256e+04	1.7e+03
7.2237e+03	2.4e+00	3.16943e+04	1.8e+03
7.2270e+03	2.4e+00	3.17369e+04	1.8e+03
7.2303e+03	2.4e+00	3.05793e+04	1.8e+03
7.2335e+03	2.4e+00	2.92582e+04	1.7e+03
7.2368e+03	2.4e+00	2.88638e+04	1.7e+03
7.2401e+03	2.4e+00	2.92948e+04	1.7e+03
7.2433e+03	2.4e+00	2.93790e+04	1.7e+03
7.2466e+03	2.4e+00	2.93629e+04	1.7e+03
7.2499e+03	2.4e+00	2.88486e+04	1.8e+03
7.2531e+03	2.4e+00	2.89356e+04	1.6e+03
7.2564e+03	2.4e+00	2.93491e+04	1.7e+03
7.2597e+03	2.4e+00	2.91387e+04	1.6e+03
7.2629e+03	2.4e+00	2.93106e+04	1.7e+03
7.2662e+03	2.4e+00	2.89082e+04	1.5e+03
7.2695e+03	2.4e+00	2.88236e+04	1.7e+03
7.2727e+03	2.4e+00	2.87382e+04	1.4e+03
7.2760e+03	2.4e+00	2.79210e+04	1.5e+03
7.2792e+03	2.4e+00	2.83725e+04	1.5e+03
7.2825e+03	2.4e+00	2.90821e+04	1.6e+03
7.2858e+03	2.4e+00	2.87365e+04	1.4e+03
7.2890e+03	2.4e+00	2.82697e+04	1.5e+03
7.2923e+03	2.4e+00	2.81778e+04	1.4e+03
7.2956e+03	2.4e+00	2.82889e+04	1.4e+03
7.2988e+03	2.4e+00	2.84023e+04	1.6e+03
7.3021e+03	2.4e+00	2.72374e+04	1.4e+03
7.3053e+03	2.4e+00	2.72235e+04	1.4e+03
7.3086e+03	2.4e+00	2.80201e+04	1.5e+03
7.3119e+03	2.4e+00	2.74185e+04	1.4e+03
7.3151e+03	2.4e+00	2.80631e+04	1.5e+03
7.3184e+03	2.4e+00	2.78116e+04	1.4e+03
7.3216e+03	2.4e+00	2.84042e+04	1.5e+03
7.3249e+03	2.4e+00	2.85066e+04	1.5e+03
7.3281e+03	2.4e+00	2.87496e+04	1.5e+03
7.3314e+03	2.4e+00	2.77493e+04	1.4e+03
7.3346e+03	2.4e+00	2.77368e+04	1.3e+03
7.3379e+03	2.4e+00	2.80186e+04	1.3e+03
7.3412e+03	2.4e+00	2.85407e+04	1.3e+03
7.3444e+03	2.4e+00	2.83044e+04	1.6e+03
7.3477e+03	2.4e+00	2.78248e+04	1.6e+03
7.3509e+03	2.4e+00	2.79730e+04	1.4e+03
7.3542e+03	2.4e+00	2.78148e+04	1.2e+03
7.3574e+03	2.4e+00	2.78266e+04	1.4e+03
7.3607e+03	2.4e+00	2.74634e+04	1.4e+03
7.3639e+03	2.4e+00	2.72623e+04	1.5e+03
7.3672e+03	2.4e+00	2.72386e+04	1.4e+03
7.3704e+03	2.4e+00	2.72603e+04	1.3e+03
7.3737e+03	2.4e+00	2.70087e+04	1.3e+03
7.3769e+03	2.4e+00	2.74226e+04	1.3e+03
7.3802e+03	2.4e+00	2.67490e+04	1.4e+03
7.3834e+03	2.4e+00	2.63147e+04	1.2e+03
7.3867e+03	2.4e+00	2.66420e+04	1.3e+03
7.3899e+03	2.4e+00	2.68491e+04	1.3e+03
7.3932e+03	2.4e+00	2.68969e+04	1.3e+03
7.3964e+03	2.4e+00	2.62001e+04	1.2e+03
7.3997e+03	2.4e+00	2.62724e+04	1.2e+03
7.4029e+03	2.4e+00	2.60638e+04	1.2e+03
7.4062e+03	2.4e+00	2.59682e+04	1.5e+03
7.4094e+03	2.4e+00	2.62955e+04	1.3e+03
7.4127e+03	2.4e+00	2.68014e+04	1.7e+03
7.4159e+03	2.4e+00	2.63326e+04	1.5e+03
7.4191e+03	2.4e+00	2.59021e+04	1.5e+03
7.4224e+03	2.4e+00	2.60811e+04	1.6e+03
7.4256e+03	2.4e+00	2.57122e+04	1.5e+03
7.4289e+03	2.4e+00	2.60535e+04	1.3e+03
7.4321e+03	2.4e+00	2.53251e+04	1.3e+03
7.4354e+03	2.4e+00	2.57198e+04	1.4e+03
7.4386e+03	2.4e+00	2.51184e+04	1.3e+03
7.4418e+03	2.4e+00	2.54297e+04	1.3e+03
7.4451e+03	2.4e+00	2.53248e+04	1.3e+03
7.4483e+03	2.4e+00	2.49977e+04	1.2e+03
7.4516e+03	2.4e+00	2.53379e+04	1.3e+03
7.4548e+03	2.4e+00	2.52615e+04	1.3e+03
7.4580e+03	2.4e+00	2.50767e+04	1.3e+03
7.4613e+03	2.4e+00	2.48733e+04	1.2e+03
7.4645e+03	2.4e+00	2.43889e+04	1.2e+03
7.4678e+03	2.4e+00	2.49206e+04	1.2e+03
7.4710e+03	2.4e+00	2.40843e+04	1.2e+03
7.4742e+03	2.4e+00	2.46012e+04	1.3e+03
7.4775e+03	2.4e+00	2.43879e+04	1.3e+03
7.4807e+03	2.4e+00	2.39384e+04	1.3e+03
7.4839e+03	2.4e+00	2.40291e+04	1.3e+03
7.4872e+03	2.4e+00	2.37014e+04	1.3e+03
7.4904e+03	2.4e+00	2.38611e+04	1.2e+03
7.4936e+03	2.4e+00	2.38453e+04	1.3e+03
7.4969e+03	2.4e+00	2.36145e+04	1.2e+03
7.5001e+03	2.4e+00	2.34519e+04	1.3e+03
7.5033e+03	2.4e+00	2.31628e+04	1.2e+03
7.5066e+03	2.4e+00	2.33294e+04	1.2e+03
7.5098e+03	2.4e+00	2.29001e+04	1.2e+03
7.5130e+03	2.4e+00	2.29076e+04	1.2e+03
7.5163e+03	2.4e+00	2.31065e+04	1.3e+03
7.5195e+03	2.4e+00	2.32819e+04	1.2e+03
7.5227e+03	2.4e+00	2.30464e+04	1.3e+03
7.5260e+03	2.4e+00	2.27994e+04	1.3e+03
7.5292e+03	2.4e+00	2.27089e+04	1.3e+03
7.5324e+03	2.4e+00	2.23073e+04	1.3e+03
7.5356e+03	2.4e+00	2.20696e+04	1.3e+03
7.5389e+03	2.4e+00	2.23567e+04	1.3e+03
7.5421e+03	2.4e+00	2.23028e+04	1.2e+03
7.5453e+03	2.4e+00	2.18332e+04	1.4e+03
7.5486e+03	2.4e+00	2.18123e+04	1.3e+03
7.5518e+03	2.4e+00	2.17951e+04	1.3e+03
7.5550e+03	2.4e+00	2.17910e+04	1.2e+03
7.5582e+03	2.4e+00	2.15395e+04	1.3e+03
7.5615e+03	2.4e+00	2.19125e+04	1.4e+03
7.5647e+03	2.4e+00	2.18962e+04	1.3e+03
7.5679e+03	2.4e+00	2.12494e+04	1.3e+03
7.5711e+03	2.4e+00	2.14315e+04	1.3e+03
7.5744e+03	2.4e+00	2.18294e+04	1.3e+03
7.5776e+03	2.4e+00	2.12142e+04	1.3e+03
7.5808e+03	2.4e+00	2.09314e+04	1.3e+03
7.5840e+03	2.4e+00	2.10370e+04	1.3e+03
7.5872e+03	2.4e+00	2.03141e+04	1.2e+03
7.5905e+03	2.4e+00	1.92680e+04	1.3e+03
7.5937e+03	2.4e+00	1.67616e+04	1.1e+03
7.5969e+03	2.4e+00	1.26645e+04	9.1e+02
7.6001e+03	2.4e+00	8.03695e+03	6.7e+02
7.6033e+03	2.4e+00	4.99208e+03	4.0e+02
7.6066e+03	2.4e+00	3.37673e+03	2.6e+02
7.6098e+03	2.4e+00	3.18460e+03	2.4e+02
7.6130e+03	2.4e+00	4.12469e+03	3.1e+02
7.6162e+03	2.4e+00	6.25498e+03	3.8e+02
7.6194e+03	2.4e+00	9.27396e+03	4.8e+02
7.6227e+03	2.4e+00	1.02763e+04	6.8e+02
7.6259e+03	2.4e+00	9.28230e+03	7.3e+02
7.6291e+03	2.4e+00	8.05624e+03	6.4e+02
7.6323e+03	2.4e+00	7.25147e+03	5.3e+02
7.6355e+03	2.4e+00	7.33872e+03	5.1e+02
7.6387e+03	2.4e+00	7.80924e+03	5.2e+02
7.6419e+03	2.4e+00	8.25454e+03	5.5e+02
7.6452e+03	2.4e+00	9.17235e+03	6.5e+02
7.6484e+03	2.4e+00	9.90066e+03	6.4e+02
7.6516e+03	2.4e+00	1.07834e+04	7.3e+02
7.6548e+03	2.4e+00	1.18273e+04	8.2e+02
7.6580e+03	2.4e+00	1.23931e+04	8.0e+02
7.6612e+03	2.4e+00	1.32957e+04	8.5e+02
7.6644e+03	2.4e+00	1.46302e+04	9.4e+02
7.6676e+03	2.4e+00	1.48173e+04	1.0e+03
7.6709e+03	2.4e+00	1.56837e+04	1.1e+03
7.6741e+03	2.4e+00	1.60802e+04	1.2e+03
7.6773e+03	2.4e+00	1.64565e+04	1.1e+03
7.6805e+03	2.4e+00	1.65631e+04	1.2e+03
7.6837e+03	2.4e+00	1.68133e+04	1.2e+03
