# lambda [A]	Dlambda [A]	specval [counts]	Dspecval [counts]
3.5793e+03	2.4e+00	8.76642e+03	2.3e+02
3.5830e+03	2.4e+00	1.07413e+04	2.0e+02
3.5867e+03	2.4e+00	1.09374e+04	2.9e+01
3.5904e+03	2.4e+00	9.83542e+03	1.3e+02
3.5942e+03	2.4e+00	1.02262e+04	7.8e+01
3.5979e+03	2.4e+00	1.04133e+04	1.1e+02
3.6016e+03	2.4e+00	1.07062e+04	2.0e+02
3.6053e+03	2.4e+00	1.08788e+04	3.8e+02
3.6091e+03	2.4e+00	1.04045e+04	2.6e+02
3.6128e+03	2.4e+00	1.12451e+04	2.2e+01
3.6165e+03	2.4e+00	1.13052e+04	3.0e+02
3.6202e+03	2.4e+00	1.20493e+04	7.1e+02
3.6239e+03	2.4e+00	1.21159e+04	4.3e+02
3.6277e+03	2.4e+00	1.36412e+04	5.3e+02
3.6314e+03	2.4e+00	1.31765e+04	2.4e+02
3.6351e+03	2.4e+00	1.45183e+04	3.2e+02
3.6388e+03	2.4e+00	1.45718e+04	4.9e+02
3.6425e+03	2.4e+00	1.61499e+04	3.8e+02
3.6462e+03	2.4e+00	1.58307e+04	2.4e+02
3.6500e+03	2.4e+00	1.62898e+04	3.6e+02
3.6537e+03	2.4e+00	1.73568e+04	2.3e+02
3.6574e+03	2.4e+00	1.81676e+04	2.3e+02
3.6611e+03	2.4e+00	1.90794e+04	4.5e+02
3.6648e+03	2.4e+00	1.86584e+04	4.2e+02
3.6685e+03	2.4e+00	2.11590e+04	6.5e+02
3.6723e+03	2.4e+00	2.17426e+04	9.8e+02
3.6760e+03	2.4e+00	2.24594e+04	6.6e+02
3.6797e+03	2.4e+00	2.41816e+04	5.8e+02
3.6834e+03	2.4e+00	2.48909e+04	9.5e+02
3.6871e+03	2.4e+00	2.75775e+04	9.6e+02
3.6908e+03	2.4e+00	2.95362e+04	8.6e+02
3.6945e+03	2.4e+00	3.00087e+04	5.7e+02
3.6982e+03	2.4e+00	3.40277e+04	8.9e+02
3.7019e+03	2.4e+00	3.87430e+04	1.5e+03
3.7057e+03	2.4e+00	3.92914e+04	7.0e+02
3.7094e+03	2.4e+00	3.97576e+04	1.3e+03
3.7131e+03	2.4e+00	4.33465e+04	2.5e+03
3.7168e+03	2.4e+00	4.56866e+04	1.6e+03
3.7205e+03	2.4e+00	5.30384e+04	1.5e+03
3.7242e+03	2.4e+00	6.26351e+04	1.7e+03
3.7279e+03	2.4e+00	6.57442e+04	2.6e+03
3.7316e+03	2.4e+00	6.30188e+04	2.2e+03
3.7353e+03	2.4e+00	5.59553e+04	3.3e+03
3.7390e+03	2.4e+00	6.33938e+04	2.1e+03
3.7427e+03	2.4e+00	8.21754e+04	3.0e+03
3.7464e+03	2.4e+00	1.02631e+05	3.1e+03
3.7501e+03	2.4e+00	1.16801e+05	5.2e+03
3.7539e+03	2.4e+00	1.21923e+05	4.5e+03
3.7576e+03	2.4e+00	1.09804e+05	2.9e+03
3.7613e+03	2.4e+00	9.48608e+04	3.4e+03
3.7650e+03	2.4e+00	8.83590e+04	3.6e+03
3.7687e+03	2.4e+00	9.74194e+04	2.9e+03
3.7724e+03	2.4e+00	1.28056e+05	4.5e+03
3.7761e+03	2.4e+00	1.69187e+05	7.8e+03
3.7798e+03	2.4e+00	1.98382e+05	7.1e+03
3.7835e+03	2.4e+00	2.14447e+05	6.5e+03
3.7872e+03	2.4e+00	2.26503e+05	7.5e+03
3.7909e+03	2.4e+00	2.18154e+05	8.2e+03
3.7946e+03	2.4e+00	2.05932e+05	7.9e+03
3.7983e+03	2.4e+00	1.79211e+05	6.8e+03
3.8020e+03	2.4e+00	1.44884e+05	3.3e+03
3.8057e+03	2.4e+00	1.32297e+05	4.0e+03
3.8094e+03	2.4e+00	1.63535e+05	4.7e+03
3.8131e+03	2.4e+00	2.24473e+05	7.5e+03
3.8168e+03	2.4e+00	2.80198e+05	8.2e+03
3.8205e+03	2.4e+00	3.25249e+05	1.1e+04
3.8242e+03	2.4e+00	3.66943e+05	1.2e+04
3.8279e+03	2.4e+00	4.00739e+05	1.3e+04
3.8315e+03	2.4e+00	4.26561e+05	1.6e+04
3.8352e+03	2.4e+00	4.33121e+05	1.3e+04
3.8389e+03	2.4e+00	4.54168e+05	2.0e+04
3.8426e+03	2.4e+00	4.49841e+05	1.4e+04
3.8463e+03	2.4e+00	4.34103e+05	1.4e+04
3.8500e+03	2.4e+00	3.97123e+05	1.4e+04
3.8537e+03	2.4e+00	3.43608e+05	1.4e+04
3.8574e+03	2.4e+00	2.69723e+05	1.1e+04
3.8611e+03	2.4e+00	2.25242e+05	7.3e+03
3.8648e+03	2.4e+00	2.39437e+05	7.5e+03
3.8685e+03	2.4e+00	3.11512e+05	1.1e+04
3.8722e+03	2.4e+00	4.04884e+05	1.3e+04
3.8759e+03	2.4e+00	4.87622e+05	1.9e+04
3.8795e+03	2.4e+00	5.49999e+05	1.8e+04
3.8832e+03	2.4e+00	6.01996e+05	2.0e+04
3.8869e+03	2.4e+00	6.40580e+05	2.4e+04
3.8906e+03	2.4e+00	6.61316e+05	2.1e+04
3.8943e+03	2.4e+00	7.01049e+05	3.0e+04
3.8980e+03	2.4e+00	7.12186e+05	2.8e+04
3.9017e+03	2.4e+00	7.16739e+05	2.7e+04
3.9054e+03	2.4e+00	7.07312e+05	2.7e+04
3.9090e+03	2.4e+00	6.86240e+05	2.0e+04
3.9127e+03	2.4e+00	7.13249e+05	2.5e+04
3.9164e+03	2.4e+00	7.27984e+05	3.2e+04
3.9201e+03	2.4e+00	7.26792e+05	2.6e+04
3.9238e+03	2.4e+00	7.21788e+05	2.7e+04
3.9275e+03	2.4e+00	7.08618e+05	2.6e+04
3.9312e+03	2.4e+00	6.51391e+05	2.7e+04
3.9348e+03	2.4e+00	5.93788e+05	2.6e+04
3.9385e+03	2.4e+00	4.99085e+05	2.7e+04
3.9422e+03	2.4e+00	3.98726e+05	1.5e+04
3.9459e+03	2.4e+00	3.05963e+05	1.2e+04
3.9496e+03	2.4e+00	3.11447e+05	1.3e+04
3.9532e+03	2.4e+00	3.83075e+05	1.3e+04
3.9569e+03	2.4e+00	5.01123e+05	2.0e+04
3.9606e+03	2.4e+00	6.01078e+05	2.5e+04
3.9643e+03	2.4e+00	6.81256e+05	2.3e+04
3.9680e+03	2.4e+00	7.30059e+05	3.3e+04
3.9716e+03	2.4e+00	7.65506e+05	3.3e+04
3.9753e+03	2.4e+00	8.01148e+05	3.1e+04
3.9790e+03	2.4e+00	8.09566e+05	3.9e+04
3.9827e+03	2.4e+00	8.08909e+05	3.3e+04
3.9864e+03	2.4e+00	8.22178e+05	3.3e+04
3.9900e+03	2.4e+00	8.26180e+05	3.6e+04
3.9937e+03	2.4e+00	8.38864e+05	3.9e+04
3.9974e+03	2.4e+00	8.37802e+05	3.6e+04
4.0011e+03	2.4e+00	8.36221e+05	3.4e+04
4.0047e+03	2.4e+00	8.23008e+05	3.2e+04
4.0084e+03	2.4e+00	8.24322e+05	3.3e+04
4.0121e+03	2.4e+00	8.16532e+05	3.4e+04
4.0158e+03	2.4e+00	8.15107e+05	2.9e+04
4.0194e+03	2.4e+00	8.11624e+05	3.1e+04
4.0231e+03	2.4e+00	8.01846e+05	3.3e+04
4.0268e+03	2.4e+00	7.92262e+05	3.3e+04
4.0304e+03	2.4e+00	7.92422e+05	3.5e+04
4.0341e+03	2.4e+00	7.84383e+05	3.2e+04
4.0378e+03	2.4e+00	7.85424e+05	3.6e+04
4.0415e+03	2.4e+00	7.62372e+05	3.2e+04
4.0451e+03	2.4e+00	7.59492e+05	3.2e+04
4.0488e+03	2.4e+00	7.50385e+05	3.1e+04
4.0525e+03	2.4e+00	7.35755e+05	3.2e+04
4.0561e+03	2.4e+00	7.14125e+05	2.8e+04
4.0598e+03	2.4e+00	7.04783e+05	3.2e+04
4.0635e+03	2.4e+00	6.71050e+05	2.7e+04
4.0671e+03	2.4e+00	6.32795e+05	2.7e+04
4.0708e+03	2.4e+00	5.80943e+05	2.5e+04
4.0745e+03	2.4e+00	5.03045e+05	2.1e+04
4.0781e+03	2.4e+00	4.08664e+05	1.9e+04
4.0818e+03	2.4e+00	3.17332e+05	1.5e+04
4.0855e+03	2.4e+00	2.81000e+05	1.1e+04
4.0891e+03	2.4e+00	2.99170e+05	1.1e+04
4.0928e+03	2.4e+00	3.90834e+05	1.4e+04
4.0965e+03	2.4e+00	4.79459e+05	1.8e+04
4.1001e+03	2.4e+00	5.47848e+05	2.3e+04
4.1038e+03	2.4e+00	5.93667e+05	2.2e+04
4.1075e+03	2.4e+00	6.26472e+05	2.1e+04
4.1111e+03	2.4e+00	6.35467e+05	2.2e+04
4.1148e+03	2.4e+00	6.60789e+05	2.5e+04
4.1184e+03	2.4e+00	6.73649e+05	2.6e+04
4.1221e+03	2.4e+00	6.81402e+05	2.5e+04
4.1258e+03	2.4e+00	6.74861e+05	2.4e+04
4.1294e+03	2.4e+00	6.85612e+05	2.3e+04
4.1331e+03	2.4e+00	6.85923e+05	2.3e+04
4.1367e+03	2.4e+00	6.82172e+05	2.8e+04
4.1404e+03	2.4e+00	6.93586e+05	2.8e+04
4.1441e+03	2.4e+00	6.89991e+05	2.6e+04
4.1477e+03	2.4e+00	6.86409e+05	2.4e+04
4.1514e+03	2.4e+00	6.93680e+05	2.8e+04
4.1550e+03	2.4e+00	6.97828e+05	2.5e+04
4.1587e+03	2.4e+00	6.88960e+05	2.9e+04
4.1623e+03	2.4e+00	6.88132e+05	2.9e+04
4.1660e+03	2.4e+00	6.80156e+05	2.7e+04
4.1697e+03	2.4e+00	6.83428e+05	2.9e+04
4.1733e+03	2.4e+00	6.86109e+05	2.6e+04
4.1770e+03	2.4e+00	6.84910e+05	2.5e+04
4.1806e+03	2.4e+00	6.80564e+05	2.8e+04
4.1843e+03	2.4e+00	6.90290e+05	2.9e+04
4.1879e+03	2.4e+00	6.81923e+05	2.4e+04
4.1916e+03	2.4e+00	6.80901e+05	2.5e+04
4.1952e+03	2.4e+00	6.84023e+05	2.2e+04
4.1989e+03	2.4e+00	6.82385e+05	2.2e+04
4.2025e+03	2.4e+00	6.72713e+05	2.2e+04
4.2062e+03	2.4e+00	6.74555e+05	2.4e+04
4.2098e+03	2.4e+00	6.68467e+05	2.1e+04
4.2135e+03	2.4e+00	6.63828e+05	2.6e+04
4.2171e+03	2.4e+00	6.65624e+05	2.5e+04
4.2208e+03	2.4e+00	6.57744e+05	2.5e+04
4.2244e+03	2.4e+00	6.57573e+05	2.4e+04
4.2281e+03	2.4e+00	6.55923e+05	2.2e+04
4.2317e+03	2.4e+00	6.52117e+05	2.3e+04
4.2354e+03	2.4e+00	6.50898e+05	1.9e+04
4.2390e+03	2.4e+00	6.55584e+05	2.0e+04
4.2427e+03	2.4e+00	6.55137e+05	2.3e+04
4.2463e+03	2.4e+00	6.44641e+05	2.1e+04
4.2500e+03	2.4e+00	6.46134e+05	2.2e+04
4.2536e+03	2.4e+00	6.46444e+05	2.1e+04
4.2572e+03	2.4e+00	6.43234e+05	2.4e+04
4.2609e+03	2.4e+00	6.31851e+05	2.2e+04
4.2645e+03	2.4e+00	6.32710e+05	2.1e+04
4.2682e+03	2.4e+00	6.38558e+05	2.1e+04
4.2718e+03	2.4e+00	6.35531e+05	2.0e+04
4.2755e+03	2.4e+00	6.28848e+05	2.0e+04
4.2791e+03	2.4e+00	6.23115e+05	1.8e+04
4.2827e+03	2.4e+00	6.16189e+05	2.3e+04
4.2864e+03	2.4e+00	6.03255e+05	1.9e+04
4.2900e+03	2.4e+00	5.99623e+05	2.0e+04
4.2937e+03	2.4e+00	6.00318e+05	2.0e+04
4.2973e+03	2.4e+00	5.89284e+05	1.9e+04
4.3010e+03	2.4e+00	5.76877e+05	1.8e+04
4.3046e+03	2.4e+00	5.65547e+05	1.8e+04
4.3082e+03	2.4e+00	5.48000e+05	1.5e+04
4.3119e+03	2.4e+00	5.37497e+05	1.8e+04
4.3155e+03	2.4e+00	5.03427e+05	1.6e+04
4.3191e+03	2.4e+00	4.51851e+05	1.3e+04
4.3228e+03	2.4e+00	3.98860e+05	1.3e+04
4.3264e+03	2.4e+00	3.27986e+05	1.1e+04
4.3301e+03	2.4e+00	2.59016e+05	8.9e+03
4.3337e+03	2.4e+00	2.43704e+05	6.9e+03
4.3373e+03	2.4e+00	2.80063e+05	6.4e+03
4.3410e+03	2.4e+00	3.53940e+05	8.7e+03
4.3446e+03	2.4e+00	4.19681e+05	1.3e+04
4.3482e+03	2.4e+00	4.66365e+05	1.2e+04
4.3519e+03	2.4e+00	5.01557e+05	1.5e+04
4.3555e+03	2.4e+00	5.25192e+05	1.4e+04
4.3591e+03	2.4e+00	5.38625e+05	1.5e+04
4.3628e+03	2.4e+00	5.46845e+05	1.8e+04
4.3664e+03	2.4e+00	5.52096e+05	1.8e+04
4.3700e+03	2.4e+00	5.60654e+05	1.6e+04
4.3737e+03	2.4e+00	5.57949e+05	1.7e+04
4.3773e+03	2.4e+00	5.57232e+05	1.9e+04
4.3809e+03	2.4e+00	5.54051e+05	1.6e+04
4.3845e+03	2.4e+00	5.57981e+05	1.5e+04
4.3882e+03	2.4e+00	5.55732e+05	1.4e+04
4.3918e+03	2.4e+00	5.55351e+05	1.5e+04
4.3954e+03	2.4e+00	5.50341e+05	1.4e+04
4.3991e+03	2.4e+00	5.57411e+05	1.7e+04
4.4027e+03	2.4e+00	5.54438e+05	1.5e+04
4.4063e+03	2.4e+00	5.45144e+05	1.3e+04
4.4099e+03	2.4e+00	5.42514e+05	1.4e+04
4.4136e+03	2.4e+00	5.41164e+05	1.4e+04
4.4172e+03	2.4e+00	5.39557e+05	1.5e+04
4.4208e+03	2.4e+00	5.44175e+05	1.7e+04
4.4244e+03	2.4e+00	5.36694e+05	1.3e+04
4.4281e+03	2.4e+00	5.37490e+05	1.4e+04
4.4317e+03	2.4e+00	5.33604e+05	1.4e+04
4.4353e+03	2.4e+00	5.26805e+05	1.4e+04
4.4389e+03	2.4e+00	5.24006e+05	1.4e+04
4.4426e+03	2.4e+00	5.25811e+05	1.3e+04
4.4462e+03	2.4e+00	5.21449e+05	1.2e+04
4.4498e+03	2.4e+00	5.15197e+05	1.3e+04
4.4534e+03	2.4e+00	5.21663e+05	1.3e+04
4.4570e+03	2.4e+00	5.11404e+05	1.3e+04
4.4607e+03	2.4e+00	5.11154e+05	1.4e+04
4.4643e+03	2.4e+00	4.99656e+05	1.3e+04
4.4679e+03	2.4e+00	5.02026e+05	1.3e+04
4.4715e+03	2.4e+00	4.94148e+05	1.4e+04
4.4751e+03	2.4e+00	4.90193e+05	1.4e+04
4.4788e+03	2.4e+00	4.87306e+05	1.1e+04
4.4824e+03	2.4e+00	4.86052e+05	1.0e+04
4.4860e+03	2.4e+00	4.90832e+05	1.2e+04
4.4896e+03	2.4e+00	4.85045e+05	1.2e+04
4.4932e+03	2.4e+00	4.87420e+05	1.2e+04
4.4968e+03	2.4e+00	4.85529e+05	1.2e+04
4.5005e+03	2.4e+00	4.82513e+05	1.3e+04
4.5041e+03	2.4e+00	4.81479e+05	1.1e+04
4.5077e+03	2.4e+00	4.79185e+05	1.2e+04
4.5113e+03	2.4e+00	4.76773e+05	1.0e+04
4.5149e+03	2.4e+00	4.72316e+05	1.2e+04
4.5185e+03	2.4e+00	4.69132e+05	1.1e+04
4.5221e+03	2.4e+00	4.65268e+05	8.8e+03
4.5258e+03	2.4e+00	4.63979e+05	9.5e+03
4.5294e+03	2.4e+00	4.59304e+05	8.8e+03
4.5330e+03	2.4e+00	4.62393e+05	9.6e+03
4.5366e+03	2.4e+00	4.59618e+05	1.1e+04
4.5402e+03	2.4e+00	4.55663e+05	1.1e+04
4.5438e+03	2.4e+00	4.52083e+05	1.2e+04
4.5474e+03	2.4e+00	4.46920e+05	9.4e+03
4.5510e+03	2.4e+00	4.46130e+05	8.2e+03
4.5546e+03	2.4e+00	4.44408e+05	8.4e+03
4.5582e+03	2.4e+00	4.44000e+05	1.0e+04
4.5619e+03	2.4e+00	4.40933e+05	9.8e+03
4.5655e+03	2.4e+00	4.40334e+05	1.0e+04
4.5691e+03	2.4e+00	4.39667e+05	7.6e+03
4.5727e+03	2.4e+00	4.36413e+05	8.3e+03
4.5763e+03	2.4e+00	4.30337e+05	8.8e+03
4.5799e+03	2.4e+00	4.27527e+05	9.0e+03
4.5835e+03	2.4e+00	4.21021e+05	7.0e+03
4.5871e+03	2.4e+00	4.24067e+05	8.6e+03
4.5907e+03	2.4e+00	4.24006e+05	8.2e+03
4.5943e+03	2.4e+00	4.18822e+05	8.1e+03
4.5979e+03	2.4e+00	4.19704e+05	8.1e+03
4.6015e+03	2.4e+00	4.20067e+05	1.2e+04
4.6051e+03	2.4e+00	4.14875e+05	9.4e+03
4.6087e+03	2.4e+00	4.16483e+05	9.7e+03
4.6123e+03	2.4e+00	4.08987e+05	7.5e+03
4.6159e+03	2.4e+00	4.06271e+05	9.3e+03
4.6195e+03	2.4e+00	4.05351e+05	8.8e+03
4.6231e+03	2.4e+00	4.02437e+05	8.0e+03
4.6267e+03	2.4e+00	4.01819e+05	8.5e+03
4.6303e+03	2.4e+00	3.96876e+05	7.4e+03
4.6339e+03	2.4e+00	3.97858e+05	8.1e+03
4.6375e+03	2.4e+00	3.95293e+05	7.6e+03
4.6411e+03	2.4e+00	3.93973e+05	8.0e+03
4.6447e+03	2.4e+00	3.94518e+05	6.3e+03
4.6483e+03	2.4e+00	3.89930e+05	6.4e+03
4.6519e+03	2.4e+00	3.89320e+05	7.4e+03
4.6555e+03	2.4e+00	3.87613e+05	8.2e+03
4.6591e+03	2.4e+00	3.84692e+05	7.1e+03
4.6627e+03	2.4e+00	3.83556e+05	7.0e+03
4.6663e+03	2.4e+00	3.78768e+05	6.7e+03
4.6699e+03	2.4e+00	3.76914e+05	7.1e+03
4.6735e+03	2.4e+00	3.76053e+05	7.8e+03
4.6771e+03	2.4e+00	3.73761e+05	7.0e+03
4.6807e+03	2.4e+00	3.70263e+05	6.9e+03
4.6843e+03	2.4e+00	3.72348e+05	6.5e+03
4.6879e+03	2.4e+00	3.65820e+05	6.8e+03
4.6915e+03	2.4e+00	3.64799e+05	6.1e+03
4.6950e+03	2.4e+00	3.61940e+05	5.9e+03
4.6986e+03	2.4e+00	3.64198e+05	6.9e+03
4.7022e+03	2.4e+00	3.61923e+05	6.1e+03
4.7058e+03	2.4e+00	3.58229e+05	6.0e+03
4.7094e+03	2.4e+00	3.53317e+05	6.4e+03
4.7130e+03	2.4e+00	3.57284e+05	6.1e+03
4.7166e+03	2.4e+00	3.53086e+05	4.8e+03
4.7202e+03	2.4e+00	3.52614e+05	6.8e+03
4.7238e+03	2.4e+00	3.50753e+05	5.6e+03
4.7274e+03	2.4e+00	3.48912e+05	6.4e+03
4.7309e+03	2.4e+00	3.45098e+05	5.2e+03
4.7345e+03	2.4e+00	3.43530e+05	6.2e+03
4.7381e+03	2.4e+00	3.41272e+05	5.4e+03
4.7417e+03	2.4e+00	3.37138e+05	4.9e+03
4.7453e+03	2.4e+00	3.37934e+05	5.6e+03
4.7489e+03	2.4e+00	3.37993e+05	5.3e+03
4.7525e+03	2.4e+00	3.34319e+05	5.9e+03
4.7560e+03	2.4e+00	3.28477e+05	5.8e+03
4.7596e+03	2.4e+00	3.26500e+05	6.1e+03
4.7632e+03	2.4e+00	3.24970e+05	5.6e+03
4.7668e+03	2.4e+00	3.20300e+05	5.4e+03
4.7704e+03	2.4e+00	3.20914e+05	5.9e+03
4.7740e+03	2.4e+00	3.18042e+05	6.0e+03
4.7775e+03	2.4e+00	3.17448e+05	5.7e+03
4.7811e+03	2.4e+00	3.15479e+05	5.7e+03
4.7847e+03	2.4e+00	3.13760e+05	5.1e+03
4.7883e+03	2.4e+00	3.11039e+05	5.4e+03
4.7919e+03	2.4e+00	3.11145e+05	4.9e+03
4.7954e+03	2.4e+00	3.09077e+05	4.8e+03
4.7990e+03	2.4e+00	3.05420e+05	4.1e+03
4.8026e+03	2.4e+00	3.02229e+05	4.8e+03
4.8062e+03	2.4e+00	3.03915e+05	4.7e+03
4.8098e+03	2.4e+00	2.99406e+05	5.1e+03
4.8133e+03	2.4e+00	2.97724e+05	4.8e+03
4.8169e+03	2.4e+00	2.94378e+05	4.5e+03
4.8205e+03	2.4e+00	2.89737e+05	4.9e+03
4.8241e+03	2.4e+00	2.87325e+05	4.4e+03
4.8276e+03	2.4e+00	2.85284e+05	5.0e+03
4.8312e+03	2.4e+00	2.78627e+05	4.2e+03
4.8348e+03	2.4e+00	2.73773e+05	4.6e+03
4.8384e+03	2.4e+00	2.62843e+05	4.0e+03
4.8419e+03	2.4e+00	2.52958e+05	3.5e+03
4.8455e+03	2.4e+00	2.37284e+05	4.0e+03
4.8491e+03	2.4e+00	2.19655e+05	3.7e+03
4.8527e+03	2.4e+00	1.95749e+05	3.6e+03
4.8562e+03	2.4e+00	1.66372e+05	3.1e+03
4.8598e+03	2.4e+00	1.39143e+05	2.3e+03
4.8634e+03	2.4e+00	1.30880e+05	1.8e+03
4.8669e+03	2.4e+00	1.43695e+05	1.9e+03
4.8705e+03	2.4e+00	1.73638e+05	2.3e+03
4.8741e+03	2.4e+00	1.98887e+05	2.7e+03
4.8777e+03	2.4e+00	2.19025e+05	2.7e+03
4.8812e+03	2.4e+00	2.34951e+05	4.1e+03
4.8848e+03	2.4e+00	2.44868e+05	4.3e+03
4.8884e+03	2.4e+00	2.50425e+05	3.7e+03
4.8919e+03	2.4e+00	2.53709e+05	3.7e+03
4.8955e+03	2.4e+00	2.58930e+05	4.6e+03
4.8991e+03	2.4e+00	2.58903e+05	4.2e+03
4.9026e+03	2.4e+00	2.60169e+05	4.4e+03
4.9062e+03	2.4e+00	2.62316e+05	4.2e+03
4.9098e+03	2.4e+00	2.62659e+05	4.3e+03
4.9133e+03	2.4e+00	2.61790e+05	4.0e+03
4.9169e+03	2.4e+00	2.60454e+05	4.4e+03
4.9205e+03	2.4e+00	2.57661e+05	3.8e+03
4.9240e+03	2.4e+00	2.57477e+05	4.1e+03
4.9276e+03	2.4e+00	2.57107e+05	3.8e+03
4.9312e+03	2.4e+00	2.58183e+05	3.4e+03
4.9347e+03	2.4e+00	2.60717e+05	4.0e+03
4.9383e+03	2.4e+00	2.59493e+05	4.0e+03
4.9418e+03	2.4e+00	2.56363e+05	3.4e+03
4.9454e+03	2.4e+00	2.56148e+05	4.1e+03
4.9490e+03	2.4e+00	2.55982e+05	4.5e+03
4.9525e+03	2.4e+00	2.56330e+05	4.1e+03
4.9561e+03	2.4e+00	2.55327e+05	3.7e+03
4.9596e+03	2.4e+00	2.56397e+05	4.7e+03
4.9632e+03	2.4e+00	2.50132e+05	3.2e+03
4.9668e+03	2.4e+00	2.52140e+05	4.2e+03
4.9703e+03	2.4e+00	2.51185e+05	4.0e+03
4.9739e+03	2.4e+00	2.50292e+05	4.0e+03
4.9774e+03	2.4e+00	2.49591e+05	3.2e+03
4.9810e+03	2.4e+00	2.47510e+05	3.2e+03
4.9845e+03	2.4e+00	2.47655e+05	3.7e+03
4.9881e+03	2.4e+00	2.45628e+05	4.1e+03
4.9917e+03	2.4e+00	2.43245e+05	4.1e+03
4.9952e+03	2.4e+00	2.43119e+05	3.7e+03
4.9988e+03	2.4e+00	2.39459e+05	3.7e+03
5.0023e+03	2.4e+00	2.39751e+05	3.5e+03
5.0059e+03	2.4e+00	2.36615e+05	3.0e+03
5.0094e+03	2.4e+00	2.34539e+05	3.9e+03
5.0130e+03	2.4e+00	2.33973e+05	3.2e+03
5.0165e+03	2.4e+00	2.31524e+05	3.4e+03
5.0201e+03	2.4e+00	2.29451e+05	3.2e+03
5.0236e+03	2.4e+00	2.28176e+05	2.9e+03
5.0272e+03	2.4e+00	2.29193e+05	3.1e+03
5.0307e+03	2.4e+00	2.28064e+05	3.6e+03
5.0343e+03	2.4e+00	2.27098e+05	3.3e+03
5.0378e+03	2.4e+00	2.26124e+05	3.1e+03
5.0414e+03	2.4e+00	2.25067e+05	3.1e+03
5.0449e+03	2.4e+00	2.24536e+05	3.0e+03
5.0485e+03	2.4e+00	2.22805e+05	3.3e+03
5.0520e+03	2.4e+00	2.22983e+05	3.0e+03
5.0556e+03	2.4e+00	2.20759e+05	3.4e+03
5.0591e+03	2.4e+00	2.19149e+05	3.6e+03
5.0627e+03	2.4e+00	2.18692e+05	3.1e+03
5.0662e+03	2.4e+00	2.18308e+05	2.9e+03
5.0698e+03	2.4e+00	2.18204e+05	3.1e+03
5.0733e+03	2.4e+00	2.16346e+05	3.7e+03
5.0769e+03	2.4e+00	2.16477e+05	3.2e+03
5.0804e+03	2.4e+00	2.14932e+05	3.3e+03
5.0840e+03	2.4e+00	2.12814e+05	3.0e+03
5.0875e+03	2.4e+00	2.14950e+05	3.2e+03
5.0910e+03	2.4e+00	2.12720e+05	3.2e+03
5.0946e+03	2.4e+00	2.11263e+05	3.1e+03
5.0981e+03	2.4e+00	2.11172e+05	3.3e+03
5.1017e+03	2.4e+00	2.08795e+05	3.3e+03
5.1052e+03	2.4e+00	2.07305e+05	3.3e+03
5.1088e+03	2.4e+00	2.08598e+05	3.3e+03
5.1123e+03	2.4e+00	2.05076e+05	3.3e+03
5.1158e+03	2.4e+00	2.06303e+05	3.1e+03
5.1194e+03	2.4e+00	2.05505e+05	3.0e+03
5.1229e+03	2.4e+00	2.02611e+05	3.3e+03
5.1265e+03	2.4e+00	2.01677e+05	3.3e+03
5.1300e+03	2.4e+00	2.01377e+05	3.6e+03
5.1335e+03	2.4e+00	2.00230e+05	3.4e+03
5.1371e+03	2.4e+00	1.98563e+05	3.1e+03
5.1406e+03	2.4e+00	1.97545e+05	2.7e+03
5.1441e+03	2.4e+00	1.95518e+05	3.1e+03
5.1477e+03	2.4e+00	1.94735e+05	2.5e+03
5.1512e+03	2.4e+00	1.93988e+05	2.8e+03
5.1548e+03	2.4e+00	1.92553e+05	3.5e+03
5.1583e+03	2.4e+00	1.92457e+05	3.2e+03
5.1618e+03	2.4e+00	1.91430e+05	3.0e+03
5.1654e+03	2.4e+00	1.89533e+05	3.0e+03
5.1689e+03	2.4e+00	1.86955e+05	2.8e+03
5.1724e+03	2.4e+00	1.84122e+05	2.4e+03
5.1760e+03	2.4e+00	1.84189e+05	3.0e+03
5.1795e+03	2.4e+00	1.85619e+05	2.4e+03
5.1830e+03	2.4e+00	1.86183e+05	3.0e+03
5.1866e+03	2.4e+00	1.83829e+05	2.7e+03
5.1901e+03	2.4e+00	1.83165e+05	3.0e+03
5.1936e+03	2.4e+00	1.84200e+05	2.7e+03
5.1971e+03	2.4e+00	1.82752e+05	2.7e+03
5.2007e+03	2.4e+00	1.81837e+05	2.5e+03
5.2042e+03	2.4e+00	1.81621e+05	2.8e+03
5.2077e+03	2.4e+00	1.81679e+05	2.5e+03
5.2113e+03	2.4e+00	1.80128e+05	2.7e+03
5.2148e+03	2.4e+00	1.77396e+05	2.8e+03
5.2183e+03	2.4e+00	1.77161e+05	2.3e+03
5.2219e+03	2.4e+00	1.78380e+05	2.1e+03
5.2254e+03	2.4e+00	1.77073e+05	2.3e+03
5.2289e+03	2.4e+00	1.74257e+05	2.2e+03
5.2324e+03	2.4e+00	1.72816e+05	2.5e+03
5.2360e+03	2.4e+00	1.71896e+05	2.4e+03
5.2395e+03	2.4e+00	1.71294e+05	2.4e+03
5.2430e+03	2.4e+00	1.71399e+05	1.9e+03
5.2465e+03	2.4e+00	1.71502e+05	2.4e+03
5.2501e+03	2.4e+00	1.69774e+05	2.2e+03
5.2536e+03	2.4e+00	1.66956e+05	2.2e+03
5.2571e+03	2.4e+00	1.68224e+05	2.4e+03
5.2606e+03	2.4e+00	1.67818e+05	2.2e+03
5.2641e+03	2.4e+00	1.65325e+05	2.1e+03
5.2677e+03	2.4e+00	1.63245e+05	2.4e+03
5.2712e+03	2.4e+00	1.63195e+05	2.3e+03
5.2747e+03	2.4e+00	1.62078e+05	2.2e+03
5.2782e+03	2.4e+00	1.61486e+05	2.2e+03
5.2817e+03	2.4e+00	1.59802e+05	2.0e+03
5.2853e+03	2.4e+00	1.59149e+05	2.4e+03
5.2888e+03	2.4e+00	1.59192e+05	2.4e+03
5.2923e+03	2.4e+00	1.59367e+05	2.5e+03
5.2958e+03	2.4e+00	1.57607e+05	2.7e+03
5.2993e+03	2.4e+00	1.57981e+05	2.6e+03
5.3029e+03	2.4e+00	1.56552e+05	2.3e+03
5.3064e+03	2.4e+00	1.55410e+05	2.3e+03
5.3099e+03	2.4e+00	1.55045e+05	2.6e+03
5.3134e+03	2.4e+00	1.53026e+05	2.5e+03
5.3169e+03	2.4e+00	1.51047e+05	2.3e+03
5.3204e+03	2.4e+00	1.51173e+05	2.4e+03
5.3240e+03	2.4e+00	1.50229e+05	2.2e+03
5.3275e+03	2.4e+00	1.51696e+05	2.3e+03
5.3310e+03	2.4e+00	1.50187e+05	2.5e+03
5.3345e+03	2.4e+00	1.50233e+05	2.2e+03
5.3380e+03	2.4e+00	1.48821e+05	2.7e+03
5.3415e+03	2.4e+00	1.48141e+05	2.3e+03
5.3450e+03	2.4e+00	1.49393e+05	2.7e+03
5.3485e+03	2.4e+00	1.49019e+05	2.4e+03
5.3521e+03	2.4e+00	1.48616e+05	2.0e+03
5.3556e+03	2.4e+00	1.45865e+05	2.3e+03
5.3591e+03	2.4e+00	1.47051e+05	2.5e+03
5.3626e+03	2.4e+00	1.45983e+05	2.1e+03
5.3661e+03	2.4e+00	1.44702e+05	1.9e+03
5.3696e+03	2.4e+00	1.44958e+05	2.4e+03
5.3731e+03	2.4e+00	1.44623e+05	2.3e+03
5.3766e+03	2.4e+00	1.44693e+05	2.0e+03
5.3801e+03	2.4e+00	1.44122e+05	1.9e+03
5.3836e+03	2.4e+00	1.41755e+05	2.3e+03
5.3871e+03	2.4e+00	1.42941e+05	2.2e+03
5.3907e+03	2.4e+00	1.41082e+05	2.0e+03
5.3942e+03	2.4e+00	1.41616e+05	1.7e+03
5.3977e+03	2.4e+00	1.40487e+05	1.9e+03
5.4012e+03	2.4e+00	1.38749e+05	1.9e+03
5.4047e+03	2.4e+00	1.39000e+05	2.0e+03
5.4082e+03	2.4e+00	1.38213e+05	2.0e+03
5.4117e+03	2.4e+00	1.37275e+05	1.8e+03
5.4152e+03	2.4e+00	1.37695e+05	1.8e+03
5.4187e+03	2.4e+00	1.36320e+05	1.7e+03
5.4222e+03	2.4e+00	1.35179e+05	1.6e+03
5.4257e+03	2.4e+00	1.34917e+05	1.7e+03
5.4292e+03	2.4e+00	1.34545e+05	1.8e+03
5.4327e+03	2.4e+00	1.33846e+05	1.8e+03
5.4362e+03	2.4e+00	1.33742e+05	1.8e+03
5.4397e+03	2.4e+00	1.31915e+05	1.9e+03
5.4432e+03	2.4e+00	1.33558e+05	1.7e+03
5.4467e+03	2.4e+00	1.32056e+05	1.6e+03
5.4502e+03	2.4e+00	1.31790e+05	1.7e+03
5.4537e+03	2.4e+00	1.30116e+05	1.5e+03
5.4572e+03	2.4e+00	1.30609e+05	1.6e+03
5.4607e+03	2.4e+00	1.31757e+05	1.6e+03
5.4642e+03	2.4e+00	1.30479e+05	1.6e+03
5.4677e+03	2.4e+00	1.30119e+05	1.6e+03
5.4712e+03	2.4e+00	1.29159e+05	1.5e+03
5.4747e+03	2.4e+00	1.28810e+05	1.8e+03
5.4782e+03	2.4e+00	1.28729e+05	1.7e+03
5.4817e+03	2.4e+00	1.27696e+05	1.6e+03
5.4852e+03	2.4e+00	1.27627e+05	1.6e+03
5.4887e+03	2.4e+00	1.26148e+05	1.6e+03
5.4922e+03	2.4e+00	1.26866e+05	1.8e+03
5.4956e+03	2.4e+00	1.25585e+05	1.7e+03
5.4991e+03	2.4e+00	1.25423e+05	1.6e+03
5.5026e+03	2.4e+00	1.25212e+05	1.8e+03
5.5061e+03	2.4e+00	1.23932e+05	1.8e+03
5.5096e+03	2.4e+00	1.23890e+05	1.8e+03
5.5131e+03	2.4e+00	1.22505e+05	1.7e+03
5.5166e+03	2.4e+00	1.22943e+05	1.8e+03
5.5201e+03	2.4e+00	1.21955e+05	1.8e+03
5.5236e+03	2.4e+00	1.22775e+05	1.5e+03
5.5271e+03	2.4e+00	1.21418e+05	1.7e+03
5.5306e+03	2.4e+00	1.20052e+05	1.8e+03
5.5340e+03	2.4e+00	1.20381e+05	1.7e+03
5.5375e+03	2.4e+00	1.19942e+05	1.8e+03
5.5410e+03	2.4e+00	1.18883e+05	2.3e+03
5.5445e+03	2.4e+00	1.19143e+05	2.0e+03
5.5480e+03	2.4e+00	1.17798e+05	2.1e+03
5.5515e+03	2.4e+00	1.19002e+05	2.0e+03
5.5550e+03	2.4e+00	1.18036e+05	1.9e+03
5.5585e+03	2.4e+00	1.17382e+05	1.8e+03
5.5619e+03	2.4e+00	1.16934e+05	1.7e+03
5.5654e+03	2.4e+00	1.15006e+05	1.8e+03
5.5689e+03	2.4e+00	1.15314e+05	1.6e+03
5.5724e+03	2.4e+00	1.14057e+05	2.0e+03
5.5759e+03	2.4e+00	1.13545e+05	1.8e+03
5.5794e+03	2.4e+00	1.13939e+05	1.6e+03
5.5828e+03	2.4e+00	1.14088e+05	1.6e+03
5.5863e+03	2.4e+00	1.13817e+05	1.6e+03
5.5898e+03	2.4e+00	1.12685e+05	1.7e+03
5.5933e+03	2.4e+00	1.11358e+05	1.3e+03
5.5968e+03	2.4e+00	1.12180e+05	1.5e+03
5.6002e+03	2.4e+00	1.12079e+05	1.6e+03
5.6037e+03	2.4e+00	1.10490e+05	1.5e+03
5.6072e+03	2.4e+00	1.10437e+05	1.5e+03
5.6107e+03	2.4e+00	1.09969e+05	1.4e+03
5.6142e+03	2.4e+00	1.10187e+05	1.4e+03
5.6176e+03	2.4e+00	1.08869e+05	1.2e+03
5.6211e+03	2.4e+00	1.08795e+05	1.3e+03
5.6246e+03	2.4e+00	1.08997e+05	1.4e+03
5.6281e+03	2.4e+00	1.08359e+05	1.3e+03
5.6315e+03	2.4e+00	1.07664e+05	1.4e+03
5.6350e+03	2.4e+00	1.06658e+05	1.4e+03
5.6385e+03	2.4e+00	1.06687e+05	1.3e+03
5.6420e+03	2.4e+00	1.06656e+05	1.3e+03
5.6454e+03	2.4e+00	1.06442e+05	1.3e+03
5.6489e+03	2.4e+00	1.05357e+05	1.5e+03
5.6524e+03	2.4e+00	1.05310e+05	1.3e+03
5.6559e+03	2.4e+00	1.04953e+05	1.4e+03
5.6593e+03	2.4e+00	1.05457e+05	1.2e+03
5.6628e+03	2.4e+00	1.05646e+05	1.4e+03
5.6663e+03	2.4e+00	1.03957e+05	1.4e+03
5.6698e+03	2.4e+00	1.03697e+05	1.3e+03
5.6732e+03	2.4e+00	1.03647e+05	1.2e+03
5.6767e+03	2.4e+00	1.03236e+05	1.5e+03
5.6802e+03	2.4e+00	1.02198e+05	1.5e+03
5.6836e+03	2.4e+00	1.02102e+05	1.4e+03
5.6871e+03	2.4e+00	1.02122e+05	1.2e+03
5.6906e+03	2.4e+00	1.01702e+05	1.6e+03
5.6940e+03	2.4e+00	1.01064e+05	1.6e+03
5.6975e+03	2.4e+00	1.00237e+05	1.2e+03
5.7010e+03	2.4e+00	1.00178e+05	1.5e+03
5.7045e+03	2.4e+00	9.95674e+04	1.4e+03
5.7079e+03	2.4e+00	9.91639e+04	1.3e+03
5.7114e+03	2.4e+00	9.88914e+04	1.5e+03
5.7149e+03	2.4e+00	9.84600e+04	1.7e+03
5.7183e+03	2.4e+00	9.82130e+04	1.6e+03
5.7218e+03	2.4e+00	9.69987e+04	1.2e+03
5.7252e+03	2.4e+00	9.66305e+04	1.5e+03
5.7287e+03	2.4e+00	9.62003e+04	1.5e+03
5.7322e+03	2.4e+00	9.64590e+04	1.5e+03
5.7356e+03	2.4e+00	9.64974e+04	1.4e+03
5.7391e+03	2.4e+00	9.56307e+04	1.4e+03
5.7426e+03	2.4e+00	9.51200e+04	1.4e+03
5.7460e+03	2.4e+00	9.59125e+04	1.5e+03
5.7495e+03	2.4e+00	9.52328e+04	1.6e+03
5.7529e+03	2.4e+00	9.48186e+04	1.6e+03
5.7564e+03	2.4e+00	9.38892e+04	1.5e+03
5.7599e+03	2.4e+00	9.44140e+04	1.4e+03
5.7633e+03	2.4e+00	9.34360e+04	1.5e+03
5.7668e+03	2.4e+00	9.38657e+04	1.4e+03
5.7702e+03	2.4e+00	9.21790e+04	1.5e+03
5.7737e+03	2.4e+00	9.39053e+04	1.4e+03
5.7772e+03	2.4e+00	9.31741e+04	1.4e+03
5.7806e+03	2.4e+00	9.23950e+04	1.0e+03
5.7841e+03	2.4e+00	9.21294e+04	1.2e+03
5.7875e+03	2.4e+00	9.26600e+04	1.2e+03
5.7910e+03	2.4e+00	9.22391e+04	1.3e+03
5.7944e+03	2.4e+00	9.15811e+04	1.2e+03
5.7979e+03	2.4e+00	9.11449e+04	1.0e+03
5.8014e+03	2.4e+00	9.14206e+04	1.2e+03
5.8048e+03	2.4e+00	9.03305e+04	1.1e+03
5.8083e+03	2.4e+00	9.14524e+04	1.1e+03
5.8117e+03	2.4e+00	9.26737e+04	1.2e+03
5.8152e+03	2.4e+00	9.11955e+04	1.1e+03
5.8186e+03	2.4e+00	9.14251e+04	1.2e+03
5.8221e+03	2.4e+00	9.13053e+04	1.2e+03
5.8255e+03	2.4e+00	9.06018e+04	9.7e+02
5.8290e+03	2.4e+00	9.09160e+04	1.1e+03
5.8324e+03	2.4e+00	9.09591e+04	1.2e+03
5.8359e+03	2.4e+00	8.99983e+04	1.3e+03
5.8393e+03	2.4e+00	9.01193e+04	1.0e+03
5.8428e+03	2.4e+00	9.04714e+04	1.0e+03
5.8462e+03	2.4e+00	8.94805e+04	9.6e+02
5.8497e+03	2.4e+00	8.98799e+04	1.2e+03
5.8531e+03	2.4e+00	8.90772e+04	9.5e+02
5.8566e+03	2.4e+00	8.95445e+04	9.8e+02
5.8600e+03	2.4e+00	8.93158e+04	1.0e+03
5.8635e+03	2.4e+00	8.96382e+04	1.1e+03
5.8669e+03	2.4e+00	8.87442e+04	1.1e+03
5.8704e+03	2.4e+00	8.86697e+04	1.1e+03
5.8738e+03	2.4e+00	8.76519e+04	1.1e+03
5.8773e+03	2.4e+00	8.75485e+04	1.0e+03
5.8807e+03	2.4e+00	8.70324e+04	1.0e+03
5.8841e+03	2.4e+00	8.62214e+04	1.0e+03
5.8876e+03	2.4e+00	8.55931e+04	1.1e+03
5.8910e+03	2.4e+00	8.44440e+04	1.1e+03
5.8945e+03	2.4e+00	8.42260e+04	1.1e+03
5.8979e+03	2.4e+00	8.41981e+04	1.1e+03
5.9014e+03	2.4e+00	8.45341e+04	1.3e+03
5.9048e+03	2.4e+00	8.56919e+04	1.3e+03
5.9082e+03	2.4e+00	8.36570e+04	1.2e+03
5.9117e+03	2.4e+00	8.48431e+04	1.3e+03
5.9151e+03	2.4e+00	8.48729e+04	1.2e+03
5.9186e+03	2.4e+00	8.40079e+04	1.2e+03
5.9220e+03	2.4e+00	8.40296e+04	1.1e+03
5.9254e+03	2.4e+00	8.41063e+04	1.4e+03
5.9289e+03	2.4e+00	8.41881e+04	1.3e+03
5.9323e+03	2.4e+00	8.39047e+04	1.2e+03
5.9358e+03	2.4e+00	8.40831e+04	1.1e+03
5.9392e+03	2.4e+00	8.30968e+04	1.2e+03
5.9426e+03	2.4e+00	8.27588e+04	1.0e+03
5.9461e+03	2.4e+00	8.20461e+04	1.1e+03
5.9495e+03	2.4e+00	8.21890e+04	1.1e+03
5.9529e+03	2.4e+00	8.15472e+04	9.3e+02
5.9564e+03	2.4e+00	8.26666e+04	1.0e+03
5.9598e+03	2.4e+00	8.18495e+04	1.1e+03
5.9633e+03	2.4e+00	8.19472e+04	9.5e+02
5.9667e+03	2.4e+00	8.11999e+04	1.0e+03
5.9701e+03	2.4e+00	8.08842e+04	1.1e+03
5.9736e+03	2.4e+00	8.02804e+04	8.0e+02
5.9770e+03	2.4e+00	8.10545e+04	1.0e+03
5.9804e+03	2.4e+00	8.08715e+04	9.6e+02
5.9838e+03	2.4e+00	8.05405e+04	7.5e+02
5.9873e+03	2.4e+00	8.06346e+04	8.5e+02
5.9907e+03	2.4e+00	8.00541e+04	1.1e+03
5.9941e+03	2.4e+00	8.05010e+04	1.3e+03
5.9976e+03	2.4e+00	7.92862e+04	9.7e+02
6.0010e+03	2.4e+00	7.92350e+04	6.5e+02
6.0044e+03	2.4e+00	7.92555e+04	8.0e+02
6.0079e+03	2.4e+00	7.89979e+04	1.0e+03
6.0113e+03	2.4e+00	7.93747e+04	7.7e+02
6.0147e+03	2.4e+00	7.94370e+04	9.7e+02
6.0181e+03	2.4e+00	7.88193e+04	1.1e+03
6.0216e+03	2.4e+00	7.79548e+04	8.8e+02
6.0250e+03	2.4e+00	7.88078e+04	7.8e+02
6.0284e+03	2.4e+00	7.73594e+04	9.7e+02
6.0318e+03	2.4e+00	7.79730e+04	1.3e+03
6.0353e+03	2.4e+00	7.77871e+04	9.6e+02
6.0387e+03	2.4e+00	7.71862e+04	8.7e+02
6.0421e+03	2.4e+00	7.70350e+04	1.0e+03
6.0455e+03	2.4e+00	7.70943e+04	9.6e+02
6.0490e+03	2.4e+00	7.70400e+04	1.2e+03
6.0524e+03	2.4e+00	7.66592e+04	9.8e+02
6.0558e+03	2.4e+00	7.66541e+04	9.8e+02
6.0592e+03	2.4e+00	7.69249e+04	1.2e+03
6.0627e+03	2.4e+00	7.66343e+04	8.5e+02
6.0661e+03	2.4e+00	7.66206e+04	1.0e+03
6.0695e+03	2.4e+00	7.61252e+04	9.4e+02
6.0729e+03	2.4e+00	7.56882e+04	8.7e+02
6.0763e+03	2.4e+00	7.61374e+04	8.2e+02
6.0798e+03	2.4e+00	7.53020e+04	8.5e+02
6.0832e+03	2.4e+00	7.50727e+04	8.3e+02
6.0866e+03	2.4e+00	7.59323e+04	9.0e+02
6.0900e+03	2.4e+00	7.47143e+04	8.9e+02
6.0934e+03	2.4e+00	7.39689e+04	9.2e+02
6.0969e+03	2.4e+00	7.44704e+04	8.6e+02
6.1003e+03	2.4e+00	7.45200e+04	8.9e+02
6.1037e+03	2.4e+00	7.50523e+04	9.7e+02
6.1071e+03	2.4e+00	7.40180e+04	1.2e+03
6.1105e+03	2.4e+00	7.45013e+04	8.9e+02
6.1139e+03	2.4e+00	7.40801e+04	8.0e+02
6.1174e+03	2.4e+00	7.43699e+04	8.9e+02
6.1208e+03	2.4e+00	7.36629e+04	9.1e+02
6.1242e+03	2.4e+00	7.34886e+04	7.6e+02
6.1276e+03	2.4e+00	7.41278e+04	7.8e+02
6.1310e+03	2.4e+00	7.35963e+04	7.7e+02
6.1344e+03	2.4e+00	7.31273e+04	6.5e+02
6.1378e+03	2.4e+00	7.27257e+04	9.3e+02
6.1412e+03	2.4e+00	7.32752e+04	7.4e+02
6.1447e+03	2.4e+00	7.28757e+04	1.2e+03
6.1481e+03	2.4e+00	7.24928e+04	7.0e+02
6.1515e+03	2.4e+00	7.18179e+04	9.9e+02
6.1549e+03	2.4e+00	7.10524e+04	1.1e+03
6.1583e+03	2.4e+00	7.09272e+04	8.7e+02
6.1617e+03	2.4e+00	7.10701e+04	7.6e+02
6.1651e+03	2.4e+00	7.18778e+04	1.0e+03
6.1685e+03	2.4e+00	7.21975e+04	8.5e+02
6.1719e+03	2.4e+00	7.17130e+04	1.0e+03
6.1753e+03	2.4e+00	7.11232e+04	9.2e+02
6.1787e+03	2.4e+00	7.16879e+04	9.0e+02
6.1822e+03	2.4e+00	7.11750e+04	1.0e+03
6.1856e+03	2.4e+00	7.00580e+04	1.1e+03
6.1890e+03	2.4e+00	7.03905e+04	8.2e+02
6.1924e+03	2.4e+00	7.02599e+04	8.8e+02
6.1958e+03	2.4e+00	7.03604e+04	1.0e+03
6.1992e+03	2.4e+00	7.04471e+04	1.2e+03
6.2026e+03	2.4e+00	6.97328e+04	9.2e+02
6.2060e+03	2.4e+00	6.96818e+04	8.4e+02
6.2094e+03	2.4e+00	6.97067e+04	9.7e+02
6.2128e+03	2.4e+00	6.95156e+04	9.0e+02
6.2162e+03	2.4e+00	6.95458e+04	8.1e+02
6.2196e+03	2.4e+00	6.91846e+04	1.2e+03
6.2230e+03	2.4e+00	6.88741e+04	9.4e+02
6.2264e+03	2.4e+00	6.85909e+04	9.4e+02
6.2298e+03	2.4e+00	6.85376e+04	1.0e+03
6.2332e+03	2.4e+00	6.79046e+04	1.0e+03
6.2366e+03	2.4e+00	6.77447e+04	6.7e+02
6.2400e+03	2.4e+00	6.73227e+04	8.1e+02
6.2434e+03	2.4e+00	6.82647e+04	8.7e+02
6.2468e+03	2.4e+00	6.74137e+04	6.2e+02
6.2502e+03	2.4e+00	6.79539e+04	9.4e+02
6.2536e+03	2.4e+00	6.73793e+04	9.5e+02
6.2570e+03	2.4e+00	6.74129e+04	9.5e+02
6.2604e+03	2.4e+00	6.76466e+04	7.8e+02
6.2638e+03	2.4e+00	6.68696e+04	1.1e+03
6.2672e+03	2.4e+00	6.59862e+04	8.6e+02
6.2706e+03	2.4e+00	6.57061e+04	9.3e+02
6.2740e+03	2.4e+00	6.38044e+04	8.9e+02
6.2774e+03	2.4e+00	6.20546e+04	6.1e+02
6.2808e+03	2.4e+00	6.21813e+04	7.4e+02
6.2841e+03	2.4e+00	6.36884e+04	9.5e+02
6.2875e+03	2.4e+00	6.40027e+04	6.4e+02
6.2909e+03	2.4e+00	6.44932e+04	6.0e+02
6.2943e+03	2.4e+00	6.35347e+04	7.4e+02
6.2977e+03	2.4e+00	6.39222e+04	8.6e+02
6.3011e+03	2.4e+00	6.38717e+04	7.8e+02
6.3045e+03	2.4e+00	6.43530e+04	1.2e+03
6.3079e+03	2.4e+00	6.49200e+04	7.8e+02
6.3113e+03	2.4e+00	6.50820e+04	4.1e+02
6.3147e+03	2.4e+00	6.46524e+04	4.6e+02
6.3181e+03	2.4e+00	6.47434e+04	8.2e+02
6.3214e+03	2.4e+00	6.41380e+04	8.6e+02
6.3248e+03	2.4e+00	6.49116e+04	8.2e+02
6.3282e+03	2.4e+00	6.42414e+04	4.6e+02
6.3316e+03	2.4e+00	6.41503e+04	9.3e+02
6.3350e+03	2.4e+00	6.44820e+04	5.4e+02
6.3384e+03	2.4e+00	6.40365e+04	5.8e+02
6.3418e+03	2.4e+00	6.37559e+04	5.9e+02
6.3452e+03	2.4e+00	6.36897e+04	5.8e+02
6.3485e+03	2.4e+00	6.33727e+04	7.4e+02
6.3519e+03	2.4e+00	6.37998e+04	8.2e+02
6.3553e+03	2.4e+00	6.38489e+04	7.9e+02
6.3587e+03	2.4e+00	6.41341e+04	1.0e+03
6.3621e+03	2.4e+00	6.40943e+04	9.4e+02
6.3655e+03	2.4e+00	6.35644e+04	8.6e+02
6.3688e+03	2.4e+00	6.38321e+04	9.3e+02
6.3722e+03	2.4e+00	6.35263e+04	6.8e+02
6.3756e+03	2.4e+00	6.34672e+04	9.3e+02
6.3790e+03	2.4e+00	6.34206e+04	9.5e+02
6.3824e+03	2.4e+00	6.35049e+04	9.0e+02
6.3857e+03	2.4e+00	6.34154e+04	1.2e+03
6.3891e+03	2.4e+00	6.28830e+04	9.9e+02
6.3925e+03	2.4e+00	6.31436e+04	1.1e+03
6.3959e+03	2.4e+00	6.28221e+04	8.9e+02
6.3993e+03	2.4e+00	6.25337e+04	9.8e+02
6.4026e+03	2.4e+00	6.28266e+04	9.9e+02
6.4060e+03	2.4e+00	6.24421e+04	8.9e+02
6.4094e+03	2.4e+00	6.25687e+04	9.7e+02
6.4128e+03	2.4e+00	6.21690e+04	8.2e+02
6.4162e+03	2.4e+00	6.18572e+04	8.3e+02
6.4195e+03	2.4e+00	6.16612e+04	8.4e+02
6.4229e+03	2.4e+00	6.20324e+04	9.0e+02
6.4263e+03	2.4e+00	6.25031e+04	1.0e+03
6.4297e+03	2.4e+00	6.21951e+04	1.2e+03
6.4330e+03	2.4e+00	6.17491e+04	9.6e+02
6.4364e+03	2.4e+00	6.14982e+04	7.7e+02
6.4398e+03	2.4e+00	6.13286e+04	9.5e+02
6.4432e+03	2.4e+00	6.08892e+04	8.4e+02
6.4465e+03	2.4e+00	6.05046e+04	9.0e+02
6.4499e+03	2.4e+00	6.01027e+04	9.7e+02
6.4533e+03	2.4e+00	6.01305e+04	1.0e+03
6.4566e+03	2.4e+00	6.04173e+04	9.9e+02
6.4600e+03	2.4e+00	6.02583e+04	1.1e+03
6.4634e+03	2.4e+00	6.02087e+04	8.0e+02
6.4667e+03	2.4e+00	6.00320e+04	6.3e+02
6.4701e+03	2.4e+00	5.89526e+04	6.7e+02
6.4735e+03	2.4e+00	5.90843e+04	8.1e+02
6.4769e+03	2.4e+00	5.86849e+04	5.2e+02
6.4802e+03	2.4e+00	5.94671e+04	7.7e+02
6.4836e+03	2.4e+00	5.95532e+04	3.1e+02
6.4870e+03	2.4e+00	5.93381e+04	3.3e+02
6.4903e+03	2.4e+00	5.82023e+04	6.8e+02
6.4937e+03	2.4e+00	5.90468e+04	9.0e+02
6.4971e+03	2.4e+00	5.85853e+04	9.4e+02
6.5004e+03	2.4e+00	5.90013e+04	1.1e+03
6.5038e+03	2.4e+00	5.86615e+04	1.0e+03
6.5072e+03	2.4e+00	5.81460e+04	6.2e+02
6.5105e+03	2.4e+00	5.73144e+04	4.4e+02
6.5139e+03	2.4e+00	5.70277e+04	7.0e+02
6.5172e+03	2.4e+00	5.64284e+04	7.9e+02
6.5206e+03	2.4e+00	5.66002e+04	8.6e+02
6.5240e+03	2.4e+00	5.61613e+04	1.0e+03
6.5273e+03	2.4e+00	5.57189e+04	5.4e+02
6.5307e+03	2.4e+00	5.47447e+04	7.6e+02
6.5341e+03	2.4e+00	5.37199e+04	7.6e+02
6.5374e+03	2.4e+00	5.22024e+04	4.8e+02
6.5408e+03	2.4e+00	5.16022e+04	8.2e+02
6.5441e+03	2.4e+00	4.93857e+04	8.4e+02
6.5475e+03	2.4e+00	4.68773e+04	7.6e+02
6.5509e+03	2.4e+00	4.45657e+04	8.2e+02
6.5542e+03	2.4e+00	3.99446e+04	6.1e+02
6.5576e+03	2.4e+00	3.44033e+04	5.6e+02
6.5609e+03	2.4e+00	3.25573e+04	4.8e+02
6.5643e+03	2.4e+00	3.41002e+04	6.1e+02
6.5676e+03	2.4e+00	3.92443e+04	7.2e+02
6.5710e+03	2.4e+00	4.34663e+04	9.2e+02
6.5744e+03	2.4e+00	4.61202e+04	1.0e+03
6.5777e+03	2.4e+00	4.88095e+04	8.8e+02
6.5811e+03	2.4e+00	4.98036e+04	9.0e+02
6.5844e+03	2.4e+00	5.11996e+04	7.0e+02
6.5878e+03	2.4e+00	5.21364e+04	9.7e+02
6.5911e+03	2.4e+00	5.25848e+04	1.3e+03
6.5945e+03	2.4e+00	5.28343e+04	1.0e+03
6.5978e+03	2.4e+00	5.35688e+04	8.7e+02
6.6012e+03	2.4e+00	5.36236e+04	1.2e+03
6.6045e+03	2.4e+00	5.37409e+04	9.1e+02
6.6079e+03	2.4e+00	5.40693e+04	1.0e+03
6.6112e+03	2.4e+00	5.46043e+04	9.5e+02
6.6146e+03	2.4e+00	5.46470e+04	1.0e+03
6.6179e+03	2.4e+00	5.45272e+04	7.3e+02
6.6213e+03	2.4e+00	5.44002e+04	9.3e+02
6.6246e+03	2.4e+00	5.48277e+04	9.8e+02
6.6280e+03	2.4e+00	5.47472e+04	1.0e+03
6.6313e+03	2.4e+00	5.47081e+04	8.0e+02
6.6347e+03	2.4e+00	5.41181e+04	6.2e+02
6.6380e+03	2.4e+00	5.46225e+04	1.1e+03
6.6414e+03	2.4e+00	5.42681e+04	7.6e+02
6.6447e+03	2.4e+00	5.43897e+04	5.3e+02
6.6481e+03	2.4e+00	5.43912e+04	8.5e+02
6.6514e+03	2.4e+00	5.44637e+04	1.1e+03
6.6548e+03	2.4e+00	5.40185e+04	7.2e+02
6.6581e+03	2.4e+00	5.40536e+04	1.1e+03
6.6615e+03	2.4e+00	5.43215e+04	6.9e+02
6.6648e+03	2.4e+00	5.44082e+04	8.9e+02
6.6681e+03	2.4e+00	5.41711e+04	7.9e+02
6.6715e+03	2.4e+00	5.39546e+04	9.6e+02
6.6748e+03	2.4e+00	5.48823e+04	8.1e+02
6.6782e+03	2.4e+00	5.46292e+04	8.7e+02
6.6815e+03	2.4e+00	5.42888e+04	6.9e+02
6.6849e+03	2.4e+00	5.37825e+04	7.1e+02
6.6882e+03	2.4e+00	5.37190e+04	6.0e+02
6.6915e+03	2.4e+00	5.36293e+04	1.2e+03
6.6949e+03	2.4e+00	5.36457e+04	8.1e+02
6.6982e+03	2.4e+00	5.34998e+04	7.4e+02
6.7016e+03	2.4e+00	5.29281e+04	8.4e+02
6.7049e+03	2.4e+00	5.26201e+04	1.0e+03
6.7082e+03	2.4e+00	5.27695e+04	1.0e+03
6.7116e+03	2.4e+00	5.26893e+04	9.5e+02
6.7149e+03	2.4e+00	5.27846e+04	8.6e+02
6.7183e+03	2.4e+00	5.26461e+04	1.1e+03
6.7216e+03	2.4e+00	5.26035e+04	1.0e+03
6.7249e+03	2.4e+00	5.20852e+04	9.3e+02
6.7283e+03	2.4e+00	5.20055e+04	1.1e+03
6.7316e+03	2.4e+00	5.15212e+04	1.2e+03
6.7349e+03	2.4e+00	5.14492e+04	1.1e+03
6.7383e+03	2.4e+00	5.13545e+04	9.4e+02
6.7416e+03	2.4e+00	5.19865e+04	1.2e+03
6.7449e+03	2.4e+00	5.12557e+04	1.3e+03
6.7483e+03	2.4e+00	5.14951e+04	1.2e+03
6.7516e+03	2.4e+00	5.16632e+04	1.4e+03
6.7549e+03	2.4e+00	5.09917e+04	1.1e+03
6.7583e+03	2.4e+00	5.07661e+04	9.1e+02
6.7616e+03	2.4e+00	5.06769e+04	1.0e+03
6.7649e+03	2.4e+00	5.09803e+04	1.1e+03
6.7683e+03	2.4e+00	5.02478e+04	1.0e+03
6.7716e+03	2.4e+00	5.06614e+04	1.2e+03
6.7749e+03	2.4e+00	5.04266e+04	1.0e+03
6.7782e+03	2.4e+00	5.09376e+04	1.1e+03
6.7816e+03	2.4e+00	5.02411e+04	9.9e+02
6.7849e+03	2.4e+00	5.00515e+04	8.9e+02
6.7882e+03	2.4e+00	4.97576e+04	1.0e+03
6.7916e+03	2.4e+00	5.00680e+04	1.2e+03
6.7949e+03	2.4e+00	4.92785e+04	9.8e+02
6.7982e+03	2.4e+00	4.92472e+04	8.8e+02
6.8015e+03	2.4e+00	4.99261e+04	1.1e+03
6.8049e+03	2.4e+00	4.90117e+04	8.0e+02
6.8082e+03	2.4e+00	4.90229e+04	1.0e+03
6.8115e+03	2.4e+00	4.89420e+04	9.7e+02
6.8148e+03	2.4e+00	4.90751e+04	1.1e+03
6.8182e+03	2.4e+00	4.89300e+04	1.1e+03
6.8215e+03	2.4e+00	4.85205e+04	8.7e+02
6.8248e+03	2.4e+00	4.85952e+04	7.7e+02
6.8281e+03	2.4e+00	4.87609e+04	1.1e+03
6.8315e+03	2.4e+00	4.87305e+04	9.3e+02
6.8348e+03	2.4e+00	4.84835e+04	1.2e+03
6.8381e+03	2.4e+00	4.83861e+04	1.1e+03
6.8414e+03	2.4e+00	4.83207e+04	1.2e+03
6.8447e+03	2.4e+00	4.81637e+04	9.8e+02
6.8481e+03	2.4e+00	4.75204e+04	1.0e+03
6.8514e+03	2.4e+00	4.75604e+04	7.8e+02
6.8547e+03	2.4e+00	4.80733e+04	9.3e+02
6.8580e+03	2.4e+00	4.71552e+04	8.5e+02
6.8613e+03	2.4e+00	4.47632e+04	1.0e+03
6.8647e+03	2.4e+00	3.77816e+04	8.2e+02
6.8680e+03	2.4e+00	3.21775e+04	6.6e+02
6.8713e+03	2.4e+00	3.02191e+04	6.3e+02
6.8746e+03	2.4e+00	3.35583e+04	9.4e+02
6.8779e+03	2.4e+00	3.80363e+04	9.2e+02
6.8812e+03	2.4e+00	3.96434e+04	1.0e+03
6.8846e+03	2.4e+00	3.92723e+04	1.0e+03
6.8879e+03	2.4e+00	3.82609e+04	9.2e+02
6.8912e+03	2.4e+00	3.76817e+04	9.3e+02
6.8945e+03	2.4e+00	3.85771e+04	1.0e+03
6.8978e+03	2.4e+00	3.94777e+04	1.0e+03
6.9011e+03	2.4e+00	4.00555e+04	1.0e+03
6.9044e+03	2.4e+00	4.06489e+04	1.0e+03
6.9078e+03	2.4e+00	4.14959e+04	9.2e+02
6.9111e+03	2.4e+00	4.13647e+04	1.0e+03
6.9144e+03	2.4e+00	4.17922e+04	9.8e+02
6.9177e+03	2.4e+00	4.24547e+04	1.1e+03
6.9210e+03	2.4e+00	4.28716e+04	9.8e+02
6.9243e+03	2.4e+00	4.27153e+04	9.8e+02
6.9276e+03	2.4e+00	4.31884e+04	1.0e+03
6.9309e+03	2.4e+00	4.23081e+04	1.1e+03
6.9342e+03	2.4e+00	4.24065e+04	9.6e+02
6.9375e+03	2.4e+00	4.19422e+04	1.0e+03
6.9409e+03	2.4e+00	4.17663e+04	1.2e+03
6.9442e+03	2.4e+00	4.18389e+04	1.2e+03
6.9475e+03	2.4e+00	4.21812e+04	9.8e+02
6.9508e+03	2.4e+00	4.22986e+04	1.0e+03
6.9541e+03	2.4e+00	4.22443e+04	1.1e+03
6.9574e+03	2.4e+00	4.24718e+04	1.1e+03
6.9607e+03	2.4e+00	4.24135e+04	1.2e+03
6.9640e+03	2.4e+00	4.33036e+04	1.2e+03
6.9673e+03	2.4e+00	4.29503e+04	1.0e+03
6.9706e+03	2.4e+00	4.29429e+04	1.3e+03
6.9739e+03	2.4e+00	4.27795e+04	1.1e+03
6.9772e+03	2.4e+00	4.27097e+04	1.3e+03
6.9805e+03	2.4e+00	4.27728e+04	1.2e+03
6.9838e+03	2.4e+00	4.16942e+04	1.1e+03
6.9871e+03	2.4e+00	4.08950e+04	1.3e+03
6.9904e+03	2.4e+00	4.07501e+04	1.1e+03
6.9937e+03	2.4e+00	4.20441e+04	1.2e+03
6.9970e+03	2.4e+00	4.18745e+04	1.2e+03
7.0003e+03	2.4e+00	4.14753e+04	1.3e+03
7.0036e+03	2.4e+00	4.13955e+04	1.1e+03
7.0069e+03	2.4e+00	4.08185e+04	1.0e+03
7.0102e+03	2.4e+00	4.06679e+04	1.3e+03
7.0135e+03	2.4e+00	4.05591e+04	1.2e+03
7.0168e+03	2.4e+00	4.05346e+04	9.8e+02
7.0201e+03	2.4e+00	3.97468e+04	1.2e+03
7.0234e+03	2.4e+00	4.03821e+04	1.3e+03
7.0267e+03	2.4e+00	4.05947e+04	1.2e+03
7.0300e+03	2.4e+00	4.06859e+04	1.3e+03
7.0333e+03	2.4e+00	4.03344e+04	1.3e+03
7.0366e+03	2.4e+00	4.01639e+04	1.3e+03
7.0399e+03	2.4e+00	4.07114e+04	1.3e+03
7.0432e+03	2.4e+00	4.02488e+04	1.4e+03
7.0465e+03	2.4e+00	3.97147e+04	1.3e+03
7.0498e+03	2.4e+00	3.96641e+04	1.3e+03
7.0531e+03	2.4e+00	3.94744e+04	1.5e+03
7.0564e+03	2.4e+00	3.94341e+04	1.4e+03
7.0597e+03	2.4e+00	3.95688e+04	1.4e+03
7.0629e+03	2.4e+00	3.90136e+04	1.2e+03
7.0662e+03	2.4e+00	3.93799e+04	1.2e+03
7.0695e+03	2.4e+00	3.95962e+04	1.4e+03
7.0728e+03	2.4e+00	3.94624e+04	1.3e+03
7.0761e+03	2.4e+00	3.87202e+04	1.3e+03
7.0794e+03	2.4e+00	3.80610e+04	1.4e+03
7.0827e+03	2.4e+00	3.84347e+04	1.4e+03
7.0860e+03	2.4e+00	3.85431e+04	1.4e+03
7.0893e+03	2.4e+00	3.81969e+04	1.3e+03
7.0926e+03	2.4e+00	3.81193e+04	1.4e+03
7.0958e+03	2.4e+00	3.73296e+04	1.3e+03
7.0991e+03	2.4e+00	3.74202e+04	1.2e+03
7.1024e+03	2.4e+00	3.80412e+04	1.4e+03
7.1057e+03	2.4e+00	3.71508e+04	1.4e+03
7.1090e+03	2.4e+00	3.75225e+04	1.3e+03
7.1123e+03	2.4e+00	3.67287e+04	1.4e+03
7.1156e+03	2.4e+00	3.64325e+04	1.4e+03
7.1188e+03	2.4e+00	3.68959e+04	1.2e+03
7.1221e+03	2.4e+00	3.65592e+04	1.3e+03
7.1254e+03	2.4e+00	3.65609e+04	1.3e+03
7.1287e+03	2.4e+00	3.64982e+04	1.4e+03
7.1320e+03	2.4e+00	3.66309e+04	1.3e+03
7.1353e+03	2.4e+00	3.63498e+04	1.3e+03
7.1385e+03	2.4e+00	3.60458e+04	1.3e+03
7.1418e+03	2.4e+00	3.57827e+04	1.4e+03
7.1451e+03	2.4e+00	3.52801e+04	1.3e+03
7.1484e+03	2.4e+00	3.50262e+04	1.4e+03
7.1517e+03	2.4e+00	3.52674e+04	1.3e+03
7.1549e+03	2.4e+00	3.52688e+04	1.3e+03
7.1582e+03	2.4e+00	3.45824e+04	1.3e+03
7.1615e+03	2.4e+00	3.45808e+04	1.4e+03
7.1648e+03	2.4e+00	3.29899e+04	1.2e+03
7.1681e+03	2.4e+00	3.23266e+04	1.2e+03
7.1713e+03	2.4e+00	3.14874e+04	1.2e+03
7.1746e+03	2.4e+00	3.06963e+04	1.3e+03
7.1779e+03	2.4e+00	2.98176e+04	1.3e+03
7.1812e+03	2.4e+00	2.98046e+04	1.1e+03
7.1844e+03	2.4e+00	2.92185e+04	1.3e+03
7.1877e+03	2.4e+00	2.91326e+04	1.2e+03
7.1910e+03	2.4e+00	2.91206e+04	1.3e+03
7.1943e+03	2.4e+00	2.92165e+04	1.1e+03
7.1975e+03	2.4e+00	2.87612e+04	1.2e+03
7.2008e+03	2.4e+00	2.91857e+04	1.3e+03
7.2041e+03	2.4e+00	2.98706e+04	1.3e+03
7.2074e+03	2.4e+00	3.01092e+04	1.1e+03
7.2106e+03	2.4e+00	3.15563e+04	1.5e+03
7.2139e+03	2.4e+00	3.20610e+04	1.4e+03
7.2172e+03	2.4e+00	3.25670e+04	1.4e+03
7.2204e+03	2.4e+00	3.16801e+04	1.5e+03
7.2237e+03	2.4e+00	3.12229e+04	1.5e+03
7.2270e+03	2.4e+00	3.11168e+04	1.5e+03
7.2303e+03	2.4e+00	3.05153e+04	1.5e+03
7.2335e+03	2.4e+00	2.87942e+04	1.4e+03
7.2368e+03	2.4e+00	2.88272e+04	1.4e+03
7.2401e+03	2.4e+00	2.79837e+04	1.3e+03
7.2433e+03	2.4e+00	2.87504e+04	1.4e+03
7.2466e+03	2.4e+00	2.93590e+04	1.3e+03
7.2499e+03	2.4e+00	2.90023e+04	1.3e+03
7.2531e+03	2.4e+00	2.86039e+04	1.5e+03
7.2564e+03	2.4e+00	2.90040e+04	1.5e+03
7.2597e+03	2.4e+00	2.91607e+04	1.4e+03
7.2629e+03	2.4e+00	2.86284e+04	1.4e+03
7.2662e+03	2.4e+00	2.86352e+04	1.4e+03
7.2695e+03	2.4e+00	2.86629e+04	1.3e+03
7.2727e+03	2.4e+00	2.80385e+04	1.4e+03
7.2760e+03	2.4e+00	2.72469e+04	1.4e+03
7.2792e+03	2.4e+00	2.75371e+04	1.3e+03
7.2825e+03	2.4e+00	2.84811e+04	1.4e+03
7.2858e+03	2.4e+00	2.85496e+04	1.4e+03
7.2890e+03	2.4e+00	2.78368e+04	1.4e+03
7.2923e+03	2.4e+00	2.74359e+04	1.3e+03
7.2956e+03	2.4e+00	2.78117e+04	1.4e+03
7.2988e+03	2.4e+00	2.77031e+04	1.4e+03
7.3021e+03	2.4e+00	2.69680e+04	1.4e+03
7.3053e+03	2.4e+00	2.73949e+04	1.4e+03
7.3086e+03	2.4e+00	2.72829e+04	1.4e+03
7.3119e+03	2.4e+00	2.70631e+04	1.5e+03
7.3151e+03	2.4e+00	2.75050e+04	1.5e+03
7.3184e+03	2.4e+00	2.72130e+04	1.3e+03
7.3216e+03	2.4e+00	2.76106e+04	1.4e+03
7.3249e+03	2.4e+00	2.75982e+04	1.4e+03
7.3281e+03	2.4e+00	2.76358e+04	1.4e+03
7.3314e+03	2.4e+00	2.75687e+04	1.4e+03
7.3346e+03	2.4e+00	2.76638e+04	1.5e+03
7.3379e+03	2.4e+00	2.79047e+04	1.5e+03
7.3412e+03	2.4e+00	2.74280e+04	1.4e+03
7.3444e+03	2.4e+00	2.72337e+04	1.5e+03
7.3477e+03	2.4e+00	2.73354e+04	1.6e+03
7.3509e+03	2.4e+00	2.69830e+04	1.6e+03
7.3542e+03	2.4e+00	2.69556e+04	1.5e+03
7.3574e+03	2.4e+00	2.67933e+04	1.5e+03
7.3607e+03	2.4e+00	2.66676e+04	1.6e+03
7.3639e+03	2.4e+00	2.64838e+04	1.7e+03
7.3672e+03	2.4e+00	2.67014e+04	1.5e+03
7.3704e+03	2.4e+00	2.63305e+04	1.4e+03
7.3737e+03	2.4e+00	2.62610e+04	1.4e+03
7.3769e+03	2.4e+00	2.68526e+04	1.6e+03
7.3802e+03	2.4e+00	2.67108e+04	1.6e+03
7.3834e+03	2.4e+00	2.63297e+04	1.5e+03
7.3867e+03	2.4e+00	2.59745e+04	1.5e+03
7.3899e+03	2.4e+00	2.61804e+04	1.6e+03
7.3932e+03	2.4e+00	2.58871e+04	1.7e+03
7.3964e+03	2.4e+00	2.58315e+04	1.6e+03
7.3997e+03	2.4e+00	2.59337e+04	1.6e+03
7.4029e+03	2.4e+00	2.60064e+04	1.8e+03
7.4062e+03	2.4e+00	2.62467e+04	1.7e+03
7.4094e+03	2.4e+00	2.56718e+04	1.7e+03
7.4127e+03	2.4e+00	2.59364e+04	1.6e+03
7.4159e+03	2.4e+00	2.55760e+04	1.6e+03
7.4191e+03	2.4e+00	2.54770e+04	1.6e+03
7.4224e+03	2.4e+00	2.54570e+04	1.6e+03
7.4256e+03	2.4e+00	2.49192e+04	1.6e+03
7.4289e+03	2.4e+00	2.53198e+04	1.4e+03
7.4321e+03	2.4e+00	2.48086e+04	1.5e+03
7.4354e+03	2.4e+00	2.47674e+04	1.5e+03
7.4386e+03	2.4e+00	2.48390e+04	1.6e+03
7.4418e+03	2.4e+00	2.46250e+04	1.5e+03
7.4451e+03	2.4e+00	2.47605e+04	1.5e+03
7.4483e+03	2.4e+00	2.44945e+04	1.5e+03
7.4516e+03	2.4e+00	2.43900e+04	1.6e+03
7.4548e+03	2.4e+00	2.41742e+04	1.4e+03
7.4580e+03	2.4e+00	2.46025e+04	1.6e+03
7.4613e+03	2.4e+00	2.40202e+04	1.5e+03
7.4645e+03	2.4e+00	2.39225e+04	1.5e+03
7.4678e+03	2.4e+00	2.39151e+04	1.5e+03
7.4710e+03	2.4e+00	2.37290e+04	1.6e+03
7.4742e+03	2.4e+00	2.35625e+04	1.6e+03
7.4775e+03	2.4e+00	2.38090e+04	1.6e+03
7.4807e+03	2.4e+00	2.36315e+04	1.5e+03
7.4839e+03	2.4e+00	2.33013e+04	1.5e+03
7.4872e+03	2.4e+00	2.27399e+04	1.6e+03
7.4904e+03	2.4e+00	2.27438e+04	1.5e+03
7.4936e+03	2.4e+00	2.27060e+04	1.6e+03
7.4969e+03	2.4e+00	2.24971e+04	1.6e+03
7.5001e+03	2.4e+00	2.25286e+04	1.5e+03
7.5033e+03	2.4e+00	2.25896e+04	1.6e+03
7.5066e+03	2.4e+00	2.25492e+04	1.6e+03
7.5098e+03	2.4e+00	2.28552e+04	1.6e+03
7.5130e+03	2.4e+00	2.21593e+04	1.6e+03
7.5163e+03	2.4e+00	2.23661e+04	1.6e+03
7.5195e+03	2.4e+00	2.25083e+04	1.6e+03
7.5227e+03	2.4e+00	2.24861e+04	1.6e+03
7.5260e+03	2.4e+00	2.21957e+04	1.6e+03
7.5292e+03	2.4e+00	2.24036e+04	1.6e+03
7.5324e+03	2.4e+00	2.21326e+04	1.5e+03
7.5356e+03	2.4e+00	2.18650e+04	1.6e+03
7.5389e+03	2.4e+00	2.18296e+04	1.7e+03
7.5421e+03	2.4e+00	2.15160e+04	1.6e+03
7.5453e+03	2.4e+00	2.15640e+04	1.5e+03
7.5486e+03	2.4e+00	2.13899e+04	1.6e+03
7.5518e+03	2.4e+00	2.10894e+04	1.6e+03
7.5550e+03	2.4e+00	2.09230e+04	1.6e+03
7.5582e+03	2.4e+00	2.10659e+04	1.6e+03
7.5615e+03	2.4e+00	2.11894e+04	1.7e+03
7.5647e+03	2.4e+00	2.12585e+04	1.7e+03
7.5679e+03	2.4e+00	2.05864e+04	1.7e+03
7.5711e+03	2.4e+00	2.06045e+04	1.5e+03
7.5744e+03	2.4e+00	2.08111e+04	1.7e+03
7.5776e+03	2.4e+00	2.03886e+04	1.7e+03
7.5808e+03	2.4e+00	2.05589e+04	1.5e+03
7.5840e+03	2.4e+00	2.03593e+04	1.6e+03
7.5872e+03	2.4e+00	2.05849e+04	1.7e+03
7.5905e+03	2.4e+00	1.93814e+04	1.5e+03
7.5937e+03	2.4e+00	1.68935e+04	1.3e+03
7.5969e+03	2.4e+00	1.25865e+04	1.1e+03
7.6001e+03	2.4e+00	8.36994e+03	7.8e+02
7.6033e+03	2.4e+00	5.09683e+03	5.4e+02
7.6066e+03	2.4e+00	3.25752e+03	3.0e+02
7.6098e+03	2.4e+00	2.98613e+03	2.6e+02
7.6130e+03	2.4e+00	3.70771e+03	3.5e+02
7.6162e+03	2.4e+00	5.86489e+03	4.0e+02
7.6194e+03	2.4e+00	8.36611e+03	5.8e+02
7.6227e+03	2.4e+00	9.74902e+03	7.9e+02
7.6259e+03	2.4e+00	9.32335e+03	8.0e+02
7.6291e+03	2.4e+00	8.17006e+03	7.5e+02
7.6323e+03	2.4e+00	7.35426e+03	6.3e+02
7.6355e+03	2.4e+00	6.97857e+03	6.2e+02
7.6387e+03	2.4e+00	7.40928e+03	6.4e+02
7.6419e+03	2.4e+00	7.93933e+03	6.2e+02
7.6452e+03	2.4e+00	8.53859e+03	7.3e+02
7.6484e+03	2.4e+00	9.28200e+03	7.9e+02
7.6516e+03	2.4e+00	1.00544e+04	9.3e+02
7.6548e+03	2.4e+00	1.08675e+04	9.7e+02
7.6580e+03	2.4e+00	1.22894e+04	1.1e+03
7.6612e+03	2.4e+00	1.29066e+04	1.1e+03
7.6644e+03	2.4e+00	1.33961e+04	1.1e+03
7.6676e+03	2.4e+00	1.42189e+04	1.2e+03
7.6709e+03	2.4e+00	1.48495e+04	1.2e+03
7.6741e+03	2.4e+00	1.51569e+04	1.3e+03
7.6773e+03	2.4e+00	1.54435e+04	1.3e+03
7.6805e+03	2.4e+00	1.54853e+04	1.5e+03
7.6837e+03	2.4e+00	1.55976e+04	1.4e+03
