# lambda [A]	Dlambda [A]	specval [counts]	Dspecval [counts]
3.5793e+03	2.4e+00	8.99764e+03	4.9e+01
3.5830e+03	2.4e+00	9.47711e+03	4.3e+02
3.5867e+03	2.4e+00	9.79252e+03	1.2e+02
3.5904e+03	2.4e+00	1.03384e+04	7.1e+01
3.5942e+03	2.4e+00	1.02259e+04	1.4e+02
3.5979e+03	2.4e+00	1.08837e+04	1.9e+02
3.6016e+03	2.4e+00	9.50388e+03	2.2e+02
3.6053e+03	2.4e+00	8.88673e+03	4.0e+02
3.6091e+03	2.4e+00	1.01142e+04	1.7e+02
3.6128e+03	2.4e+00	1.12231e+04	3.3e+02
3.6165e+03	2.4e+00	1.14561e+04	2.4e+02
3.6202e+03	2.4e+00	1.20254e+04	3.5e+02
3.6239e+03	2.4e+00	1.20848e+04	3.8e+02
3.6277e+03	2.4e+00	1.28896e+04	1.3e+02
3.6314e+03	2.4e+00	1.32751e+04	5.0e+02
3.6351e+03	2.4e+00	1.32663e+04	2.2e+02
3.6388e+03	2.4e+00	1.15609e+04	3.9e+02
3.6425e+03	2.4e+00	1.38902e+04	4.0e+02
3.6462e+03	2.4e+00	1.38326e+04	3.0e+02
3.6500e+03	2.4e+00	1.50400e+04	5.5e+02
3.6537e+03	2.4e+00	1.62270e+04	2.5e+02
3.6574e+03	2.4e+00	1.70028e+04	1.6e+02
3.6611e+03	2.4e+00	1.72867e+04	1.3e+02
3.6648e+03	2.4e+00	1.67080e+04	4.5e+02
3.6685e+03	2.4e+00	1.68186e+04	4.2e+02
3.6723e+03	2.4e+00	1.92749e+04	6.2e+02
3.6760e+03	2.4e+00	2.12800e+04	8.4e+02
3.6797e+03	2.4e+00	2.21432e+04	1.0e+03
3.6834e+03	2.4e+00	2.29113e+04	8.9e+02
3.6871e+03	2.4e+00	2.47263e+04	3.6e+02
3.6908e+03	2.4e+00	2.54885e+04	5.8e+02
3.6945e+03	2.4e+00	2.72575e+04	3.8e+02
3.6982e+03	2.4e+00	2.74787e+04	6.9e+02
3.7019e+03	2.4e+00	3.41306e+04	1.4e+03
3.7057e+03	2.4e+00	3.50905e+04	1.1e+03
3.7094e+03	2.4e+00	3.71450e+04	3.8e+02
3.7131e+03	2.4e+00	3.63221e+04	1.3e+03
3.7168e+03	2.4e+00	3.70595e+04	8.3e+02
3.7205e+03	2.4e+00	4.49705e+04	1.7e+03
3.7242e+03	2.4e+00	5.27498e+04	1.7e+03
3.7279e+03	2.4e+00	5.67989e+04	1.5e+03
3.7316e+03	2.4e+00	5.18945e+04	9.8e+02
3.7353e+03	2.4e+00	4.88398e+04	1.0e+03
3.7390e+03	2.4e+00	5.56344e+04	1.5e+03
3.7427e+03	2.4e+00	7.05100e+04	1.6e+03
3.7464e+03	2.4e+00	8.72736e+04	2.2e+03
3.7501e+03	2.4e+00	9.77093e+04	2.3e+03
3.7539e+03	2.4e+00	1.00983e+05	1.9e+03
3.7576e+03	2.4e+00	9.42225e+04	1.7e+03
3.7613e+03	2.4e+00	7.82948e+04	1.5e+03
3.7650e+03	2.4e+00	7.32083e+04	1.5e+03
3.7687e+03	2.4e+00	7.97569e+04	1.6e+03
3.7724e+03	2.4e+00	1.07009e+05	4.4e+03
3.7761e+03	2.4e+00	1.42419e+05	5.2e+03
3.7798e+03	2.4e+00	1.62443e+05	3.6e+03
3.7835e+03	2.4e+00	1.81385e+05	4.5e+03
3.7872e+03	2.4e+00	1.88473e+05	4.8e+03
3.7909e+03	2.4e+00	1.84258e+05	4.2e+03
3.7946e+03	2.4e+00	1.71810e+05	5.2e+03
3.7983e+03	2.4e+00	1.47401e+05	5.9e+03
3.8020e+03	2.4e+00	1.25472e+05	4.9e+03
3.8057e+03	2.4e+00	1.15230e+05	3.0e+03
3.8094e+03	2.4e+00	1.37369e+05	5.6e+03
3.8131e+03	2.4e+00	1.81618e+05	4.0e+03
3.8168e+03	2.4e+00	2.32875e+05	6.0e+03
3.8205e+03	2.4e+00	2.75683e+05	6.9e+03
3.8242e+03	2.4e+00	3.07733e+05	8.6e+03
3.8279e+03	2.4e+00	3.39770e+05	1.1e+04
3.8315e+03	2.4e+00	3.46349e+05	1.1e+04
3.8352e+03	2.4e+00	3.58303e+05	1.0e+04
3.8389e+03	2.4e+00	3.72915e+05	1.3e+04
3.8426e+03	2.4e+00	3.75049e+05	1.4e+04
3.8463e+03	2.4e+00	3.55892e+05	1.2e+04
3.8500e+03	2.4e+00	3.23376e+05	6.5e+03
3.8537e+03	2.4e+00	2.75651e+05	7.1e+03
3.8574e+03	2.4e+00	2.20200e+05	7.3e+03
3.8611e+03	2.4e+00	1.89931e+05	6.1e+03
3.8648e+03	2.4e+00	2.04336e+05	5.8e+03
3.8685e+03	2.4e+00	2.69118e+05	9.7e+03
3.8722e+03	2.4e+00	3.41712e+05	8.0e+03
3.8759e+03	2.4e+00	4.07592e+05	1.0e+04
3.8795e+03	2.4e+00	4.65959e+05	1.5e+04
3.8832e+03	2.4e+00	4.99043e+05	1.4e+04
3.8869e+03	2.4e+00	5.35453e+05	1.7e+04
3.8906e+03	2.4e+00	5.51107e+05	1.5e+04
3.8943e+03	2.4e+00	5.71901e+05	1.7e+04
3.8980e+03	2.4e+00	5.84165e+05	1.7e+04
3.9017e+03	2.4e+00	5.85401e+05	1.7e+04
3.9054e+03	2.4e+00	5.68898e+05	1.5e+04
3.9090e+03	2.4e+00	5.69890e+05	1.4e+04
3.9127e+03	2.4e+00	5.86455e+05	1.4e+04
3.9164e+03	2.4e+00	6.02156e+05	1.7e+04
3.9201e+03	2.4e+00	5.98675e+05	1.5e+04
3.9238e+03	2.4e+00	5.92909e+05	1.8e+04
3.9275e+03	2.4e+00	5.71813e+05	1.4e+04
3.9312e+03	2.4e+00	5.32763e+05	1.4e+04
3.9348e+03	2.4e+00	4.87830e+05	1.3e+04
3.9385e+03	2.4e+00	4.15227e+05	1.2e+04
3.9422e+03	2.4e+00	3.24812e+05	9.7e+03
3.9459e+03	2.4e+00	2.57554e+05	7.5e+03
3.9496e+03	2.4e+00	2.66274e+05	6.5e+03
3.9532e+03	2.4e+00	3.31297e+05	8.8e+03
3.9569e+03	2.4e+00	4.18127e+05	1.1e+04
3.9606e+03	2.4e+00	4.95765e+05	1.5e+04
3.9643e+03	2.4e+00	5.64928e+05	1.6e+04
3.9680e+03	2.4e+00	6.07033e+05	1.9e+04
3.9716e+03	2.4e+00	6.35676e+05	1.9e+04
3.9753e+03	2.4e+00	6.59317e+05	1.7e+04
3.9790e+03	2.4e+00	6.59837e+05	1.7e+04
3.9827e+03	2.4e+00	6.67455e+05	1.8e+04
3.9864e+03	2.4e+00	6.76308e+05	1.8e+04
3.9900e+03	2.4e+00	6.85111e+05	2.1e+04
3.9937e+03	2.4e+00	6.88036e+05	2.0e+04
3.9974e+03	2.4e+00	6.91130e+05	2.0e+04
4.0011e+03	2.4e+00	6.90866e+05	1.7e+04
4.0047e+03	2.4e+00	6.84804e+05	1.9e+04
4.0084e+03	2.4e+00	6.80515e+05	1.9e+04
4.0121e+03	2.4e+00	6.73223e+05	1.9e+04
4.0158e+03	2.4e+00	6.77913e+05	2.0e+04
4.0194e+03	2.4e+00	6.75318e+05	1.6e+04
4.0231e+03	2.4e+00	6.69447e+05	1.8e+04
4.0268e+03	2.4e+00	6.64470e+05	1.6e+04
4.0304e+03	2.4e+00	6.59965e+05	1.8e+04
4.0341e+03	2.4e+00	6.51661e+05	1.7e+04
4.0378e+03	2.4e+00	6.55222e+05	1.9e+04
4.0415e+03	2.4e+00	6.37863e+05	1.5e+04
4.0451e+03	2.4e+00	6.34880e+05	1.7e+04
4.0488e+03	2.4e+00	6.24863e+05	1.6e+04
4.0525e+03	2.4e+00	6.17282e+05	1.7e+04
4.0561e+03	2.4e+00	5.95594e+05	1.3e+04
4.0598e+03	2.4e+00	5.81593e+05	1.7e+04
4.0635e+03	2.4e+00	5.61052e+05	1.6e+04
4.0671e+03	2.4e+00	5.26052e+05	1.5e+04
4.0708e+03	2.4e+00	4.84398e+05	1.3e+04
4.0745e+03	2.4e+00	4.20172e+05	1.2e+04
4.0781e+03	2.4e+00	3.40650e+05	9.0e+03
4.0818e+03	2.4e+00	2.60183e+05	5.5e+03
4.0855e+03	2.4e+00	2.34211e+05	6.4e+03
4.0891e+03	2.4e+00	2.57055e+05	7.5e+03
4.0928e+03	2.4e+00	3.36483e+05	9.8e+03
4.0965e+03	2.4e+00	4.03619e+05	1.1e+04
4.1001e+03	2.4e+00	4.56042e+05	1.3e+04
4.1038e+03	2.4e+00	4.96988e+05	1.4e+04
4.1075e+03	2.4e+00	5.29299e+05	1.6e+04
4.1111e+03	2.4e+00	5.37507e+05	1.4e+04
4.1148e+03	2.4e+00	5.56165e+05	1.3e+04
4.1184e+03	2.4e+00	5.57401e+05	1.4e+04
4.1221e+03	2.4e+00	5.72019e+05	1.4e+04
4.1258e+03	2.4e+00	5.70285e+05	1.5e+04
4.1294e+03	2.4e+00	5.81855e+05	1.4e+04
4.1331e+03	2.4e+00	5.73719e+05	1.3e+04
4.1367e+03	2.4e+00	5.74397e+05	1.5e+04
4.1404e+03	2.4e+00	5.82369e+05	1.1e+04
4.1441e+03	2.4e+00	5.77830e+05	1.5e+04
4.1477e+03	2.4e+00	5.78473e+05	1.5e+04
4.1514e+03	2.4e+00	5.79537e+05	1.9e+04
4.1550e+03	2.4e+00	5.78352e+05	1.9e+04
4.1587e+03	2.4e+00	5.77141e+05	1.3e+04
4.1623e+03	2.4e+00	5.74537e+05	1.8e+04
4.1660e+03	2.4e+00	5.78486e+05	1.3e+04
4.1697e+03	2.4e+00	5.75191e+05	1.7e+04
4.1733e+03	2.4e+00	5.76170e+05	1.7e+04
4.1770e+03	2.4e+00	5.73797e+05	1.1e+04
4.1806e+03	2.4e+00	5.80172e+05	1.4e+04
4.1843e+03	2.4e+00	5.76758e+05	1.4e+04
4.1879e+03	2.4e+00	5.79118e+05	1.5e+04
4.1916e+03	2.4e+00	5.78363e+05	1.6e+04
4.1952e+03	2.4e+00	5.80845e+05	1.5e+04
4.1989e+03	2.4e+00	5.80837e+05	1.6e+04
4.2025e+03	2.4e+00	5.73588e+05	1.3e+04
4.2062e+03	2.4e+00	5.70969e+05	1.4e+04
4.2098e+03	2.4e+00	5.63525e+05	1.2e+04
4.2135e+03	2.4e+00	5.66372e+05	1.6e+04
4.2171e+03	2.4e+00	5.63503e+05	1.5e+04
4.2208e+03	2.4e+00	5.59172e+05	1.6e+04
4.2244e+03	2.4e+00	5.68460e+05	1.3e+04
4.2281e+03	2.4e+00	5.64384e+05	1.3e+04
4.2317e+03	2.4e+00	5.57509e+05	1.3e+04
4.2354e+03	2.4e+00	5.58436e+05	1.3e+04
4.2390e+03	2.4e+00	5.55198e+05	1.2e+04
4.2427e+03	2.4e+00	5.52988e+05	1.4e+04
4.2463e+03	2.4e+00	5.51948e+05	1.5e+04
4.2500e+03	2.4e+00	5.50001e+05	1.1e+04
4.2536e+03	2.4e+00	5.51999e+05	1.2e+04
4.2572e+03	2.4e+00	5.51393e+05	1.3e+04
4.2609e+03	2.4e+00	5.46273e+05	1.2e+04
4.2645e+03	2.4e+00	5.45246e+05	1.4e+04
4.2682e+03	2.4e+00	5.47605e+05	1.3e+04
4.2718e+03	2.4e+00	5.42318e+05	1.2e+04
4.2755e+03	2.4e+00	5.38146e+05	1.2e+04
4.2791e+03	2.4e+00	5.30562e+05	1.0e+04
4.2827e+03	2.4e+00	5.30491e+05	1.4e+04
4.2864e+03	2.4e+00	5.24700e+05	1.0e+04
4.2900e+03	2.4e+00	5.17299e+05	1.0e+04
4.2937e+03	2.4e+00	5.14933e+05	1.2e+04
4.2973e+03	2.4e+00	5.05462e+05	1.2e+04
4.3010e+03	2.4e+00	4.99244e+05	1.0e+04
4.3046e+03	2.4e+00	4.87733e+05	1.0e+04
4.3082e+03	2.4e+00	4.72809e+05	1.0e+04
4.3119e+03	2.4e+00	4.59737e+05	1.0e+04
4.3155e+03	2.4e+00	4.27832e+05	9.5e+03
4.3191e+03	2.4e+00	3.88873e+05	5.2e+03
4.3228e+03	2.4e+00	3.42162e+05	6.4e+03
4.3264e+03	2.4e+00	2.77955e+05	5.6e+03
4.3301e+03	2.4e+00	2.20166e+05	4.2e+03
4.3337e+03	2.4e+00	2.15048e+05	4.0e+03
4.3373e+03	2.4e+00	2.48364e+05	4.3e+03
4.3410e+03	2.4e+00	3.06728e+05	5.4e+03
4.3446e+03	2.4e+00	3.63666e+05	6.6e+03
4.3482e+03	2.4e+00	4.04161e+05	9.0e+03
4.3519e+03	2.4e+00	4.34663e+05	9.3e+03
4.3555e+03	2.4e+00	4.57747e+05	8.5e+03
4.3591e+03	2.4e+00	4.67419e+05	8.4e+03
4.3628e+03	2.4e+00	4.78957e+05	9.0e+03
4.3664e+03	2.4e+00	4.79438e+05	9.1e+03
4.3700e+03	2.4e+00	4.83306e+05	8.0e+03
4.3737e+03	2.4e+00	4.83081e+05	1.0e+04
4.3773e+03	2.4e+00	4.82877e+05	8.6e+03
4.3809e+03	2.4e+00	4.77393e+05	8.0e+03
4.3845e+03	2.4e+00	4.80250e+05	7.9e+03
4.3882e+03	2.4e+00	4.83023e+05	8.7e+03
4.3918e+03	2.4e+00	4.80366e+05	7.9e+03
4.3954e+03	2.4e+00	4.82272e+05	7.7e+03
4.3991e+03	2.4e+00	4.85754e+05	1.0e+04
4.4027e+03	2.4e+00	4.80714e+05	6.9e+03
4.4063e+03	2.4e+00	4.79938e+05	7.3e+03
4.4099e+03	2.4e+00	4.73829e+05	7.4e+03
4.4136e+03	2.4e+00	4.77554e+05	6.9e+03
4.4172e+03	2.4e+00	4.73035e+05	6.7e+03
4.4208e+03	2.4e+00	4.78674e+05	6.6e+03
4.4244e+03	2.4e+00	4.72409e+05	7.7e+03
4.4281e+03	2.4e+00	4.70148e+05	6.8e+03
4.4317e+03	2.4e+00	4.69772e+05	7.9e+03
4.4353e+03	2.4e+00	4.65990e+05	6.1e+03
4.4389e+03	2.4e+00	4.62656e+05	6.1e+03
4.4426e+03	2.4e+00	4.62177e+05	7.1e+03
4.4462e+03	2.4e+00	4.62728e+05	7.3e+03
4.4498e+03	2.4e+00	4.57189e+05	6.0e+03
4.4534e+03	2.4e+00	4.62068e+05	6.2e+03
4.4570e+03	2.4e+00	4.55978e+05	5.2e+03
4.4607e+03	2.4e+00	4.55251e+05	6.7e+03
4.4643e+03	2.4e+00	4.44757e+05	7.9e+03
4.4679e+03	2.4e+00	4.43654e+05	6.3e+03
4.4715e+03	2.4e+00	4.39770e+05	6.3e+03
4.4751e+03	2.4e+00	4.36863e+05	6.4e+03
4.4788e+03	2.4e+00	4.36223e+05	6.0e+03
4.4824e+03	2.4e+00	4.29595e+05	6.3e+03
4.4860e+03	2.4e+00	4.34847e+05	6.5e+03
4.4896e+03	2.4e+00	4.32146e+05	5.2e+03
4.4932e+03	2.4e+00	4.35775e+05	5.2e+03
4.4968e+03	2.4e+00	4.37626e+05	6.2e+03
4.5005e+03	2.4e+00	4.30701e+05	6.4e+03
4.5041e+03	2.4e+00	4.32529e+05	6.1e+03
4.5077e+03	2.4e+00	4.28470e+05	5.3e+03
4.5113e+03	2.4e+00	4.25190e+05	6.6e+03
4.5149e+03	2.4e+00	4.22799e+05	6.3e+03
4.5185e+03	2.4e+00	4.23254e+05	5.3e+03
4.5221e+03	2.4e+00	4.17227e+05	5.2e+03
4.5258e+03	2.4e+00	4.15683e+05	5.7e+03
4.5294e+03	2.4e+00	4.12574e+05	5.8e+03
4.5330e+03	2.4e+00	4.15606e+05	5.1e+03
4.5366e+03	2.4e+00	4.12458e+05	6.1e+03
4.5402e+03	2.4e+00	4.09560e+05	6.2e+03
4.5438e+03	2.4e+00	4.07183e+05	6.1e+03
4.5474e+03	2.4e+00	4.03932e+05	5.3e+03
4.5510e+03	2.4e+00	4.01303e+05	6.3e+03
4.5546e+03	2.4e+00	4.00000e+05	6.1e+03
4.5582e+03	2.4e+00	4.00177e+05	5.5e+03
4.5619e+03	2.4e+00	3.96680e+05	5.6e+03
4.5655e+03	2.4e+00	3.95228e+05	5.9e+03
4.5691e+03	2.4e+00	3.97586e+05	5.8e+03
4.5727e+03	2.4e+00	3.92360e+05	6.0e+03
4.5763e+03	2.4e+00	3.84570e+05	5.5e+03
4.5799e+03	2.4e+00	3.88265e+05	5.9e+03
4.5835e+03	2.4e+00	3.82187e+05	5.3e+03
4.5871e+03	2.4e+00	3.84586e+05	5.8e+03
4.5907e+03	2.4e+00	3.82418e+05	5.6e+03
4.5943e+03	2.4e+00	3.82263e+05	5.5e+03
4.5979e+03	2.4e+00	3.81916e+05	5.4e+03
4.6015e+03	2.4e+00	3.81103e+05	5.1e+03
4.6051e+03	2.4e+00	3.79404e+05	5.0e+03
4.6087e+03	2.4e+00	3.75218e+05	4.8e+03
4.6123e+03	2.4e+00	3.74175e+05	5.1e+03
4.6159e+03	2.4e+00	3.70962e+05	4.7e+03
4.6195e+03	2.4e+00	3.69319e+05	5.0e+03
4.6231e+03	2.4e+00	3.67084e+05	4.6e+03
4.6267e+03	2.4e+00	3.65136e+05	4.8e+03
4.6303e+03	2.4e+00	3.63434e+05	5.6e+03
4.6339e+03	2.4e+00	3.63914e+05	5.4e+03
4.6375e+03	2.4e+00	3.64812e+05	5.0e+03
4.6411e+03	2.4e+00	3.61088e+05	5.3e+03
4.6447e+03	2.4e+00	3.61197e+05	5.1e+03
4.6483e+03	2.4e+00	3.57407e+05	4.6e+03
4.6519e+03	2.4e+00	3.56607e+05	4.3e+03
4.6555e+03	2.4e+00	3.55250e+05	5.3e+03
4.6591e+03	2.4e+00	3.54140e+05	4.8e+03
4.6627e+03	2.4e+00	3.52290e+05	4.6e+03
4.6663e+03	2.4e+00	3.47385e+05	4.2e+03
4.6699e+03	2.4e+00	3.46233e+05	4.4e+03
4.6735e+03	2.4e+00	3.46311e+05	4.7e+03
4.6771e+03	2.4e+00	3.42938e+05	4.5e+03
4.6807e+03	2.4e+00	3.41910e+05	4.6e+03
4.6843e+03	2.4e+00	3.40534e+05	4.1e+03
4.6879e+03	2.4e+00	3.36311e+05	4.5e+03
4.6915e+03	2.4e+00	3.34578e+05	4.0e+03
4.6950e+03	2.4e+00	3.35521e+05	4.0e+03
4.6986e+03	2.4e+00	3.33245e+05	4.6e+03
4.7022e+03	2.4e+00	3.32571e+05	4.2e+03
4.7058e+03	2.4e+00	3.27758e+05	3.9e+03
4.7094e+03	2.4e+00	3.25714e+05	4.6e+03
4.7130e+03	2.4e+00	3.29080e+05	4.2e+03
4.7166e+03	2.4e+00	3.25594e+05	4.3e+03
4.7202e+03	2.4e+00	3.23374e+05	4.0e+03
4.7238e+03	2.4e+00	3.22994e+05	4.5e+03
4.7274e+03	2.4e+00	3.18730e+05	4.5e+03
4.7309e+03	2.4e+00	3.19991e+05	3.9e+03
4.7345e+03	2.4e+00	3.16209e+05	4.7e+03
4.7381e+03	2.4e+00	3.16132e+05	3.9e+03
4.7417e+03	2.4e+00	3.12865e+05	4.3e+03
4.7453e+03	2.4e+00	3.11597e+05	4.5e+03
4.7489e+03	2.4e+00	3.12322e+05	4.1e+03
4.7525e+03	2.4e+00	3.08549e+05	4.2e+03
4.7560e+03	2.4e+00	3.05730e+05	4.7e+03
4.7596e+03	2.4e+00	3.03402e+05	4.9e+03
4.7632e+03	2.4e+00	3.02743e+05	4.8e+03
4.7668e+03	2.4e+00	2.97500e+05	4.1e+03
4.7704e+03	2.4e+00	2.97131e+05	4.8e+03
4.7740e+03	2.4e+00	2.94899e+05	4.9e+03
4.7775e+03	2.4e+00	2.91936e+05	4.7e+03
4.7811e+03	2.4e+00	2.93464e+05	4.9e+03
4.7847e+03	2.4e+00	2.90667e+05	4.6e+03
4.7883e+03	2.4e+00	2.89479e+05	4.5e+03
4.7919e+03	2.4e+00	2.88891e+05	4.0e+03
4.7954e+03	2.4e+00	2.86420e+05	4.0e+03
4.7990e+03	2.4e+00	2.85172e+05	4.3e+03
4.8026e+03	2.4e+00	2.83709e+05	4.3e+03
4.8062e+03	2.4e+00	2.81706e+05	3.9e+03
4.8098e+03	2.4e+00	2.78535e+05	4.2e+03
4.8133e+03	2.4e+00	2.79620e+05	3.9e+03
4.8169e+03	2.4e+00	2.74807e+05	4.0e+03
4.8205e+03	2.4e+00	2.71973e+05	3.8e+03
4.8241e+03	2.4e+00	2.67793e+05	3.4e+03
4.8276e+03	2.4e+00	2.67724e+05	3.9e+03
4.8312e+03	2.4e+00	2.61418e+05	3.5e+03
4.8348e+03	2.4e+00	2.55611e+05	3.4e+03
4.8384e+03	2.4e+00	2.50033e+05	3.2e+03
4.8419e+03	2.4e+00	2.38114e+05	2.9e+03
4.8455e+03	2.4e+00	2.23748e+05	3.2e+03
4.8491e+03	2.4e+00	2.07055e+05	2.9e+03
4.8527e+03	2.4e+00	1.82284e+05	2.3e+03
4.8562e+03	2.4e+00	1.54886e+05	2.4e+03
4.8598e+03	2.4e+00	1.29740e+05	1.7e+03
4.8634e+03	2.4e+00	1.22797e+05	1.5e+03
4.8669e+03	2.4e+00	1.39064e+05	1.8e+03
4.8705e+03	2.4e+00	1.65077e+05	1.9e+03
4.8741e+03	2.4e+00	1.89007e+05	2.2e+03
4.8777e+03	2.4e+00	2.08874e+05	2.3e+03
4.8812e+03	2.4e+00	2.22142e+05	2.6e+03
4.8848e+03	2.4e+00	2.30789e+05	2.4e+03
4.8884e+03	2.4e+00	2.37724e+05	2.4e+03
4.8919e+03	2.4e+00	2.39264e+05	2.7e+03
4.8955e+03	2.4e+00	2.44426e+05	3.0e+03
4.8991e+03	2.4e+00	2.46723e+05	3.1e+03
4.9026e+03	2.4e+00	2.47582e+05	3.4e+03
4.9062e+03	2.4e+00	2.47907e+05	3.3e+03
4.9098e+03	2.4e+00	2.48936e+05	3.1e+03
4.9133e+03	2.4e+00	2.47988e+05	3.2e+03
4.9169e+03	2.4e+00	2.48599e+05	2.9e+03
4.9205e+03	2.4e+00	2.44822e+05	3.3e+03
4.9240e+03	2.4e+00	2.44695e+05	2.9e+03
4.9276e+03	2.4e+00	2.45278e+05	3.2e+03
4.9312e+03	2.4e+00	2.46250e+05	3.0e+03
4.9347e+03	2.4e+00	2.46985e+05	3.3e+03
4.9383e+03	2.4e+00	2.46254e+05	2.9e+03
4.9418e+03	2.4e+00	2.44240e+05	2.7e+03
4.9454e+03	2.4e+00	2.43867e+05	3.4e+03
4.9490e+03	2.4e+00	2.43570e+05	3.0e+03
4.9525e+03	2.4e+00	2.43876e+05	3.1e+03
4.9561e+03	2.4e+00	2.43256e+05	3.2e+03
4.9596e+03	2.4e+00	2.41558e+05	3.1e+03
4.9632e+03	2.4e+00	2.39591e+05	3.3e+03
4.9668e+03	2.4e+00	2.39513e+05	3.4e+03
4.9703e+03	2.4e+00	2.38257e+05	2.9e+03
4.9739e+03	2.4e+00	2.37283e+05	2.9e+03
4.9774e+03	2.4e+00	2.35994e+05	3.0e+03
4.9810e+03	2.4e+00	2.35559e+05	3.1e+03
4.9845e+03	2.4e+00	2.35327e+05	3.0e+03
4.9881e+03	2.4e+00	2.35210e+05	3.3e+03
4.9917e+03	2.4e+00	2.32213e+05	3.0e+03
4.9952e+03	2.4e+00	2.32626e+05	3.1e+03
4.9988e+03	2.4e+00	2.28798e+05	3.0e+03
5.0023e+03	2.4e+00	2.28184e+05	3.1e+03
5.0059e+03	2.4e+00	2.26919e+05	2.8e+03
5.0094e+03	2.4e+00	2.26074e+05	3.0e+03
5.0130e+03	2.4e+00	2.22871e+05	2.4e+03
5.0165e+03	2.4e+00	2.22042e+05	2.5e+03
5.0201e+03	2.4e+00	2.20988e+05	2.7e+03
5.0236e+03	2.4e+00	2.19476e+05	2.4e+03
5.0272e+03	2.4e+00	2.20435e+05	2.7e+03
5.0307e+03	2.4e+00	2.19108e+05	2.6e+03
5.0343e+03	2.4e+00	2.17482e+05	2.1e+03
5.0378e+03	2.4e+00	2.16626e+05	2.2e+03
5.0414e+03	2.4e+00	2.16472e+05	2.3e+03
5.0449e+03	2.4e+00	2.16094e+05	2.2e+03
5.0485e+03	2.4e+00	2.14338e+05	2.4e+03
5.0520e+03	2.4e+00	2.13100e+05	2.2e+03
5.0556e+03	2.4e+00	2.12039e+05	2.6e+03
5.0591e+03	2.4e+00	2.11138e+05	2.5e+03
5.0627e+03	2.4e+00	2.08672e+05	2.0e+03
5.0662e+03	2.4e+00	2.10006e+05	2.4e+03
5.0698e+03	2.4e+00	2.09000e+05	2.2e+03
5.0733e+03	2.4e+00	2.07962e+05	2.3e+03
5.0769e+03	2.4e+00	2.07778e+05	2.0e+03
5.0804e+03	2.4e+00	2.07747e+05	2.0e+03
5.0840e+03	2.4e+00	2.07712e+05	2.2e+03
5.0875e+03	2.4e+00	2.06315e+05	2.1e+03
5.0910e+03	2.4e+00	2.05404e+05	2.6e+03
5.0946e+03	2.4e+00	2.04807e+05	2.3e+03
5.0981e+03	2.4e+00	2.04594e+05	2.4e+03
5.1017e+03	2.4e+00	2.02342e+05	2.3e+03
5.1052e+03	2.4e+00	2.01247e+05	2.5e+03
5.1088e+03	2.4e+00	2.02560e+05	2.5e+03
5.1123e+03	2.4e+00	1.99522e+05	2.5e+03
5.1158e+03	2.4e+00	1.99396e+05	1.9e+03
5.1194e+03	2.4e+00	1.99248e+05	2.2e+03
5.1229e+03	2.4e+00	1.98059e+05	2.3e+03
5.1265e+03	2.4e+00	1.95681e+05	2.5e+03
5.1300e+03	2.4e+00	1.95605e+05	2.4e+03
5.1335e+03	2.4e+00	1.94384e+05	2.1e+03
5.1371e+03	2.4e+00	1.93740e+05	2.0e+03
5.1406e+03	2.4e+00	1.93895e+05	2.0e+03
5.1441e+03	2.4e+00	1.93206e+05	2.3e+03
5.1477e+03	2.4e+00	1.91349e+05	2.4e+03
5.1512e+03	2.4e+00	1.90271e+05	2.7e+03
5.1548e+03	2.4e+00	1.88841e+05	2.5e+03
5.1583e+03	2.4e+00	1.87778e+05	2.1e+03
5.1618e+03	2.4e+00	1.88272e+05	2.7e+03
5.1654e+03	2.4e+00	1.85864e+05	2.7e+03
5.1689e+03	2.4e+00	1.81889e+05	2.2e+03
5.1724e+03	2.4e+00	1.81103e+05	2.2e+03
5.1760e+03	2.4e+00	1.79724e+05	2.6e+03
5.1795e+03	2.4e+00	1.82343e+05	2.1e+03
5.1830e+03	2.4e+00	1.79986e+05	2.4e+03
5.1866e+03	2.4e+00	1.79624e+05	2.2e+03
5.1901e+03	2.4e+00	1.79944e+05	2.0e+03
5.1936e+03	2.4e+00	1.80505e+05	2.1e+03
5.1971e+03	2.4e+00	1.77593e+05	2.0e+03
5.2007e+03	2.4e+00	1.77976e+05	2.1e+03
5.2042e+03	2.4e+00	1.76959e+05	1.9e+03
5.2077e+03	2.4e+00	1.76589e+05	2.0e+03
5.2113e+03	2.4e+00	1.76894e+05	2.1e+03
5.2148e+03	2.4e+00	1.74226e+05	1.9e+03
5.2183e+03	2.4e+00	1.73313e+05	1.8e+03
5.2219e+03	2.4e+00	1.72780e+05	1.6e+03
5.2254e+03	2.4e+00	1.73075e+05	2.0e+03
5.2289e+03	2.4e+00	1.69313e+05	1.9e+03
5.2324e+03	2.4e+00	1.69951e+05	1.7e+03
5.2360e+03	2.4e+00	1.68272e+05	1.8e+03
5.2395e+03	2.4e+00	1.67790e+05	1.7e+03
5.2430e+03	2.4e+00	1.68201e+05	1.6e+03
5.2465e+03	2.4e+00	1.68049e+05	1.5e+03
5.2501e+03	2.4e+00	1.66327e+05	1.9e+03
5.2536e+03	2.4e+00	1.64307e+05	1.8e+03
5.2571e+03	2.4e+00	1.64147e+05	1.8e+03
5.2606e+03	2.4e+00	1.62896e+05	1.7e+03
5.2641e+03	2.4e+00	1.61965e+05	1.7e+03
5.2677e+03	2.4e+00	1.60647e+05	1.8e+03
5.2712e+03	2.4e+00	1.60175e+05	1.7e+03
5.2747e+03	2.4e+00	1.59273e+05	1.7e+03
5.2782e+03	2.4e+00	1.58117e+05	1.5e+03
5.2817e+03	2.4e+00	1.57587e+05	1.8e+03
5.2853e+03	2.4e+00	1.55884e+05	1.6e+03
5.2888e+03	2.4e+00	1.56969e+05	1.7e+03
5.2923e+03	2.4e+00	1.55984e+05	1.7e+03
5.2958e+03	2.4e+00	1.55824e+05	1.7e+03
5.2993e+03	2.4e+00	1.55339e+05	1.7e+03
5.3029e+03	2.4e+00	1.53875e+05	1.6e+03
5.3064e+03	2.4e+00	1.53500e+05	1.7e+03
5.3099e+03	2.4e+00	1.51431e+05	1.5e+03
5.3134e+03	2.4e+00	1.52104e+05	1.8e+03
5.3169e+03	2.4e+00	1.49639e+05	2.0e+03
5.3204e+03	2.4e+00	1.50011e+05	1.5e+03
5.3240e+03	2.4e+00	1.48674e+05	1.5e+03
5.3275e+03	2.4e+00	1.48103e+05	1.7e+03
5.3310e+03	2.4e+00	1.48467e+05	1.8e+03
5.3345e+03	2.4e+00	1.47576e+05	1.5e+03
5.3380e+03	2.4e+00	1.48551e+05	1.7e+03
5.3415e+03	2.4e+00	1.47444e+05	1.6e+03
5.3450e+03	2.4e+00	1.47367e+05	1.7e+03
5.3485e+03	2.4e+00	1.47824e+05	1.9e+03
5.3521e+03	2.4e+00	1.46428e+05	1.4e+03
5.3556e+03	2.4e+00	1.45944e+05	2.1e+03
5.3591e+03	2.4e+00	1.45983e+05	1.4e+03
5.3626e+03	2.4e+00	1.44029e+05	1.7e+03
5.3661e+03	2.4e+00	1.43355e+05	1.7e+03
5.3696e+03	2.4e+00	1.43691e+05	1.6e+03
5.3731e+03	2.4e+00	1.43800e+05	1.9e+03
5.3766e+03	2.4e+00	1.42851e+05	1.6e+03
5.3801e+03	2.4e+00	1.41764e+05	1.5e+03
5.3836e+03	2.4e+00	1.41532e+05	1.7e+03
5.3871e+03	2.4e+00	1.41134e+05	1.4e+03
5.3907e+03	2.4e+00	1.40380e+05	1.4e+03
5.3942e+03	2.4e+00	1.39195e+05	1.2e+03
5.3977e+03	2.4e+00	1.38398e+05	1.3e+03
5.4012e+03	2.4e+00	1.38367e+05	1.7e+03
5.4047e+03	2.4e+00	1.36995e+05	1.4e+03
5.4082e+03	2.4e+00	1.38158e+05	1.5e+03
5.4117e+03	2.4e+00	1.35819e+05	1.6e+03
5.4152e+03	2.4e+00	1.36742e+05	1.4e+03
5.4187e+03	2.4e+00	1.35314e+05	1.5e+03
5.4222e+03	2.4e+00	1.34918e+05	1.2e+03
5.4257e+03	2.4e+00	1.33757e+05	1.6e+03
5.4292e+03	2.4e+00	1.34030e+05	1.2e+03
5.4327e+03	2.4e+00	1.32536e+05	1.4e+03
5.4362e+03	2.4e+00	1.32623e+05	1.3e+03
5.4397e+03	2.4e+00	1.31993e+05	1.3e+03
5.4432e+03	2.4e+00	1.31791e+05	1.2e+03
5.4467e+03	2.4e+00	1.31360e+05	1.3e+03
5.4502e+03	2.4e+00	1.31088e+05	1.4e+03
5.4537e+03	2.4e+00	1.30469e+05	1.3e+03
5.4572e+03	2.4e+00	1.31272e+05	1.3e+03
5.4607e+03	2.4e+00	1.30293e+05	1.2e+03
5.4642e+03	2.4e+00	1.29242e+05	1.2e+03
5.4677e+03	2.4e+00	1.30039e+05	1.3e+03
5.4712e+03	2.4e+00	1.28638e+05	1.2e+03
5.4747e+03	2.4e+00	1.28161e+05	1.3e+03
5.4782e+03	2.4e+00	1.27448e+05	1.3e+03
5.4817e+03	2.4e+00	1.27001e+05	1.2e+03
5.4852e+03	2.4e+00	1.26932e+05	1.5e+03
5.4887e+03	2.4e+00	1.25894e+05	1.4e+03
5.4922e+03	2.4e+00	1.26253e+05	1.4e+03
5.4956e+03	2.4e+00	1.25374e+05	1.2e+03
5.4991e+03	2.4e+00	1.24751e+05	1.5e+03
5.5026e+03	2.4e+00	1.24516e+05	1.4e+03
5.5061e+03	2.4e+00	1.24292e+05	1.4e+03
5.5096e+03	2.4e+00	1.23817e+05	1.2e+03
5.5131e+03	2.4e+00	1.22049e+05	1.5e+03
5.5166e+03	2.4e+00	1.22449e+05	1.3e+03
5.5201e+03	2.4e+00	1.21371e+05	1.4e+03
5.5236e+03	2.4e+00	1.21845e+05	1.2e+03
5.5271e+03	2.4e+00	1.21597e+05	1.4e+03
5.5306e+03	2.4e+00	1.21180e+05	1.3e+03
5.5340e+03	2.4e+00	1.19821e+05	1.4e+03
5.5375e+03	2.4e+00	1.19902e+05	1.6e+03
5.5410e+03	2.4e+00	1.18927e+05	1.5e+03
5.5445e+03	2.4e+00	1.18765e+05	1.3e+03
5.5480e+03	2.4e+00	1.17810e+05	1.6e+03
5.5515e+03	2.4e+00	1.17712e+05	1.5e+03
5.5550e+03	2.4e+00	1.16542e+05	1.5e+03
5.5585e+03	2.4e+00	1.16979e+05	1.5e+03
5.5619e+03	2.4e+00	1.17249e+05	1.4e+03
5.5654e+03	2.4e+00	1.16225e+05	1.6e+03
5.5689e+03	2.4e+00	1.15748e+05	1.3e+03
5.5724e+03	2.4e+00	1.15437e+05	1.1e+03
5.5759e+03	2.4e+00	1.15017e+05	1.2e+03
5.5794e+03	2.4e+00	1.14147e+05	1.2e+03
5.5828e+03	2.4e+00	1.13861e+05	1.2e+03
5.5863e+03	2.4e+00	1.14066e+05	1.0e+03
5.5898e+03	2.4e+00	1.13733e+05	1.2e+03
5.5933e+03	2.4e+00	1.12631e+05	1.2e+03
5.5968e+03	2.4e+00	1.12389e+05	9.8e+02
5.6002e+03	2.4e+00	1.11663e+05	1.4e+03
5.6037e+03	2.4e+00	1.10698e+05	1.1e+03
5.6072e+03	2.4e+00	1.10176e+05	1.1e+03
5.6107e+03	2.4e+00	1.11756e+05	1.2e+03
5.6142e+03	2.4e+00	1.10262e+05	1.0e+03
5.6176e+03	2.4e+00	1.10537e+05	1.2e+03
5.6211e+03	2.4e+00	1.10085e+05	9.7e+02
5.6246e+03	2.4e+00	1.10339e+05	1.1e+03
5.6281e+03	2.4e+00	1.09538e+05	9.3e+02
5.6315e+03	2.4e+00	1.09118e+05	9.8e+02
5.6350e+03	2.4e+00	1.07818e+05	1.1e+03
5.6385e+03	2.4e+00	1.07551e+05	1.0e+03
5.6420e+03	2.4e+00	1.08614e+05	1.2e+03
5.6454e+03	2.4e+00	1.07624e+05	9.9e+02
5.6489e+03	2.4e+00	1.06321e+05	1.1e+03
5.6524e+03	2.4e+00	1.06302e+05	1.1e+03
5.6559e+03	2.4e+00	1.06833e+05	1.1e+03
5.6593e+03	2.4e+00	1.07314e+05	1.2e+03
5.6628e+03	2.4e+00	1.05993e+05	9.4e+02
5.6663e+03	2.4e+00	1.05950e+05	1.2e+03
5.6698e+03	2.4e+00	1.04715e+05	1.0e+03
5.6732e+03	2.4e+00	1.03890e+05	1.1e+03
5.6767e+03	2.4e+00	1.04753e+05	1.1e+03
5.6802e+03	2.4e+00	1.04530e+05	1.2e+03
5.6836e+03	2.4e+00	1.03436e+05	1.1e+03
5.6871e+03	2.4e+00	1.03033e+05	1.1e+03
5.6906e+03	2.4e+00	1.02934e+05	1.2e+03
5.6940e+03	2.4e+00	1.02214e+05	1.2e+03
5.6975e+03	2.4e+00	1.01238e+05	1.3e+03
5.7010e+03	2.4e+00	1.00912e+05	1.1e+03
5.7045e+03	2.4e+00	1.00763e+05	8.4e+02
5.7079e+03	2.4e+00	1.00255e+05	1.1e+03
5.7114e+03	2.4e+00	1.00243e+05	1.2e+03
5.7149e+03	2.4e+00	9.92443e+04	1.1e+03
5.7183e+03	2.4e+00	9.92752e+04	1.0e+03
5.7218e+03	2.4e+00	9.81010e+04	1.0e+03
5.7252e+03	2.4e+00	9.81503e+04	1.1e+03
5.7287e+03	2.4e+00	9.74460e+04	1.1e+03
5.7322e+03	2.4e+00	9.75510e+04	9.3e+02
5.7356e+03	2.4e+00	9.69357e+04	9.5e+02
5.7391e+03	2.4e+00	9.64688e+04	1.0e+03
5.7426e+03	2.4e+00	9.63453e+04	9.5e+02
5.7460e+03	2.4e+00	9.59086e+04	1.2e+03
5.7495e+03	2.4e+00	9.61461e+04	1.0e+03
5.7529e+03	2.4e+00	9.54807e+04	9.1e+02
5.7564e+03	2.4e+00	9.42266e+04	9.8e+02
5.7599e+03	2.4e+00	9.58896e+04	9.4e+02
5.7633e+03	2.4e+00	9.45998e+04	1.1e+03
5.7668e+03	2.4e+00	9.43292e+04	9.9e+02
5.7702e+03	2.4e+00	9.38232e+04	9.6e+02
5.7737e+03	2.4e+00	9.52691e+04	9.1e+02
5.7772e+03	2.4e+00	9.38922e+04	8.7e+02
5.7806e+03	2.4e+00	9.32067e+04	9.6e+02
5.7841e+03	2.4e+00	9.28433e+04	7.4e+02
5.7875e+03	2.4e+00	9.22988e+04	7.1e+02
5.7910e+03	2.4e+00	9.31353e+04	9.4e+02
5.7944e+03	2.4e+00	9.28328e+04	7.9e+02
5.7979e+03	2.4e+00	9.26737e+04	8.8e+02
5.8014e+03	2.4e+00	9.30876e+04	8.7e+02
5.8048e+03	2.4e+00	9.24436e+04	8.5e+02
5.8083e+03	2.4e+00	9.28295e+04	7.3e+02
5.8117e+03	2.4e+00	9.34414e+04	6.9e+02
5.8152e+03	2.4e+00	9.26749e+04	7.8e+02
5.8186e+03	2.4e+00	9.35260e+04	8.5e+02
5.8221e+03	2.4e+00	9.26197e+04	7.5e+02
5.8255e+03	2.4e+00	9.21754e+04	7.4e+02
5.8290e+03	2.4e+00	9.24571e+04	7.1e+02
5.8324e+03	2.4e+00	9.19130e+04	7.9e+02
5.8359e+03	2.4e+00	9.18676e+04	7.3e+02
5.8393e+03	2.4e+00	9.15819e+04	7.0e+02
5.8428e+03	2.4e+00	9.22240e+04	7.9e+02
5.8462e+03	2.4e+00	9.14017e+04	7.1e+02
5.8497e+03	2.4e+00	9.10387e+04	8.6e+02
5.8531e+03	2.4e+00	9.11956e+04	6.7e+02
5.8566e+03	2.4e+00	9.13567e+04	7.8e+02
5.8600e+03	2.4e+00	9.11498e+04	8.4e+02
5.8635e+03	2.4e+00	9.04550e+04	8.5e+02
5.8669e+03	2.4e+00	9.00793e+04	7.9e+02
5.8704e+03	2.4e+00	9.00423e+04	7.1e+02
5.8738e+03	2.4e+00	8.97145e+04	8.2e+02
5.8773e+03	2.4e+00	8.93190e+04	7.4e+02
5.8807e+03	2.4e+00	8.82320e+04	7.3e+02
5.8841e+03	2.4e+00	8.74521e+04	9.9e+02
5.8876e+03	2.4e+00	8.64129e+04	8.9e+02
5.8910e+03	2.4e+00	8.63097e+04	8.1e+02
5.8945e+03	2.4e+00	8.53891e+04	7.2e+02
5.8979e+03	2.4e+00	8.55310e+04	6.2e+02
5.9014e+03	2.4e+00	8.65698e+04	7.9e+02
5.9048e+03	2.4e+00	8.58854e+04	8.1e+02
5.9082e+03	2.4e+00	8.66299e+04	8.8e+02
5.9117e+03	2.4e+00	8.58608e+04	6.3e+02
5.9151e+03	2.4e+00	8.51565e+04	8.2e+02
5.9186e+03	2.4e+00	8.52809e+04	6.5e+02
5.9220e+03	2.4e+00	8.54049e+04	8.3e+02
5.9254e+03	2.4e+00	8.48071e+04	7.9e+02
5.9289e+03	2.4e+00	8.49613e+04	7.4e+02
5.9323e+03	2.4e+00	8.49349e+04	7.4e+02
5.9358e+03	2.4e+00	8.54172e+04	7.0e+02
5.9392e+03	2.4e+00	8.38111e+04	8.7e+02
5.9426e+03	2.4e+00	8.33482e+04	7.9e+02
5.9461e+03	2.4e+00	8.29658e+04	6.1e+02
5.9495e+03	2.4e+00	8.31732e+04	7.9e+02
5.9529e+03	2.4e+00	8.42674e+04	7.9e+02
5.9564e+03	2.4e+00	8.26393e+04	7.8e+02
5.9598e+03	2.4e+00	8.30644e+04	7.1e+02
5.9633e+03	2.4e+00	8.28903e+04	6.6e+02
5.9667e+03	2.4e+00	8.33684e+04	8.6e+02
5.9701e+03	2.4e+00	8.28535e+04	7.1e+02
5.9736e+03	2.4e+00	8.28048e+04	5.7e+02
5.9770e+03	2.4e+00	8.30557e+04	5.8e+02
5.9804e+03	2.4e+00	8.19811e+04	6.0e+02
5.9838e+03	2.4e+00	8.23537e+04	8.3e+02
5.9873e+03	2.4e+00	8.16560e+04	6.4e+02
5.9907e+03	2.4e+00	8.12333e+04	6.3e+02
5.9941e+03	2.4e+00	8.12656e+04	6.0e+02
5.9976e+03	2.4e+00	8.20621e+04	6.3e+02
6.0010e+03	2.4e+00	8.23724e+04	7.3e+02
6.0044e+03	2.4e+00	8.10282e+04	7.9e+02
6.0079e+03	2.4e+00	8.09105e+04	7.9e+02
6.0113e+03	2.4e+00	8.10005e+04	7.1e+02
6.0147e+03	2.4e+00	8.10355e+04	7.0e+02
6.0181e+03	2.4e+00	7.96105e+04	7.0e+02
6.0216e+03	2.4e+00	7.97321e+04	6.3e+02
6.0250e+03	2.4e+00	7.99213e+04	6.2e+02
6.0284e+03	2.4e+00	8.00896e+04	6.5e+02
6.0318e+03	2.4e+00	7.97509e+04	5.2e+02
6.0353e+03	2.4e+00	7.79957e+04	5.9e+02
6.0387e+03	2.4e+00	7.90434e+04	7.6e+02
6.0421e+03	2.4e+00	7.81918e+04	5.9e+02
6.0455e+03	2.4e+00	7.81920e+04	7.0e+02
6.0490e+03	2.4e+00	7.83450e+04	9.7e+02
6.0524e+03	2.4e+00	7.88193e+04	5.7e+02
6.0558e+03	2.4e+00	7.81334e+04	8.0e+02
6.0592e+03	2.4e+00	7.83769e+04	7.7e+02
6.0627e+03	2.4e+00	7.80817e+04	7.5e+02
6.0661e+03	2.4e+00	7.84631e+04	8.1e+02
6.0695e+03	2.4e+00	7.69811e+04	8.3e+02
6.0729e+03	2.4e+00	7.68368e+04	7.8e+02
6.0763e+03	2.4e+00	7.67181e+04	4.8e+02
6.0798e+03	2.4e+00	7.67619e+04	5.0e+02
6.0832e+03	2.4e+00	7.62741e+04	8.9e+02
6.0866e+03	2.4e+00	7.63988e+04	7.4e+02
6.0900e+03	2.4e+00	7.61888e+04	7.3e+02
6.0934e+03	2.4e+00	7.58519e+04	7.3e+02
6.0969e+03	2.4e+00	7.65700e+04	8.5e+02
6.1003e+03	2.4e+00	7.57754e+04	1.1e+03
6.1037e+03	2.4e+00	7.61267e+04	8.7e+02
6.1071e+03	2.4e+00	7.53906e+04	9.5e+02
6.1105e+03	2.4e+00	7.60173e+04	7.9e+02
6.1139e+03	2.4e+00	7.56523e+04	9.2e+02
6.1174e+03	2.4e+00	7.53571e+04	1.0e+03
6.1208e+03	2.4e+00	7.57238e+04	9.3e+02
6.1242e+03	2.4e+00	7.54583e+04	1.1e+03
6.1276e+03	2.4e+00	7.55059e+04	8.2e+02
6.1310e+03	2.4e+00	7.46757e+04	1.2e+03
6.1344e+03	2.4e+00	7.42671e+04	9.4e+02
6.1378e+03	2.4e+00	7.39882e+04	9.4e+02
6.1412e+03	2.4e+00	7.44503e+04	1.0e+03
6.1447e+03	2.4e+00	7.42722e+04	1.0e+03
6.1481e+03	2.4e+00	7.46217e+04	7.5e+02
6.1515e+03	2.4e+00	7.27972e+04	9.0e+02
6.1549e+03	2.4e+00	7.26809e+04	1.1e+03
6.1583e+03	2.4e+00	7.21062e+04	1.1e+03
6.1617e+03	2.4e+00	7.27198e+04	6.7e+02
6.1651e+03	2.4e+00	7.32614e+04	7.3e+02
6.1685e+03	2.4e+00	7.40221e+04	8.9e+02
6.1719e+03	2.4e+00	7.37314e+04	9.3e+02
6.1753e+03	2.4e+00	7.25327e+04	9.2e+02
6.1787e+03	2.4e+00	7.28769e+04	8.0e+02
6.1822e+03	2.4e+00	7.27306e+04	8.7e+02
6.1856e+03	2.4e+00	7.20497e+04	9.5e+02
6.1890e+03	2.4e+00	7.21267e+04	9.1e+02
6.1924e+03	2.4e+00	7.22854e+04	9.3e+02
6.1958e+03	2.4e+00	7.17155e+04	1.0e+03
6.1992e+03	2.4e+00	7.12898e+04	8.5e+02
6.2026e+03	2.4e+00	7.16918e+04	8.4e+02
6.2060e+03	2.4e+00	7.16516e+04	1.0e+03
6.2094e+03	2.4e+00	7.05467e+04	7.2e+02
6.2128e+03	2.4e+00	7.13107e+04	1.1e+03
6.2162e+03	2.4e+00	7.11693e+04	8.8e+02
6.2196e+03	2.4e+00	7.08359e+04	7.2e+02
6.2230e+03	2.4e+00	7.03186e+04	8.7e+02
6.2264e+03	2.4e+00	7.01957e+04	9.3e+02
6.2298e+03	2.4e+00	7.00603e+04	1.3e+03
6.2332e+03	2.4e+00	6.99978e+04	1.0e+03
6.2366e+03	2.4e+00	6.98015e+04	1.0e+03
6.2400e+03	2.4e+00	7.01424e+04	9.8e+02
6.2434e+03	2.4e+00	6.96387e+04	1.1e+03
6.2468e+03	2.4e+00	6.81750e+04	9.4e+02
6.2502e+03	2.4e+00	6.91997e+04	9.7e+02
6.2536e+03	2.4e+00	6.82503e+04	7.7e+02
6.2570e+03	2.4e+00	6.91136e+04	1.2e+03
6.2604e+03	2.4e+00	6.89994e+04	1.0e+03
6.2638e+03	2.4e+00	6.75581e+04	9.8e+02
6.2672e+03	2.4e+00	6.82684e+04	9.9e+02
6.2706e+03	2.4e+00	6.74616e+04	1.0e+03
6.2740e+03	2.4e+00	6.56849e+04	9.3e+02
6.2774e+03	2.4e+00	6.39202e+04	8.8e+02
6.2808e+03	2.4e+00	6.34123e+04	8.9e+02
6.2841e+03	2.4e+00	6.52660e+04	9.8e+02
6.2875e+03	2.4e+00	6.59656e+04	1.1e+03
6.2909e+03	2.4e+00	6.52589e+04	1.0e+03
6.2943e+03	2.4e+00	6.53788e+04	1.1e+03
6.2977e+03	2.4e+00	6.54676e+04	1.0e+03
6.3011e+03	2.4e+00	6.58917e+04	1.1e+03
6.3045e+03	2.4e+00	6.52642e+04	1.3e+03
6.3079e+03	2.4e+00	6.60506e+04	1.2e+03
6.3113e+03	2.4e+00	6.52308e+04	9.6e+02
6.3147e+03	2.4e+00	6.57458e+04	1.1e+03
6.3181e+03	2.4e+00	6.56556e+04	8.9e+02
6.3214e+03	2.4e+00	6.55837e+04	1.3e+03
6.3248e+03	2.4e+00	6.58020e+04	1.0e+03
6.3282e+03	2.4e+00	6.51432e+04	1.1e+03
6.3316e+03	2.4e+00	6.61455e+04	1.3e+03
6.3350e+03	2.4e+00	6.57770e+04	9.9e+02
6.3384e+03	2.4e+00	6.59484e+04	1.1e+03
6.3418e+03	2.4e+00	6.59125e+04	1.1e+03
6.3452e+03	2.4e+00	6.49786e+04	1.1e+03
6.3485e+03	2.4e+00	6.47610e+04	8.0e+02
6.3519e+03	2.4e+00	6.52076e+04	1.0e+03
6.3553e+03	2.4e+00	6.52558e+04	1.2e+03
6.3587e+03	2.4e+00	6.52859e+04	1.3e+03
6.3621e+03	2.4e+00	6.47949e+04	1.0e+03
6.3655e+03	2.4e+00	6.52979e+04	1.4e+03
6.3688e+03	2.4e+00	6.42859e+04	9.8e+02
6.3722e+03	2.4e+00	6.45911e+04	9.6e+02
6.3756e+03	2.4e+00	6.46927e+04	1.3e+03
6.3790e+03	2.4e+00	6.53830e+04	1.1e+03
6.3824e+03	2.4e+00	6.50255e+04	1.2e+03
6.3857e+03	2.4e+00	6.53801e+04	1.1e+03
6.3891e+03	2.4e+00	6.51663e+04	1.1e+03
6.3925e+03	2.4e+00	6.47624e+04	1.3e+03
6.3959e+03	2.4e+00	6.34261e+04	9.7e+02
6.3993e+03	2.4e+00	6.37823e+04	1.1e+03
6.4026e+03	2.4e+00	6.31696e+04	1.2e+03
6.4060e+03	2.4e+00	6.39651e+04	1.2e+03
6.4094e+03	2.4e+00	6.38412e+04	1.1e+03
6.4128e+03	2.4e+00	6.42386e+04	1.1e+03
6.4162e+03	2.4e+00	6.32529e+04	1.2e+03
6.4195e+03	2.4e+00	6.31889e+04	1.2e+03
6.4229e+03	2.4e+00	6.29112e+04	1.1e+03
6.4263e+03	2.4e+00	6.28807e+04	1.0e+03
6.4297e+03	2.4e+00	6.34612e+04	1.0e+03
6.4330e+03	2.4e+00	6.27172e+04	1.3e+03
6.4364e+03	2.4e+00	6.29099e+04	1.0e+03
6.4398e+03	2.4e+00	6.21083e+04	1.1e+03
6.4432e+03	2.4e+00	6.26392e+04	1.2e+03
6.4465e+03	2.4e+00	6.22447e+04	1.2e+03
6.4499e+03	2.4e+00	6.18414e+04	1.3e+03
6.4533e+03	2.4e+00	6.13049e+04	1.3e+03
6.4566e+03	2.4e+00	6.13104e+04	1.3e+03
6.4600e+03	2.4e+00	6.13798e+04	1.1e+03
6.4634e+03	2.4e+00	6.11706e+04	1.2e+03
6.4667e+03	2.4e+00	6.10446e+04	1.2e+03
6.4701e+03	2.4e+00	6.10367e+04	1.3e+03
6.4735e+03	2.4e+00	6.03018e+04	1.2e+03
6.4769e+03	2.4e+00	6.00085e+04	1.5e+03
6.4802e+03	2.4e+00	5.96798e+04	1.5e+03
6.4836e+03	2.4e+00	6.01240e+04	1.3e+03
6.4870e+03	2.4e+00	6.02528e+04	1.3e+03
6.4903e+03	2.4e+00	6.01082e+04	1.4e+03
6.4937e+03	2.4e+00	6.01510e+04	1.5e+03
6.4971e+03	2.4e+00	5.94561e+04	1.3e+03
6.5004e+03	2.4e+00	5.99769e+04	1.4e+03
6.5038e+03	2.4e+00	5.98001e+04	1.5e+03
6.5072e+03	2.4e+00	5.89594e+04	1.5e+03
6.5105e+03	2.4e+00	5.84798e+04	1.2e+03
6.5139e+03	2.4e+00	5.82110e+04	1.4e+03
6.5172e+03	2.4e+00	5.70977e+04	1.3e+03
6.5206e+03	2.4e+00	5.76255e+04	1.4e+03
6.5240e+03	2.4e+00	5.71744e+04	1.0e+03
6.5273e+03	2.4e+00	5.69940e+04	1.3e+03
6.5307e+03	2.4e+00	5.63423e+04	1.4e+03
6.5341e+03	2.4e+00	5.52567e+04	1.4e+03
6.5374e+03	2.4e+00	5.40833e+04	1.4e+03
6.5408e+03	2.4e+00	5.19381e+04	1.2e+03
6.5441e+03	2.4e+00	4.94766e+04	1.2e+03
6.5475e+03	2.4e+00	4.78238e+04	9.2e+02
6.5509e+03	2.4e+00	4.45047e+04	9.4e+02
6.5542e+03	2.4e+00	4.07667e+04	9.1e+02
6.5576e+03	2.4e+00	3.50290e+04	7.8e+02
6.5609e+03	2.4e+00	3.33004e+04	7.7e+02
6.5643e+03	2.4e+00	3.52038e+04	8.4e+02
6.5676e+03	2.4e+00	3.99425e+04	1.1e+03
6.5710e+03	2.4e+00	4.43318e+04	1.2e+03
6.5744e+03	2.4e+00	4.72623e+04	1.1e+03
6.5777e+03	2.4e+00	5.00325e+04	1.3e+03
6.5811e+03	2.4e+00	5.08757e+04	1.2e+03
6.5844e+03	2.4e+00	5.29542e+04	1.3e+03
6.5878e+03	2.4e+00	5.34092e+04	1.4e+03
6.5911e+03	2.4e+00	5.40531e+04	1.3e+03
6.5945e+03	2.4e+00	5.45276e+04	1.3e+03
6.5978e+03	2.4e+00	5.45811e+04	1.3e+03
6.6012e+03	2.4e+00	5.48120e+04	1.2e+03
6.6045e+03	2.4e+00	5.51300e+04	1.7e+03
6.6079e+03	2.4e+00	5.54212e+04	1.4e+03
6.6112e+03	2.4e+00	5.57322e+04	1.3e+03
6.6146e+03	2.4e+00	5.58863e+04	1.5e+03
6.6179e+03	2.4e+00	5.57459e+04	1.4e+03
6.6213e+03	2.4e+00	5.59053e+04	1.4e+03
6.6246e+03	2.4e+00	5.56958e+04	1.6e+03
6.6280e+03	2.4e+00	5.50984e+04	1.4e+03
6.6313e+03	2.4e+00	5.60985e+04	1.7e+03
6.6347e+03	2.4e+00	5.55999e+04	1.6e+03
6.6380e+03	2.4e+00	5.52293e+04	1.7e+03
6.6414e+03	2.4e+00	5.55721e+04	1.6e+03
6.6447e+03	2.4e+00	5.53501e+04	1.5e+03
6.6481e+03	2.4e+00	5.53571e+04	1.5e+03
6.6514e+03	2.4e+00	5.55495e+04	1.7e+03
6.6548e+03	2.4e+00	5.59232e+04	1.7e+03
6.6581e+03	2.4e+00	5.47253e+04	1.6e+03
6.6615e+03	2.4e+00	5.55409e+04	1.8e+03
6.6648e+03	2.4e+00	5.56148e+04	1.9e+03
6.6681e+03	2.4e+00	5.53286e+04	1.6e+03
6.6715e+03	2.4e+00	5.50747e+04	1.7e+03
6.6748e+03	2.4e+00	5.46496e+04	1.7e+03
6.6782e+03	2.4e+00	5.47953e+04	1.5e+03
6.6815e+03	2.4e+00	5.54781e+04	1.7e+03
6.6849e+03	2.4e+00	5.49811e+04	1.9e+03
6.6882e+03	2.4e+00	5.49932e+04	1.7e+03
6.6915e+03	2.4e+00	5.42011e+04	1.8e+03
6.6949e+03	2.4e+00	5.41456e+04	1.8e+03
6.6982e+03	2.4e+00	5.38123e+04	1.7e+03
6.7016e+03	2.4e+00	5.46042e+04	1.5e+03
6.7049e+03	2.4e+00	5.43232e+04	1.4e+03
6.7082e+03	2.4e+00	5.42694e+04	1.7e+03
6.7116e+03	2.4e+00	5.40917e+04	1.8e+03
6.7149e+03	2.4e+00	5.42808e+04	1.6e+03
6.7183e+03	2.4e+00	5.31873e+04	1.6e+03
6.7216e+03	2.4e+00	5.35250e+04	1.5e+03
6.7249e+03	2.4e+00	5.37156e+04	1.8e+03
6.7283e+03	2.4e+00	5.28275e+04	1.7e+03
6.7316e+03	2.4e+00	5.31096e+04	1.5e+03
6.7349e+03	2.4e+00	5.30269e+04	1.6e+03
6.7383e+03	2.4e+00	5.27704e+04	1.7e+03
6.7416e+03	2.4e+00	5.24103e+04	1.6e+03
6.7449e+03	2.4e+00	5.25884e+04	1.6e+03
6.7483e+03	2.4e+00	5.25167e+04	1.6e+03
6.7516e+03	2.4e+00	5.22621e+04	1.8e+03
6.7549e+03	2.4e+00	5.22408e+04	1.6e+03
6.7583e+03	2.4e+00	5.23845e+04	1.4e+03
6.7616e+03	2.4e+00	5.24471e+04	1.6e+03
6.7649e+03	2.4e+00	5.18456e+04	1.4e+03
6.7683e+03	2.4e+00	5.15246e+04	1.5e+03
6.7716e+03	2.4e+00	5.16116e+04	1.7e+03
6.7749e+03	2.4e+00	5.16878e+04	1.9e+03
6.7782e+03	2.4e+00	5.19715e+04	1.6e+03
6.7816e+03	2.4e+00	5.17750e+04	1.7e+03
6.7849e+03	2.4e+00	5.12469e+04	1.9e+03
6.7882e+03	2.4e+00	5.03819e+04	1.4e+03
6.7916e+03	2.4e+00	5.10546e+04	1.7e+03
6.7949e+03	2.4e+00	5.07104e+04	1.6e+03
6.7982e+03	2.4e+00	5.07941e+04	1.6e+03
6.8015e+03	2.4e+00	5.03264e+04	1.5e+03
6.8049e+03	2.4e+00	5.04696e+04	1.6e+03
6.8082e+03	2.4e+00	5.02202e+04	1.4e+03
6.8115e+03	2.4e+00	4.94439e+04	1.7e+03
6.8148e+03	2.4e+00	4.95500e+04	1.6e+03
6.8182e+03	2.4e+00	4.95845e+04	1.7e+03
6.8215e+03	2.4e+00	4.99274e+04	1.8e+03
6.8248e+03	2.4e+00	4.95604e+04	1.6e+03
6.8281e+03	2.4e+00	4.97597e+04	1.7e+03
6.8315e+03	2.4e+00	4.84006e+04	1.5e+03
6.8348e+03	2.4e+00	4.98143e+04	1.6e+03
6.8381e+03	2.4e+00	4.86681e+04	1.8e+03
6.8414e+03	2.4e+00	4.87785e+04	1.8e+03
6.8447e+03	2.4e+00	4.82474e+04	2.1e+03
6.8481e+03	2.4e+00	4.81539e+04	1.9e+03
6.8514e+03	2.4e+00	4.83783e+04	1.7e+03
6.8547e+03	2.4e+00	4.83367e+04	1.9e+03
6.8580e+03	2.4e+00	4.81573e+04	1.7e+03
6.8613e+03	2.4e+00	4.53031e+04	1.7e+03
6.8647e+03	2.4e+00	3.83435e+04	1.4e+03
6.8680e+03	2.4e+00	3.26159e+04	1.0e+03
6.8713e+03	2.4e+00	3.08808e+04	1.1e+03
6.8746e+03	2.4e+00	3.41534e+04	1.3e+03
6.8779e+03	2.4e+00	3.90168e+04	1.6e+03
6.8812e+03	2.4e+00	4.07448e+04	1.5e+03
6.8846e+03	2.4e+00	4.01373e+04	1.6e+03
6.8879e+03	2.4e+00	3.92463e+04	1.4e+03
6.8912e+03	2.4e+00	3.89749e+04	1.7e+03
6.8945e+03	2.4e+00	3.86470e+04	1.5e+03
6.8978e+03	2.4e+00	3.99388e+04	1.6e+03
6.9011e+03	2.4e+00	4.05422e+04	1.5e+03
6.9044e+03	2.4e+00	4.11944e+04	1.5e+03
6.9078e+03	2.4e+00	4.20538e+04	1.7e+03
6.9111e+03	2.4e+00	4.26433e+04	1.7e+03
6.9144e+03	2.4e+00	4.32620e+04	1.7e+03
6.9177e+03	2.4e+00	4.35972e+04	1.7e+03
6.9210e+03	2.4e+00	4.35874e+04	1.7e+03
6.9243e+03	2.4e+00	4.34510e+04	1.6e+03
6.9276e+03	2.4e+00	4.34021e+04	1.6e+03
6.9309e+03	2.4e+00	4.38760e+04	1.7e+03
6.9342e+03	2.4e+00	4.36321e+04	1.6e+03
6.9375e+03	2.4e+00	4.34206e+04	1.5e+03
6.9409e+03	2.4e+00	4.31548e+04	1.5e+03
6.9442e+03	2.4e+00	4.33293e+04	1.4e+03
6.9475e+03	2.4e+00	4.34751e+04	1.6e+03
6.9508e+03	2.4e+00	4.29618e+04	1.5e+03
6.9541e+03	2.4e+00	4.37632e+04	1.6e+03
6.9574e+03	2.4e+00	4.38470e+04	1.7e+03
6.9607e+03	2.4e+00	4.30572e+04	1.6e+03
6.9640e+03	2.4e+00	4.35715e+04	1.6e+03
6.9673e+03	2.4e+00	4.41009e+04	1.8e+03
6.9706e+03	2.4e+00	4.44388e+04	1.7e+03
6.9739e+03	2.4e+00	4.40068e+04	1.7e+03
6.9772e+03	2.4e+00	4.34709e+04	1.7e+03
6.9805e+03	2.4e+00	4.29934e+04	1.7e+03
6.9838e+03	2.4e+00	4.29171e+04	1.8e+03
6.9871e+03	2.4e+00	4.30048e+04	2.0e+03
6.9904e+03	2.4e+00	4.27562e+04	1.7e+03
6.9937e+03	2.4e+00	4.24185e+04	1.8e+03
6.9970e+03	2.4e+00	4.21492e+04	1.8e+03
7.0003e+03	2.4e+00	4.15165e+04	1.7e+03
7.0036e+03	2.4e+00	4.18322e+04	1.8e+03
7.0069e+03	2.4e+00	4.19963e+04	1.6e+03
7.0102e+03	2.4e+00	4.16605e+04	1.7e+03
7.0135e+03	2.4e+00	4.12725e+04	1.5e+03
7.0168e+03	2.4e+00	4.16924e+04	1.8e+03
7.0201e+03	2.4e+00	4.11641e+04	1.6e+03
7.0234e+03	2.4e+00	4.14091e+04	1.7e+03
7.0267e+03	2.4e+00	4.05249e+04	1.6e+03
7.0300e+03	2.4e+00	4.12837e+04	1.7e+03
7.0333e+03	2.4e+00	4.14319e+04	1.8e+03
7.0366e+03	2.4e+00	4.12935e+04	1.6e+03
7.0399e+03	2.4e+00	4.13489e+04	1.6e+03
7.0432e+03	2.4e+00	4.10743e+04	1.6e+03
7.0465e+03	2.4e+00	4.13706e+04	1.8e+03
7.0498e+03	2.4e+00	4.11578e+04	2.0e+03
7.0531e+03	2.4e+00	4.05339e+04	1.5e+03
7.0564e+03	2.4e+00	4.01501e+04	1.7e+03
7.0597e+03	2.4e+00	3.97261e+04	2.0e+03
7.0629e+03	2.4e+00	3.99035e+04	1.8e+03
7.0662e+03	2.4e+00	3.95863e+04	1.6e+03
7.0695e+03	2.4e+00	4.03224e+04	1.6e+03
7.0728e+03	2.4e+00	3.96664e+04	1.8e+03
7.0761e+03	2.4e+00	4.02072e+04	1.7e+03
7.0794e+03	2.4e+00	3.94644e+04	1.6e+03
7.0827e+03	2.4e+00	3.90854e+04	1.8e+03
7.0860e+03	2.4e+00	3.90280e+04	1.5e+03
7.0893e+03	2.4e+00	3.95451e+04	1.7e+03
7.0926e+03	2.4e+00	3.90333e+04	1.8e+03
7.0958e+03	2.4e+00	3.84575e+04	1.4e+03
7.0991e+03	2.4e+00	3.86976e+04	1.6e+03
7.1024e+03	2.4e+00	3.78204e+04	1.5e+03
7.1057e+03	2.4e+00	3.79424e+04	1.4e+03
7.1090e+03	2.4e+00	3.84353e+04	1.6e+03
7.1123e+03	2.4e+00	3.77017e+04	1.7e+03
7.1156e+03	2.4e+00	3.74039e+04	1.5e+03
7.1188e+03	2.4e+00	3.76344e+04	1.6e+03
7.1221e+03	2.4e+00	3.75535e+04	1.7e+03
7.1254e+03	2.4e+00	3.76009e+04	1.7e+03
7.1287e+03	2.4e+00	3.73121e+04	1.4e+03
7.1320e+03	2.4e+00	3.74318e+04	1.5e+03
7.1353e+03	2.4e+00	3.67649e+04	1.4e+03
7.1385e+03	2.4e+00	3.64402e+04	1.5e+03
7.1418e+03	2.4e+00	3.68641e+04	1.5e+03
7.1451e+03	2.4e+00	3.62099e+04	1.4e+03
7.1484e+03	2.4e+00	3.61927e+04	1.3e+03
7.1517e+03	2.4e+00	3.59469e+04	1.4e+03
7.1549e+03	2.4e+00	3.51098e+04	1.5e+03
7.1582e+03	2.4e+00	3.56685e+04	1.6e+03
7.1615e+03	2.4e+00	3.61646e+04	1.6e+03
7.1648e+03	2.4e+00	3.43095e+04	1.4e+03
7.1681e+03	2.4e+00	3.30019e+04	1.5e+03
7.1713e+03	2.4e+00	3.19616e+04	1.4e+03
7.1746e+03	2.4e+00	3.12815e+04	1.4e+03
7.1779e+03	2.4e+00	3.10152e+04	1.1e+03
7.1812e+03	2.4e+00	3.01922e+04	1.3e+03
7.1844e+03	2.4e+00	2.95209e+04	1.3e+03
7.1877e+03	2.4e+00	2.97688e+04	1.2e+03
7.1910e+03	2.4e+00	2.96907e+04	1.4e+03
7.1943e+03	2.4e+00	3.02031e+04	1.5e+03
7.1975e+03	2.4e+00	2.99905e+04	1.4e+03
7.2008e+03	2.4e+00	2.95868e+04	1.4e+03
7.2041e+03	2.4e+00	3.06147e+04	1.4e+03
7.2074e+03	2.4e+00	3.13610e+04	1.6e+03
7.2106e+03	2.4e+00	3.22839e+04	1.4e+03
7.2139e+03	2.4e+00	3.26097e+04	1.3e+03
7.2172e+03	2.4e+00	3.28411e+04	1.4e+03
7.2204e+03	2.4e+00	3.27180e+04	1.6e+03
7.2237e+03	2.4e+00	3.26145e+04	1.5e+03
7.2270e+03	2.4e+00	3.17818e+04	1.4e+03
7.2303e+03	2.4e+00	3.06788e+04	1.4e+03
7.2335e+03	2.4e+00	2.97735e+04	1.3e+03
7.2368e+03	2.4e+00	2.95183e+04	1.1e+03
7.2401e+03	2.4e+00	2.90547e+04	1.3e+03
7.2433e+03	2.4e+00	2.97154e+04	1.3e+03
7.2466e+03	2.4e+00	2.90584e+04	1.2e+03
7.2499e+03	2.4e+00	2.94607e+04	1.0e+03
7.2531e+03	2.4e+00	2.93828e+04	1.3e+03
7.2564e+03	2.4e+00	2.96906e+04	1.4e+03
7.2597e+03	2.4e+00	2.97544e+04	1.5e+03
7.2629e+03	2.4e+00	2.96299e+04	1.2e+03
7.2662e+03	2.4e+00	2.92475e+04	1.4e+03
7.2695e+03	2.4e+00	2.92786e+04	1.3e+03
7.2727e+03	2.4e+00	2.85414e+04	1.2e+03
7.2760e+03	2.4e+00	2.82056e+04	1.3e+03
7.2792e+03	2.4e+00	2.87914e+04	1.2e+03
7.2825e+03	2.4e+00	2.93913e+04	1.3e+03
7.2858e+03	2.4e+00	2.92617e+04	1.3e+03
7.2890e+03	2.4e+00	2.84090e+04	1.1e+03
7.2923e+03	2.4e+00	2.84207e+04	1.3e+03
7.2956e+03	2.4e+00	2.87035e+04	1.2e+03
7.2988e+03	2.4e+00	2.86052e+04	1.2e+03
7.3021e+03	2.4e+00	2.83416e+04	1.2e+03
7.3053e+03	2.4e+00	2.86623e+04	1.2e+03
7.3086e+03	2.4e+00	2.79595e+04	1.2e+03
7.3119e+03	2.4e+00	2.80064e+04	1.2e+03
7.3151e+03	2.4e+00	2.82026e+04	1.3e+03
7.3184e+03	2.4e+00	2.81961e+04	1.3e+03
7.3216e+03	2.4e+00	2.86985e+04	1.4e+03
7.3249e+03	2.4e+00	2.89667e+04	1.3e+03
7.3281e+03	2.4e+00	2.84643e+04	1.3e+03
7.3314e+03	2.4e+00	2.82469e+04	1.2e+03
7.3346e+03	2.4e+00	2.83450e+04	1.3e+03
7.3379e+03	2.4e+00	2.87608e+04	1.4e+03
7.3412e+03	2.4e+00	2.83668e+04	1.2e+03
7.3444e+03	2.4e+00	2.82532e+04	1.2e+03
7.3477e+03	2.4e+00	2.78428e+04	1.2e+03
7.3509e+03	2.4e+00	2.81190e+04	1.2e+03
7.3542e+03	2.4e+00	2.84211e+04	1.2e+03
7.3574e+03	2.4e+00	2.77763e+04	1.2e+03
7.3607e+03	2.4e+00	2.74204e+04	1.2e+03
7.3639e+03	2.4e+00	2.74323e+04	1.2e+03
7.3672e+03	2.4e+00	2.74682e+04	1.3e+03
7.3704e+03	2.4e+00	2.73933e+04	1.3e+03
7.3737e+03	2.4e+00	2.75936e+04	1.2e+03
7.3769e+03	2.4e+00	2.74892e+04	1.4e+03
7.3802e+03	2.4e+00	2.73166e+04	1.2e+03
7.3834e+03	2.4e+00	2.69105e+04	1.3e+03
7.3867e+03	2.4e+00	2.68906e+04	1.2e+03
7.3899e+03	2.4e+00	2.74486e+04	1.3e+03
7.3932e+03	2.4e+00	2.69479e+04	1.3e+03
7.3964e+03	2.4e+00	2.68227e+04	1.3e+03
7.3997e+03	2.4e+00	2.72905e+04	1.3e+03
7.4029e+03	2.4e+00	2.70054e+04	1.2e+03
7.4062e+03	2.4e+00	2.65694e+04	1.2e+03
7.4094e+03	2.4e+00	2.67815e+04	1.3e+03
7.4127e+03	2.4e+00	2.71476e+04	1.3e+03
7.4159e+03	2.4e+00	2.64980e+04	1.4e+03
7.4191e+03	2.4e+00	2.68661e+04	1.3e+03
7.4224e+03	2.4e+00	2.59325e+04	1.3e+03
7.4256e+03	2.4e+00	2.60289e+04	1.3e+03
7.4289e+03	2.4e+00	2.59576e+04	1.3e+03
7.4321e+03	2.4e+00	2.60445e+04	1.3e+03
7.4354e+03	2.4e+00	2.57080e+04	1.2e+03
7.4386e+03	2.4e+00	2.56646e+04	1.2e+03
7.4418e+03	2.4e+00	2.53714e+04	1.3e+03
7.4451e+03	2.4e+00	2.59609e+04	1.4e+03
7.4483e+03	2.4e+00	2.55414e+04	1.3e+03
7.4516e+03	2.4e+00	2.56387e+04	1.4e+03
7.4548e+03	2.4e+00	2.56689e+04	1.3e+03
7.4580e+03	2.4e+00	2.53804e+04	1.4e+03
7.4613e+03	2.4e+00	2.54628e+04	1.3e+03
7.4645e+03	2.4e+00	2.52499e+04	1.3e+03
7.4678e+03	2.4e+00	2.48929e+04	1.3e+03
7.4710e+03	2.4e+00	2.45488e+04	1.4e+03
7.4742e+03	2.4e+00	2.48159e+04	1.3e+03
7.4775e+03	2.4e+00	2.47411e+04	1.4e+03
7.4807e+03	2.4e+00	2.45118e+04	1.3e+03
7.4839e+03	2.4e+00	2.46083e+04	1.3e+03
7.4872e+03	2.4e+00	2.40631e+04	1.4e+03
7.4904e+03	2.4e+00	2.44167e+04	1.3e+03
7.4936e+03	2.4e+00	2.38711e+04	1.3e+03
7.4969e+03	2.4e+00	2.39234e+04	1.3e+03
7.5001e+03	2.4e+00	2.39413e+04	1.3e+03
7.5033e+03	2.4e+00	2.37512e+04	1.3e+03
7.5066e+03	2.4e+00	2.36022e+04	1.3e+03
7.5098e+03	2.4e+00	2.34484e+04	1.3e+03
7.5130e+03	2.4e+00	2.31856e+04	1.3e+03
7.5163e+03	2.4e+00	2.31093e+04	1.3e+03
7.5195e+03	2.4e+00	2.33428e+04	1.3e+03
7.5227e+03	2.4e+00	2.28736e+04	1.3e+03
7.5260e+03	2.4e+00	2.24502e+04	1.3e+03
7.5292e+03	2.4e+00	2.31584e+04	1.3e+03
7.5324e+03	2.4e+00	2.27405e+04	1.4e+03
7.5356e+03	2.4e+00	2.27415e+04	1.3e+03
7.5389e+03	2.4e+00	2.25140e+04	1.3e+03
7.5421e+03	2.4e+00	2.26789e+04	1.3e+03
7.5453e+03	2.4e+00	2.25025e+04	1.3e+03
7.5486e+03	2.4e+00	2.19154e+04	1.3e+03
7.5518e+03	2.4e+00	2.22226e+04	1.3e+03
7.5550e+03	2.4e+00	2.22062e+04	1.3e+03
7.5582e+03	2.4e+00	2.24250e+04	1.4e+03
7.5615e+03	2.4e+00	2.15675e+04	1.3e+03
7.5647e+03	2.4e+00	2.18342e+04	1.4e+03
7.5679e+03	2.4e+00	2.22731e+04	1.3e+03
7.5711e+03	2.4e+00	2.20625e+04	1.3e+03
7.5744e+03	2.4e+00	2.18109e+04	1.4e+03
7.5776e+03	2.4e+00	2.14939e+04	1.3e+03
7.5808e+03	2.4e+00	2.16814e+04	1.3e+03
7.5840e+03	2.4e+00	2.14039e+04	1.3e+03
7.5872e+03	2.4e+00	2.09852e+04	1.4e+03
7.5905e+03	2.4e+00	2.00137e+04	1.3e+03
7.5937e+03	2.4e+00	1.78070e+04	1.2e+03
7.5969e+03	2.4e+00	1.26537e+04	8.7e+02
7.6001e+03	2.4e+00	8.54165e+03	6.2e+02
7.6033e+03	2.4e+00	5.21912e+03	4.1e+02
7.6066e+03	2.4e+00	3.39562e+03	2.2e+02
7.6098e+03	2.4e+00	3.04323e+03	2.4e+02
7.6130e+03	2.4e+00	4.27035e+03	3.0e+02
7.6162e+03	2.4e+00	6.13209e+03	4.1e+02
7.6194e+03	2.4e+00	9.56075e+03	6.2e+02
7.6227e+03	2.4e+00	1.06731e+04	6.9e+02
7.6259e+03	2.4e+00	9.67206e+03	6.7e+02
7.6291e+03	2.4e+00	8.56054e+03	5.9e+02
7.6323e+03	2.4e+00	7.80657e+03	5.6e+02
7.6355e+03	2.4e+00	7.51363e+03	5.0e+02
7.6387e+03	2.4e+00	7.71424e+03	5.5e+02
7.6419e+03	2.4e+00	8.33697e+03	5.8e+02
7.6452e+03	2.4e+00	9.05095e+03	6.1e+02
7.6484e+03	2.4e+00	1.00665e+04	7.3e+02
7.6516e+03	2.4e+00	1.09114e+04	8.0e+02
7.6548e+03	2.4e+00	1.20490e+04	8.1e+02
7.6580e+03	2.4e+00	1.29399e+04	8.8e+02
7.6612e+03	2.4e+00	1.36154e+04	9.4e+02
7.6644e+03	2.4e+00	1.46211e+04	1.1e+03
7.6676e+03	2.4e+00	1.51177e+04	1.1e+03
7.6709e+03	2.4e+00	1.55363e+04	1.1e+03
7.6741e+03	2.4e+00	1.60141e+04	1.2e+03
7.6773e+03	2.4e+00	1.67211e+04	1.2e+03
7.6805e+03	2.4e+00	1.75433e+04	1.2e+03
7.6837e+03	2.4e+00	1.73635e+04	1.2e+03
