# lambda [A]	Dlambda [A]	specval [counts]	Dspecval [counts]
4.1894e+03	3.7e+00	7.71270e+02	2.1e+01
4.1929e+03	3.7e+00	1.12680e+03	2.1e+01
4.1964e+03	3.7e+00	1.13156e+03	2.3e+01
4.2000e+03	3.7e+00	7.75562e+02	2.0e+01
4.2035e+03	3.7e+00	3.28065e+02	1.2e+01
4.2070e+03	3.7e+00	2.50683e+02	1.5e+01
4.2105e+03	3.6e+00	2.76092e+02	1.9e+01
4.2140e+03	3.6e+00	2.82467e+02	1.9e+01
4.2175e+03	3.6e+00	3.18866e+02	9.0e+00
4.2210e+03	3.6e+00	3.59169e+02	7.9e+00
4.2246e+03	3.6e+00	2.75611e+02	1.2e+01
4.2281e+03	3.6e+00	2.88118e+02	2.1e+01
4.2316e+03	3.6e+00	2.55545e+02	1.0e+01
4.2351e+03	3.6e+00	2.25060e+02	1.3e+01
4.2386e+03	3.6e+00	2.06272e+02	1.9e+01
4.2422e+03	3.6e+00	2.07784e+02	1.7e+01
4.2457e+03	3.6e+00	2.43328e+02	7.4e+00
4.2492e+03	3.6e+00	3.82450e+02	1.6e+01
4.2527e+03	3.6e+00	5.67216e+02	1.3e+01
4.2562e+03	3.6e+00	6.46588e+02	2.0e+01
4.2598e+03	3.6e+00	5.86277e+02	1.5e+01
4.2633e+03	3.6e+00	4.11565e+02	1.3e+01
4.2668e+03	3.5e+00	4.86682e+02	6.3e+00
4.2703e+03	3.5e+00	6.17100e+02	1.7e+01
4.2739e+03	3.5e+00	5.86406e+02	2.4e+01
4.2774e+03	3.5e+00	4.11347e+02	2.2e+01
4.2809e+03	3.5e+00	2.10456e+02	1.5e+01
4.2844e+03	3.5e+00	1.76583e+02	1.6e+01
4.2880e+03	3.5e+00	1.81737e+02	1.3e+01
4.2915e+03	3.5e+00	2.76956e+02	2.4e+01
4.2950e+03	3.5e+00	3.05981e+02	2.0e+01
4.2985e+03	3.5e+00	2.55016e+02	8.1e+00
4.3021e+03	3.5e+00	2.45055e+02	9.9e+00
4.3056e+03	3.5e+00	2.28072e+02	1.6e+01
4.3091e+03	3.5e+00	1.94805e+02	1.6e+01
4.3126e+03	3.5e+00	2.28494e+02	1.5e+01
4.3162e+03	3.4e+00	1.66584e+02	1.5e+01
4.3197e+03	3.4e+00	1.88542e+02	1.3e+01
4.3232e+03	3.4e+00	3.06533e+02	1.6e+01
4.3268e+03	3.4e+00	4.42163e+02	2.3e+01
4.3303e+03	3.4e+00	4.82463e+02	1.6e+01
4.3338e+03	3.4e+00	4.59861e+02	1.8e+01
4.3374e+03	3.4e+00	3.85641e+02	1.7e+01
4.3409e+03	3.4e+00	4.91485e+02	3.1e+01
4.3444e+03	3.4e+00	4.36133e+02	1.0e+01
4.3480e+03	3.4e+00	3.37753e+02	1.2e+01
4.3515e+03	3.4e+00	2.56181e+02	1.0e+01
4.3550e+03	3.4e+00	2.40360e+02	1.2e+01
4.3586e+03	3.3e+00	2.67487e+02	1.4e+01
4.3621e+03	3.3e+00	3.40520e+02	1.6e+01
4.3656e+03	3.3e+00	3.71857e+02	7.7e+00
4.3692e+03	3.3e+00	4.29978e+02	1.0e+01
4.3727e+03	3.3e+00	3.81632e+02	1.8e+01
4.3762e+03	3.3e+00	3.45687e+02	1.7e+01
4.3798e+03	3.3e+00	2.85903e+02	1.1e+01
4.3833e+03	3.3e+00	2.33759e+02	1.4e+01
4.3869e+03	3.3e+00	2.05080e+02	6.6e+00
4.3904e+03	3.3e+00	1.90426e+02	9.6e+00
4.3939e+03	3.3e+00	2.33795e+02	9.2e+00
4.3975e+03	3.3e+00	2.21499e+02	1.7e+01
4.4010e+03	3.2e+00	1.81244e+02	1.7e+01
4.4045e+03	3.2e+00	1.54922e+02	1.1e+01
4.4081e+03	3.2e+00	1.51098e+02	1.3e+01
4.4116e+03	3.2e+00	1.54477e+02	9.3e+00
4.4152e+03	3.2e+00	1.73810e+02	8.0e+00
4.4187e+03	3.2e+00	2.65618e+02	1.8e+01
4.4222e+03	3.2e+00	3.13460e+02	1.2e+01
4.4258e+03	3.2e+00	3.01214e+02	4.5e+00
4.4293e+03	3.2e+00	2.42157e+02	1.2e+01
4.4329e+03	3.2e+00	1.91325e+02	9.8e+00
4.4364e+03	3.2e+00	1.64948e+02	6.4e+00
4.4400e+03	3.1e+00	1.69433e+02	9.3e+00
4.4435e+03	3.1e+00	1.78512e+02	8.3e+00
4.4470e+03	3.1e+00	1.54607e+02	1.1e+01
4.4506e+03	3.1e+00	1.52398e+02	1.1e+01
4.4541e+03	3.1e+00	1.41096e+02	1.1e+01
4.4577e+03	3.1e+00	1.42010e+02	2.0e+01
4.4612e+03	3.1e+00	1.56029e+02	8.3e+00
4.4648e+03	3.1e+00	1.85186e+02	6.2e+00
4.4683e+03	3.1e+00	2.19441e+02	1.3e+01
4.4719e+03	3.1e+00	2.31558e+02	1.0e+01
4.4754e+03	3.1e+00	2.40623e+02	1.4e+01
4.4790e+03	3.0e+00	2.06189e+02	8.5e+00
4.4825e+03	3.0e+00	1.96797e+02	1.2e+01
4.4860e+03	3.0e+00	1.87032e+02	1.1e+01
4.4896e+03	3.0e+00	2.28323e+02	1.4e+01
4.4931e+03	3.0e+00	2.69880e+02	8.3e+00
4.4967e+03	3.0e+00	3.05805e+02	1.3e+01
4.5002e+03	3.0e+00	3.65792e+02	1.2e+01
4.5038e+03	3.0e+00	4.15446e+02	1.5e+01
4.5073e+03	3.0e+00	3.60974e+02	1.2e+01
4.5109e+03	3.0e+00	2.78229e+02	1.1e+01
4.5144e+03	2.9e+00	1.92317e+02	1.4e+01
4.5180e+03	2.9e+00	1.82078e+02	1.1e+01
4.5215e+03	2.9e+00	1.89937e+02	1.0e+01
4.5251e+03	2.9e+00	1.36112e+02	9.0e+00
4.5286e+03	2.9e+00	1.69178e+02	3.8e+00
4.5322e+03	2.9e+00	1.86085e+02	1.2e+01
4.5357e+03	2.9e+00	2.43901e+02	1.1e+01
4.5393e+03	2.9e+00	3.25088e+02	9.1e+00
4.5428e+03	2.9e+00	3.06389e+02	9.5e+00
4.5464e+03	2.9e+00	2.25349e+02	7.5e+00
4.5499e+03	2.9e+00	1.50279e+02	1.1e+01
4.5535e+03	2.8e+00	1.34119e+02	5.4e+00
4.5570e+03	2.8e+00	1.28215e+02	1.1e+01
4.5606e+03	2.8e+00	1.37218e+02	7.9e+00
4.5642e+03	2.8e+00	1.34623e+02	7.8e+00
4.5677e+03	2.8e+00	1.60955e+02	6.0e+00
4.5713e+03	2.8e+00	1.94811e+02	8.0e+00
4.5748e+03	2.8e+00	2.15567e+02	1.1e+01
4.5784e+03	2.8e+00	2.11285e+02	3.9e+00
4.5819e+03	2.8e+00	2.26967e+02	1.3e+01
4.5855e+03	2.8e+00	2.30823e+02	1.0e+01
4.5890e+03	2.8e+00	2.12648e+02	6.9e+00
4.5926e+03	2.8e+00	1.68548e+02	6.6e+00
4.5961e+03	2.7e+00	1.61159e+02	1.0e+01
4.5997e+03	2.7e+00	1.95367e+02	6.7e+00
4.6032e+03	2.7e+00	2.69114e+02	7.3e+00
4.6068e+03	2.7e+00	2.72609e+02	9.0e+00
4.6104e+03	2.7e+00	2.20466e+02	1.1e+01
4.6139e+03	2.7e+00	1.09811e+02	8.7e+00
4.6175e+03	2.7e+00	9.94868e+01	9.1e+00
4.6210e+03	2.7e+00	1.01525e+02	5.1e+00
4.6246e+03	2.7e+00	1.07524e+02	9.6e+00
4.6281e+03	2.7e+00	1.00570e+02	6.8e+00
4.6317e+03	2.7e+00	9.98281e+01	7.0e+00
4.6353e+03	2.7e+00	1.01719e+02	7.6e+00
4.6388e+03	2.7e+00	8.35608e+01	1.1e+01
4.6424e+03	2.7e+00	1.08396e+02	4.7e+00
4.6459e+03	2.6e+00	1.13176e+02	9.9e+00
4.6495e+03	2.6e+00	1.95052e+02	7.8e+00
4.6530e+03	2.6e+00	2.47921e+02	7.0e+00
4.6566e+03	2.6e+00	2.07905e+02	7.9e+00
4.6602e+03	2.6e+00	1.27455e+02	8.2e+00
4.6637e+03	2.6e+00	1.03088e+02	5.9e+00
4.6673e+03	2.6e+00	1.05668e+02	5.8e+00
4.6708e+03	2.6e+00	1.06423e+02	6.3e+00
4.6744e+03	2.6e+00	1.17728e+02	1.2e+01
4.6780e+03	2.6e+00	1.16529e+02	9.8e+00
4.6815e+03	2.6e+00	1.26192e+02	8.4e+00
4.6851e+03	2.6e+00	1.02854e+02	1.0e+01
4.6886e+03	2.6e+00	9.43228e+01	6.2e+00
4.6922e+03	2.6e+00	1.10262e+02	9.6e+00
4.6958e+03	2.6e+00	9.32395e+01	5.3e+00
4.6993e+03	2.6e+00	1.04431e+02	6.0e+00
4.7029e+03	2.6e+00	1.24181e+02	5.5e+00
4.7064e+03	2.6e+00	1.04248e+02	9.3e+00
4.7100e+03	2.6e+00	9.50788e+01	9.0e+00
4.7136e+03	2.6e+00	1.04488e+02	5.6e+00
4.7171e+03	2.6e+00	1.35890e+02	1.1e+01
4.7207e+03	2.6e+00	1.74080e+02	4.8e+00
4.7242e+03	2.6e+00	1.74472e+02	6.2e+00
4.7278e+03	2.6e+00	1.94930e+02	8.5e+00
4.7314e+03	2.6e+00	1.41683e+02	9.9e+00
4.7349e+03	2.5e+00	1.29140e+02	4.8e+00
4.7385e+03	2.5e+00	1.06166e+02	6.9e+00
4.7420e+03	2.5e+00	8.48245e+01	3.8e+00
4.7456e+03	2.5e+00	9.79948e+01	4.9e+00
4.7492e+03	2.5e+00	9.54992e+01	5.9e+00
4.7527e+03	2.5e+00	1.01840e+02	9.7e+00
4.7563e+03	2.5e+00	1.76505e+02	1.0e+01
4.7598e+03	2.5e+00	2.74779e+02	9.6e+00
4.7634e+03	2.5e+00	2.74079e+02	5.3e+00
4.7670e+03	2.5e+00	1.93772e+02	6.3e+00
4.7705e+03	2.5e+00	9.06553e+01	4.1e+00
4.7741e+03	2.6e+00	7.70821e+01	4.8e+00
4.7777e+03	2.6e+00	8.40268e+01	7.4e+00
4.7812e+03	2.6e+00	9.08390e+01	1.1e+01
4.7848e+03	2.6e+00	7.68249e+01	5.4e+00
4.7883e+03	2.6e+00	8.42777e+01	8.0e+00
4.7919e+03	2.6e+00	1.04904e+02	5.7e+00
4.7955e+03	2.6e+00	1.15687e+02	7.1e+00
4.7990e+03	2.6e+00	1.57045e+02	1.1e+01
4.8026e+03	2.6e+00	1.85138e+02	7.0e+00
4.8062e+03	2.6e+00	1.81112e+02	6.0e+00
4.8097e+03	2.6e+00	1.70988e+02	7.4e+00
4.8133e+03	2.6e+00	1.66709e+02	5.0e+00
4.8168e+03	2.6e+00	1.95183e+02	2.7e+00
4.8204e+03	2.6e+00	2.38227e+02	6.2e+00
4.8240e+03	2.6e+00	2.61319e+02	1.1e+01
4.8275e+03	2.6e+00	2.74399e+02	5.6e+00
4.8311e+03	2.6e+00	2.29138e+02	7.7e+00
4.8347e+03	2.6e+00	1.55175e+02	8.8e+00
4.8382e+03	2.6e+00	1.19435e+02	4.2e+00
4.8418e+03	2.6e+00	9.61242e+01	6.2e+00
4.8453e+03	2.6e+00	1.01806e+02	4.2e+00
4.8489e+03	2.6e+00	1.02539e+02	4.4e+00
4.8525e+03	2.7e+00	1.34823e+02	4.3e+00
4.8560e+03	2.7e+00	2.09665e+02	4.0e+00
4.8596e+03	2.7e+00	2.20789e+02	7.4e+00
4.8632e+03	2.7e+00	1.67988e+02	5.9e+00
4.8667e+03	2.7e+00	9.51502e+01	8.8e+00
4.8703e+03	2.7e+00	1.09969e+02	1.8e+00
4.8739e+03	2.7e+00	1.69384e+02	4.4e+00
4.8774e+03	2.7e+00	2.02672e+02	9.1e+00
4.8810e+03	2.7e+00	1.94613e+02	7.3e+00
4.8845e+03	2.7e+00	1.35306e+02	7.0e+00
4.8881e+03	2.7e+00	9.52044e+01	4.6e+00
4.8917e+03	2.7e+00	8.57428e+01	7.3e+00
4.8952e+03	2.8e+00	7.46719e+01	5.3e+00
4.8988e+03	2.8e+00	9.00805e+01	8.2e+00
4.9024e+03	2.8e+00	8.77768e+01	5.6e+00
4.9059e+03	2.8e+00	7.49941e+01	3.4e+00
4.9095e+03	2.8e+00	7.16144e+01	7.3e+00
4.9130e+03	2.8e+00	7.08358e+01	6.2e+00
4.9166e+03	2.8e+00	8.01236e+01	4.6e+00
4.9202e+03	2.8e+00	7.50863e+01	4.7e+00
4.9237e+03	2.9e+00	7.34455e+01	5.2e+00
4.9273e+03	2.9e+00	8.03118e+01	6.9e+00
4.9309e+03	2.9e+00	6.64314e+01	6.2e+00
4.9344e+03	2.9e+00	5.58450e+01	7.6e+00
4.9380e+03	2.9e+00	4.64476e+01	1.8e+00
4.9415e+03	2.9e+00	5.48815e+01	8.5e+00
4.9451e+03	2.9e+00	5.23494e+01	6.2e+00
4.9487e+03	2.9e+00	6.22960e+01	6.5e+00
4.9522e+03	3.0e+00	5.75964e+01	6.2e+00
4.9558e+03	3.0e+00	7.27307e+01	6.9e+00
4.9594e+03	3.0e+00	9.98542e+01	5.7e+00
4.9629e+03	3.0e+00	1.15315e+02	3.5e+00
4.9665e+03	3.0e+00	9.27137e+01	6.4e+00
4.9700e+03	3.0e+00	7.48523e+01	1.6e+00
4.9736e+03	3.0e+00	6.74581e+01	4.1e+00
4.9772e+03	3.1e+00	5.85654e+01	4.5e+00
4.9807e+03	3.1e+00	5.75291e+01	3.7e+00
4.9843e+03	3.1e+00	5.37095e+01	4.0e+00
4.9879e+03	3.1e+00	5.21715e+01	3.1e+00
4.9914e+03	3.1e+00	5.16702e+01	6.9e+00
4.9950e+03	3.1e+00	5.57569e+01	6.3e+00
4.9985e+03	3.2e+00	5.93082e+01	3.7e+00
5.0021e+03	3.2e+00	6.63542e+01	7.3e+00
5.0057e+03	3.2e+00	7.67097e+01	4.2e+00
5.0092e+03	3.2e+00	9.10400e+01	3.4e+00
5.0128e+03	3.2e+00	1.05262e+02	4.5e+00
5.0163e+03	3.2e+00	1.00768e+02	5.1e+00
5.0199e+03	3.3e+00	7.91174e+01	3.4e+00
5.0235e+03	3.3e+00	4.67622e+01	4.7e+00
5.0270e+03	3.3e+00	3.82827e+01	4.8e+00
5.0306e+03	3.3e+00	6.53505e+01	4.1e+00
5.0341e+03	3.3e+00	5.92337e+01	3.2e+00
5.0377e+03	3.4e+00	5.61221e+01	3.9e+00
5.0413e+03	3.4e+00	6.62639e+01	2.8e+00
5.0448e+03	3.4e+00	6.20069e+01	3.8e+00
5.0484e+03	3.4e+00	6.41788e+01	4.9e+00
5.0519e+03	3.4e+00	6.32977e+01	4.3e+00
5.0555e+03	3.4e+00	5.96471e+01	3.9e+00
5.0591e+03	3.5e+00	6.80458e+01	7.4e+00
5.0626e+03	3.5e+00	6.45780e+01	5.4e+00
5.0662e+03	3.5e+00	7.07255e+01	4.9e+00
5.0697e+03	3.5e+00	6.84853e+01	4.7e+00
5.0733e+03	3.5e+00	6.70092e+01	1.6e+00
5.0769e+03	3.6e+00	6.93251e+01	6.3e+00
5.0804e+03	3.6e+00	6.15112e+01	6.4e+00
5.0840e+03	3.6e+00	6.26598e+01	5.4e+00
5.0875e+03	3.6e+00	5.77312e+01	3.5e+00
5.0911e+03	3.6e+00	5.33482e+01	3.8e+00
5.0947e+03	3.7e+00	5.48606e+01	5.2e+00
5.0982e+03	3.7e+00	4.64031e+01	3.4e+00
5.1018e+03	3.7e+00	3.54730e+01	4.5e+00
5.1053e+03	3.7e+00	3.82814e+01	5.2e+00
5.1089e+03	3.7e+00	3.93606e+01	5.0e+00
5.1124e+03	3.8e+00	4.75592e+01	2.7e+00
5.1160e+03	3.8e+00	5.58499e+01	3.3e+00
5.1196e+03	3.8e+00	5.24070e+01	3.4e+00
5.1231e+03	3.8e+00	4.82920e+01	5.1e+00
5.1267e+03	3.8e+00	6.02964e+01	4.0e+00
5.1302e+03	3.9e+00	5.70393e+01	4.3e+00
5.1338e+03	3.9e+00	5.79541e+01	4.7e+00
5.1373e+03	3.9e+00	6.80940e+01	5.1e+00
5.1409e+03	3.9e+00	7.20158e+01	4.9e+00
5.1444e+03	3.9e+00	7.15321e+01	3.9e+00
5.1480e+03	4.0e+00	7.42501e+01	3.1e+00
5.1516e+03	4.0e+00	7.51666e+01	5.0e+00
5.1551e+03	4.0e+00	7.81007e+01	6.0e+00
5.1587e+03	4.0e+00	8.05862e+01	5.7e+00
5.1622e+03	4.0e+00	8.57654e+01	5.2e+00
5.1658e+03	4.1e+00	8.89222e+01	2.4e+00
5.1693e+03	4.1e+00	9.37573e+01	6.2e+00
5.1729e+03	4.1e+00	9.05771e+01	5.2e+00
5.1764e+03	4.1e+00	9.81229e+01	6.2e+00
5.1800e+03	4.2e+00	1.13414e+02	5.0e+00
5.1835e+03	4.2e+00	1.47444e+02	8.7e+00
5.1871e+03	4.2e+00	1.66224e+02	5.4e+00
5.1907e+03	4.2e+00	1.73713e+02	3.7e+00
5.1942e+03	4.2e+00	1.61108e+02	5.0e+00
5.1978e+03	4.3e+00	1.15995e+02	4.1e+00
5.2013e+03	4.3e+00	7.33035e+01	5.7e+00
5.2049e+03	4.3e+00	4.20499e+01	3.7e+00
5.2084e+03	4.3e+00	3.18848e+01	3.6e+00
5.2120e+03	4.3e+00	3.79665e+01	3.2e+00
5.2155e+03	4.4e+00	4.49239e+01	4.7e+00
5.2191e+03	4.4e+00	4.66418e+01	3.6e+00
5.2226e+03	4.4e+00	4.51990e+01	3.0e+00
5.2262e+03	4.4e+00	4.07342e+01	2.6e+00
5.2297e+03	4.5e+00	3.47303e+01	3.4e+00
5.2333e+03	4.5e+00	3.17930e+01	2.6e+00
5.2368e+03	4.5e+00	3.43231e+01	6.1e+00
5.2404e+03	4.5e+00	4.06945e+01	1.1e+00
5.2439e+03	4.5e+00	3.61649e+01	3.9e+00
5.2475e+03	4.6e+00	4.24471e+01	4.7e+00
5.2510e+03	4.6e+00	4.59313e+01	2.6e+00
5.2546e+03	4.6e+00	4.39997e+01	2.1e+00
5.2581e+03	4.6e+00	4.22831e+01	3.9e+00
5.2617e+03	4.6e+00	4.01036e+01	3.5e+00
5.2652e+03	4.7e+00	3.63979e+01	5.3e+00
5.2688e+03	4.7e+00	3.87568e+01	4.6e+00
5.2723e+03	4.7e+00	2.64122e+01	2.8e+00
5.2758e+03	4.7e+00	3.41663e+01	3.2e+00
5.2794e+03	4.7e+00	3.72341e+01	5.9e+00
5.2829e+03	4.8e+00	2.63729e+01	7.0e+00
5.2865e+03	4.8e+00	2.18303e+01	1.3e+01
5.2900e+03	4.8e+00	3.41214e+01	4.6e+00
5.2936e+03	4.8e+00	2.93519e+01	3.5e+00
5.2971e+03	4.9e+00	2.93781e+01	3.6e+00
5.3007e+03	4.9e+00	3.66768e+01	4.3e+00
5.3042e+03	4.9e+00	2.99514e+01	4.5e+00
5.3078e+03	4.9e+00	2.36090e+01	4.4e+00
5.3113e+03	4.9e+00	3.50740e+01	4.5e+00
5.3148e+03	5.0e+00	3.47881e+01	3.7e+00
5.3184e+03	5.0e+00	3.55658e+01	3.5e+00
5.3219e+03	5.0e+00	3.16358e+01	6.5e+00
5.3255e+03	5.0e+00	3.54355e+01	4.7e+00
5.3290e+03	5.0e+00	4.42684e+01	3.3e+00
5.3326e+03	5.1e+00	4.29720e+01	2.4e+00
5.3361e+03	5.1e+00	4.13430e+01	3.8e+00
5.3396e+03	5.1e+00	3.79161e+01	4.3e+00
5.3432e+03	5.1e+00	4.64035e+01	4.2e+00
5.3467e+03	5.1e+00	4.38843e+01	3.0e+00
5.3503e+03	5.2e+00	3.61795e+01	2.7e+00
5.3538e+03	5.2e+00	2.91590e+01	5.4e+00
5.3573e+03	5.2e+00	3.86759e+01	6.2e+00
5.3609e+03	5.2e+00	3.33278e+01	4.9e+00
5.3644e+03	5.2e+00	3.50950e+01	1.8e+00
5.3680e+03	5.3e+00	3.34387e+01	4.1e+00
5.3715e+03	5.3e+00	2.75367e+01	2.4e+00
5.3750e+03	5.3e+00	2.57119e+01	3.7e+00
5.3786e+03	5.3e+00	2.95931e+01	3.8e+00
5.3821e+03	5.3e+00	2.28408e+01	2.6e+00
5.3856e+03	5.4e+00	2.36645e+01	3.1e+00
5.3892e+03	5.4e+00	2.83930e+01	2.8e+00
5.3927e+03	5.4e+00	3.37047e+01	4.2e+00
5.3962e+03	5.4e+00	3.78129e+01	5.4e+00
5.3998e+03	5.4e+00	4.88077e+01	4.7e+00
5.4033e+03	5.5e+00	4.67287e+01	4.7e+00
5.4068e+03	5.5e+00	3.78497e+01	2.2e+00
5.4104e+03	5.5e+00	3.28579e+01	3.8e+00
5.4139e+03	5.5e+00	3.15857e+01	2.4e+00
5.4175e+03	5.5e+00	2.31760e+01	3.0e+00
5.4210e+03	5.6e+00	2.21489e+01	4.0e+00
5.4245e+03	5.6e+00	3.03320e+01	3.5e+00
5.4280e+03	5.6e+00	3.12584e+01	2.5e+00
5.4316e+03	5.6e+00	2.75390e+01	3.8e+00
5.4351e+03	5.6e+00	3.12664e+01	4.6e+00
5.4386e+03	5.7e+00	2.60228e+01	3.3e+00
5.4422e+03	5.7e+00	2.42015e+01	3.8e+00
5.4457e+03	5.7e+00	2.52412e+01	2.2e+00
5.4492e+03	5.7e+00	2.82595e+01	3.1e+00
5.4528e+03	5.7e+00	2.96773e+01	4.3e+00
5.4563e+03	5.7e+00	2.83842e+01	3.7e+00
5.4598e+03	5.8e+00	3.11653e+01	2.2e+00
5.4633e+03	5.8e+00	2.64925e+01	3.5e+00
5.4669e+03	5.8e+00	2.42431e+01	4.1e+00
5.4704e+03	5.8e+00	2.45191e+01	3.9e+00
5.4739e+03	5.8e+00	2.55909e+01	2.9e+00
5.4775e+03	5.8e+00	1.80554e+01	3.5e+00
5.4810e+03	5.9e+00	1.46838e+01	4.0e+00
5.4845e+03	5.9e+00	2.24107e+01	4.2e+00
5.4880e+03	5.9e+00	2.12546e+01	1.2e+00
5.4916e+03	5.9e+00	2.73622e+01	2.8e+00
5.4951e+03	5.9e+00	4.10277e+01	3.6e+00
5.4986e+03	6.0e+00	4.31190e+01	3.2e+00
5.5021e+03	6.0e+00	3.70034e+01	5.2e+00
5.5057e+03	6.0e+00	2.87488e+01	4.6e+00
5.5092e+03	6.0e+00	1.68867e+01	3.3e+00
5.5127e+03	6.0e+00	2.62018e+01	2.5e+00
5.5162e+03	6.0e+00	2.04949e+01	3.1e+00
5.5197e+03	6.0e+00	1.66179e+01	2.6e+00
5.5233e+03	6.1e+00	2.14806e+01	4.8e+00
5.5268e+03	6.1e+00	1.36131e+01	2.4e+00
5.5303e+03	6.1e+00	2.38538e+01	2.5e+00
5.5338e+03	6.1e+00	2.21480e+01	3.4e+00
5.5373e+03	6.1e+00	1.93850e+01	2.5e+00
5.5409e+03	6.1e+00	2.61297e+01	3.9e+00
5.5444e+03	6.2e+00	1.18770e+01	1.2e+01
5.5479e+03	6.2e+00	1.28353e+02	9.7e+01
5.5514e+03	6.2e+00	4.43870e+01	9.2e+00
5.5549e+03	6.2e+00	3.25150e+01	2.6e+00
5.5584e+03	6.2e+00	4.60943e+01	4.2e+00
5.5620e+03	6.2e+00	5.04952e+01	5.2e+00
5.5655e+03	6.2e+00	4.67230e+01	4.4e+00
5.5690e+03	6.3e+00	4.04931e+01	3.5e+00
5.5725e+03	6.3e+00	4.25146e+01	4.4e+00
5.5760e+03	6.3e+00	4.30023e+01	2.9e+00
5.5795e+03	6.3e+00	4.11122e+01	3.2e+00
5.5830e+03	6.3e+00	3.93178e+01	3.9e+00
5.5866e+03	6.3e+00	3.02403e+01	4.2e+00
5.5901e+03	6.3e+00	4.89554e+01	4.3e+00
5.5936e+03	6.4e+00	6.34370e+01	5.2e+00
5.5971e+03	6.4e+00	5.97616e+01	2.6e+00
5.6006e+03	6.4e+00	6.99094e+01	4.9e+00
5.6041e+03	6.4e+00	7.46438e+01	5.0e+00
5.6076e+03	6.4e+00	8.66922e+01	3.5e+00
5.6111e+03	6.4e+00	7.48340e+01	3.6e+00
5.6146e+03	6.4e+00	5.81507e+01	3.4e+00
5.6181e+03	6.4e+00	3.29863e+01	3.9e+00
5.6216e+03	6.5e+00	2.04086e+01	2.3e+00
5.6252e+03	6.5e+00	2.35019e+01	4.6e+00
5.6287e+03	6.5e+00	2.24961e+01	2.9e+00
5.6322e+03	6.5e+00	2.37180e+01	3.1e+00
5.6357e+03	6.5e+00	2.67745e+01	2.2e+00
5.6392e+03	6.5e+00	2.34131e+01	2.8e+00
5.6427e+03	6.5e+00	2.07102e+01	4.4e+00
5.6462e+03	6.5e+00	2.86531e+01	2.6e+00
5.6497e+03	6.5e+00	3.50860e+01	3.1e+00
5.6532e+03	6.6e+00	3.88913e+01	3.1e+00
5.6567e+03	6.6e+00	3.87245e+01	2.7e+00
5.6602e+03	6.6e+00	3.58884e+01	2.7e+00
5.6637e+03	6.6e+00	3.37981e+01	2.1e+00
5.6672e+03	6.6e+00	3.43283e+01	2.3e+00
5.6707e+03	6.6e+00	3.40146e+01	2.0e+00
5.6742e+03	6.6e+00	3.86944e+01	4.0e+00
5.6777e+03	6.6e+00	4.03489e+01	2.9e+00
5.6812e+03	6.6e+00	3.82154e+01	2.6e+00
5.6847e+03	6.6e+00	4.22350e+01	3.4e+00
5.6882e+03	6.7e+00	4.02971e+01	3.6e+00
5.6917e+03	6.7e+00	4.26749e+01	3.9e+00
5.6952e+03	6.7e+00	3.84084e+01	3.8e+00
5.6987e+03	6.7e+00	3.73297e+01	3.4e+00
5.7022e+03	6.7e+00	3.49831e+01	2.1e+00
5.7057e+03	6.7e+00	3.45967e+01	2.4e+00
5.7092e+03	6.7e+00	2.56676e+01	3.4e+00
5.7126e+03	6.7e+00	2.00421e+01	3.4e+00
5.7161e+03	6.7e+00	2.21887e+01	2.8e+00
5.7196e+03	6.7e+00	1.83904e+01	4.1e+00
5.7231e+03	6.7e+00	2.44972e+01	1.3e+00
5.7266e+03	6.7e+00	2.07200e+01	2.0e+00
5.7301e+03	6.7e+00	2.63177e+01	4.0e+00
5.7336e+03	6.8e+00	2.41397e+01	3.0e+00
5.7371e+03	6.8e+00	2.15325e+01	2.6e+00
5.7406e+03	6.8e+00	2.84389e+01	2.3e+00
5.7441e+03	6.8e+00	3.16281e+01	2.2e+00
5.7475e+03	6.8e+00	2.95662e+01	4.5e+00
5.7510e+03	6.8e+00	2.45275e+01	4.1e+00
5.7545e+03	6.8e+00	2.39092e+01	4.4e+00
5.7580e+03	6.8e+00	2.42465e+01	3.7e+00
5.7615e+03	6.8e+00	2.58516e+01	1.4e+00
5.7650e+03	6.8e+00	3.67508e+01	2.8e+00
5.7685e+03	6.8e+00	3.84510e+01	3.4e+00
5.7719e+03	6.8e+00	3.61787e+01	3.5e+00
5.7754e+03	6.8e+00	2.18740e+01	3.3e+00
5.7789e+03	6.8e+00	2.79406e+01	4.4e+00
5.7824e+03	6.8e+00	1.76712e+01	3.3e+00
5.7859e+03	6.8e+00	1.38024e+01	3.2e+00
5.7893e+03	6.8e+00	1.89060e+01	3.1e+00
5.7928e+03	6.8e+00	2.35158e+01	2.4e+00
5.7963e+03	6.8e+00	2.83539e+01	3.3e+00
5.7998e+03	6.8e+00	2.25055e+01	3.6e+00
5.8033e+03	6.8e+00	2.26392e+01	4.1e+00
5.8067e+03	6.8e+00	2.14186e+01	2.9e+00
5.8102e+03	6.8e+00	2.32328e+01	3.6e+00
5.8137e+03	6.8e+00	2.57921e+01	3.5e+00
5.8172e+03	6.9e+00	2.85010e+01	2.1e+00
5.8206e+03	6.9e+00	3.38227e+01	2.1e+00
5.8241e+03	6.9e+00	2.36537e+01	3.3e+00
5.8276e+03	6.9e+00	2.44436e+01	2.6e+00
5.8311e+03	6.9e+00	1.95513e+01	2.8e+00
5.8345e+03	6.9e+00	2.45856e+01	2.4e+00
5.8380e+03	6.9e+00	3.78268e+01	2.5e+00
5.8415e+03	6.9e+00	5.44050e+01	3.8e+00
5.8449e+03	6.9e+00	1.23502e+02	5.8e+00
5.8484e+03	6.9e+00	3.59404e+02	2.3e+01
5.8519e+03	6.9e+00	1.06953e+03	4.2e+01
5.8553e+03	6.9e+00	1.33855e+03	1.6e+01
5.8588e+03	6.9e+00	1.10594e+03	2.4e+01
5.8623e+03	6.9e+00	4.93649e+02	1.7e+01
5.8657e+03	6.9e+00	2.99113e+01	6.7e+00
5.8692e+03	6.9e+00	4.17710e+01	2.6e+00
5.8727e+03	6.9e+00	3.61618e+01	5.0e+00
5.8761e+03	6.8e+00	6.18238e+01	3.0e+00
5.8796e+03	6.8e+00	8.09650e+01	3.0e+00
5.8831e+03	6.8e+00	9.20860e+01	3.8e+00
5.8865e+03	6.8e+00	8.86354e+01	2.5e+00
5.8900e+03	6.8e+00	6.87736e+01	2.4e+00
5.8934e+03	6.8e+00	3.76088e+01	3.5e+00
5.8969e+03	6.8e+00	2.44342e+01	2.1e+00
5.9004e+03	6.8e+00	2.69732e+01	2.3e+00
5.9038e+03	6.8e+00	3.22059e+01	1.9e+00
5.9073e+03	6.8e+00	3.57265e+01	1.0e+00
5.9107e+03	6.8e+00	4.39905e+01	2.9e+00
5.9142e+03	6.8e+00	3.98206e+01	4.2e+00
5.9176e+03	6.8e+00	3.73035e+01	3.1e+00
5.9211e+03	6.8e+00	2.75559e+01	4.4e+00
5.9246e+03	6.8e+00	1.70759e+01	4.3e+00
5.9280e+03	6.8e+00	1.93375e+01	1.5e+00
5.9315e+03	6.8e+00	2.63653e+01	3.9e+00
5.9349e+03	6.8e+00	2.42462e+01	2.5e+00
5.9384e+03	6.8e+00	3.08295e+01	2.4e+00
5.9418e+03	6.8e+00	5.09668e+01	2.8e+00
5.9453e+03	6.8e+00	1.02668e+02	6.2e+00
5.9487e+03	6.8e+00	1.05652e+02	5.3e+00
5.9522e+03	6.8e+00	8.25931e+01	3.0e+00
5.9556e+03	6.7e+00	2.85278e+01	2.2e+00
5.9591e+03	6.7e+00	5.31321e+00	2.9e+00
5.9625e+03	6.7e+00	1.08346e+01	3.6e+00
5.9659e+03	6.7e+00	2.31521e+01	2.0e+00
5.9694e+03	6.7e+00	2.73806e+01	2.0e+00
5.9728e+03	6.7e+00	2.11436e+01	3.5e+00
5.9763e+03	6.7e+00	3.74530e+01	1.7e+00
5.9797e+03	6.7e+00	3.76535e+01	1.4e+00
5.9832e+03	6.7e+00	4.04364e+01	4.9e+00
5.9866e+03	6.7e+00	2.86682e+01	3.0e+00
5.9900e+03	6.7e+00	2.45358e+01	2.4e+00
5.9935e+03	6.6e+00	2.75113e+01	2.9e+00
5.9969e+03	6.6e+00	2.34175e+01	2.3e+00
6.0004e+03	6.6e+00	2.91340e+01	2.5e+00
6.0038e+03	6.6e+00	2.30731e+01	3.1e+00
6.0072e+03	6.6e+00	2.23234e+01	2.9e+00
6.0107e+03	6.6e+00	2.77349e+01	1.9e+00
6.0141e+03	6.6e+00	2.45084e+01	2.7e+00
6.0175e+03	6.6e+00	2.86249e+01	3.0e+00
6.0210e+03	6.6e+00	2.90308e+01	1.8e+00
6.0244e+03	6.5e+00	3.29544e+01	4.1e+00
6.0278e+03	6.5e+00	4.98262e+01	2.6e+00
6.0313e+03	6.5e+00	8.37160e+01	3.6e+00
6.0347e+03	6.5e+00	9.18626e+01	4.1e+00
6.0381e+03	6.5e+00	7.88435e+01	2.8e+00
6.0416e+03	6.5e+00	6.27104e+01	2.8e+00
6.0450e+03	6.5e+00	4.71511e+01	2.7e+00
6.0484e+03	6.5e+00	4.56602e+01	3.9e+00
6.0518e+03	6.4e+00	3.95900e+01	2.1e+00
6.0553e+03	6.4e+00	3.51777e+01	3.5e+00
6.0587e+03	6.4e+00	3.74300e+01	2.2e+00
6.0621e+03	6.4e+00	3.90293e+01	3.7e+00
6.0655e+03	6.4e+00	4.50038e+01	2.2e+00
6.0690e+03	6.4e+00	5.30466e+01	3.4e+00
6.0724e+03	6.4e+00	9.05613e+01	4.5e+00
6.0758e+03	6.3e+00	1.13545e+02	2.4e+00
6.0792e+03	6.3e+00	1.15533e+02	4.2e+00
6.0826e+03	6.3e+00	7.55020e+01	2.2e+00
6.0861e+03	6.3e+00	3.58484e+01	2.3e+00
6.0895e+03	6.3e+00	3.33669e+01	1.7e+00
6.0929e+03	6.3e+00	7.10978e+01	3.8e+00
6.0963e+03	6.2e+00	1.44840e+02	4.1e+00
6.0997e+03	6.2e+00	1.42988e+02	5.1e+00
6.1031e+03	6.2e+00	1.14513e+02	3.6e+00
6.1066e+03	6.2e+00	4.27361e+01	3.0e+00
6.1100e+03	6.2e+00	2.47191e+01	1.8e+00
6.1134e+03	6.1e+00	2.77051e+01	1.7e+00
6.1168e+03	6.1e+00	2.50537e+01	1.9e+00
6.1202e+03	6.1e+00	2.30287e+01	1.5e+00
6.1236e+03	6.1e+00	2.39553e+01	2.6e+00
6.1270e+03	6.1e+00	1.86396e+01	2.5e+00
6.1304e+03	6.0e+00	2.13544e+01	5.0e+00
6.1338e+03	6.0e+00	2.97036e+01	3.8e+00
6.1372e+03	6.0e+00	4.45551e+01	2.6e+00
6.1406e+03	6.0e+00	1.24410e+02	5.8e+00
6.1441e+03	6.0e+00	1.98713e+02	2.5e+00
6.1475e+03	5.9e+00	1.79171e+02	6.1e+00
6.1509e+03	5.9e+00	1.14881e+02	3.8e+00
6.1543e+03	5.9e+00	3.13330e+01	4.5e+00
6.1577e+03	5.9e+00	2.38120e+01	2.7e+00
6.1611e+03	5.9e+00	5.46030e+01	4.9e+00
6.1645e+03	5.8e+00	7.78503e+01	4.8e+00
6.1679e+03	5.8e+00	7.53817e+01	3.7e+00
6.1713e+03	5.8e+00	5.46177e+01	3.1e+00
6.1747e+03	5.8e+00	2.70928e+01	2.0e+00
6.1781e+03	5.7e+00	2.35877e+01	3.1e+00
6.1814e+03	5.7e+00	2.00016e+01	2.8e+00
6.1848e+03	5.7e+00	1.37034e+01	3.4e+00
6.1882e+03	5.7e+00	1.11853e+01	2.0e+00
6.1916e+03	5.6e+00	9.69718e+00	1.8e+00
6.1950e+03	5.6e+00	1.02804e+01	1.8e+00
6.1984e+03	5.6e+00	1.32879e+01	3.1e+00
6.2018e+03	5.6e+00	1.24462e+01	3.8e+00
6.2052e+03	5.5e+00	8.43687e+00	3.1e+00
6.2086e+03	5.5e+00	1.32871e+01	2.2e+00
6.2120e+03	5.5e+00	2.60427e+01	2.2e+00
6.2154e+03	5.5e+00	3.74940e+01	3.2e+00
6.2187e+03	5.4e+00	4.05553e+01	2.0e+00
6.2221e+03	5.4e+00	3.04850e+01	2.4e+00
6.2255e+03	5.4e+00	1.86469e+01	2.0e+00
6.2289e+03	5.3e+00	6.79480e+00	2.3e+00
6.2323e+03	5.3e+00	7.31573e+00	2.0e+00
6.2357e+03	5.3e+00	1.26091e+01	3.1e+00
6.2390e+03	5.3e+00	8.49679e+00	2.5e+00
6.2424e+03	5.2e+00	1.30125e+01	2.6e+00
6.2458e+03	5.2e+00	1.34206e+01	2.5e+00
6.2492e+03	5.2e+00	1.04043e+01	2.3e+00
6.2525e+03	5.1e+00	1.33283e+01	1.9e+00
6.2559e+03	5.1e+00	1.55946e+01	4.1e+00
6.2593e+03	5.1e+00	2.29947e+01	2.4e+00
6.2627e+03	5.1e+00	6.80437e+01	2.3e+00
6.2660e+03	5.0e+00	1.18263e+02	2.2e+00
6.2694e+03	5.0e+00	1.11039e+02	3.2e+00
6.2728e+03	5.0e+00	7.70580e+01	3.5e+00
6.2762e+03	4.9e+00	2.15122e+01	3.5e+00
6.2795e+03	4.9e+00	1.29122e+01	2.2e+00
6.2829e+03	4.9e+00	1.05374e+01	3.1e+00
6.2863e+03	4.8e+00	1.52671e+01	2.5e+00
6.2896e+03	4.8e+00	1.18259e+01	2.4e+00
6.2930e+03	4.8e+00	1.56127e+01	2.3e+00
6.2964e+03	4.7e+00	2.04156e+01	3.5e+00
6.2997e+03	4.7e+00	2.49991e+01	1.4e+00
6.3031e+03	4.7e+00	3.60538e+01	2.5e+00
6.3064e+03	4.6e+00	3.59620e+01	1.9e+00
6.3098e+03	4.6e+00	3.44622e+01	3.6e+00
6.3132e+03	4.6e+00	1.37545e+01	2.5e+00
6.3165e+03	4.5e+00	1.10400e+01	1.3e+00
6.3199e+03	4.5e+00	1.15042e+01	2.7e+00
6.3232e+03	4.5e+00	1.86444e+01	1.5e+00
6.3266e+03	4.4e+00	2.88070e+01	2.1e+00
6.3300e+03	4.4e+00	5.42551e+01	2.9e+00
6.3333e+03	4.4e+00	7.83708e+01	4.8e+00
6.3367e+03	4.3e+00	6.62431e+01	2.8e+00
6.3400e+03	4.3e+00	4.49335e+01	1.6e+00
6.3434e+03	4.3e+00	1.52928e+01	2.8e+00
6.3467e+03	4.2e+00	8.21072e+00	2.3e+00
6.3501e+03	4.2e+00	4.07668e+00	1.3e+00
6.3534e+03	4.2e+00	1.15248e+01	1.3e+00
6.3568e+03	4.1e+00	9.82910e+00	2.5e+00
6.3601e+03	4.1e+00	8.22790e+00	2.9e+00
6.3635e+03	4.0e+00	7.54000e+00	2.4e+00
6.3668e+03	4.0e+00	1.55805e+01	1.9e+00
6.3702e+03	4.0e+00	1.65291e+01	2.2e+00
6.3735e+03	3.9e+00	2.86268e+01	3.2e+00
6.3768e+03	3.9e+00	5.72329e+01	4.3e+00
6.3802e+03	3.9e+00	1.07360e+02	4.4e+00
6.3835e+03	3.8e+00	1.17400e+02	5.8e+00
6.3869e+03	3.8e+00	9.64115e+01	6.3e+00
6.3902e+03	3.8e+00	4.89858e+01	4.8e+00
6.3935e+03	3.7e+00	5.68483e+01	4.6e+00
6.3969e+03	3.7e+00	1.55100e+02	6.7e+00
6.4002e+03	3.7e+00	2.51632e+02	7.5e+00
6.4035e+03	3.6e+00	2.36815e+02	5.4e+00
6.4069e+03	3.6e+00	1.61340e+02	6.8e+00
6.4102e+03	3.5e+00	3.86925e+01	3.5e+00
6.4135e+03	3.5e+00	3.21288e+01	3.4e+00
6.4169e+03	3.5e+00	3.65992e+01	3.9e+00
6.4202e+03	3.4e+00	2.76346e+01	1.8e+00
6.4235e+03	3.4e+00	1.17974e+01	3.1e+00
6.4269e+03	3.4e+00	1.06152e+01	1.7e+00
6.4302e+03	3.3e+00	1.52111e+01	2.7e+00
6.4335e+03	3.3e+00	1.44165e+01	2.7e+00
6.4368e+03	3.3e+00	1.58589e+01	2.7e+00
6.4401e+03	3.2e+00	1.70335e+01	2.5e+00
6.4435e+03	3.2e+00	1.16768e+01	1.6e+00
6.4468e+03	3.2e+00	1.13845e+01	2.7e+00
6.4501e+03	3.1e+00	9.86561e+00	3.0e+00
6.4534e+03	3.1e+00	1.10359e+01	1.4e+00
6.4568e+03	3.1e+00	1.75234e+01	3.1e+00
6.4601e+03	3.0e+00	1.33336e+01	3.3e+00
6.4634e+03	3.0e+00	1.21300e+01	6.5e+00
6.4667e+03	3.0e+00	1.55350e+01	2.9e+00
6.4700e+03	2.9e+00	1.91736e+01	2.0e+00
6.4733e+03	2.9e+00	1.57648e+01	3.3e+00
6.4766e+03	2.9e+00	1.60077e+01	2.2e+00
6.4800e+03	2.8e+00	1.47798e+01	2.5e+00
6.4833e+03	2.8e+00	1.61879e+01	3.2e+00
6.4866e+03	2.8e+00	1.27766e+01	1.6e+00
6.4899e+03	2.8e+00	1.37144e+01	1.6e+00
6.4932e+03	2.7e+00	2.60106e+01	2.2e+00
6.4965e+03	2.7e+00	3.87802e+01	2.5e+00
6.4998e+03	2.7e+00	8.61850e+01	4.6e+00
6.5031e+03	2.7e+00	1.11416e+02	5.2e+00
6.5064e+03	2.6e+00	1.05744e+02	5.9e+00
6.5097e+03	2.6e+00	6.78611e+01	3.3e+00
6.5130e+03	2.6e+00	1.77561e+01	2.5e+00
6.5163e+03	2.6e+00	1.64531e+01	2.7e+00
6.5196e+03	2.6e+00	1.38236e+01	2.8e+00
6.5229e+03	2.6e+00	2.63201e+01	2.6e+00
6.5262e+03	2.5e+00	4.03222e+01	3.5e+00
6.5295e+03	2.5e+00	5.08681e+01	3.1e+00
6.5328e+03	2.5e+00	4.18441e+01	2.1e+00
6.5361e+03	2.5e+00	2.85936e+01	2.7e+00
6.5394e+03	2.5e+00	1.89630e+01	1.9e+00
6.5427e+03	2.5e+00	2.66960e+01	2.8e+00
6.5460e+03	2.5e+00	3.50264e+01	1.9e+00
6.5492e+03	2.5e+00	6.15912e+01	6.1e+00
6.5525e+03	2.5e+00	1.30417e+02	6.9e+00
6.5558e+03	2.5e+00	2.79052e+02	2.8e+00
6.5591e+03	2.5e+00	3.19937e+02	7.1e+00
6.5624e+03	2.5e+00	2.85324e+02	5.3e+00
6.5657e+03	2.5e+00	1.25355e+02	4.1e+00
6.5690e+03	2.5e+00	1.48277e+01	2.5e+00
6.5722e+03	2.5e+00	1.41922e+01	3.1e+00
6.5755e+03	2.5e+00	2.12690e+01	4.5e+00
6.5788e+03	2.6e+00	1.77333e+01	8.7e+00
6.5821e+03	2.6e+00	2.48833e+01	4.1e+00
6.5854e+03	2.6e+00	3.30434e+01	2.8e+00
6.5886e+03	2.6e+00	4.73451e+01	5.0e+00
6.5919e+03	2.6e+00	8.88626e+01	6.0e+00
6.5952e+03	2.7e+00	8.37994e+01	3.6e+00
6.5985e+03	2.7e+00	7.15174e+01	3.1e+00
6.6017e+03	2.7e+00	3.37263e+01	5.0e+00
6.6050e+03	2.7e+00	2.50142e+01	2.7e+00
6.6083e+03	2.8e+00	1.84665e+01	3.1e+00
6.6115e+03	2.8e+00	1.88285e+01	2.4e+00
6.6148e+03	2.8e+00	1.44726e+01	2.9e+00
6.6181e+03	2.9e+00	7.77980e+00	1.9e+00
6.6213e+03	2.9e+00	5.96644e+00	2.5e+00
6.6246e+03	3.0e+00	1.19601e+01	1.5e+00
6.6279e+03	3.0e+00	1.32410e+01	1.2e+00
6.6311e+03	3.0e+00	9.86520e+00	2.8e+00
6.6344e+03	3.1e+00	1.62331e+01	3.8e+00
6.6376e+03	3.1e+00	1.40883e+01	1.4e+00
6.6409e+03	3.2e+00	1.08140e+01	2.1e+00
6.6442e+03	3.2e+00	1.75803e+01	6.4e+00
6.6474e+03	3.3e+00	-1.42962e+01	2.2e+01
6.6507e+03	3.3e+00	9.31900e+01	8.1e+01
6.6539e+03	3.4e+00	-2.73348e+02	2.9e+02
6.6572e+03	3.4e+00	1.06478e+03	1.0e+03
6.6604e+03	3.5e+00	-5.62888e+03	5.7e+03
6.6637e+03	3.6e+00	-2.83142e+03	2.9e+03
6.6669e+03	3.6e+00	8.15279e+02	6.4e+02
6.6702e+03	3.7e+00	7.90787e+01	1.6e+02
6.6734e+03	3.7e+00	2.72866e+02	4.5e+01
6.6767e+03	3.8e+00	1.30277e+02	1.1e+01
6.6799e+03	3.9e+00	2.24679e+01	5.3e+00
6.6832e+03	3.9e+00	5.42667e+00	1.8e+00
6.6864e+03	4.0e+00	1.42100e+01	3.9e+00
6.6896e+03	4.1e+00	1.48349e+01	3.7e+00
6.6929e+03	4.1e+00	1.00049e+01	3.0e+00
6.6961e+03	4.2e+00	1.61206e+01	2.8e+00
6.6994e+03	4.3e+00	2.10006e+01	4.1e+00
6.7026e+03	4.3e+00	3.86652e+01	2.9e+00
6.7058e+03	4.4e+00	7.19278e+01	3.9e+00
6.7091e+03	4.5e+00	7.44086e+01	3.8e+00
6.7123e+03	4.6e+00	6.98455e+01	3.9e+00
6.7155e+03	4.6e+00	4.06629e+01	4.7e+00
6.7188e+03	4.7e+00	3.43696e+00	4.1e+00
6.7220e+03	4.8e+00	1.39214e+01	2.6e+00
6.7252e+03	4.9e+00	1.02166e+01	3.9e+00
6.7285e+03	4.9e+00	6.88945e+00	4.4e+00
6.7317e+03	5.0e+00	1.36687e+01	2.4e+00
6.7349e+03	5.1e+00	1.42174e+01	2.8e+00
6.7381e+03	5.2e+00	3.07758e+01	3.9e+00
6.7414e+03	5.3e+00	6.23306e+01	3.2e+00
6.7446e+03	5.3e+00	6.65101e+01	4.8e+00
6.7478e+03	5.4e+00	5.09681e+01	2.0e+00
6.7510e+03	5.5e+00	2.50945e+01	2.7e+00
6.7542e+03	5.6e+00	8.66551e+00	3.4e+00
6.7574e+03	5.7e+00	1.02503e+01	3.1e+00
6.7607e+03	5.8e+00	1.12089e+01	4.2e+00
6.7639e+03	5.8e+00	6.61812e+00	2.4e+00
6.7671e+03	5.9e+00	9.25619e+00	2.1e+00
6.7703e+03	6.0e+00	8.54144e+00	4.4e+00
6.7735e+03	6.1e+00	5.78486e+00	2.0e+00
6.7767e+03	6.2e+00	6.28842e+00	4.5e+00
6.7799e+03	6.3e+00	1.08649e+01	2.8e+00
6.7831e+03	6.4e+00	3.40516e+00	3.4e+00
6.7864e+03	6.5e+00	1.94191e+00	3.9e+00
6.7896e+03	6.6e+00	9.88548e+00	1.5e+00
6.7928e+03	6.6e+00	4.27985e+00	2.8e+00
6.7960e+03	6.7e+00	4.96827e+00	2.9e+00
6.7992e+03	6.8e+00	7.00599e+00	1.9e+00
6.8024e+03	6.9e+00	7.65313e+00	2.4e+00
6.8056e+03	7.0e+00	9.69827e+00	2.3e+00
6.8088e+03	7.1e+00	9.66506e+00	2.4e+00
6.8120e+03	7.2e+00	1.18468e+01	2.5e+00
6.8152e+03	7.3e+00	1.42461e+01	2.1e+00
6.8183e+03	7.4e+00	8.18039e+00	1.7e+00
6.8215e+03	7.5e+00	9.29074e+00	3.7e+00
6.8247e+03	7.6e+00	1.03433e+01	2.7e+00
6.8279e+03	7.7e+00	5.76762e+00	2.9e+00
6.8311e+03	7.8e+00	1.01728e+01	2.7e+00
6.8343e+03	7.9e+00	9.73885e+00	3.7e+00
6.8375e+03	8.0e+00	1.33752e+01	2.8e+00
6.8407e+03	8.1e+00	1.11986e+01	3.1e+00
6.8439e+03	8.2e+00	1.30555e+01	1.7e+00
6.8470e+03	8.3e+00	1.72358e+01	2.5e+00
6.8502e+03	8.4e+00	3.22772e+01	4.1e+00
6.8534e+03	8.5e+00	3.78276e+01	3.8e+00
6.8566e+03	8.6e+00	4.47946e+01	3.3e+00
6.8598e+03	8.7e+00	4.39254e+01	4.0e+00
6.8629e+03	8.8e+00	3.28301e+01	9.7e-01
6.8661e+03	8.9e+00	1.93916e+01	4.1e+00
6.8693e+03	9.0e+00	1.41008e+01	4.8e+00
6.8725e+03	9.1e+00	1.29415e+01	2.9e+00
6.8756e+03	9.3e+00	1.42411e+01	2.7e+00
6.8788e+03	9.4e+00	1.92601e+01	3.9e+00
6.8820e+03	9.5e+00	1.00510e+01	2.5e+00
6.8852e+03	9.6e+00	5.39156e+00	4.0e+00
6.8883e+03	9.7e+00	1.11546e+01	3.5e+00
6.8915e+03	9.8e+00	9.31089e+00	2.7e+00
6.8946e+03	9.9e+00	1.73073e+01	3.4e+00
6.8978e+03	1.0e+01	8.45279e+00	2.7e+00
6.9010e+03	1.0e+01	2.23518e+01	4.3e+00
6.9041e+03	1.0e+01	2.58952e+01	4.8e+00
6.9073e+03	1.0e+01	4.26381e+01	4.3e+00
6.9105e+03	1.0e+01	7.22690e+01	3.4e+00
6.9136e+03	1.1e+01	7.83232e+01	3.6e+00
6.9168e+03	1.1e+01	8.19428e+01	6.2e+00
6.9199e+03	1.1e+01	5.75057e+01	6.8e+00
6.9231e+03	1.1e+01	2.68902e+01	4.0e+00
6.9262e+03	1.1e+01	3.03013e+01	3.3e+00
6.9294e+03	1.1e+01	2.77482e+01	3.5e+00
6.9325e+03	1.1e+01	6.63361e+01	4.8e+00
6.9357e+03	1.1e+01	1.41560e+02	3.5e+00
6.9388e+03	1.2e+01	2.60736e+02	9.3e+00
6.9420e+03	1.2e+01	5.02924e+02	1.7e+01
6.9451e+03	1.2e+01	9.26026e+02	1.2e+01
6.9483e+03	1.2e+01	1.03731e+03	1.1e+01
6.9514e+03	1.2e+01	8.75608e+02	1.5e+01
6.9545e+03	1.2e+01	3.88947e+02	1.1e+01
6.9577e+03	1.2e+01	1.56507e+01	7.2e+00
6.9608e+03	1.2e+01	2.23606e+01	2.4e+00
6.9640e+03	1.2e+01	1.29829e+01	4.0e+00
6.9671e+03	1.3e+01	1.03072e+01	4.6e+00
6.9702e+03	1.3e+01	6.95496e+00	3.5e+00
6.9734e+03	1.3e+01	1.82532e+01	1.7e+00
6.9765e+03	1.3e+01	1.65851e+01	2.4e+00
6.9796e+03	1.3e+01	1.28686e+01	4.5e+00
6.9828e+03	1.3e+01	1.58389e+01	2.7e+00
6.9859e+03	1.3e+01	1.35152e+01	3.4e+00
6.9890e+03	1.3e+01	8.74853e+00	3.5e+00
6.9921e+03	1.4e+01	9.70049e+00	3.7e+00
6.9953e+03	1.4e+01	1.82473e+01	3.6e+00
6.9984e+03	1.4e+01	2.94949e+01	5.7e+00
7.0015e+03	1.4e+01	4.92474e+01	2.3e+00
7.0046e+03	1.4e+01	6.93122e+01	5.4e+00
7.0077e+03	1.4e+01	1.01753e+02	4.5e+00
7.0109e+03	1.4e+01	1.22467e+02	5.5e+00
7.0140e+03	1.5e+01	1.17026e+02	5.1e+00
7.0171e+03	1.5e+01	5.76805e+01	2.9e+00
7.0202e+03	1.5e+01	1.92301e+01	2.4e+00
7.0233e+03	1.5e+01	1.33664e+01	2.5e+00
7.0264e+03	1.5e+01	2.34591e+01	3.6e+00
7.0295e+03	1.5e+01	6.01801e+01	2.6e+00
7.0326e+03	1.5e+01	1.08148e+02	4.5e+00
7.0357e+03	1.5e+01	1.84616e+02	5.9e+00
7.0389e+03	1.6e+01	3.29892e+02	8.7e+00
7.0420e+03	1.6e+01	5.76134e+02	1.0e+01
7.0451e+03	1.6e+01	6.29391e+02	1.1e+01
7.0482e+03	1.6e+01	5.48281e+02	5.0e+00
7.0513e+03	1.6e+01	2.49129e+02	5.4e+00
7.0544e+03	1.6e+01	3.06090e+01	2.6e+00
7.0575e+03	1.6e+01	1.83310e+01	3.1e+00
7.0606e+03	1.7e+01	6.21601e+00	2.3e+00
7.0637e+03	1.7e+01	7.94845e+00	5.1e+00
7.0667e+03	1.7e+01	1.00921e+01	2.1e+00
7.0698e+03	1.7e+01	1.29809e+01	4.3e+00
7.0729e+03	1.7e+01	1.44770e+01	2.1e+00
7.0760e+03	1.7e+01	5.54760e+00	3.1e+00
7.0791e+03	1.7e+01	1.28847e+01	2.0e+00
7.0822e+03	1.8e+01	1.76426e+01	3.5e+00
7.0853e+03	1.8e+01	1.41892e+01	2.9e+00
7.0884e+03	1.8e+01	1.14071e+01	3.1e+00
7.0914e+03	1.8e+01	1.46420e+01	3.5e+00
7.0945e+03	1.8e+01	1.45206e+01	2.9e+00
7.0976e+03	1.8e+01	9.11352e+00	3.3e+00
7.1007e+03	1.8e+01	2.26518e+01	3.6e+00
7.1038e+03	1.9e+01	1.54794e+01	1.9e+00
7.1068e+03	1.9e+01	2.21136e+01	3.6e+00
7.1099e+03	1.9e+01	3.14567e+01	4.3e+00
7.1130e+03	1.9e+01	4.45289e+01	6.4e+00
7.1161e+03	1.9e+01	6.09267e+01	4.7e+00
7.1191e+03	1.9e+01	8.65070e+01	5.8e+00
7.1222e+03	1.9e+01	7.54862e+01	2.9e+00
7.1253e+03	2.0e+01	4.80598e+01	4.1e+00
7.1283e+03	2.0e+01	2.28811e+01	3.0e+00
7.1314e+03	2.0e+01	1.23970e+01	2.0e+00
7.1345e+03	2.0e+01	1.08273e+01	1.7e+00
7.1375e+03	2.0e+01	1.34303e+01	3.4e+00
7.1406e+03	2.0e+01	1.38557e+01	3.3e+00
7.1436e+03	2.1e+01	8.98591e+00	3.1e+00
7.1467e+03	2.1e+01	2.40767e+01	3.9e+00
7.1498e+03	2.1e+01	1.57732e+01	4.3e+00
7.1528e+03	2.1e+01	2.00338e+01	4.1e+00
7.1559e+03	2.1e+01	1.16750e+01	2.9e+00
7.1589e+03	2.1e+01	9.25940e+00	3.2e+00
7.1620e+03	2.1e+01	1.82622e+01	5.0e+00
7.1650e+03	2.2e+01	1.86099e+01	4.3e+00
7.1681e+03	2.2e+01	1.08891e+01	3.4e+00
7.1711e+03	2.2e+01	2.45099e+01	3.3e+00
7.1742e+03	2.2e+01	2.86828e+01	2.8e+00
7.1772e+03	2.2e+01	3.11277e+01	2.0e+00
7.1803e+03	2.2e+01	2.66357e+01	2.8e+00
7.1833e+03	2.3e+01	2.04345e+01	4.2e+00
7.1863e+03	2.3e+01	1.49003e+01	3.3e+00
7.1894e+03	2.3e+01	1.42506e+01	2.7e+00
7.1924e+03	2.3e+01	1.56123e+01	4.2e+00
7.1955e+03	2.3e+01	1.51032e+01	3.5e+00
7.1985e+03	2.3e+01	2.16048e+01	2.7e+00
7.2015e+03	2.4e+01	2.36846e+01	2.3e+00
7.2045e+03	2.4e+01	2.15710e+01	4.0e+00
7.2076e+03	2.4e+01	3.34480e+01	3.4e+00
7.2106e+03	2.4e+01	4.49083e+01	3.8e+00
7.2136e+03	2.4e+01	3.84874e+01	4.9e+00
7.2167e+03	2.4e+01	3.10933e+01	4.4e+00
7.2197e+03	2.5e+01	2.39110e+01	2.8e+00
7.2227e+03	2.5e+01	3.34068e+01	2.7e+00
7.2257e+03	2.5e+01	5.79453e+01	4.1e+00
7.2288e+03	2.5e+01	9.14712e+01	3.7e+00
7.2318e+03	2.5e+01	1.25779e+02	7.2e+00
7.2348e+03	2.5e+01	1.95784e+02	2.4e+00
7.2378e+03	2.6e+01	2.23957e+02	6.8e+00
7.2408e+03	2.6e+01	2.12811e+02	8.4e+00
7.2438e+03	2.6e+01	1.48106e+02	5.1e+00
7.2468e+03	2.6e+01	3.53357e+01	3.5e+00
7.2499e+03	2.6e+01	2.10853e+01	2.9e+00
7.2529e+03	2.6e+01	1.55622e+01	3.7e+00
7.2559e+03	2.7e+01	1.56745e+01	3.4e+00
7.2589e+03	2.7e+01	1.67904e+01	2.7e+00
7.2619e+03	2.7e+01	1.78064e+01	5.6e+00
7.2649e+03	2.7e+01	1.78236e+01	3.9e+00
7.2679e+03	2.7e+01	2.97591e+01	4.9e+00
7.2709e+03	2.8e+01	2.21862e+01	4.9e+00
7.2739e+03	2.8e+01	2.40625e+01	4.5e+00
7.2769e+03	2.8e+01	2.61160e+01	1.9e+00
7.2799e+03	2.8e+01	2.40286e+01	6.4e+00
7.2829e+03	2.8e+01	1.37579e+01	2.8e+00
7.2859e+03	2.8e+01	1.52629e+01	4.2e+00
7.2889e+03	2.9e+01	1.33816e+01	4.5e+00
7.2919e+03	2.9e+01	1.93008e+01	3.1e+00
7.2948e+03	2.9e+01	2.06994e+01	3.5e+00
7.2978e+03	2.9e+01	1.75112e+01	3.9e+00
7.3008e+03	2.9e+01	2.23577e+01	4.8e+00
7.3038e+03	3.0e+01	3.23165e+01	4.5e+00
7.3068e+03	3.0e+01	3.38961e+01	7.0e+00
7.3098e+03	3.0e+01	3.45256e+01	3.0e+00
7.3127e+03	3.0e+01	4.57574e+01	3.6e+00
7.3157e+03	3.0e+01	4.10307e+01	3.3e+00
7.3187e+03	3.0e+01	4.22943e+01	5.3e+00
7.3217e+03	3.1e+01	5.90869e+01	3.7e+00
7.3247e+03	3.1e+01	1.13253e+02	5.1e+00
7.3276e+03	3.1e+01	2.11696e+02	8.1e+00
7.3306e+03	3.1e+01	3.58959e+02	7.3e+00
7.3336e+03	3.1e+01	5.24352e+02	4.5e+00
7.3365e+03	3.2e+01	7.12548e+02	8.0e+00
7.3395e+03	3.2e+01	9.53958e+02	1.6e+01
7.3425e+03	3.2e+01	9.46305e+02	9.6e+00
7.3454e+03	3.2e+01	7.23316e+02	1.5e+01
7.3484e+03	3.2e+01	3.19705e+02	1.2e+01
7.3514e+03	3.3e+01	3.45553e+01	4.0e+00
7.3543e+03	3.3e+01	2.63949e+01	4.7e+00
7.3573e+03	3.3e+01	1.65785e+01	2.9e+00
7.3602e+03	3.3e+01	1.51689e+01	2.8e+00
7.3632e+03	3.3e+01	2.20852e+01	3.6e+00
7.3661e+03	3.4e+01	2.91573e+01	3.7e+00
7.3691e+03	3.4e+01	2.88829e+01	6.6e+00
7.3720e+03	3.4e+01	2.74438e+01	4.7e+00
7.3750e+03	3.4e+01	3.19554e+01	3.9e+00
7.3779e+03	3.4e+01	2.42904e+01	3.8e+00
7.3809e+03	3.5e+01	2.88024e+01	3.8e+00
7.3838e+03	3.5e+01	3.11131e+01	3.1e+00
7.3868e+03	3.5e+01	2.40898e+01	1.9e+01
7.3897e+03	3.5e+01	3.74612e+01	7.4e+00
7.3927e+03	3.5e+01	3.97779e+01	3.2e+00
7.3956e+03	3.6e+01	2.89950e+01	3.2e+00
7.3985e+03	3.6e+01	2.97985e+01	2.3e+00
7.4015e+03	3.6e+01	3.14352e+01	5.3e+00
7.4044e+03	3.6e+01	2.26453e+01	2.8e+00
7.4073e+03	3.6e+01	2.79581e+01	4.4e+00
7.4103e+03	3.7e+01	3.26464e+01	4.4e+00
7.4132e+03	3.7e+01	3.39819e+01	2.3e+00
7.4161e+03	3.7e+01	4.40300e+01	3.9e+00
7.4190e+03	3.7e+01	4.74017e+01	2.7e+00
7.4220e+03	3.7e+01	4.77724e+01	4.5e+00
7.4249e+03	3.8e+01	5.34758e+01	3.6e+00
7.4278e+03	3.8e+01	6.69400e+01	4.2e+00
7.4307e+03	3.8e+01	1.79423e+02	8.8e+00
7.4337e+03	3.8e+01	5.34834e+02	1.8e+01
7.4366e+03	3.8e+01	1.17808e+03	2.7e+01
7.4395e+03	3.9e+01	2.02348e+03	3.5e+01
7.4424e+03	3.9e+01	3.14667e+03	4.4e+01
7.4453e+03	3.9e+01	4.30289e+03	5.5e+01
7.4482e+03	3.9e+01	6.03585e+03	4.9e+01
7.4511e+03	3.9e+01	7.33460e+03	4.1e+01
7.4540e+03	4.0e+01	6.57091e+03	5.0e+01
7.4570e+03	4.0e+01	4.98016e+03	4.4e+01
7.4599e+03	4.0e+01	2.62908e+03	5.0e+01
7.4628e+03	4.0e+01	1.71299e+03	2.8e+01
7.4657e+03	4.1e+01	1.29970e+03	3.2e+01
7.4686e+03	4.1e+01	5.44422e+02	2.0e+01
7.4715e+03	4.1e+01	7.57205e+01	7.9e+00
7.4744e+03	4.1e+01	5.50474e+01	7.0e+00
7.4773e+03	4.1e+01	4.72517e+01	5.9e+00
7.4802e+03	4.2e+01	4.25976e+01	4.1e+00
7.4830e+03	4.2e+01	3.89761e+01	3.6e+00
7.4859e+03	4.2e+01	4.04198e+01	2.5e+00
7.4888e+03	4.2e+01	3.67686e+01	5.3e+00
7.4917e+03	4.3e+01	2.83077e+01	8.5e+00
7.4946e+03	4.3e+01	2.87639e+01	6.6e+00
7.4975e+03	4.3e+01	3.33926e+01	1.2e+00
7.5004e+03	4.3e+01	3.18056e+01	3.9e+00
7.5033e+03	4.3e+01	2.99934e+01	4.2e+00
7.5061e+03	4.4e+01	3.48457e+01	5.1e+00
7.5090e+03	4.4e+01	3.31492e+01	5.3e+00
7.5119e+03	4.4e+01	2.56559e+01	5.6e+00
7.5148e+03	4.4e+01	2.61400e+01	2.8e+00
7.5176e+03	4.5e+01	2.65384e+01	3.5e+00
7.5205e+03	4.5e+01	2.83724e+01	6.3e+00
7.5234e+03	4.5e+01	2.09037e+01	5.2e+00
7.5263e+03	4.5e+01	2.40193e+01	4.4e+00
7.5291e+03	4.6e+01	3.59688e+01	4.6e+00
7.5320e+03	4.6e+01	2.96760e+01	5.0e+00
7.5349e+03	4.6e+01	2.85810e+01	5.1e+00
7.5377e+03	4.6e+01	3.34474e+01	3.9e+00
7.5406e+03	4.6e+01	3.04486e+01	2.6e+00
7.5434e+03	4.7e+01	3.60984e+01	3.9e+00
7.5463e+03	4.7e+01	3.66223e+01	5.2e+00
7.5492e+03	4.7e+01	9.54573e+01	6.8e+00
7.5520e+03	4.7e+01	2.64749e+02	7.0e+00
7.5549e+03	4.8e+01	5.44620e+02	5.9e+00
7.5577e+03	4.8e+01	9.90603e+02	2.4e+01
7.5606e+03	4.8e+01	1.48504e+03	1.0e+01
7.5634e+03	4.8e+01	1.99000e+03	2.0e+01
7.5663e+03	4.9e+01	2.43993e+03	1.8e+01
7.5691e+03	4.9e+01	3.12271e+03	2.4e+01
7.5720e+03	4.9e+01	2.92288e+03	4.2e+01
7.5748e+03	4.9e+01	2.27013e+03	3.6e+01
7.5776e+03	5.0e+01	1.00743e+03	3.5e+01
7.5805e+03	5.0e+01	1.12541e+02	1.1e+01
7.5833e+03	5.0e+01	4.21619e+01	2.6e+00
7.5862e+03	5.0e+01	2.79108e+01	6.1e+00
