# lambda [A]	Dlambda [A]	specval [counts]	Dspecval [counts]
-1.286723454702488652e+03	1.466018874748766393e+03	nan	nan
-1.282493495233576596e+03	1.462931621429429697e+03	nan	nan
-1.278263957474618564e+03	1.459849241727387835e+03	nan	nan
-1.274034841425615468e+03	1.456771730524250643e+03	nan	nan
-1.269806147086566398e+03	1.453699082704310285e+03	nan	nan
-1.265577874457471808e+03	1.450631293154537843e+03	nan	nan
-1.261350023538331243e+03	1.447568356764586269e+03	nan	nan
-1.257122594329145159e+03	1.444510268426788116e+03	nan	nan
-1.252895586829913555e+03	1.441457023036156443e+03	nan	nan
-1.248669001040635521e+03	1.438408615490386410e+03	nan	nan
-1.244442836961312423e+03	1.435365040689851867e+03	nan	nan
-1.240217094591943805e+03	1.432326293537608080e+03	nan	nan
-1.235991773932529213e+03	1.429292368939391736e+03	nan	nan
-1.231766874983068647e+03	1.426263261803618207e+03	nan	nan
-1.227542397743563015e+03	1.423238967041385422e+03	nan	nan
-1.223318342214010954e+03	1.420219479566470909e+03	nan	nan
-1.219094708394413374e+03	1.417204794295332476e+03	nan	nan
-1.214871496284770274e+03	1.414194906147109123e+03	nan	nan
-1.210648705885081199e+03	1.411189810043620582e+03	nan	nan
-1.206426337195346605e+03	1.408189500909366870e+03	nan	nan
-1.202204390215566491e+03	1.405193973671527829e+03	nan	nan
-1.197982864945740403e+03	1.402203223259965398e+03	nan	nan
-1.193761761385868795e+03	1.399217244607221119e+03	nan	nan
-1.189541079535951212e+03	1.396236032648517721e+03	nan	nan
-1.185320819395988110e+03	1.393259582321757307e+03	nan	nan
-1.181100980965979488e+03	1.390287888567524533e+03	nan	nan
-1.176881564245924892e+03	1.387320946329082744e+03	nan	nan
-1.172662569235824776e+03	1.384358750552377160e+03	nan	nan
-1.168443995935678686e+03	1.381401296186032823e+03	nan	nan
-1.164225844345487076e+03	1.378448578181355515e+03	nan	nan
-1.160008114465249491e+03	1.375500591492332433e+03	nan	nan
-1.155790806294966387e+03	1.372557331075630145e+03	nan	nan
-1.151573919834637763e+03	1.369618791890596185e+03	nan	nan
-1.147357455084263165e+03	1.366684968899259275e+03	nan	nan
-1.143141412043843047e+03	1.363755857066328190e+03	nan	nan
-1.138925790713376955e+03	1.360831451359191988e+03	nan	nan
-1.134710591092864888e+03	1.357911746747921597e+03	nan	nan
-1.130495813182307757e+03	1.354996738205266638e+03	nan	nan
-1.126281456981704650e+03	1.352086420706659510e+03	nan	nan
-1.122067522491056025e+03	1.349180789230211076e+03	nan	nan
-1.117854009710361879e+03	1.346279838756713616e+03	nan	nan
-1.113640918639621759e+03	1.343383564269641283e+03	nan	nan
-1.109428249278835665e+03	1.340491960755146920e+03	nan	nan
-1.105216001628004051e+03	1.337605023202064558e+03	nan	nan
-1.101004175687126462e+03	1.334722746601909648e+03	nan	nan
-1.096792771456203809e+03	1.331845125948876785e+03	nan	nan
-1.092581788935235181e+03	1.328972156239842661e+03	nan	nan
-1.088371228124220579e+03	1.326103832474363571e+03	nan	nan
-1.084161089023160457e+03	1.323240149654676088e+03	nan	nan
-1.079951371632054816e+03	1.320381102785699341e+03	nan	nan
-1.075742075950902745e+03	1.317526686875030009e+03	nan	nan
-1.071533201979705609e+03	1.314676896932948466e+03	nan	nan
-1.067324749718462954e+03	1.311831727972413319e+03	nan	nan
-1.063116719167174324e+03	1.308991175009065046e+03	nan	nan
-1.058909110325840174e+03	1.306155233061224180e+03	nan	nan
-1.054701923194460051e+03	1.303323897149892446e+03	nan	nan
-1.050495157773034407e+03	1.300497162298750709e+03	nan	nan
-1.046288814061562334e+03	1.297675023534162847e+03	nan	nan
-1.042082892060045197e+03	1.294857475885170970e+03	nan	nan
-1.037877391768482539e+03	1.292044514383498608e+03	nan	nan
-1.033672313186873907e+03	1.289236134063550935e+03	nan	nan
-1.029467656315219756e+03	1.286432329962411586e+03	nan	nan
-1.025263421153519630e+03	1.283633097119846980e+03	nan	nan
-1.021059607701773530e+03	1.280838430578302905e+03	nan	nan
-1.016856215959981910e+03	1.278048325382905432e+03	nan	nan
-1.012653245928145225e+03	1.275262776581462504e+03	nan	nan
-1.008450697606262111e+03	1.272481779224461661e+03	nan	nan
-1.004248570994333932e+03	1.269705328365070955e+03	nan	nan
-1.000046866092359323e+03	1.266933419059139851e+03	nan	nan
-9.958455829003396502e+02	1.264166046365197417e+03	nan	nan
-9.916447214182735479e+02	1.261403205344454364e+03	nan	nan
-9.874442816461623806e+02	1.258644891060801001e+03	nan	nan
-9.832442635840052390e+02	1.255891098580808602e+03	nan	nan
-9.790446672318025776e+02	1.253141822973729859e+03	nan	nan
-9.748454925895539418e+02	1.250397059311496378e+03	nan	nan
-9.706467396572597863e+02	1.247656802668721639e+03	nan	nan
-9.664484084349201112e+02	1.244921048122699631e+03	nan	nan
-9.622504989225340069e+02	1.242189790753404168e+03	nan	nan
-9.580530111201028376e+02	1.239463025643490482e+03	nan	nan
-9.538559450276256939e+02	1.236740747878294087e+03	nan	nan
-9.496593006451030305e+02	1.234022952545830549e+03	nan	nan
-9.454630779725343928e+02	1.231309634736796852e+03	nan	nan
-9.412672770099202353e+02	1.228600789544570489e+03	nan	nan
-9.370718977572605581e+02	1.225896412065209006e+03	nan	nan
-9.328769402145544518e+02	1.223196497397450912e+03	nan	nan
-9.286824043818032806e+02	1.220501040642714997e+03	nan	nan
-9.244882902590065896e+02	1.217810036905101242e+03	nan	nan
-9.202945978461639243e+02	1.215123481291389680e+03	nan	nan
-9.161013271432752845e+02	1.212441368911041081e+03	nan	nan
-9.119084781503411250e+02	1.209763694876197405e+03	nan	nan
-9.077160508673614459e+02	1.207090454301679529e+03	nan	nan
-9.035240452943357923e+02	1.204421642304990883e+03	nan	nan
-8.993324614312641643e+02	1.201757254006314042e+03	nan	nan
-8.951412992781474713e+02	1.199097284528513228e+03	nan	nan
-8.909505588349848040e+02	1.196441728997132941e+03	nan	nan
-8.867602401017766169e+02	1.193790582540397509e+03	nan	nan
-8.825703430785224555e+02	1.191143840289212449e+03	nan	nan
-8.783808677652223196e+02	1.188501497377164696e+03	nan	nan
-8.741918141618766640e+02	1.185863548940520104e+03	nan	nan
-8.700031822684854887e+02	1.183229990118226397e+03	nan	nan
-8.658149720850487938e+02	1.180600816051911579e+03	nan	nan
-8.616271836115661245e+02	1.177976021885883711e+03	nan	nan
-8.574398168480379354e+02	1.175355602767132041e+03	nan	nan
-8.532528717944642267e+02	1.172739553845326327e+03	nan	nan
-8.490663484508440888e+02	1.170127870272816835e+03	nan	nan
-8.448802468171784312e+02	1.167520547204634113e+03	nan	nan
-8.406945668934672540e+02	1.164917579798490124e+03	nan	nan
-8.365093086797105570e+02	1.162318963214776431e+03	nan	nan
-8.323244721759078857e+02	1.159724692616566017e+03	nan	nan
-8.281400573820596946e+02	1.157134763169611460e+03	nan	nan
-8.239560642981659839e+02	1.154549170042347214e+03	nan	nan
-8.197724929242258440e+02	1.151967908405887329e+03	nan	nan
-8.155893432602406392e+02	1.149390973434027046e+03	nan	nan
-8.114066153062094600e+02	1.146818360303241889e+03	nan	nan
-8.072243090621327610e+02	1.144250064192687660e+03	nan	nan
-8.030424245280100877e+02	1.141686080284201580e+03	nan	nan
-7.988609617038418946e+02	1.139126403762300697e+03	nan	nan
-7.946799205896281819e+02	1.136571029814183021e+03	nan	nan
-7.904993011853680400e+02	1.134019953629727297e+03	nan	nan
-7.863191034910628332e+02	1.131473170401492325e+03	nan	nan
-7.821393275067116519e+02	1.128930675324717640e+03	nan	nan
-7.779599732323149510e+02	1.126392463597324195e+03	nan	nan
-7.737810406678727304e+02	1.123858530419912313e+03	nan	nan
-7.696025298133845354e+02	1.121328870995763964e+03	nan	nan
-7.654244406688503659e+02	1.118803480530840943e+03	nan	nan
-7.612467732342706768e+02	1.116282354233785782e+03	nan	nan
-7.570695275096454679e+02	1.113765487315921746e+03	nan	nan
-7.528927034949742847e+02	1.111252874991253066e+03	nan	nan
-7.487163011902575818e+02	1.108744512476463797e+03	nan	nan
-7.445403205954953592e+02	1.106240394990919185e+03	nan	nan
-7.403647617106871621e+02	1.103740517756664758e+03	nan	nan
-7.361896245358329907e+02	1.101244875998426778e+03	nan	nan
-7.320149090709332995e+02	1.098753464943611789e+03	nan	nan
-7.278406153159880887e+02	1.096266279822307524e+03	nan	nan
-7.236667432709973582e+02	1.093783315867281772e+03	nan	nan
-7.194932929359606533e+02	1.091304568313983282e+03	nan	nan
-7.153202643108784287e+02	1.088830032400541086e+03	nan	nan
-7.111476573957502296e+02	1.086359703367765178e+03	nan	nan
-7.069754721905760562e+02	1.083893576459145379e+03	nan	nan
-7.028037086953568178e+02	1.081431646920853154e+03	nan	nan
-6.986323669100916050e+02	1.078973910001739569e+03	nan	nan
-6.944614468347804177e+02	1.076520360953337331e+03	nan	nan
-6.902909484694241655e+02	1.074070995029858750e+03	nan	nan
-6.861208718140219389e+02	1.071625807488197097e+03	nan	nan
-6.819512168685737379e+02	1.069184793587926606e+03	nan	nan
-6.777819836330795624e+02	1.066747948591301565e+03	nan	nan
-6.736131721075403220e+02	1.064315267763256543e+03	nan	nan
-6.694447822919551072e+02	1.061886746371408208e+03	nan	nan
-6.652768141863243727e+02	1.059462379686051918e+03	nan	nan
-6.611092677906476638e+02	1.057042162980165358e+03	nan	nan
-6.569421431049254352e+02	1.054626091529405130e+03	nan	nan
-6.527754401291576869e+02	1.052214160612109708e+03	nan	nan
-6.486091588633435094e+02	1.049806365509297621e+03	nan	nan
-6.444432993074842670e+02	1.047402701504668585e+03	nan	nan
-6.402778614615790502e+02	1.045003163884601463e+03	nan	nan
-6.361128453256283137e+02	1.042607747938157218e+03	nan	nan
-6.319482508996316028e+02	1.040216448957076636e+03	nan	nan
-6.277840781835893722e+02	1.037829262235781925e+03	nan	nan
-6.236203271775011672e+02	1.035446183071374207e+03	nan	nan
-6.194569978813674425e+02	1.033067206763636932e+03	nan	nan
-6.152940902951881981e+02	1.030692328615033375e+03	nan	nan
-6.111316044189629793e+02	1.028321543930707548e+03	nan	nan
-6.069695402526926955e+02	1.025954848018483517e+03	nan	nan
-6.028078977963759826e+02	1.023592236188866764e+03	nan	nan
-5.986466770500137500e+02	1.021233703755043052e+03	nan	nan
-5.944858780136055429e+02	1.018879246032878882e+03	nan	nan
-5.903255006871518162e+02	1.016528858340920578e+03	nan	nan
-5.861655450706525698e+02	1.014182536000395885e+03	nan	nan
-5.820060111641078038e+02	1.011840274335213053e+03	nan	nan
-5.778468989675170633e+02	1.009502068671960615e+03	nan	nan
-5.736882084808808031e+02	1.007167914339907611e+03	nan	nan
-5.695299397041985685e+02	1.004837806671004273e+03	nan	nan
-5.653720926374703595e+02	1.002511740999881113e+03	nan	nan
-5.612146672806966308e+02	1.000189712663848923e+03	nan	nan
-5.570576636338773824e+02	9.978717170028990040e+02	nan	nan
-5.529010816970126143e+02	9.955577493597040757e+02	nan	nan
-5.487449214701018718e+02	9.932478050796169100e+02	nan	nan
-5.445891829531456096e+02	9.909418795106707876e+02	nan	nan
-5.404338661461433730e+02	9.886399680035794972e+02	nan	nan
-5.362789710490951620e+02	9.863420659117380183e+02	nan	nan
-5.321244976620018861e+02	9.840481685912213834e+02	nan	nan
-5.279704459848626357e+02	9.817582714007851337e+02	nan	nan
-5.238168160176778656e+02	9.794723697018657731e+02	nan	nan
-5.196636077604471211e+02	9.771904588585803140e+02	nan	nan
-5.155108212131708569e+02	9.749125342377262768e+02	nan	nan
-5.113584563758486183e+02	9.726385912087819179e+02	nan	nan
-5.072065132484808601e+02	9.703686251439057742e+02	nan	nan
-5.030549918310671274e+02	9.681026314179368910e+02	nan	nan
-4.989038921236083297e+02	9.658406054083955041e+02	nan	nan
-4.947532141261031029e+02	9.635825424954823575e+02	nan	nan
-4.906029578385528112e+02	9.613284380620777938e+02	nan	nan
-4.864531232609565450e+02	9.590782874937442557e+02	nan	nan
-4.823037103933138496e+02	9.568320861787235572e+02	nan	nan
-4.781547192356265441e+02	9.545898295079389300e+02	nan	nan
-4.740061497878928094e+02	9.523515128749932046e+02	nan	nan
-4.698580020501140098e+02	9.501171316761708567e+02	nan	nan
-4.657102760222892357e+02	9.478866813104364155e+02	nan	nan
-4.615629717044184872e+02	9.456601571794353731e+02	nan	nan
-4.574160890965022190e+02	9.434375546874930478e+02	nan	nan
-4.532696281985399764e+02	9.412188692416161757e+02	nan	nan
-4.491235890105322142e+02	9.390040962514917737e+02	nan	nan
-4.449779715324789322e+02	9.367932311294871397e+02	nan	nan
-4.408327757643801306e+02	9.345862692906507618e+02	nan	nan
-4.366880017062353545e+02	9.323832061527111819e+02	nan	nan
-4.325436493580446040e+02	9.301840371360776771e+02	nan	nan
-4.283997187198087886e+02	9.279887576638407154e+02	nan	nan
-4.242562097915265440e+02	9.257973631617701358e+02	nan	nan
-4.201131225731987797e+02	9.236098490583174225e+02	nan	nan
-4.159704570648254958e+02	9.214262107846145682e+02	nan	nan
-4.118282132664062374e+02	9.192464437744733914e+02	nan	nan
-4.076863911779419141e+02	9.170705434643871286e+02	nan	nan
-4.035449907994311616e+02	9.148985052935290696e+02	nan	nan
-3.994040121308753442e+02	9.127303247037534675e+02	nan	nan
-3.952634551722730976e+02	9.105659971395948560e+02	nan	nan
-3.911233199236253313e+02	9.084055180482685046e+02	nan	nan
-3.869836063849320453e+02	9.062488828796704183e+02	nan	nan
-3.828443145561932397e+02	9.040960870863768832e+02	nan	nan
-3.787054444374084596e+02	9.019471261236451483e+02	nan	nan
-3.745669960285781599e+02	8.998019954494127433e+02	nan	nan
-3.704289693297014310e+02	8.976606905242977064e+02	nan	nan
-3.662913643407796371e+02	8.955232068115990387e+02	nan	nan
-3.621541810618123236e+02	8.933895397772960223e+02	nan	nan
-3.580174194927990357e+02	8.912596848900489022e+02	nan	nan
-3.538810796337402280e+02	8.891336376211979768e+02	nan	nan
-3.497451614846354460e+02	8.870113934447647352e+02	nan	nan
-3.456096650454851442e+02	8.848929478374507198e+02	nan	nan
-3.414745903162888681e+02	8.827782962786382086e+02	nan	nan
-3.373399372970470722e+02	8.806674342503902153e+02	nan	nan
-3.332057059877597567e+02	8.785603572374507166e+02	nan	nan
-3.290718963884264667e+02	8.764570607272432881e+02	nan	nan
-3.249385084990476571e+02	8.743575402098726954e+02	nan	nan
-3.208055423196228730e+02	8.722617911781244402e+02	nan	nan
-3.166729978501530240e+02	8.701698091274645321e+02	nan	nan
-3.125408750906362911e+02	8.680815895560390345e+02	nan	nan
-3.084091740410744933e+02	8.659971279646756557e+02	nan	nan
-3.042778947014671758e+02	8.639164198568814754e+02	nan	nan
-3.001470370718143386e+02	8.618394607388452187e+02	nan	nan
-2.960166011521155269e+02	8.597662461194356638e+02	nan	nan
-2.918865869423707409e+02	8.576967715102020975e+02	nan	nan
-2.877569944425804351e+02	8.556310324253745421e+02	nan	nan
-2.836278236527441550e+02	8.535690243818637555e+02	nan	nan
-2.794990745728623551e+02	8.515107428992607765e+02	nan	nan
-2.753707472029350356e+02	8.494561834998378345e+02	nan	nan
-2.712428415429621964e+02	8.474053417085467572e+02	nan	nan
-2.671153575929433828e+02	8.453582130530210179e+02	nan	nan
-2.629882953528790495e+02	8.433147930635743705e+02	nan	nan
-2.588616548227687417e+02	8.412750772732001678e+02	nan	nan
-2.547354360026124596e+02	8.392390612175738625e+02	nan	nan
-2.506096388924106577e+02	8.372067404350507331e+02	nan	nan
-2.464842634921633362e+02	8.351781104666665669e+02	nan	nan
-2.423593098018704950e+02	8.331531668561381139e+02	nan	nan
-2.382347778215316794e+02	8.311319051498621775e+02	nan	nan
-2.341106675511473441e+02	8.291143208969169791e+02	nan	nan
-2.299869789907165796e+02	8.271004096490603388e+02	nan	nan
-2.258637121402407502e+02	8.250901669607312670e+02	nan	nan
-2.217408669997194011e+02	8.230835883890495097e+02	nan	nan
-2.176184435691520775e+02	8.210806694938148667e+02	nan	nan
-2.134964418485392343e+02	8.190814058375083277e+02	nan	nan
-2.093748618378804167e+02	8.170857929852911639e+02	nan	nan
-2.052537035371760794e+02	8.150938265050049267e+02	nan	nan
-2.011329669464253129e+02	8.131055019671721311e+02	nan	nan
-1.970126520656294815e+02	8.111208149449960274e+02	nan	nan
-1.928927588947881304e+02	8.091397610143601469e+02	nan	nan
-1.887732874339008049e+02	8.071623357538287564e+02	nan	nan
-1.846542376829679597e+02	8.051885347446466312e+02	nan	nan
-1.805356096419895948e+02	8.032183535707390547e+02	nan	nan
-1.764174033109652555e+02	8.012517878187122733e+02	nan	nan
-1.722996186898944870e+02	7.992888330778528143e+02	nan	nan
-1.681822557787786536e+02	7.973294849401277133e+02	nan	nan
-1.640653145776173005e+02	7.953737390001849690e+02	nan	nan
-1.599487950864104278e+02	7.934215908553528607e+02	nan	nan
-1.558326973051571258e+02	7.914730361056399488e+02	nan	nan
-1.517170212338587589e+02	7.895280703537366662e+02	nan	nan
-1.476017668725144176e+02	7.875866892050123624e+02	nan	nan
-1.434869342211241019e+02	7.856488882675180321e+02	nan	nan
-1.393725232796882665e+02	7.837146631519849507e+02	nan	nan
-1.352585340482069114e+02	7.817840094718251294e+02	nan	nan
-1.311449665266795819e+02	7.798569228431310876e+02	nan	nan
-1.270318207151067327e+02	7.779333988846758530e+02	nan	nan
-1.229190966134883638e+02	7.760134332179129615e+02	nan	nan
-1.188067942218235657e+02	7.740970214669769121e+02	nan	nan
-1.146949135401137028e+02	7.721841592586827119e+02	nan	nan
-1.105834545683578654e+02	7.702748422225254217e+02	nan	nan
-1.064724173065565083e+02	7.683690659906810652e+02	nan	nan
-1.023618017547096315e+02	7.664668261980066291e+02	nan	nan
-9.825160791281678030e+01	7.645681184820396084e+02	nan	nan
-9.414183578087840942e+01	7.626729384829968694e+02	nan	nan
-9.003248535889360937e+01	7.607812818437776059e+02	nan	nan
-8.592355664686374439e+01	7.588931442099606102e+02	nan	nan
-8.181504964478835973e+01	7.570085212298056376e+02	nan	nan
-7.770696435266700064e+01	7.551274085542522698e+02	nan	nan
-7.359930077049966712e+01	7.532498018369219608e+02	nan	nan
-6.949205889828726868e+01	7.513756967341159907e+02	nan	nan
-6.538523873602844105e+01	7.495050889048159206e+02	nan	nan
-6.127884028372409375e+01	7.476379740106847294e+02	nan	nan
-5.717286354137422677e+01	7.457743477160649945e+02	nan	nan
-5.306730850897884011e+01	7.439142056879811662e+02	nan	nan
-4.896217518653747902e+01	7.420575435961372932e+02	nan	nan
-4.485746357405014351e+01	7.402043571129181601e+02	nan	nan
-4.075317367151774306e+01	7.383546419133892869e+02	nan	nan
-3.664930547893936819e+01	7.365083936752967020e+02	nan	nan
-3.254585899631456414e+01	7.346656080790673968e+02	nan	nan
-2.844283422364469516e+01	7.328262808078084163e+02	nan	nan
-2.434023116092930650e+01	7.309904075473075409e+02	nan	nan
-2.023804980816794341e+01	7.291579839860335142e+02	nan	nan
-1.613629016536106064e+01	7.273290058151353605e+02	nan	nan
-1.203495223250865820e+01	7.255034687284423853e+02	nan	nan
-7.934036009610281326e+00	7.236813684224650842e+02	nan	nan
-3.833541496665475279e+00	7.218627005963942338e+02	nan	nan
2.665313063239409530e-01	7.200474609521013463e+02	nan	nan
4.366182399359331612e+00	7.182356451941384421e+02	nan	nan
8.465411782440696697e+00	7.164272490297378226e+02	nan	nan
1.256421945556758146e+01	7.146222681688129796e+02	nan	nan
1.666260541874044065e+01	7.128206983239576857e+02	nan	nan
2.076056967195881953e+01	7.110225352104459944e+02	nan	nan
2.485811221522317283e+01	7.092277745462331495e+02	nan	nan
2.895523304853259106e+01	7.074364120519546759e+02	nan	nan
3.305193217188798371e+01	7.056484434509266066e+02	nan	nan
3.714820958528935080e+01	7.038638644691459376e+02	nan	nan
4.124406528873623756e+01	7.020826708352897185e+02	nan	nan
4.533949928222864401e+01	7.003048582807159619e+02	nan	nan
4.943451156576747962e+01	6.985304225394631885e+02	nan	nan
5.352910213935138017e+01	6.967593593482506549e+02	nan	nan
5.762327100298125515e+01	6.949916644464774436e+02	nan	nan
6.171701815665664981e+01	6.932273335762247370e+02	nan	nan
6.581034360037756414e+01	6.914663624822526344e+02	nan	nan
6.990324733414445291e+01	6.897087469120031074e+02	nan	nan
7.399572935795686135e+01	6.879544826155979536e+02	nan	nan
7.808778967181569897e+01	6.862035653458399338e+02	nan	nan
8.217942827571960152e+01	6.844559908582120897e+02	nan	nan
8.627064516966902374e+01	6.827117549108784260e+02	nan	nan
9.036144035366442040e+01	6.809708532646834556e+02	nan	nan
9.445181382770533673e+01	6.792332816831519722e+02	nan	nan
9.854176559179222750e+01	6.774990359324897327e+02	nan	nan
1.026312956459246379e+02	6.757681117815827747e+02	nan	nan
1.067204039901034776e+02	6.740405050019980990e+02	nan	nan
1.108090906243273821e+02	6.723162113679827598e+02	nan	nan
1.148973555485968063e+02	6.705952266564650017e+02	nan	nan
1.189851987629122050e+02	6.688775466470533502e+02	nan	nan
1.230726202672731233e+02	6.671631671220368389e+02	nan	nan
1.271596200616795613e+02	6.654520838663854647e+02	nan	nan
1.312461981461324285e+02	6.637442926677490505e+02	nan	nan
1.353323545206308154e+02	6.620397893164590641e+02	nan	nan
1.394180891851747219e+02	6.603385696055265726e+02	nan	nan
1.435034021397641482e+02	6.586406293306440602e+02	nan	nan
1.475882933843995488e+02	6.569459642901838379e+02	nan	nan
1.516727629190804691e+02	6.552545702851996339e+02	nan	nan
1.557568107438069092e+02	6.535664431194247754e+02	nan	nan
1.598404368585797783e+02	6.518815785992742349e+02	nan	nan
1.639236412633977125e+02	6.501999725338428107e+02	nan	nan
1.680064239582616210e+02	6.485216207349062643e+02	nan	nan
1.720887849431710492e+02	6.468465190169208654e+02	nan	nan
1.761707242181264519e+02	6.451746631970231647e+02	nan	nan
1.802522417831273742e+02	6.435060490950311305e+02	nan	nan
1.843333376381738162e+02	6.418406725334421026e+02	nan	nan
1.884140117832666874e+02	6.401785293374350658e+02	nan	nan
1.924942642184046235e+02	6.385196153348690586e+02	nan	nan
1.965740949435885341e+02	6.368639263562843098e+02	nan	nan
2.006535039588179643e+02	6.352114582349006469e+02	nan	nan
2.047324912640929142e+02	6.335622068066193151e+02	nan	nan
2.088110568594138385e+02	6.319161679100216134e+02	nan	nan
2.128892007447802825e+02	6.302733373863700308e+02	nan	nan
2.169669229201931557e+02	6.286337110796071102e+02	nan	nan
2.210442233856510938e+02	6.269972848363563571e+02	nan	nan
2.251211021411550064e+02	6.253640545059213309e+02	nan	nan
2.291975591867044386e+02	6.237340159402870086e+02	nan	nan
2.332735945222993905e+02	6.221071649941181931e+02	nan	nan
2.373492081479403168e+02	6.204834975247606508e+02	nan	nan
2.414244000636267629e+02	6.188630093922406559e+02	nan	nan
2.454991702693591833e+02	6.172456964592652184e+02	nan	nan
2.495735187651371234e+02	6.156315545912216294e+02	nan	nan
2.536474455509610380e+02	6.140205796561781426e+02	nan	nan
2.577209506268304722e+02	6.124127675248830656e+02	nan	nan
2.617940339927454261e+02	6.108081140707661234e+02	nan	nan
2.658666956487063544e+02	6.092066151699366401e+02	nan	nan
2.699389355947132572e+02	6.076082667011853573e+02	nan	nan
2.740107538307652248e+02	6.060130645459832976e+02	nan	nan
2.780821503568631670e+02	6.044210045884819920e+02	nan	nan
2.821531251730066288e+02	6.028320827155134793e+02	nan	nan
2.862236782791960650e+02	6.012462948165909893e+02	nan	nan
2.902938096754310209e+02	5.996636367839073500e+02	nan	nan
2.943635193617119512e+02	5.980841045123370350e+02	nan	nan
2.984328073380388560e+02	5.965076938994341162e+02	nan	nan
3.025016736044108256e+02	5.949344008454343111e+02	nan	nan
3.065701181608287698e+02	5.933642212532529356e+02	nan	nan
3.106381410072922336e+02	5.917971510284862688e+02	nan	nan
3.147057421438016718e+02	5.902331860794115528e+02	nan	nan
3.187729215703566297e+02	5.886723223169863104e+02	nan	nan
3.228396792869571073e+02	5.871145556548483455e+02	nan	nan
3.269060152936040140e+02	5.855598820093166523e+02	nan	nan
3.309719295902959857e+02	5.840082972993900512e+02	nan	nan
3.350374221770339318e+02	5.824597974467490076e+02	nan	nan
3.391024930538173976e+02	5.809143783757538131e+02	nan	nan
3.431671422206463831e+02	5.793720360134452676e+02	nan	nan
3.472313696775213430e+02	5.778327662895453614e+02	nan	nan
3.512951754244422773e+02	5.762965651364563655e+02	nan	nan
3.553585594614091860e+02	5.747634284892606047e+02	nan	nan
3.594215217884211597e+02	5.732333522857220487e+02	nan	nan
3.634840624054786531e+02	5.717063324662844934e+02	nan	nan
3.675461813125821209e+02	5.701823649740725841e+02	nan	nan
3.716078785097315631e+02	5.686614457548914743e+02	nan	nan
3.756691539969260702e+02	5.671435707572270530e+02	nan	nan
3.797300077741674613e+02	5.656287359322456041e+02	nan	nan
3.837904398414534626e+02	5.641169372337942605e+02	nan	nan
3.878504501987854383e+02	5.626081706184002087e+02	nan	nan
3.919100388461633884e+02	5.611024320452720531e+02	nan	nan
3.959692057835868582e+02	5.595997174762983377e+02	nan	nan
4.000279510110558476e+02	5.581000228760483424e+02	nan	nan
4.040862745285708115e+02	5.566033442117720824e+02	nan	nan
4.081441763361317498e+02	5.551096774534001952e+02	nan	nan
4.122016564337377531e+02	5.536190185735435989e+02	nan	nan
4.162587148213897308e+02	5.521313635474939474e+02	nan	nan
4.203153514990876829e+02	5.506467083532237439e+02	nan	nan
4.243715664668306999e+02	5.491650489713857723e+02	nan	nan
4.284273597246201462e+02	5.476863813853135525e+02	nan	nan
4.324827312724546573e+02	5.462107015810208850e+02	nan	nan
4.365376811103355976e+02	5.447380055472028744e+02	nan	nan
4.405922092382620576e+02	5.432682892752344515e+02	nan	nan
4.446463156562340373e+02	5.418015487591715100e+02	nan	nan
4.487000003642515367e+02	5.403377799957506795e+02	nan	nan
4.527532633623145557e+02	5.388769789843886429e+02	nan	nan
4.568061046504240039e+02	5.374191417271833870e+02	nan	nan
4.608585242285785171e+02	5.359642642289127252e+02	nan	nan
4.649105220967794594e+02	5.345123424970356609e+02	nan	nan
4.689620982550254666e+02	5.330633725416917059e+02	nan	nan
4.730132527033174483e+02	5.316173503757005392e+02	nan	nan
4.770639854416549497e+02	5.301742720145630301e+02	nan	nan
4.811142964700384255e+02	5.287341334764601015e+02	nan	nan
4.851641857884674209e+02	5.272969307822534120e+02	nan	nan
4.892136533969419361e+02	5.258626599554858103e+02	nan	nan
4.932626992954628804e+02	5.244313170223797442e+02	nan	nan
4.973113234840288897e+02	5.230028980118388517e+02	nan	nan
5.013595259626408733e+02	5.215773989554472791e+02	nan	nan
5.054073067312983767e+02	5.201548158874699084e+02	nan	nan
5.094546657900013997e+02	5.187351448448516749e+02	nan	nan
5.135016031387503972e+02	5.173183818672188181e+02	nan	nan
5.175481187775453691e+02	5.159045229968776312e+02	nan	nan
5.215942127063858607e+02	5.144935642788151426e+02	nan	nan
5.256398849252718719e+02	5.130855017606990032e+02	nan	nan
5.296851354342038576e+02	5.116803314928776558e+02	nan	nan
5.337299642331813629e+02	5.102780495283797677e+02	nan	nan
5.377743713222043880e+02	5.088786519229149121e+02	nan	nan
5.418183567012733874e+02	5.074821347348729432e+02	nan	nan
5.458619203703883613e+02	5.060884940253246782e+02	nan	nan
5.499050623295488549e+02	5.046977258580211014e+02	nan	nan
5.539477825787548682e+02	5.033098262993941603e+02	nan	nan
5.579900811180064011e+02	5.019247914185561399e+02	nan	nan
5.620319579473039084e+02	5.005426172873001747e+02	nan	nan
5.660734130666469355e+02	4.991632999800996799e+02	nan	nan
5.701144464760359369e+02	4.977868355741088635e+02	nan	nan
5.741550581754709128e+02	4.964132201491624983e+02	nan	nan
5.781952481649509537e+02	4.950424497877760359e+02	nan	nan
5.822350164444769689e+02	4.936745205751451522e+02	nan	nan
5.862743630140489586e+02	4.923094285991466563e+02	nan	nan
5.903132878736660132e+02	4.909471699503373543e+02	nan	nan
5.943517910233290422e+02	4.895877407219552424e+02	nan	nan
5.983898724630380457e+02	4.882311370099184273e+02	nan	nan
6.024275321927930236e+02	4.868773549128259788e+02	nan	nan
6.064647702125930664e+02	4.855263905319571904e+02	nan	nan
6.105015865224390836e+02	4.841782399712722622e+02	nan	nan
6.145379811223306206e+02	4.828328993374117317e+02	nan	nan
6.185739540122681319e+02	4.814903647396970996e+02	nan	nan
6.226095051922511630e+02	4.801506322901298631e+02	nan	nan
6.266446346622797137e+02	4.788136981033927668e+02	nan	nan
6.306793424223546936e+02	4.774795582968486087e+02	nan	nan
6.347136284724751931e+02	4.761482089905412067e+02	nan	nan
6.387474928126407576e+02	4.748196463071946027e+02	nan	nan
6.427809354428522965e+02	4.734938663722137449e+02	nan	nan
6.468139563631098099e+02	4.721708653136838620e+02	nan	nan
6.508465555734128429e+02	4.708506392623710894e+02	nan	nan
6.548787330737618504e+02	4.695331843517218431e+02	nan	nan
6.589104888641563775e+02	4.682184967178635020e+02	nan	nan
6.629418229445964243e+02	4.669065724996035556e+02	nan	nan
6.669727353150824456e+02	4.655974078384306267e+02	nan	nan
6.710032259756139865e+02	4.642909988785133919e+02	nan	nan
6.750332949261910471e+02	4.629873417667016042e+02	nan	nan
6.790629421668140822e+02	4.616864326525251840e+02	nan	nan
6.830921676974830916e+02	4.603882676881950147e+02	nan	nan
6.871209715181976208e+02	4.590928430286023172e+02	nan	nan
6.911493536289576696e+02	4.578001548313189915e+02	nan	nan
6.951773140297632381e+02	4.565101992565974456e+02	nan	nan
6.992048527206147810e+02	4.552229724673709370e+02	nan	nan
7.032319697015122983e+02	4.539384706292528904e+02	nan	nan
7.072586649724548806e+02	4.526566899105379207e+02	nan	nan
7.112849385334438921e+02	4.513776264822004123e+02	nan	nan
7.153107903844779685e+02	4.501012765178962240e+02	nan	nan
7.193362205255584740e+02	4.488276361939610979e+02	nan	nan
7.233612289566840445e+02	4.475567016894117955e+02	nan	nan
7.273858156778555895e+02	4.462884691859454733e+02	nan	nan
7.314099806890731088e+02	4.450229348679400232e+02	nan	nan
7.354337239903356931e+02	4.437600949224536748e+02	nan	nan
7.394570455816442518e+02	4.424999455392256209e+02	nan	nan
7.434799454629987849e+02	4.412424829106751645e+02	nan	nan
7.475024236343988377e+02	4.399877032319027990e+02	nan	nan
7.515244800958448650e+02	4.387356027006890145e+02	nan	nan
7.555461148473359572e+02	4.374861775174953209e+02	nan	nan
7.595673278888734785e+02	4.362394238854635660e+02	nan	nan
7.635881192204560648e+02	4.349953380104163898e+02	nan	nan
7.676084888420846255e+02	4.337539161008567135e+02	nan	nan
7.716284367537591606e+02	4.325151543679685346e+02	nan	nan
7.756479629554792155e+02	4.312790490256159046e+02	nan	nan
7.796670674472447899e+02	4.300455962903438376e+02	nan	nan
7.836857502290561115e+02	4.288147923813777425e+02	nan	nan
7.877040113009134075e+02	4.275866335206238773e+02	nan	nan
7.917218506628162231e+02	4.263611159326686675e+02	nan	nan
7.957392683147647858e+02	4.251382358447795582e+02	nan	nan
7.997562642567590956e+02	4.239179894869043324e+02	nan	nan
8.037728384887989250e+02	4.227003730916714517e+02	nan	nan
8.077889910108845015e+02	4.214853828943898861e+02	nan	nan
8.118047218230160524e+02	4.202730151330493413e+02	nan	nan
8.158200309251931230e+02	4.190632660483199174e+02	nan	nan
8.198349183174159407e+02	4.178561318835525640e+02	nan	nan
8.238493839996842780e+02	4.166516088847785682e+02	nan	nan
8.278634279719985898e+02	4.154496933007100665e+02	nan	nan
8.318770502343584212e+02	4.142503813827394197e+02	nan	nan
8.358902507867639997e+02	4.130536693849399512e+02	nan	nan
8.399030296292155526e+02	4.118595535640653793e+02	nan	nan
8.439153867617126252e+02	4.106680301795501009e+02	nan	nan
8.479273221842552175e+02	4.094790954935089644e+02	nan	nan
8.519388358968437842e+02	4.082927457707375538e+02	nan	nan
8.559499278994778706e+02	4.071089772787119614e+02	nan	nan
8.599605981921577040e+02	4.059277862875890150e+02	nan	nan
8.639708467748832845e+02	4.047491690702059373e+02	nan	nan
8.679806736476546121e+02	4.035731219020806861e+02	nan	nan
8.719900788104716867e+02	4.023996410614115007e+02	nan	nan
8.759990622633342809e+02	4.012287228290779240e+02	nan	nan
8.800076240062428496e+02	4.000603634886391546e+02	nan	nan
8.840157640391969380e+02	3.988945593263357523e+02	nan	nan
8.880234823621965461e+02	3.977313066310884437e+02	nan	nan
8.920307789752421286e+02	3.965706016944987482e+02	nan	nan
8.960376538783334581e+02	3.954124408108486932e+02	nan	nan
9.000441070714703073e+02	3.942568202771008714e+02	nan	nan
9.040501385546529036e+02	3.931037363928984405e+02	nan	nan
9.080557483278814743e+02	3.919531854605652939e+02	nan	nan
9.120609363911555647e+02	3.908051637851058331e+02	nan	nan
9.160657027444751748e+02	3.896596676742050249e+02	nan	nan
9.200700473878407593e+02	3.885166934382284580e+02	nan	nan
9.240739703212518634e+02	3.873762373902222862e+02	nan	nan
9.280774715447087146e+02	3.862382958459132851e+02	nan	nan
9.320805510582113129e+02	3.851028651237088525e+02	nan	nan
9.360832088617598856e+02	3.839699415446968942e+02	nan	nan
9.400854449553537506e+02	3.828395214326459381e+02	nan	nan
9.440872593389933627e+02	3.817116011140050773e+02	nan	nan
9.480886520126789492e+02	3.805861769179040834e+02	nan	nan
9.520896229764100553e+02	3.794632451761532934e+02	nan	nan
9.560901722301869086e+02	3.783428022232436092e+02	nan	nan
9.600902997740095088e+02	3.772248443963464410e+02	nan	nan
9.640900056078778562e+02	3.761093680353139348e+02	nan	nan
9.680892897317917232e+02	3.749963694826787446e+02	nan	nan
9.720881521457513372e+02	3.738858450836541465e+02	nan	nan
9.760865928497569257e+02	3.727777911861339817e+02	nan	nan
9.800846118438080339e+02	3.716722041406927133e+02	nan	nan
9.840822091279046617e+02	3.705690803005853695e+02	nan	nan
9.880793847020472640e+02	3.694684160217475437e+02	nan	nan
9.920761385662356133e+02	3.683702076627955080e+02	nan	nan
9.960724707204694823e+02	3.672744515850260996e+02	nan	nan
1.000068381164748871e+03	3.661811441524166639e+02	nan	nan
1.004063869899074462e+03	3.650902817316252253e+02	nan	nan
1.008058936923445344e+03	3.640018606919903732e+02	nan	nan
1.012053582237862202e+03	3.629158774055312620e+02	nan	nan
1.016047805842324806e+03	3.618323282469476112e+02	nan	nan
1.020041607736832930e+03	3.607512095936198193e+02	nan	nan
1.024034987921386801e+03	3.596725178256089634e+02	nan	nan
1.028027946395986191e+03	3.585962493256563448e+02	nan	nan
1.032020483160631784e+03	3.575224004791842844e+02	nan	nan
1.036012598215322669e+03	3.564509676742953843e+02	nan	nan
1.040004291560059301e+03	3.553819473017730388e+02	nan	nan
1.043995563194841907e+03	3.543153357550811506e+02	nan	nan
1.047986413119670033e+03	3.532511294303641876e+02	nan	nan
1.051976841334543678e+03	3.521893247264471825e+02	nan	nan
1.055966847839463526e+03	3.511299180448359039e+02	nan	nan
1.059956432634428666e+03	3.500729057897165717e+02	nan	nan
1.063945595719439552e+03	3.490182843679559710e+02	nan	nan
1.067934337094496186e+03	3.479660501891017930e+02	nan	nan
1.071922656759598567e+03	3.469161996653817823e+02	nan	nan
1.075910554714746695e+03	3.458687292117048173e+02	nan	nan
1.079898030959940343e+03	3.448236352456599434e+02	nan	nan
1.083885085495179965e+03	3.437809141875170553e+02	nan	nan
1.087871718320465106e+03	3.427405624602265561e+02	nan	nan
1.091857929435795995e+03	3.417025764894194140e+02	nan	nan
1.095843718841172631e+03	3.406669527034072757e+02	nan	nan
1.099829086536595014e+03	3.396336875331822398e+02	nan	nan
1.103814032522063144e+03	3.386027774124171401e+02	nan	nan
1.107798556797576794e+03	3.375742187774653189e+02	nan	nan
1.111782659363136418e+03	3.365480080673607404e+02	nan	nan
1.115766340218741561e+03	3.355241417238178769e+02	nan	nan
1.119749599364392225e+03	3.345026161912319367e+02	nan	nan
1.123732436800089090e+03	3.334834279166786359e+02	nan	nan
1.127714852525831247e+03	3.324665733499142561e+02	nan	nan
1.131696846541619152e+03	3.314520489433757575e+02	nan	nan
1.135678418847452804e+03	3.304398511521805517e+02	nan	nan
1.139659569443332430e+03	3.294299764341268428e+02	nan	nan
1.143640298329257348e+03	3.284224212496932296e+02	nan	nan
1.147620605505228241e+03	3.274171820620389894e+02	nan	nan
1.151600490971244881e+03	3.264142553370039650e+02	nan	nan
1.155579954727307040e+03	3.254136375431087345e+02	nan	nan
1.159558996773414947e+03	3.244153251515541569e+02	nan	nan
1.163537617109568828e+03	3.234193146362219977e+02	nan	nan
1.167515815735768001e+03	3.224256024736744735e+02	nan	nan
1.171493592652012921e+03	3.214341851431543091e+02	nan	nan
1.175470947858303816e+03	3.204450591265850790e+02	nan	nan
1.179447881354640458e+03	3.194582209085705813e+02	nan	nan
1.183424393141022620e+03	3.184736669763955774e+02	nan	nan
1.187400483217450301e+03	3.174913938200251096e+02	nan	nan
1.191376151583924184e+03	3.165113979321050692e+02	nan	nan
1.195351398240443359e+03	3.155336758079617425e+02	nan	nan
1.199326223187008281e+03	3.145582239456020943e+02	nan	nan
1.203300626423618951e+03	3.135850388457137115e+02	nan	nan
1.207274607950275595e+03	3.126141170116646890e+02	nan	nan
1.211248167766977758e+03	3.116454549495038009e+02	nan	nan
1.215221305873725441e+03	3.106790491679602155e+02	nan	nan
1.219194022270519099e+03	3.097148961784440644e+02	nan	nan
1.223166316957358504e+03	3.087529924950457598e+02	nan	nan
1.227138189934243201e+03	3.077933346345363361e+02	nan	nan
1.231109641201174099e+03	3.068359191163675632e+02	nan	nan
1.235080670758150518e+03	3.058807424626716056e+02	nan	nan
1.239051278605172456e+03	3.049278011982614771e+02	nan	nan
1.243021464742240369e+03	3.039770918506304724e+02	nan	nan
1.246991229169354028e+03	3.030286109499527356e+02	nan	nan
1.250960571886513208e+03	3.020823550290829189e+02	nan	nan
1.254929492893717907e+03	3.011383206235561829e+02	nan	nan
1.258897992190968807e+03	3.001965042715883669e+02	nan	nan
1.262866069778265000e+03	2.992569025140759322e+02	nan	nan
1.266833725655606941e+03	2.983195118945958484e+02	nan	nan
1.270800959822994628e+03	2.973843289594055932e+02	nan	nan
1.274767772280428289e+03	2.964513502574436075e+02	nan	nan
1.278734163027907471e+03	2.955205723403284992e+02	nan	nan
1.282700132065432399e+03	2.945919917623596120e+02	nan	nan
1.286665679393003074e+03	2.936656050805169116e+02	nan	nan
1.290630805010619270e+03	2.927414088544610422e+02	nan	nan
1.294595508918281212e+03	2.918193996465330997e+02	nan	nan
1.298559791115989128e+03	2.908995740217548018e+02	nan	nan
1.302523651603742564e+03	2.899819285478284314e+02	nan	nan
1.306487090381541520e+03	2.890664597951368933e+02	nan	nan
1.310450107449386223e+03	2.881531643367437709e+02	nan	nan
1.314412702807277128e+03	2.872420387483931563e+02	nan	nan
1.318374876455213098e+03	2.863330796085097063e+02	nan	nan
1.322336628393195042e+03	2.854262834981986998e+02	nan	nan
1.326297958621222961e+03	2.845216470012459240e+02	nan	nan
1.330258867139296171e+03	2.836191667041179585e+02	nan	nan
1.334219353947415357e+03	2.827188391959618343e+02	nan	nan
1.338179419045580062e+03	2.818206610686050908e+02	nan	nan
1.342139062433790741e+03	2.809246289165561166e+02	nan	nan
1.346098284112046713e+03	2.800307393370035243e+02	nan	nan
1.350057084080348659e+03	2.791389889298169464e+02	nan	nan
1.354015462338696352e+03	2.782493742975462965e+02	nan	nan
1.357973418887089792e+03	2.773618920454221666e+02	nan	nan
1.361930953725528752e+03	2.764765387813557140e+02	nan	nan
1.365888066854013687e+03	2.755933111159387181e+02	nan	nan
1.369844758272543913e+03	2.747122056624436937e+02	nan	nan
1.373801027981120114e+03	2.738332190368233796e+02	nan	nan
1.377756875979741835e+03	2.729563478577114779e+02	nan	nan
1.381712302268409530e+03	2.720815887464220850e+02	nan	nan
1.385667306847122745e+03	2.712089383269499194e+02	nan	nan
1.389621889715881707e+03	2.703383932259703215e+02	nan	nan
1.393576050874686644e+03	2.694699500728391968e+02	nan	nan
1.397529790323536872e+03	2.686036054995930726e+02	nan	nan
1.401483108062433075e+03	2.677393561409490985e+02	nan	nan
1.405436004091375025e+03	2.668771986343048184e+02	nan	nan
1.409388478410362495e+03	2.660171296197386255e+02	nan	nan
1.413340531019395712e+03	2.651591457400093077e+02	nan	nan
1.417292161918474449e+03	2.643032436405563885e+02	nan	nan
1.421243371107599387e+03	2.634494199694999566e+02	nan	nan
1.425194158586769618e+03	2.625976713776406086e+02	nan	nan
1.429144524355985595e+03	2.617479945184595636e+02	nan	nan
1.433094468415247547e+03	2.609003860481186052e+02	nan	nan
1.437043990764555019e+03	2.600548426254602532e+02	nan	nan
1.440993091403908238e+03	2.592113609120074216e+02	nan	nan
1.444941770333306977e+03	2.583699375719638738e+02	nan	nan
1.448890027552751690e+03	2.575305692722135973e+02	nan	nan
1.452837863062241922e+03	2.566932526823214289e+02	nan	nan
1.456785276861777902e+03	2.558579844745327989e+02	nan	nan
1.460732268951359856e+03	2.550247613237736459e+02	nan	nan
1.464678839330987330e+03	2.541935799076505305e+02	nan	nan
1.468624988000660323e+03	2.533644369064505497e+02	nan	nan
1.472570714960379291e+03	2.525373290031415081e+02	nan	nan
1.476516020210143779e+03	2.517122528833716899e+02	nan	nan
1.480460903749954014e+03	2.508892052354700297e+02	nan	nan
1.484405365579809995e+03	2.500681827504460273e+02	nan	nan
1.488349405699711724e+03	2.492491821219897759e+02	nan	nan
1.492293024109659200e+03	2.484322000464719906e+02	nan	nan
1.496236220809652195e+03	2.476172332229438950e+02	nan	nan
1.500178995799691165e+03	2.468042783531374766e+02	nan	nan
1.504121349079775655e+03	2.459933321414650891e+02	nan	nan
1.508063280649905664e+03	2.451843912950198501e+02	nan	nan
1.512004790510081648e+03	2.443774525235753572e+02	nan	nan
1.515945878660303379e+03	2.435725125395858868e+02	nan	nan
1.519886545100570629e+03	2.427695680581862518e+02	nan	nan
1.523826789830883627e+03	2.419686157971918874e+02	nan	nan
1.527766612851242598e+03	2.411696524770987935e+02	nan	nan
1.531706014161647090e+03	2.403726748210835638e+02	nan	nan
1.535644993762097101e+03	2.395776795550033853e+02	nan	nan
1.539583551652593087e+03	2.387846634073960956e+02	nan	nan
1.543521687833134592e+03	2.379936231094799837e+02	nan	nan
1.547459402303721845e+03	2.372045553951540739e+02	nan	nan
1.551396695064354844e+03	2.364174570009979277e+02	nan	nan
1.555333566115033818e+03	2.356323246662716429e+02	nan	nan
1.559270015455758084e+03	2.348491551329160245e+02	nan	nan
1.563206043086528098e+03	2.340679451455523576e+02	nan	nan
1.567141649007344085e+03	2.332886914514825776e+02	nan	nan
1.571076833218205593e+03	2.325113908006891563e+02	nan	nan
1.575011595719112847e+03	2.317360399458352731e+02	nan	nan
1.578945936510065849e+03	2.309626356422645586e+02	nan	nan
1.582879855591064597e+03	2.301911746480013505e+02	nan	nan
1.586813352962108866e+03	2.294216537237504667e+02	nan	nan
1.590746428623198881e+03	2.286540696328974036e+02	nan	nan
1.594679082574334871e+03	2.278884191415082512e+02	nan	nan
1.598611314815516380e+03	2.271246990183295793e+02	nan	nan
1.602543125346743409e+03	2.263629060347886934e+02	nan	nan
1.606474514168016640e+03	2.256030369649934357e+02	nan	nan
1.610405481279335163e+03	2.248450885857321850e+02	nan	nan
1.614336026680699433e+03	2.240890576764739421e+02	nan	nan
1.618266150372109450e+03	2.233349410193683866e+02	nan	nan
1.622195852353565215e+03	2.225827353992456210e+02	nan	nan
1.626125132625066726e+03	2.218324376036164836e+02	nan	nan
1.630053991186613757e+03	2.210840444226723776e+02	nan	nan
1.633982428038206763e+03	2.203375526492852146e+02	nan	nan
1.637910443179845288e+03	2.195929590790075849e+02	nan	nan
1.641838036611529560e+03	2.188502605100726157e+02	nan	nan
1.645765208333259352e+03	2.181094537433940559e+02	nan	nan
1.649691958345035346e+03	2.173705355825663048e+02	nan	nan
1.653618286646856632e+03	2.166335028338642132e+02	nan	nan
1.657544193238723665e+03	2.158983523062432823e+02	nan	nan
1.661469678120636672e+03	2.151650808113396636e+02	nan	nan
1.665394741292595199e+03	2.144336851634700452e+02	nan	nan
1.669319382754599246e+03	2.137041621796317088e+02	nan	nan
1.673243602506649495e+03	2.129765086795025297e+02	nan	nan
1.677167400548745036e+03	2.122507214854409767e+02	nan	nan
1.681090776880886324e+03	2.115267974224861121e+02	nan	nan
1.685013731503073359e+03	2.108047333183575915e+02	nan	nan
1.688936264415306368e+03	2.100845260034556929e+02	nan	nan
1.692858375617584670e+03	2.093661723108611739e+02	nan	nan
1.696780065109908946e+03	2.086496690763354991e+02	nan	nan
1.700701332892278970e+03	2.079350131383207270e+02	nan	nan
1.704622178964694513e+03	2.072222013379393957e+02	nan	nan
1.708542603327155803e+03	2.065112305189947506e+02	nan	nan
1.712462605979662840e+03	2.058020975279705453e+02	nan	nan
1.716382186922215624e+03	2.050947992140311840e+02	nan	nan
1.720301346154813928e+03	2.043893324290216356e+02	nan	nan
1.724220083677457978e+03	2.036856940274674628e+02	nan	nan
1.728138399490148004e+03	2.029838808665748218e+02	nan	nan
1.732056293592883549e+03	2.022838898062304338e+02	nan	nan
1.735973765985664841e+03	2.015857177090016421e+02	nan	nan
1.739890816668491880e+03	2.008893614401364118e+02	nan	nan
1.743807445641364438e+03	2.001948178675632164e+02	nan	nan
1.747723652904282744e+03	1.995020838618911512e+02	nan	nan
1.751639438457246797e+03	1.988111562964099903e+02	nan	nan
1.755554802300256824e+03	1.981220320470899878e+02	nan	nan
1.759469744433312371e+03	1.974347079925819912e+02	nan	nan
1.763384264856413438e+03	1.967491810142174700e+02	nan	nan
1.767298363569560479e+03	1.960654479960085439e+02	nan	nan
1.771212040572753040e+03	1.953835058246478411e+02	nan	nan
1.775125295865991347e+03	1.947033513895086116e+02	nan	nan
1.779038129449275402e+03	1.940249815826446707e+02	nan	nan
1.782950541322605432e+03	1.933483932987904836e+02	nan	nan
1.786862531485980753e+03	1.926735834353610528e+02	nan	nan
1.790774099939402049e+03	1.920005488924519739e+02	nan	nan
1.794685246682868637e+03	1.913292865728394645e+02	nan	nan
1.798595971716381428e+03	1.906597933819803075e+02	nan	nan
1.802506275039939737e+03	1.899920662280118790e+02	nan	nan
1.806416156653543567e+03	1.893261020217521775e+02	nan	nan
1.810325616557193371e+03	1.886618976766997378e+02	nan	nan
1.814234654750888694e+03	1.879994501090337451e+02	nan	nan
1.818143271234629992e+03	1.873387562376139499e+02	nan	nan
1.822051466008416810e+03	1.866798129839806393e+02	nan	nan
1.825959239072249375e+03	1.860226172723548075e+02	nan	nan
1.829866590426127686e+03	1.853671660296379287e+02	nan	nan
1.833773520070051745e+03	1.847134561854121557e+02	nan	nan
1.837680028004021324e+03	1.840614846719401498e+02	nan	nan
1.841586114228036649e+03	1.834112484241652510e+02	nan	nan
1.845491778742097722e+03	1.827627443797113074e+02	nan	nan
1.849397021546204542e+03	1.821159694788827892e+02	nan	nan
1.853301842640357108e+03	1.814709206646647601e+02	nan	nan
1.857206242024555195e+03	1.808275948827229058e+02	nan	nan
1.861110219698799028e+03	1.801859890814034770e+02	nan	nan
1.865013775663088836e+03	1.795461002117332896e+02	nan	nan
1.868916909917424164e+03	1.789079252274198097e+02	nan	nan
1.872819622461805238e+03	1.782714610848510119e+02	nan	nan
1.876721913296232060e+03	1.776367047430955211e+02	nan	nan
1.880623782420704401e+03	1.770036531639025554e+02	nan	nan
1.884525229835222490e+03	1.763723033117019270e+02	nan	nan
1.888426255539786553e+03	1.757426521536040127e+02	nan	nan
1.892326859534396135e+03	1.751146966593997263e+02	nan	nan
1.896227041819051465e+03	1.744884338015607170e+02	nan	nan
1.900126802393752314e+03	1.738638605552391141e+02	nan	nan
1.904026141258499138e+03	1.732409738982676686e+02	nan	nan
1.907925058413291481e+03	1.726197708111597251e+02	nan	nan
1.911823553858129571e+03	1.720002482771092218e+02	nan	nan
1.915721627593013409e+03	1.713824032819906620e+02	nan	nan
1.919619279617942993e+03	1.707662328143591708e+02	nan	nan
1.923516509932918325e+03	1.701517338654504670e+02	nan	nan
1.927413318537939176e+03	1.695389034291807775e+02	nan	nan
1.931309705433005774e+03	1.689277385021471218e+02	nan	nan
1.935205670618118347e+03	1.683182360836268572e+02	nan	nan
1.939101214093276212e+03	1.677103931755781048e+02	nan	nan
1.942996335858480052e+03	1.671042067826395225e+02	nan	nan
1.946891035913729411e+03	1.664996739121303619e+02	nan	nan
1.950785314259024744e+03	1.658967915740504679e+02	nan	nan
1.954679170894365598e+03	1.652955567810802791e+02	nan	nan
1.958572605819752198e+03	1.646959665485807704e+02	nan	nan
1.962465619035184545e+03	1.640980178945936245e+02	nan	nan
1.966358210540662640e+03	1.635017078398410035e+02	nan	nan
1.970250380336186481e+03	1.629070334077257485e+02	nan	nan
1.974142128421755842e+03	1.623139916243312086e+02	nan	nan
1.978033454797370950e+03	1.617225795184213553e+02	nan	nan
1.981924359463031806e+03	1.611327941214408099e+02	nan	nan
1.985814842418738408e+03	1.605446324675147025e+02	nan	nan
1.989704903664490757e+03	1.599580915934487848e+02	nan	nan
1.993594543200288626e+03	1.593731685387294021e+02	nan	nan
1.997483761026132242e+03	1.587898603455234934e+02	nan	nan
2.001372557142021833e+03	1.582081640586785909e+02	nan	nan
2.005260931547956716e+03	1.576280767257227922e+02	nan	nan
2.009148884243937573e+03	1.570495953968648450e+02	nan	nan
2.013036415229963950e+03	1.564727171249940056e+02	nan	nan
2.016923524506036301e+03	1.558974389656801804e+02	nan	nan
2.020810212072154172e+03	1.553237579771738410e+02	nan	nan
2.024696477928318018e+03	1.547516712204060809e+02	nan	nan
2.028582322074527383e+03	1.541811757589885588e+02	nan	nan
2.032467744510782268e+03	1.536122686592135267e+02	nan	nan
2.036352745237083127e+03	1.530449469900538020e+02	nan	nan
2.040237324253429506e+03	1.524792078231628807e+02	nan	nan
2.044121481559821859e+03	1.519150482328747387e+02	nan	nan
2.048005217156259732e+03	1.513524652962040022e+02	nan	nan
2.051888531042743125e+03	1.507914560928458911e+02	nan	nan
2.055771423219272492e+03	1.502320177051761902e+02	nan	nan
2.059653893685847834e+03	1.496741472182513348e+02	nan	nan
2.063535942442468240e+03	1.491178417198082684e+02	nan	nan
2.067417569489134621e+03	1.485630983002645849e+02	nan	nan
2.071298774825846976e+03	1.480099140527184431e+02	nan	nan
2.075179558452604851e+03	1.474582860729485674e+02	nan	nan
2.079059920369408246e+03	1.469082114594143604e+02	nan	nan
2.082939860576257615e+03	1.463596873132557050e+02	nan	nan
2.086819379073152504e+03	1.458127107382931911e+02	nan	nan
2.090698475860092913e+03	1.452672788410278599e+02	nan	nan
2.094577150937079750e+03	1.447233887306415170e+02	nan	nan
2.098455404304111653e+03	1.441810375189963906e+02	nan	nan
2.102333235961189530e+03	1.436402223206354165e+02	nan	nan
2.106210645908312927e+03	1.431009402527820384e+02	nan	nan
2.110087634145482298e+03	1.425631884353403507e+02	nan	nan
2.113964200672697189e+03	1.420269639908950126e+02	nan	nan
2.117840345489957599e+03	1.414922640447113054e+02	nan	nan
2.121716068597263984e+03	1.409590857247350755e+02	nan	nan
2.125591369994615889e+03	1.404274261615927344e+02	nan	nan
2.129466249682013768e+03	1.398972824885913440e+02	nan	nan
2.133340707659457166e+03	1.393686518417185027e+02	nan	nan
2.137214743926946539e+03	1.388415313596424312e+02	nan	nan
2.141088358484481432e+03	1.383159181837119149e+02	nan	nan
2.144961551332061845e+03	1.377918094579563899e+02	nan	nan
2.148834322469688232e+03	1.372692023290858288e+02	nan	nan
2.152706671897360138e+03	1.367480939464907692e+02	nan	nan
2.156578599615078019e+03	1.362284814622424278e+02	nan	nan
2.160450105622841420e+03	1.357103620310925010e+02	nan	nan
2.164321189920650340e+03	1.351937328104734206e+02	nan	nan
2.168191852508505235e+03	1.346785909604980702e+02	nan	nan
2.172062093386405650e+03	1.341649336439599836e+02	nan	nan
2.175931912554352039e+03	1.336527580263333164e+02	nan	nan
2.179801310012343947e+03	1.331420612757727611e+02	nan	nan
2.183670285760381375e+03	1.326328405631136320e+02	nan	nan
2.187538839798465233e+03	1.321250930618718087e+02	nan	nan
2.191406972126594155e+03	1.316188159482437925e+02	nan	nan
2.195274682744769052e+03	1.311140064011066499e+02	nan	nan
2.199141971652989469e+03	1.306106616020180695e+02	nan	nan
2.203008838851255405e+03	1.301087787352162763e+02	nan	nan
2.206875284339567770e+03	1.296083549876201744e+02	nan	nan
2.210741308117925200e+03	1.291093875488291474e+02	nan	nan
2.214606910186328605e+03	1.286118736111232579e+02	nan	nan
2.218472090544777529e+03	1.281158103694631620e+02	nan	nan
2.222336849193272428e+03	1.276211950214899957e+02	nan	nan
2.226201186131812392e+03	1.271280247675256447e+02	nan	nan
2.230065101360398785e+03	1.266362968105724747e+02	nan	nan
2.233928594879030697e+03	1.261460083563134447e+02	nan	nan
2.237791666687708130e+03	1.256571566131121784e+02	nan	nan
2.241654316786431536e+03	1.251697387920128364e+02	nan	nan
2.245516545175200463e+03	1.246837521067401724e+02	nan	nan
2.249378351854014909e+03	1.241991937736995339e+02	nan	nan
2.253239736822875784e+03	1.237160610119768762e+02	nan	nan
2.257100700081781724e+03	1.232343510433387053e+02	nan	nan
2.260961241630733639e+03	1.227540610922321918e+02	nan	nan
2.264821361469731073e+03	1.222751883857850430e+02	nan	nan
2.268681059598774482e+03	1.217977301538055315e+02	nan	nan
2.272540336017863410e+03	1.213216836287825799e+02	nan	nan
2.276399190726997858e+03	1.208470460458856905e+02	nan	nan
2.280257623726178281e+03	1.203738146429649305e+02	nan	nan
2.284115635015404223e+03	1.199019866605509606e+02	nan	nan
2.287973224594676140e+03	1.194315593418550634e+02	nan	nan
2.291830392463993576e+03	1.189625299327690868e+02	nan	nan
2.295687138623356532e+03	1.184948956818654722e+02	nan	nan
2.299543463072765462e+03	1.180286538403972543e+02	nan	nan
2.303399365812219912e+03	1.175638016622980615e+02	nan	nan
2.307254846841720337e+03	1.171003364041821158e+02	nan	nan
2.311109906161266736e+03	1.166382553253442325e+02	nan	nan
2.314964543770858199e+03	1.161775556877597921e+02	nan	nan
2.318818759670495638e+03	1.157182347560847973e+02	nan	nan
2.322672553860178596e+03	1.152602897976558296e+02	nan	nan
2.326525926339907528e+03	1.148037180824900645e+02	nan	nan
2.330378877109682435e+03	1.143485168832852708e+02	nan	nan
2.334231406169502407e+03	1.138946834754197965e+02	nan	nan
2.338083513519368353e+03	1.134422151369525835e+02	nan	nan
2.341935199159280273e+03	1.129911091486231811e+02	nan	nan
2.345786463089237259e+03	1.125413627938517038e+02	nan	nan
2.349637305309240674e+03	1.120929733587389023e+02	nan	nan
2.353487725819289153e+03	1.116459381320660498e+02	nan	nan
2.357337724619384062e+03	1.112002544052950554e+02	nan	nan
2.361187301709524036e+03	1.107559194725684222e+02	nan	nan
2.365036457089709984e+03	1.103129306307092179e+02	nan	nan
2.368885190759941452e+03	1.098712851792211609e+02	nan	nan
2.372733502720218894e+03	1.094309804202884635e+02	nan	nan
2.376581392970541856e+03	1.089920136587760169e+02	nan	nan
2.380428861510910792e+03	1.085543822022292488e+02	nan	nan
2.384275908341325248e+03	1.081180833608742091e+02	nan	nan
2.388122533461785224e+03	1.076831144476175126e+02	nan	nan
2.391968736872291174e+03	1.072494727780464103e+02	nan	nan
2.395814518572842644e+03	1.068171556704286900e+02	nan	nan
2.399659878563440088e+03	1.063861604457127612e+02	nan	nan
2.403504816844083052e+03	1.059564844275276130e+02	nan	nan
2.407349333414771991e+03	1.055281249421828420e+02	nan	nan
2.411193428275506449e+03	1.051010793186686101e+02	nan	nan
2.415037101426286426e+03	1.046753448886557010e+02	nan	nan
2.418880352867112379e+03	1.042509189864954635e+02	nan	nan
2.422723182597983850e+03	1.038277989492198401e+02	nan	nan
2.426565590618900842e+03	1.034059821165413808e+02	nan	nan
2.430407576929863808e+03	1.029854658308532152e+02	nan	nan
2.434249141530872748e+03	1.025662474372290660e+02	nan	nan
2.438090284421927208e+03	1.021483242834232499e+02	nan	nan
2.441931005603027188e+03	1.017316937198706626e+02	nan	nan
2.445771305074172687e+03	1.013163530996868076e+02	nan	nan
2.449611182835364161e+03	1.009022997786677536e+02	nan	nan
2.453450638886601610e+03	1.004895311152902053e+02	nan	nan
2.457289673227884577e+03	1.000780444707114185e+02	nan	nan
2.461128285859213065e+03	9.966783720876924235e+01	nan	nan
2.464966476780587527e+03	9.925890669598214799e+01	nan	nan
2.468804245992007509e+03	9.885125030154917170e+01	nan	nan
2.472641593493473010e+03	9.844486539734992903e+01	nan	nan
2.476478519284984486e+03	9.803974935794467171e+01	nan	nan
2.480315023366541936e+03	9.763589956057418817e+01	nan	nan
2.484151105738144452e+03	9.723331338515990296e+01	nan	nan
2.487986766399792941e+03	9.683198821430380576e+01	nan	nan
2.491822005351487405e+03	9.643192143328846555e+01	nan	nan
2.495656822593227389e+03	9.603311043007710168e+01	nan	nan
2.499491218125012892e+03	9.563555259531344177e+01	nan	nan
2.503325191946844370e+03	9.523924532232189222e+01	nan	nan
2.507158744058721823e+03	9.484418600710736769e+01	nan	nan
2.510991874460644340e+03	9.445037204835541900e+01	nan	nan
2.514824583152612831e+03	9.405780084743219049e+01	nan	nan
2.518656870134627297e+03	9.366646980838440584e+01	nan	nan
2.522488735406687283e+03	9.327637633793938221e+01	nan	nan
2.526320178968792789e+03	9.288751784550501611e+01	nan	nan
2.530151200820944268e+03	9.249989174316979756e+01	nan	nan
2.533981800963141268e+03	9.211349544570285275e+01	nan	nan
2.537811979395383787e+03	9.172832637055383032e+01	nan	nan
2.541641736117672281e+03	9.134438193785300086e+01	nan	nan
2.545471071130006749e+03	9.096165957041125694e+01	nan	nan
2.549299984432386736e+03	9.058015669372002776e+01	nan	nan
2.553128476024812244e+03	9.019987073595135030e+01	nan	nan
2.556956545907283271e+03	8.982079912795788346e+01	nan	nan
2.560784194079800272e+03	8.944293930327283704e+01	nan	nan
2.564611420542363248e+03	8.906628869811004279e+01	nan	nan
2.568438225294971744e+03	8.869084475136388335e+01	nan	nan
2.572264608337625759e+03	8.831660490460939172e+01	nan	nan
2.576090569670325749e+03	8.794356660210213761e+01	nan	nan
2.579916109293071258e+03	8.757172729077831264e+01	nan	nan
2.583741227205862288e+03	8.720108442025467355e+01	nan	nan
2.587565923408699291e+03	8.683163544282861324e+01	nan	nan
2.591390197901582269e+03	8.646337781347804707e+01	nan	nan
2.595214050684510312e+03	8.609630898986156922e+01	nan	nan
2.599037481757484329e+03	8.573042643231826787e+01	nan	nan
2.602860491120504321e+03	8.536572760386791003e+01	nan	nan
2.606683078773569832e+03	8.500220997021079938e+01	nan	nan
2.610505244716680863e+03	8.463987099972783312e+01	nan	nan
2.614326988949837869e+03	8.427870816348053040e+01	nan	nan
2.618148311473040394e+03	8.391871893521097547e+01	nan	nan
2.621969212286288894e+03	8.355990079134186033e+01	nan	nan
2.625789691389582913e+03	8.320225121097644205e+01	nan	nan
2.629609748782922907e+03	8.284576767589859969e+01	nan	nan
2.633429384466308420e+03	8.249044767057279159e+01	nan	nan
2.637248598439739453e+03	8.213628868214405543e+01	nan	nan
2.641067390703216006e+03	8.178328820043803660e+01	nan	nan
2.644885761256738988e+03	8.143144371796095982e+01	nan	nan
2.648703710100307035e+03	8.108075272989965754e+01	nan	nan
2.652521237233921056e+03	8.073121273412151311e+01	nan	nan
2.656338342657581052e+03	8.038282123117456024e+01	nan	nan
2.660155026371286112e+03	8.003557572428738354e+01	nan	nan
2.663971288375037147e+03	7.968947371936914692e+01	nan	nan
2.667787128668834157e+03	7.934451272500966468e+01	nan	nan
2.671602547252676686e+03	7.900069025247927357e+01	nan	nan
2.675417544126565190e+03	7.865800381572893230e+01	nan	nan
2.679232119290498758e+03	7.831645093139020730e+01	nan	nan
2.683046272744478756e+03	7.797602911877521592e+01	nan	nan
2.686860004488503819e+03	7.763673589987671164e+01	nan	nan
2.690673314522574856e+03	7.729856879936799885e+01	nan	nan
2.694486202846691867e+03	7.696152534460300387e+01	nan	nan
2.698298669460854398e+03	7.662560306561621815e+01	nan	nan
2.702110714365062449e+03	7.629079949512275505e+01	nan	nan
2.705922337559316475e+03	7.595711216851827885e+01	nan	nan
2.709733539043616020e+03	7.562453862387907577e+01	nan	nan
2.713544318817961539e+03	7.529307640196202556e+01	nan	nan
2.717354676882352578e+03	7.496272304620457305e+01	nan	nan
2.721164613236789137e+03	7.463347610272475663e+01	nan	nan
2.724974127881271670e+03	7.430533312032125082e+01	nan	nan
2.728783220815799723e+03	7.397829165047325262e+01	nan	nan
2.732591892040373750e+03	7.365234924734062361e+01	nan	nan
2.736400141554993297e+03	7.332750346776373362e+01	nan	nan
2.740207969359658364e+03	7.300375187126363130e+01	nan	nan
2.744015375454369405e+03	7.268109202004188774e+01	nan	nan
2.747822359839125966e+03	7.235952147898069597e+01	nan	nan
2.751628922513928501e+03	7.203903781564282838e+01	nan	nan
2.755435063478776556e+03	7.171963860027166504e+01	nan	nan
2.759240782733670585e+03	7.140132140579116538e+01	nan	nan
2.763046080278610134e+03	7.108408380780586810e+01	nan	nan
2.766850956113595203e+03	7.076792338460093390e+01	nan	nan
2.770655410238626246e+03	7.045283771714208854e+01	nan	nan
2.774459442653702808e+03	7.013882438907565131e+01	nan	nan
2.778263053358825346e+03	6.982588098672854926e+01	nan	nan
2.782066242353993403e+03	6.951400509910827452e+01	nan	nan
2.785869009639206979e+03	6.920319431790294118e+01	nan	nan
2.789671355214466530e+03	6.889344623748122842e+01	nan	nan
2.793473279079771601e+03	6.858475845489242317e+01	nan	nan
2.797274781235122646e+03	6.827712856986637746e+01	nan	nan
2.801075861680519210e+03	6.797055418481357947e+01	nan	nan
2.804876520415961295e+03	6.766503290482506827e+01	nan	nan
2.808676757441449354e+03	6.736056233767247647e+01	nan	nan
2.812476572756983387e+03	6.705714009380807283e+01	nan	nan
2.816275966362562485e+03	6.675476378636464858e+01	nan	nan
2.820074938258188013e+03	6.645343103115564531e+01	nan	nan
2.823873488443858605e+03	6.615313944667505552e+01	nan	nan
2.827671616919575172e+03	6.585388665409747944e+01	nan	nan
2.831469323685337258e+03	6.555567027727811080e+01	nan	nan
2.835266608741145319e+03	6.525848794275273690e+01	nan	nan
2.839063472086998900e+03	6.496233727973773853e+01	nan	nan
2.842859913722898455e+03	6.466721592013004738e+01	nan	nan
2.846655933648843529e+03	6.437312149850724552e+01	nan	nan
2.850451531864834578e+03	6.408005165212746590e+01	nan	nan
2.854246708370870692e+03	6.378800402092944921e+01	nan	nan
2.858041463166953235e+03	6.349697624753252967e+01	nan	nan
2.861835796253080844e+03	6.320696597723660659e+01	nan	nan
2.865629707629254881e+03	6.291797085802220835e+01	nan	nan
2.869423197295473983e+03	6.262998854055042841e+01	nan	nan
2.873216265251739060e+03	6.234301667816296089e+01	nan	nan
2.877008911498049656e+03	6.205705292688208630e+01	nan	nan
2.880801136034406227e+03	6.177209494541067869e+01	nan	nan
2.884592938860808317e+03	6.148814039513219853e+01	nan	nan
2.888384319977256382e+03	6.120518694011070693e+01	nan	nan
2.892175279383749967e+03	6.092323224709085849e+01	nan	nan
2.895965817080289071e+03	6.064227398549788006e+01	nan	nan
2.899755933066874150e+03	6.036230982743759910e+01	nan	nan
2.903545627343504748e+03	6.008333744769643658e+01	nan	nan
2.907334899910181321e+03	5.980535452374141414e+01	nan	nan
2.911123750766903413e+03	5.952835873572011849e+01	nan	nan
2.914912179913671480e+03	5.925234776646075829e+01	nan	nan
2.918700187350484612e+03	5.897731930147210733e+01	nan	nan
2.922487773077344173e+03	5.870327102894354709e+01	nan	nan
2.926274937094249253e+03	5.843020063974503842e+01	nan	nan
2.930061679401199854e+03	5.815810582742713564e+01	nan	nan
2.933847999998195974e+03	5.788698428822100084e+01	nan	nan
2.937633898885238068e+03	5.761683372103836120e+01	nan	nan
2.941419376062326137e+03	5.734765182747154455e+01	nan	nan
2.945204431529459271e+03	5.707943631179348642e+01	nan	nan
2.948989065286638834e+03	5.681218488095768748e+01	nan	nan
2.952773277333863462e+03	5.654589524459825611e+01	nan	nan
2.956557067671134064e+03	5.628056511502988712e+01	nan	nan
2.960340436298450641e+03	5.601619220724785464e+01	nan	nan
2.964123383215812282e+03	5.575277423892805473e+01	nan	nan
2.967905908423220353e+03	5.549030893042694856e+01	nan	nan
2.971688011920673489e+03	5.522879400478159084e+01	nan	nan
2.975469693708173054e+03	5.496822718770962979e+01	nan	nan
2.979250953785717684e+03	5.470860620760930715e+01	nan	nan
2.983031792153308288e+03	5.444992879555945819e+01	nan	nan
2.986812208810944412e+03	5.419219268531949751e+01	nan	nan
2.990592203758626511e+03	5.393539561332945453e+01	nan	nan
2.994371776996354129e+03	5.367953531870992379e+01	nan	nan
2.998150928524127721e+03	5.342460954326209333e+01	nan	nan
3.001929658341946833e+03	5.317061603146777315e+01	nan	nan
3.005707966449811465e+03	5.291755253048931706e+01	nan	nan
3.009485852847722072e+03	5.266541679016970789e+01	nan	nan
3.013263317535678198e+03	5.241420656303250070e+01	nan	nan
3.017040360513680298e+03	5.216391960428185115e+01	nan	nan
3.020816981781727918e+03	5.191455367180250136e+01	nan	nan
3.024593181339821058e+03	5.166610652615977983e+01	nan	nan
3.028368959187960172e+03	5.141857593059960863e+01	nan	nan
3.032144315326145261e+03	5.117195965104851041e+01	nan	nan
3.035919249754375414e+03	5.092625545611358717e+01	nan	nan
3.039693762472651542e+03	5.068146111708254153e+01	nan	nan
3.043467853480973645e+03	5.043757440792365543e+01	nan	nan
3.047241522779341267e+03	5.019459310528580431e+01	nan	nan
3.051014770367754409e+03	4.995251498849847849e+01	nan	nan
3.054787596246213525e+03	4.971133783957171204e+01	nan	nan
3.058560000414718161e+03	4.947105944319618231e+01	nan	nan
3.062331982873268771e+03	4.923167758674311756e+01	nan	nan
3.066103543621864901e+03	4.899319006026435375e+01	nan	nan
3.069874682660506551e+03	4.875559465649232749e+01	nan	nan
3.073645399989194175e+03	4.851888917084004049e+01	nan	nan
3.077415695607927773e+03	4.828307140140111642e+01	nan	nan
3.081185569516706437e+03	4.804813914894974403e+01	nan	nan
3.084955021715531075e+03	4.781409021694070560e+01	nan	nan
3.088724052204401687e+03	4.758092241150939827e+01	nan	nan
3.092492660983317819e+03	4.734863354147178427e+01	nan	nan
3.096260848052279471e+03	4.711722141832443356e+01	nan	nan
3.100028613411287097e+03	4.688668385624448831e+01	nan	nan
3.103795957060340243e+03	4.665701867208970555e+01	nan	nan
3.107562878999438908e+03	4.642822368539842159e+01	nan	nan
3.111329379228584003e+03	4.620029671838955210e+01	nan	nan
3.115095457747774162e+03	4.597323559596262044e+01	nan	nan
3.118861114557010296e+03	4.574703814569774352e+01	nan	nan
3.122626349656291950e+03	4.552170219785561045e+01	nan	nan
3.126391163045619578e+03	4.529722558537751809e+01	nan	nan
3.130155554724992726e+03	4.507360614388534970e+01	nan	nan
3.133919524694411393e+03	4.485084171168157496e+01	nan	nan
3.137683072953876035e+03	4.462893012974925711e+01	nan	nan
3.141446199503386197e+03	4.440786924175205286e+01	nan	nan
3.145208904342942333e+03	4.418765689403421959e+01	nan	nan
3.148971187472543988e+03	4.396829093562057977e+01	nan	nan
3.152733048892191619e+03	4.374976921821656362e+01	nan	nan
3.156494488601884768e+03	4.353208959620820195e+01	nan	nan
3.160255506601623438e+03	4.331524992666209073e+01	nan	nan
3.164016102891408082e+03	4.309924806932544072e+01	nan	nan
3.167776277471238245e+03	4.288408188662604914e+01	nan	nan
3.171536030341114383e+03	4.266974924367228539e+01	nan	nan
3.175295361501035586e+03	4.245624800825314082e+01	nan	nan
3.179054270951003218e+03	4.224357605083816480e+01	nan	nan
3.182812758691016370e+03	4.203173124457752152e+01	nan	nan
3.186570824721075041e+03	4.182071146530196160e+01	nan	nan
3.190328469041179687e+03	4.161051459152281495e+01	nan	nan
3.194085691651329853e+03	4.140113850443202637e+01	nan	nan
3.197842492551525538e+03	4.119258108790211281e+01	nan	nan
3.201598871741767198e+03	4.098484022848617059e+01	nan	nan
3.205354829222054832e+03	4.077791381541791793e+01	nan	nan
3.209110364992387531e+03	4.057179974061164529e+01	nan	nan
3.212865479052766204e+03	4.036649589866223664e+01	nan	nan
3.216620171403190852e+03	4.016200018684517659e+01	nan	nan
3.220374442043661020e+03	3.995831050511651483e+01	nan	nan
3.224128290974176707e+03	3.975542475611293014e+01	nan	nan
3.227881718194738369e+03	3.955334084515165216e+01	nan	nan
3.231634723705345550e+03	3.935205668023053249e+01	nan	nan
3.235387307505998706e+03	3.915157017202799494e+01	nan	nan
3.239139469596697381e+03	3.895187923390307105e+01	nan	nan
3.242891209977441576e+03	3.875298178189537168e+01	nan	nan
3.246642528648231746e+03	3.855487573472510121e+01	nan	nan
3.250393425609067890e+03	3.835755901379305044e+01	nan	nan
3.254143900859949099e+03	3.816102954318061080e+01	nan	nan
3.257893954400876282e+03	3.796528524964976015e+01	nan	nan
3.261643586231849440e+03	3.777032406264306275e+01	nan	nan
3.265392796352868118e+03	3.757614391428368350e+01	nan	nan
3.269141584763932315e+03	3.738274273937536663e+01	nan	nan
3.272889951465042486e+03	3.719011847540245697e+01	nan	nan
3.276637896456198177e+03	3.699826906252989289e+01	nan	nan
3.280385419737399843e+03	3.680719244360319209e+01	nan	nan
3.284132521308647028e+03	3.661688656414846577e+01	nan	nan
3.287879201169939734e+03	3.642734937237243287e+01	nan	nan
3.291625459321278413e+03	3.623857881916237034e+01	nan	nan
3.295371295762662612e+03	3.605057285808618417e+01	nan	nan
3.299116710494092786e+03	3.586332944539235257e+01	nan	nan
3.302861703515568479e+03	3.567684654000993305e+01	nan	nan
3.306606274827090147e+03	3.549112210354859087e+01	nan	nan
3.310350424428656879e+03	3.530615410029858481e+01	nan	nan
3.314094152320270041e+03	3.512194049723075295e+01	nan	nan
3.317837458501928268e+03	3.493847926399654114e+01	nan	nan
3.321580342973632924e+03	3.475576837292794607e+01	nan	nan
3.325322805735382644e+03	3.457380579903761486e+01	nan	nan
3.329064846787178340e+03	3.439258952001873126e+01	nan	nan
3.332806466129020009e+03	3.421211751624511521e+01	nan	nan
3.336547663760906744e+03	3.403238777077113753e+01	nan	nan
3.340288439682839453e+03	3.385339826933179097e+01	nan	nan
3.344028793894818136e+03	3.367514700034264052e+01	nan	nan
3.347768726396842339e+03	3.349763195489984469e+01	nan	nan
3.351508237188912062e+03	3.332085112678016969e+01	nan	nan
3.355247326271028214e+03	3.314480251244095399e+01	nan	nan
3.358985993643189431e+03	3.296948411102012955e+01	nan	nan
3.362724239305396623e+03	3.279489392433622186e+01	nan	nan
3.366462063257648879e+03	3.262102995688835705e+01	nan	nan
3.370199465499947564e+03	3.244789021585623345e+01	nan	nan
3.373936446032291769e+03	3.227547271110016425e+01	nan	nan
3.377673004854681494e+03	3.210377545516102771e+01	nan	nan
3.381409141967117193e+03	3.193279646326030985e+01	nan	nan
3.385144857369598412e+03	3.176253375330008311e+01	nan	nan
3.388880151062125606e+03	3.159298534586301344e+01	nan	nan
3.392615023044698319e+03	3.142414926421236032e+01	nan	nan
3.396349473317316551e+03	3.125602353429195546e+01	nan	nan
3.400083501879980759e+03	3.108860618472624537e+01	nan	nan
3.403817108732690940e+03	3.092189524682026303e+01	nan	nan
3.407550293875446187e+03	3.075588875455962068e+01	nan	nan
3.411283057308247407e+03	3.059058474461052413e+01	nan	nan
3.415015399031094603e+03	3.042598125631978689e+01	nan	nan
3.418747319043986863e+03	3.026207633171478761e+01	nan	nan
3.422478817346925553e+03	3.009886801550352686e+01	nan	nan
3.426209893939909307e+03	2.993635435507455611e+01	nan	nan
3.429940548822939490e+03	2.977453340049705588e+01	nan	nan
3.433670781996014739e+03	2.961340320452077890e+01	nan	nan
3.437400593459135962e+03	2.945296182257607143e+01	nan	nan
3.441129983212303159e+03	2.929320731277387324e+01	nan	nan
3.444858951255515422e+03	2.913413773590571765e+01	nan	nan
3.448587497588773658e+03	2.897575115544371727e+01	nan	nan
3.452315622212077869e+03	2.881804563754059245e+01	nan	nan
3.456043325125427600e+03	2.866101925102963577e+01	nan	nan
3.459770606328823305e+03	2.850467006742474751e+01	nan	nan
3.463497465822264076e+03	2.834899616092041441e+01	nan	nan
3.467223903605751275e+03	2.819399560839170249e+01	nan	nan
3.470949919679283539e+03	2.803966648939429263e+01	nan	nan
3.474675514042862233e+03	2.788600688616442369e+01	nan	nan
3.478400686696485991e+03	2.773301488361896361e+01	nan	nan
3.482125437640155724e+03	2.758068856935534541e+01	nan	nan
3.485849766873870976e+03	2.742902603365159564e+01	nan	nan
3.489573674397632203e+03	2.727802536946633438e+01	nan	nan
3.493297160211438950e+03	2.712768467243878945e+01	nan	nan
3.497020224315291671e+03	2.697800204088874665e+01	nan	nan
3.500742866709189911e+03	2.682897557581660664e+01	nan	nan
3.504465087393133672e+03	2.668060338090336359e+01	nan	nan
3.508186886367123407e+03	2.653288356251059099e+01	nan	nan
3.511908263631158661e+03	2.638581422968044876e+01	nan	nan
3.515629219185239890e+03	2.623939349413570454e+01	nan	nan
3.519349753029366639e+03	2.609361947027970530e+01	nan	nan
3.523069865163538907e+03	2.594849027519639151e+01	nan	nan
3.526789555587757150e+03	2.580400402865029719e+01	nan	nan
3.530508824302020912e+03	2.566015885308655697e+01	nan	nan
3.534227671306330649e+03	2.551695287363086351e+01	nan	nan
3.537946096600685905e+03	2.537438421808953137e+01	nan	nan
3.541664100185087136e+03	2.523245101694946158e+01	nan	nan
3.545381682059533887e+03	2.509115140337813443e+01	nan	nan
3.549098842224026157e+03	2.495048351322363800e+01	nan	nan
3.552815580678564402e+03	2.481044548501463254e+01	nan	nan
3.556531897423148166e+03	2.467103545996037894e+01	nan	nan
3.560247792457777905e+03	2.453225158195073874e+01	nan	nan
3.563963265782453163e+03	2.439409199755614566e+01	nan	nan
3.567678317397173942e+03	2.425655485602763406e+01	nan	nan
3.571392947301940694e+03	2.411963830929683184e+01	nan	nan
3.575107155496752966e+03	2.398334051197595329e+01	nan	nan
3.578820941981611213e+03	2.384765962135780626e+01	nan	nan
3.582534306756514979e+03	2.371259379741577789e+01	nan	nan
3.586247249821464720e+03	2.357814120280387726e+01	nan	nan
3.589959771176459526e+03	2.344430000285667148e+01	nan	nan
3.593671870821500761e+03	2.331106836558933537e+01	nan	nan
3.597383548756587061e+03	2.317844446169762307e+01	nan	nan
3.601094804981719790e+03	2.304642646455789645e+01	nan	nan
3.604805639496897584e+03	2.291501255022710382e+01	nan	nan
3.608516052302121352e+03	2.278420089744276567e+01	nan	nan
3.612226043397390640e+03	2.265398968762301024e+01	nan	nan
3.615935612782705903e+03	2.252437710486658062e+01	nan	nan
3.619644760458067140e+03	2.239536133595274947e+01	nan	nan
3.623353486423473441e+03	2.226694057034143270e+01	nan	nan
3.627061790678925718e+03	2.213911300017312556e+01	nan	nan
3.630769673224423968e+03	2.201187682026889547e+01	nan	nan
3.634477134059967284e+03	2.188523022813042473e+01	nan	nan
3.638184173185557029e+03	2.175917142393997494e+01	nan	nan
3.641890790601191839e+03	2.163369861056040122e+01	nan	nan
3.645596986306873077e+03	2.150880999353515222e+01	nan	nan
3.649302760302599381e+03	2.138450378108825589e+01	nan	nan
3.653008112588371660e+03	2.126077818412433373e+01	nan	nan
3.656713043164189912e+03	2.113763141622862918e+01	nan	nan
3.660417552030053230e+03	2.101506169366693655e+01	nan	nan
3.664121639185962522e+03	2.089306723538564370e+01	nan	nan
3.667825304631917788e+03	2.077164626301177464e+01	nan	nan
3.671528548367918575e+03	2.065079700085289005e+01	nan	nan
3.675231370393965335e+03	2.053051767589715837e+01	nan	nan
3.678933770710057161e+03	2.041080651781335575e+01	nan	nan
3.682635749316194961e+03	2.029166175895083768e+01	nan	nan
3.686337306212378735e+03	2.017308163433954604e+01	nan	nan
3.690038441398608029e+03	2.005506438169003047e+01	nan	nan
3.693739154874883297e+03	1.993760824139340571e+01	nan	nan
3.697439446641204086e+03	1.982071145652139421e+01	nan	nan
3.701139316697570393e+03	1.970437227282630488e+01	nan	nan
3.704838765043982676e+03	1.958858893874105433e+01	nan	nan
3.708537791680440478e+03	1.947335970537913141e+01	nan	nan
3.712236396606944254e+03	1.935868282653460426e+01	nan	nan
3.715934579823493095e+03	1.924455655868216297e+01	nan	nan
3.719632341330088366e+03	1.913097916097707696e+01	nan	nan
3.723329681126729156e+03	1.901794889525518784e+01	nan	nan
3.727026599213415466e+03	1.890546402603295917e+01	nan	nan
3.730723095590147750e+03	1.879352282050741962e+01	nan	nan
3.734419170256925099e+03	1.868212354855620561e+01	nan	nan
3.738114823213748878e+03	1.857126448273753283e+01	nan	nan
3.741810054460618176e+03	1.846094389829022475e+01	nan	nan
3.745504863997532993e+03	1.835116007313366993e+01	nan	nan
3.749199251824493786e+03	1.824191128786787885e+01	nan	nan
3.752893217941500097e+03	1.813319582577342004e+01	nan	nan
3.756586762348551929e+03	1.802501197281148393e+01	nan	nan
3.760279885045649735e+03	1.791735801762382607e+01	nan	nan
3.763972586032793515e+03	1.781023225153282397e+01	nan	nan
3.767664865309982815e+03	1.770363296854141311e+01	nan	nan
3.771356722877217180e+03	1.759755846533313672e+01	nan	nan
3.775048158734497974e+03	1.749200704127212447e+01	nan	nan
3.778739172881824288e+03	1.738697699840309951e+01	nan	nan
3.782429765319196122e+03	1.728246664145138567e+01	nan	nan
3.786119936046613930e+03	1.717847427782287184e+01	nan	nan
3.789809685064077712e+03	1.707499821760407599e+01	nan	nan
3.793499012371586559e+03	1.697203677356205276e+01	nan	nan
3.797187917969141381e+03	1.686958826114451426e+01	nan	nan
3.800876401856742177e+03	1.676765099847970220e+01	nan	nan
3.804564464034388038e+03	1.666622330637649441e+01	nan	nan
3.808252104502080329e+03	1.656530350832433385e+01	nan	nan
3.811939323259818138e+03	1.646488993049327121e+01	nan	nan
3.815626120307601468e+03	1.636498090173392939e+01	nan	nan
3.819312495645430317e+03	1.626557475357753901e+01	nan	nan
3.822998449273305141e+03	1.616666982023591004e+01	nan	nan
3.826683981191225939e+03	1.606826443860145304e+01	nan	nan
3.830369091399192257e+03	1.597035694824717211e+01	nan	nan
3.834053779897204095e+03	1.587294569142663647e+01	nan	nan
3.837738046685261452e+03	1.577602901307403727e+01	nan	nan
3.841421891763365238e+03	1.567960526080415207e+01	nan	nan
3.845105315131514089e+03	1.558367278491233066e+01	nan	nan
3.848788316789708915e+03	1.548822993837453055e+01	nan	nan
3.852470896737949261e+03	1.539327507684729568e+01	nan	nan
3.856153054976235580e+03	1.529880655866776351e+01	nan	nan
3.859834791504566965e+03	1.520482274485365082e+01	nan	nan
3.863516106322944779e+03	1.511132199910328211e+01	nan	nan
3.867196999431368567e+03	1.501830268779556832e+01	nan	nan
3.870877470829836966e+03	1.492576317998999258e+01	nan	nan
3.874557520518351794e+03	1.483370184742665998e+01	nan	nan
3.878237148496912596e+03	1.474211706452624071e+01	nan	nan
3.881916354765518463e+03	1.465100720839001980e+01	nan	nan
3.885595139324170304e+03	1.456037065879985448e+01	nan	nan
3.889273502172867666e+03	1.447020579821818842e+01	nan	nan
3.892951443311611001e+03	1.438051101178808011e+01	nan	nan
3.896628962740400311e+03	1.429128468733315316e+01	nan	nan
3.900306060459234686e+03	1.420252521535765311e+01	nan	nan
3.903982736468115036e+03	1.411423098904637641e+01	nan	nan
3.907658990767041360e+03	1.402640040426474854e+01	nan	nan
3.911334823356012748e+03	1.393903185955876722e+01	nan	nan
3.915010234235030566e+03	1.385212375615501657e+01	nan	nan
3.918685223404093449e+03	1.376567449796068132e+01	nan	nan
3.922359790863202761e+03	1.367968249156353977e+01	nan	nan
3.926033936612357138e+03	1.359414614623194950e+01	nan	nan
3.929707660651557489e+03	1.350906387391486874e+01	nan	nan
3.933380962980803815e+03	1.342443408924184922e+01	nan	nan
3.937053843600095206e+03	1.334025520952302202e+01	nan	nan
3.940726302509432571e+03	1.325652565474911171e+01	nan	nan
3.944398339708815911e+03	1.317324384759145062e+01	nan	nan
3.948069955198244770e+03	1.309040821340194327e+01	nan	nan
3.951741148977719604e+03	1.300801718021308062e+01	nan	nan
3.955411921047239957e+03	1.292606917873796846e+01	nan	nan
3.959082271406805376e+03	1.284456264237029188e+01	nan	nan
3.962752200056417223e+03	1.276349600718432242e+01	nan	nan
3.966421706996075045e+03	1.268286771193491802e+01	nan	nan
3.970090792225777932e+03	1.260267619805754435e+01	nan	nan
3.973759455745526793e+03	1.252291990966823931e+01	nan	nan
3.977427697555321174e+03	1.244359729356366273e+01	nan	nan
3.981095517655161530e+03	1.236470679922101823e+01	nan	nan
3.984762916045047405e+03	1.228624687879814559e+01	nan	nan
3.988429892724979254e+03	1.220821598713344258e+01	nan	nan
3.992096447694956623e+03	1.213061258174592894e+01	nan	nan
3.995762580954979512e+03	1.205343512283518947e+01	nan	nan
3.999428292505048375e+03	1.197668207328140255e+01	nan	nan
4.003093582345162758e+03	1.190035189864536136e+01	nan	nan
4.006758450475323116e+03	1.182444306716841709e+01	nan	nan
4.010422896895528538e+03	1.174895404977254287e+01	nan	nan
4.014086921605780844e+03	1.167388332006028406e+01	nan	nan
4.017750524606077761e+03	1.159922935431476532e+01	nan	nan
4.021413705896420652e+03	1.152499063149972613e+01	nan	nan
4.025076465476809062e+03	1.145116563325949244e+01	nan	nan
4.028738803347243902e+03	1.137775284391896946e+01	nan	nan
4.032400719507723807e+03	1.130475075048368439e+01	nan	nan
4.036062213958250140e+03	1.123215784263970818e+01	nan	nan
4.039723286698821539e+03	1.115997261275373376e+01	nan	nan
4.043383937729438912e+03	1.108819355587305466e+01	nan	nan
4.047044167050101350e+03	1.101681916972551534e+01	nan	nan
4.050703974660810218e+03	1.094584795471959637e+01	nan	nan
4.054363360561565059e+03	1.087527841394432926e+01	nan	nan
4.058022324752364966e+03	1.080510905316936743e+01	nan	nan
4.061680867233210847e+03	1.073533838084493652e+01	nan	nan
4.065338988004102248e+03	1.066596490810187703e+01	nan	nan
4.068996687065039623e+03	1.059698714875158032e+01	nan	nan
4.072653964416022063e+03	1.052840361928606683e+01	nan	nan
4.076310820057051387e+03	1.046021283887793629e+01	nan	nan
4.079967253988125321e+03	1.039241332938036777e+01	nan	nan
4.083623266209245230e+03	1.032500361532714805e+01	nan	nan
4.087278856720411113e+03	1.025798222393262193e+01	nan	nan
4.090934025521622971e+03	1.019134768509178457e+01	nan	nan
4.094588772612879893e+03	1.012509853138018201e+01	nan	nan
4.098243097994182790e+03	1.005923329805393962e+01	nan	nan
4.101897001665531207e+03	9.993750523049811818e+00	nan	nan
4.105550483626925597e+03	9.928648746985096807e+00	nan	nan
4.109203543878365963e+03	9.863926513157736053e+00	nan	nan
4.112856182419851393e+03	9.799582367546236128e+00	nan	nan
4.116508399251382798e+03	9.735614858809682914e+00	nan	nan
4.120160194372960177e+03	9.672022538287762927e+00	nan	nan
4.123811567784582621e+03	9.608803960000777522e+00	nan	nan
4.127462519486251040e+03	9.545957680649571842e+00	nan	nan
4.131113049477965433e+03	9.483482259615627186e+00	nan	nan
4.134763157759725800e+03	9.421376258960997063e+00	nan	nan
4.138412844331531232e+03	9.359638243428314297e+00	nan	nan
4.142062109193382639e+03	9.298266780440819446e+00	nan	nan
4.145710952345280020e+03	9.237260440102339487e+00	nan	nan
4.149359373787222466e+03	9.176617795197302030e+00	nan	nan
4.153007373519210887e+03	9.116337421190699786e+00	nan	nan
4.156654951541245282e+03	9.056417896228133202e+00	nan	nan
4.160302107853324742e+03	8.996857801135810462e+00	nan	nan
4.163948842455451086e+03	8.937655719420490641e+00	nan	nan
4.167595155347622494e+03	8.878810237269576078e+00	nan	nan
4.171241046529838968e+03	8.820319943550991582e+00	nan	nan
4.174886516002101416e+03	8.762183429813319435e+00	nan	nan
4.178531563764410748e+03	8.704399290285707025e+00	nan	nan
4.182176189816764236e+03	8.646966121877873945e+00	nan	nan
4.185820394159163698e+03	8.589882524180161738e+00	nan	nan
4.189464176791610043e+03	8.533147099463491259e+00	nan	nan
