# lambda [A]	Dlambda [A]	specval [counts]	Dspecval [counts]
3.8088e+03	4.9e+00	1.1419e+00	1.2e-01
3.8122e+03	4.9e+00	1.2752e+00	1.8e-01
3.8156e+03	4.8e+00	1.1447e+00	9.7e-02
3.8191e+03	4.8e+00	1.1646e+00	1.4e-01
3.8225e+03	4.8e+00	1.4770e+00	1.5e-01
3.8259e+03	4.8e+00	1.4532e+00	1.4e-01
3.8294e+03	4.7e+00	1.4173e+00	1.6e-01
3.8328e+03	4.7e+00	1.3866e+00	1.8e-01
3.8363e+03	4.7e+00	1.5191e+00	1.9e-01
3.8397e+03	4.7e+00	1.6712e+00	1.6e-01
3.8432e+03	4.6e+00	1.8111e+00	1.7e-01
3.8466e+03	4.6e+00	1.6200e+00	1.3e-01
3.8500e+03	4.6e+00	1.6829e+00	1.3e-01
3.8535e+03	4.6e+00	1.8842e+00	1.8e-01
3.8569e+03	4.5e+00	1.8181e+00	1.4e-01
3.8604e+03	4.5e+00	1.9846e+00	1.8e-01
3.8638e+03	4.5e+00	2.2266e+00	2.3e-01
3.8673e+03	4.5e+00	2.2234e+00	2.1e-01
3.8707e+03	4.5e+00	2.3266e+00	2.0e-01
3.8742e+03	4.5e+00	2.2638e+00	2.4e-01
3.8776e+03	4.4e+00	2.3412e+00	2.1e-01
3.8811e+03	4.4e+00	2.2222e+00	1.9e-01
3.8845e+03	4.4e+00	2.2527e+00	2.3e-01
3.8880e+03	4.4e+00	2.3381e+00	2.2e-01
3.8914e+03	4.4e+00	2.2817e+00	2.0e-01
3.8949e+03	4.3e+00	2.3196e+00	1.5e-01
3.8983e+03	4.3e+00	2.6508e+00	2.2e-01
3.9018e+03	4.3e+00	2.7393e+00	2.1e-01
3.9053e+03	4.3e+00	2.7337e+00	2.0e-01
3.9087e+03	4.3e+00	2.7799e+00	2.5e-01
3.9122e+03	4.3e+00	2.8457e+00	2.3e-01
3.9156e+03	4.3e+00	2.6871e+00	1.7e-01
3.9191e+03	4.2e+00	2.6624e+00	1.7e-01
3.9226e+03	4.2e+00	2.5697e+00	1.9e-01
3.9260e+03	4.2e+00	2.8055e+00	2.2e-01
3.9295e+03	4.2e+00	3.0299e+00	2.4e-01
3.9329e+03	4.2e+00	2.8015e+00	1.9e-01
3.9364e+03	4.2e+00	2.7787e+00	2.1e-01
3.9399e+03	4.2e+00	2.7574e+00	1.7e-01
3.9433e+03	4.2e+00	2.8849e+00	2.2e-01
3.9468e+03	4.1e+00	2.9340e+00	2.0e-01
3.9503e+03	4.1e+00	2.9717e+00	1.9e-01
3.9537e+03	4.1e+00	3.1558e+00	2.6e-01
3.9572e+03	4.1e+00	3.0949e+00	2.4e-01
3.9607e+03	4.1e+00	2.8536e+00	1.9e-01
3.9642e+03	4.1e+00	2.5760e+00	1.7e-01
3.9676e+03	4.1e+00	2.6265e+00	1.6e-01
3.9711e+03	4.1e+00	2.6988e+00	1.5e-01
3.9746e+03	4.1e+00	2.9367e+00	1.8e-01
3.9780e+03	4.0e+00	2.7426e+00	1.5e-01
3.9815e+03	4.0e+00	2.7652e+00	1.8e-01
3.9850e+03	4.0e+00	2.7419e+00	2.0e-01
3.9885e+03	4.0e+00	2.7880e+00	1.9e-01
3.9919e+03	4.0e+00	2.9183e+00	1.8e-01
3.9954e+03	4.0e+00	2.6719e+00	1.3e-01
3.9989e+03	4.0e+00	2.7815e+00	1.5e-01
4.0024e+03	4.0e+00	2.9196e+00	1.7e-01
4.0059e+03	4.0e+00	2.7672e+00	1.7e-01
4.0093e+03	4.0e+00	2.6799e+00	1.3e-01
4.0128e+03	4.0e+00	2.8228e+00	1.4e-01
4.0163e+03	4.0e+00	2.7639e+00	1.5e-01
4.0198e+03	4.0e+00	2.6190e+00	1.3e-01
4.0233e+03	3.9e+00	2.6975e+00	1.5e-01
4.0267e+03	3.9e+00	2.7403e+00	1.5e-01
4.0302e+03	3.9e+00	2.7176e+00	1.5e-01
4.0337e+03	3.9e+00	2.9134e+00	1.7e-01
4.0372e+03	3.9e+00	2.8570e+00	1.5e-01
4.0407e+03	3.9e+00	2.9356e+00	1.6e-01
4.0442e+03	3.9e+00	2.8935e+00	1.5e-01
4.0477e+03	3.9e+00	3.0672e+00	1.5e-01
4.0511e+03	3.9e+00	2.9866e+00	1.2e-01
4.0546e+03	3.9e+00	3.0778e+00	1.4e-01
4.0581e+03	3.9e+00	3.0015e+00	1.4e-01
4.0616e+03	3.9e+00	2.9284e+00	1.4e-01
4.0651e+03	3.9e+00	3.0157e+00	1.6e-01
4.0686e+03	3.9e+00	2.9078e+00	1.2e-01
4.0721e+03	3.9e+00	3.0496e+00	1.4e-01
4.0756e+03	3.9e+00	3.0091e+00	1.4e-01
4.0791e+03	3.8e+00	3.0697e+00	1.3e-01
4.0826e+03	3.8e+00	2.9375e+00	1.4e-01
4.0861e+03	3.8e+00	3.0438e+00	1.6e-01
4.0896e+03	3.8e+00	2.9846e+00	1.4e-01
4.0931e+03	3.8e+00	2.8089e+00	1.0e-01
4.0965e+03	3.8e+00	2.6757e+00	1.1e-01
4.1000e+03	3.8e+00	2.5674e+00	1.3e-01
4.1035e+03	3.8e+00	2.6744e+00	1.1e-01
4.1070e+03	3.8e+00	2.8077e+00	1.1e-01
4.1105e+03	3.8e+00	2.9632e+00	1.1e-01
4.1140e+03	3.8e+00	2.8292e+00	9.2e-02
4.1175e+03	3.8e+00	2.7555e+00	1.0e-01
4.1210e+03	3.8e+00	2.6972e+00	1.0e-01
4.1245e+03	3.8e+00	2.5677e+00	1.0e-01
4.1280e+03	3.8e+00	2.6396e+00	1.0e-01
4.1315e+03	3.8e+00	2.5720e+00	1.1e-01
4.1350e+03	3.8e+00	2.5161e+00	9.8e-02
4.1386e+03	3.8e+00	2.6773e+00	1.0e-01
4.1421e+03	3.8e+00	2.5345e+00	9.2e-02
4.1456e+03	3.7e+00	2.5758e+00	8.6e-02
4.1491e+03	3.7e+00	2.5547e+00	8.3e-02
4.1526e+03	3.7e+00	2.4603e+00	8.5e-02
4.1561e+03	3.7e+00	2.4998e+00	9.1e-02
4.1596e+03	3.7e+00	2.4948e+00	9.6e-02
4.1631e+03	3.7e+00	2.5319e+00	8.2e-02
4.1666e+03	3.7e+00	2.3937e+00	6.5e-02
4.1701e+03	3.7e+00	2.2999e+00	7.6e-02
4.1736e+03	3.7e+00	2.3558e+00	7.5e-02
4.1771e+03	3.7e+00	2.3782e+00	6.4e-02
4.1806e+03	3.7e+00	2.4114e+00	8.6e-02
4.1841e+03	3.7e+00	2.3388e+00	7.8e-02
4.1877e+03	3.7e+00	2.3558e+00	6.2e-02
4.1912e+03	3.7e+00	2.3493e+00	6.8e-02
4.1947e+03	3.7e+00	2.3017e+00	6.5e-02
4.1982e+03	3.7e+00	2.2756e+00	8.5e-02
4.2017e+03	3.7e+00	2.2731e+00	6.7e-02
4.2052e+03	3.7e+00	2.3113e+00	5.9e-02
4.2087e+03	3.6e+00	2.3881e+00	7.3e-02
4.2123e+03	3.6e+00	2.4092e+00	6.9e-02
4.2158e+03	3.6e+00	2.3099e+00	5.7e-02
4.2193e+03	3.6e+00	2.2828e+00	5.6e-02
4.2228e+03	3.6e+00	2.2586e+00	6.0e-02
4.2263e+03	3.6e+00	2.3873e+00	5.9e-02
4.2298e+03	3.6e+00	2.3103e+00	6.0e-02
4.2334e+03	3.6e+00	2.2947e+00	6.7e-02
4.2369e+03	3.6e+00	2.2932e+00	6.3e-02
4.2404e+03	3.6e+00	2.2395e+00	5.0e-02
4.2439e+03	3.6e+00	2.3614e+00	7.2e-02
4.2474e+03	3.6e+00	2.2960e+00	5.3e-02
4.2510e+03	3.6e+00	2.2659e+00	4.6e-02
4.2545e+03	3.6e+00	2.2917e+00	5.5e-02
4.2580e+03	3.6e+00	2.2711e+00	4.3e-02
4.2615e+03	3.6e+00	2.1960e+00	4.8e-02
4.2650e+03	3.5e+00	2.1693e+00	5.0e-02
4.2686e+03	3.5e+00	2.1441e+00	5.8e-02
4.2721e+03	3.5e+00	2.2333e+00	5.4e-02
4.2756e+03	3.5e+00	2.2394e+00	5.1e-02
4.2791e+03	3.5e+00	2.1671e+00	5.6e-02
4.2827e+03	3.5e+00	2.2309e+00	4.5e-02
4.2862e+03	3.5e+00	2.2888e+00	5.8e-02
4.2897e+03	3.5e+00	2.3505e+00	4.7e-02
4.2932e+03	3.5e+00	2.3232e+00	5.7e-02
4.2968e+03	3.5e+00	2.2900e+00	4.6e-02
4.3003e+03	3.5e+00	2.3471e+00	3.3e-02
4.3038e+03	3.5e+00	2.3086e+00	5.0e-02
4.3074e+03	3.5e+00	2.3127e+00	4.0e-02
4.3109e+03	3.5e+00	2.3355e+00	5.0e-02
4.3144e+03	3.4e+00	2.3308e+00	4.5e-02
4.3179e+03	3.4e+00	2.3478e+00	4.8e-02
4.3215e+03	3.4e+00	2.3774e+00	3.8e-02
4.3250e+03	3.4e+00	2.3991e+00	6.5e-02
4.3285e+03	3.4e+00	2.4393e+00	4.6e-02
4.3321e+03	3.4e+00	2.3176e+00	4.2e-02
4.3356e+03	3.4e+00	2.1479e+00	4.4e-02
4.3391e+03	3.4e+00	2.2242e+00	4.0e-02
4.3427e+03	3.4e+00	2.3220e+00	2.6e-02
4.3462e+03	3.4e+00	2.3817e+00	3.6e-02
4.3497e+03	3.4e+00	2.3956e+00	4.1e-02
4.3533e+03	3.4e+00	2.3948e+00	3.2e-02
4.3568e+03	3.4e+00	2.3617e+00	3.0e-02
4.3603e+03	3.3e+00	2.2659e+00	3.0e-02
4.3639e+03	3.3e+00	2.1844e+00	3.4e-02
4.3674e+03	3.3e+00	2.1510e+00	3.9e-02
4.3709e+03	3.3e+00	2.0694e+00	3.6e-02
4.3745e+03	3.3e+00	2.0805e+00	2.5e-02
4.3780e+03	3.3e+00	2.1215e+00	3.4e-02
4.3815e+03	3.3e+00	2.0564e+00	3.4e-02
4.3851e+03	3.3e+00	2.0646e+00	3.6e-02
4.3886e+03	3.3e+00	2.0469e+00	2.5e-02
4.3922e+03	3.3e+00	2.0222e+00	2.3e-02
4.3957e+03	3.3e+00	1.9810e+00	3.4e-02
4.3992e+03	3.3e+00	1.9860e+00	2.3e-02
4.4028e+03	3.2e+00	1.9889e+00	2.6e-02
4.4063e+03	3.2e+00	1.9926e+00	2.3e-02
4.4099e+03	3.2e+00	2.0069e+00	2.8e-02
4.4134e+03	3.2e+00	2.0167e+00	2.6e-02
4.4169e+03	3.2e+00	1.9925e+00	2.5e-02
4.4205e+03	3.2e+00	2.0294e+00	2.2e-02
4.4240e+03	3.2e+00	2.0244e+00	3.0e-02
4.4276e+03	3.2e+00	1.9478e+00	2.3e-02
4.4311e+03	3.2e+00	1.9974e+00	2.5e-02
4.4346e+03	3.2e+00	2.0844e+00	3.2e-02
4.4382e+03	3.1e+00	2.1393e+00	2.3e-02
4.4417e+03	3.1e+00	2.1314e+00	2.4e-02
4.4453e+03	3.1e+00	2.1228e+00	2.6e-02
4.4488e+03	3.1e+00	2.1482e+00	2.8e-02
4.4524e+03	3.1e+00	2.1553e+00	2.9e-02
4.4559e+03	3.1e+00	2.0933e+00	1.4e-02
4.4595e+03	3.1e+00	2.0279e+00	2.8e-02
4.4630e+03	3.1e+00	2.0163e+00	3.2e-02
4.4665e+03	3.1e+00	1.9378e+00	2.5e-02
4.4701e+03	3.1e+00	1.9112e+00	1.8e-02
4.4736e+03	3.1e+00	1.9477e+00	2.7e-02
4.4772e+03	3.0e+00	1.9063e+00	3.1e-02
4.4807e+03	3.0e+00	1.9303e+00	2.2e-02
4.4843e+03	3.0e+00	1.9559e+00	2.4e-02
4.4878e+03	3.0e+00	1.8801e+00	2.0e-02
4.4914e+03	3.0e+00	1.8547e+00	2.2e-02
4.4949e+03	3.0e+00	1.9373e+00	2.8e-02
4.4985e+03	3.0e+00	1.9389e+00	3.0e-02
4.5020e+03	3.0e+00	1.8415e+00	2.2e-02
4.5056e+03	3.0e+00	1.8636e+00	1.9e-02
4.5091e+03	3.0e+00	1.9129e+00	5.0e-02
4.5127e+03	3.0e+00	1.8354e+00	2.1e-02
4.5162e+03	2.9e+00	1.7968e+00	3.2e-02
4.5198e+03	2.9e+00	1.9088e+00	2.3e-02
4.5233e+03	2.9e+00	1.9068e+00	3.1e-02
4.5269e+03	2.9e+00	1.9126e+00	2.6e-02
4.5304e+03	2.9e+00	1.8670e+00	1.8e-02
4.5340e+03	2.9e+00	1.8116e+00	1.9e-02
4.5375e+03	2.9e+00	1.8251e+00	2.3e-02
4.5411e+03	2.9e+00	1.8251e+00	2.8e-02
4.5446e+03	2.9e+00	1.8306e+00	2.7e-02
4.5482e+03	2.9e+00	1.8334e+00	2.8e-02
4.5517e+03	2.9e+00	1.8186e+00	2.7e-02
4.5553e+03	2.8e+00	1.8039e+00	2.2e-02
4.5588e+03	2.8e+00	1.8080e+00	1.7e-02
4.5624e+03	2.8e+00	1.7553e+00	1.9e-02
4.5659e+03	2.8e+00	1.6664e+00	2.0e-02
4.5695e+03	2.8e+00	1.7164e+00	2.6e-02
4.5730e+03	2.8e+00	1.6874e+00	2.4e-02
4.5766e+03	2.8e+00	1.6621e+00	2.6e-02
4.5801e+03	2.8e+00	1.6513e+00	2.2e-02
4.5837e+03	2.8e+00	1.6207e+00	2.7e-02
4.5873e+03	2.8e+00	1.6184e+00	2.9e-02
4.5908e+03	2.8e+00	1.6826e+00	2.1e-02
4.5944e+03	2.7e+00	1.6610e+00	2.2e-02
4.5979e+03	2.7e+00	1.6311e+00	1.9e-02
4.6015e+03	2.7e+00	1.5661e+00	2.6e-02
4.6050e+03	2.7e+00	1.5346e+00	2.2e-02
4.6086e+03	2.7e+00	1.6678e+00	1.8e-02
4.6121e+03	2.7e+00	2.0336e+00	3.0e-02
4.6157e+03	2.7e+00	2.6729e+00	3.4e-02
4.6193e+03	2.7e+00	3.3881e+00	4.4e-02
4.6228e+03	2.7e+00	4.0123e+00	5.1e-02
4.6264e+03	2.7e+00	4.3853e+00	7.0e-02
4.6299e+03	2.7e+00	4.8214e+00	6.4e-02
4.6335e+03	2.7e+00	5.1079e+00	7.3e-02
4.6370e+03	2.7e+00	5.2649e+00	7.3e-02
4.6406e+03	2.7e+00	5.3051e+00	9.4e-02
4.6441e+03	2.6e+00	5.3590e+00	8.6e-02
4.6477e+03	2.6e+00	5.3093e+00	9.3e-02
4.6513e+03	2.6e+00	5.3832e+00	8.4e-02
4.6548e+03	2.6e+00	5.2739e+00	1.0e-01
4.6584e+03	2.6e+00	5.3141e+00	9.2e-02
4.6619e+03	2.6e+00	5.2420e+00	9.5e-02
4.6655e+03	2.6e+00	5.1945e+00	8.7e-02
4.6691e+03	2.6e+00	5.0038e+00	8.8e-02
4.6726e+03	2.6e+00	4.7231e+00	8.5e-02
4.6762e+03	2.6e+00	4.4484e+00	8.5e-02
4.6797e+03	2.6e+00	4.1797e+00	7.0e-02
4.6833e+03	2.6e+00	3.7772e+00	6.7e-02
4.6869e+03	2.6e+00	3.4499e+00	4.8e-02
4.6904e+03	2.6e+00	3.1223e+00	6.1e-02
4.6940e+03	2.6e+00	2.8448e+00	5.4e-02
4.6975e+03	2.6e+00	2.6931e+00	3.8e-02
4.7011e+03	2.6e+00	2.5311e+00	4.6e-02
4.7047e+03	2.6e+00	2.4003e+00	4.7e-02
4.7082e+03	2.6e+00	2.2983e+00	4.4e-02
4.7118e+03	2.6e+00	2.1595e+00	4.1e-02
4.7153e+03	2.6e+00	2.0180e+00	3.8e-02
4.7189e+03	2.6e+00	1.8607e+00	3.5e-02
4.7225e+03	2.6e+00	1.7485e+00	3.5e-02
4.7260e+03	2.6e+00	1.6574e+00	3.2e-02
4.7296e+03	2.6e+00	1.5539e+00	2.4e-02
4.7331e+03	2.5e+00	1.4757e+00	3.1e-02
4.7367e+03	2.5e+00	1.4675e+00	3.0e-02
4.7403e+03	2.5e+00	1.4465e+00	2.9e-02
4.7438e+03	2.5e+00	1.4048e+00	3.4e-02
4.7474e+03	2.5e+00	1.3946e+00	3.4e-02
4.7509e+03	2.5e+00	1.3577e+00	3.7e-02
4.7545e+03	2.5e+00	1.3654e+00	2.7e-02
4.7581e+03	2.5e+00	1.3143e+00	3.1e-02
4.7616e+03	2.5e+00	1.3366e+00	2.1e-02
4.7652e+03	2.5e+00	1.3495e+00	2.6e-02
4.7688e+03	2.5e+00	1.3468e+00	2.4e-02
4.7723e+03	2.6e+00	1.2955e+00	3.1e-02
4.7759e+03	2.6e+00	1.3669e+00	2.8e-02
4.7794e+03	2.6e+00	1.3377e+00	2.7e-02
4.7830e+03	2.6e+00	1.3257e+00	3.5e-02
4.7866e+03	2.6e+00	1.3433e+00	2.5e-02
4.7901e+03	2.6e+00	1.2796e+00	3.2e-02
4.7937e+03	2.6e+00	1.2802e+00	2.9e-02
4.7972e+03	2.6e+00	1.2799e+00	2.9e-02
4.8008e+03	2.6e+00	1.2605e+00	2.4e-02
4.8044e+03	2.6e+00	1.2910e+00	2.4e-02
4.8079e+03	2.6e+00	1.2832e+00	3.7e-02
4.8115e+03	2.6e+00	1.2476e+00	3.4e-02
4.8151e+03	2.6e+00	1.2251e+00	3.0e-02
4.8186e+03	2.6e+00	1.1911e+00	2.9e-02
4.8222e+03	2.6e+00	1.2192e+00	3.3e-02
4.8258e+03	2.6e+00	1.1934e+00	3.1e-02
4.8293e+03	2.6e+00	1.2188e+00	3.7e-02
4.8329e+03	2.6e+00	1.2262e+00	3.2e-02
4.8364e+03	2.6e+00	1.2430e+00	2.7e-02
4.8400e+03	2.6e+00	1.2034e+00	2.8e-02
4.8436e+03	2.6e+00	1.2366e+00	3.1e-02
4.8471e+03	2.6e+00	1.2555e+00	3.1e-02
4.8507e+03	2.6e+00	1.2490e+00	2.4e-02
4.8543e+03	2.7e+00	1.1731e+00	2.8e-02
4.8578e+03	2.7e+00	1.1608e+00	2.5e-02
4.8614e+03	2.7e+00	1.1517e+00	3.0e-02
4.8649e+03	2.7e+00	1.1629e+00	2.6e-02
4.8685e+03	2.7e+00	1.1937e+00	3.4e-02
4.8721e+03	2.7e+00	1.1793e+00	3.4e-02
4.8756e+03	2.7e+00	1.1338e+00	3.4e-02
4.8792e+03	2.7e+00	1.1698e+00	2.7e-02
4.8828e+03	2.7e+00	1.1586e+00	3.0e-02
4.8863e+03	2.7e+00	1.1573e+00	2.9e-02
4.8899e+03	2.7e+00	1.1185e+00	3.1e-02
4.8934e+03	2.8e+00	1.1195e+00	3.0e-02
4.8970e+03	2.8e+00	1.0992e+00	2.6e-02
4.9006e+03	2.8e+00	1.1316e+00	2.5e-02
4.9041e+03	2.8e+00	1.1262e+00	2.8e-02
4.9077e+03	2.8e+00	1.1239e+00	2.8e-02
4.9113e+03	2.8e+00	1.1078e+00	3.7e-02
4.9148e+03	2.8e+00	1.1199e+00	2.9e-02
4.9184e+03	2.8e+00	1.1313e+00	3.1e-02
4.9220e+03	2.8e+00	1.1308e+00	2.8e-02
4.9255e+03	2.9e+00	1.1136e+00	3.3e-02
4.9291e+03	2.9e+00	1.1199e+00	3.1e-02
4.9326e+03	2.9e+00	1.1410e+00	2.8e-02
4.9362e+03	2.9e+00	1.1256e+00	2.9e-02
4.9398e+03	2.9e+00	1.1394e+00	3.3e-02
4.9433e+03	2.9e+00	1.1174e+00	3.3e-02
4.9469e+03	2.9e+00	1.0856e+00	3.0e-02
4.9505e+03	3.0e+00	1.0843e+00	3.0e-02
4.9540e+03	3.0e+00	1.0718e+00	2.9e-02
4.9576e+03	3.0e+00	1.0790e+00	3.0e-02
4.9611e+03	3.0e+00	1.1029e+00	3.3e-02
4.9647e+03	3.0e+00	1.0986e+00	3.4e-02
4.9683e+03	3.0e+00	1.0561e+00	3.2e-02
4.9718e+03	3.0e+00	1.0398e+00	3.2e-02
4.9754e+03	3.1e+00	1.0445e+00	3.1e-02
4.9789e+03	3.1e+00	1.0526e+00	3.1e-02
4.9825e+03	3.1e+00	1.0674e+00	3.1e-02
4.9861e+03	3.1e+00	1.0674e+00	3.1e-02
4.9896e+03	3.1e+00	1.0752e+00	2.8e-02
4.9932e+03	3.1e+00	1.0575e+00	3.0e-02
4.9968e+03	3.2e+00	1.0740e+00	3.4e-02
5.0003e+03	3.2e+00	1.0924e+00	2.9e-02
5.0039e+03	3.2e+00	1.0729e+00	2.8e-02
5.0074e+03	3.2e+00	1.0629e+00	3.2e-02
5.0110e+03	3.2e+00	1.0544e+00	3.0e-02
5.0146e+03	3.2e+00	1.0672e+00	2.4e-02
5.0181e+03	3.3e+00	1.0563e+00	2.5e-02
5.0217e+03	3.3e+00	1.0695e+00	3.2e-02
5.0252e+03	3.3e+00	1.0537e+00	3.2e-02
5.0288e+03	3.3e+00	1.0511e+00	3.4e-02
5.0324e+03	3.3e+00	1.0515e+00	3.3e-02
5.0359e+03	3.3e+00	1.0024e+00	3.4e-02
5.0395e+03	3.4e+00	1.0238e+00	2.9e-02
5.0430e+03	3.4e+00	1.0216e+00	2.6e-02
5.0466e+03	3.4e+00	1.0099e+00	3.6e-02
5.0502e+03	3.4e+00	1.0314e+00	3.1e-02
5.0537e+03	3.4e+00	9.9153e-01	3.0e-02
5.0573e+03	3.5e+00	9.5283e-01	3.3e-02
5.0608e+03	3.5e+00	9.5959e-01	3.1e-02
5.0644e+03	3.5e+00	9.7337e-01	2.9e-02
5.0680e+03	3.5e+00	9.5193e-01	3.1e-02
5.0715e+03	3.5e+00	9.5978e-01	3.0e-02
5.0751e+03	3.5e+00	9.7395e-01	3.4e-02
5.0786e+03	3.6e+00	9.5502e-01	2.9e-02
5.0822e+03	3.6e+00	9.1715e-01	2.8e-02
5.0858e+03	3.6e+00	9.0867e-01	2.8e-02
5.0893e+03	3.6e+00	9.3724e-01	3.0e-02
5.0929e+03	3.6e+00	9.7058e-01	2.7e-02
5.0964e+03	3.7e+00	9.7133e-01	3.3e-02
5.1000e+03	3.7e+00	9.6383e-01	3.0e-02
5.1035e+03	3.7e+00	9.8642e-01	2.7e-02
5.1071e+03	3.7e+00	9.8142e-01	2.8e-02
5.1107e+03	3.7e+00	9.9409e-01	3.5e-02
5.1142e+03	3.8e+00	9.8524e-01	3.5e-02
5.1178e+03	3.8e+00	9.9476e-01	3.9e-02
5.1213e+03	3.8e+00	9.7449e-01	2.8e-02
5.1249e+03	3.8e+00	9.7190e-01	3.2e-02
5.1284e+03	3.8e+00	9.7644e-01	2.8e-02
5.1320e+03	3.9e+00	9.3974e-01	3.2e-02
5.1356e+03	3.9e+00	9.5653e-01	2.7e-02
5.1391e+03	3.9e+00	9.4498e-01	3.1e-02
5.1427e+03	3.9e+00	9.4806e-01	3.3e-02
5.1462e+03	4.0e+00	9.4665e-01	3.4e-02
5.1498e+03	4.0e+00	9.1622e-01	3.3e-02
5.1533e+03	4.0e+00	8.8899e-01	2.9e-02
5.1569e+03	4.0e+00	9.1416e-01	2.7e-02
5.1604e+03	4.0e+00	9.0711e-01	3.4e-02
5.1640e+03	4.1e+00	9.0826e-01	3.1e-02
5.1676e+03	4.1e+00	9.0176e-01	2.8e-02
5.1711e+03	4.1e+00	8.8391e-01	3.3e-02
5.1747e+03	4.1e+00	8.8556e-01	2.9e-02
5.1782e+03	4.1e+00	8.9047e-01	3.1e-02
5.1818e+03	4.2e+00	8.8575e-01	2.8e-02
5.1853e+03	4.2e+00	8.4085e-01	3.1e-02
5.1889e+03	4.2e+00	8.4569e-01	3.0e-02
5.1924e+03	4.2e+00	8.5835e-01	2.6e-02
5.1960e+03	4.2e+00	8.3977e-01	2.7e-02
5.1995e+03	4.3e+00	8.2987e-01	2.9e-02
5.2031e+03	4.3e+00	8.4470e-01	3.0e-02
5.2066e+03	4.3e+00	8.2746e-01	2.9e-02
5.2102e+03	4.3e+00	8.1517e-01	2.6e-02
5.2137e+03	4.4e+00	8.3068e-01	2.5e-02
5.2173e+03	4.4e+00	8.1826e-01	2.8e-02
5.2208e+03	4.4e+00	8.3434e-01	2.8e-02
5.2244e+03	4.4e+00	8.2949e-01	3.1e-02
5.2279e+03	4.4e+00	8.1424e-01	3.0e-02
5.2315e+03	4.5e+00	8.2201e-01	2.8e-02
5.2350e+03	4.5e+00	8.3644e-01	2.7e-02
5.2386e+03	4.5e+00	8.1990e-01	3.2e-02
5.2421e+03	4.5e+00	8.3386e-01	2.7e-02
5.2457e+03	4.5e+00	8.1037e-01	2.6e-02
5.2492e+03	4.6e+00	8.0634e-01	2.5e-02
5.2528e+03	4.6e+00	8.1128e-01	2.9e-02
5.2563e+03	4.6e+00	8.1333e-01	3.0e-02
5.2599e+03	4.6e+00	8.2071e-01	2.5e-02
5.2634e+03	4.7e+00	8.3157e-01	2.5e-02
5.2670e+03	4.7e+00	8.1057e-01	2.9e-02
5.2705e+03	4.7e+00	8.2777e-01	2.9e-02
5.2741e+03	4.7e+00	8.1506e-01	3.4e-02
5.2776e+03	4.7e+00	8.4659e-01	3.3e-02
5.2812e+03	4.8e+00	8.2251e-01	2.9e-02
5.2847e+03	4.8e+00	8.3294e-01	2.7e-02
5.2883e+03	4.8e+00	8.4799e-01	2.6e-02
5.2918e+03	4.8e+00	8.2764e-01	2.8e-02
5.2953e+03	4.8e+00	8.3791e-01	3.0e-02
5.2989e+03	4.9e+00	8.0604e-01	3.5e-02
5.3024e+03	4.9e+00	8.1181e-01	2.9e-02
5.3060e+03	4.9e+00	7.8710e-01	2.6e-02
5.3095e+03	4.9e+00	7.9555e-01	2.8e-02
5.3131e+03	4.9e+00	7.9346e-01	3.1e-02
5.3166e+03	5.0e+00	7.9601e-01	2.9e-02
5.3202e+03	5.0e+00	7.8749e-01	2.8e-02
5.3237e+03	5.0e+00	7.7465e-01	3.0e-02
5.3272e+03	5.0e+00	7.7449e-01	3.0e-02
5.3308e+03	5.1e+00	7.7064e-01	2.4e-02
5.3343e+03	5.1e+00	7.7050e-01	2.6e-02
5.3379e+03	5.1e+00	7.6481e-01	2.6e-02
5.3414e+03	5.1e+00	7.4805e-01	2.9e-02
5.3449e+03	5.1e+00	7.6467e-01	2.6e-02
5.3485e+03	5.2e+00	7.4710e-01	3.0e-02
5.3520e+03	5.2e+00	7.5646e-01	2.5e-02
5.3556e+03	5.2e+00	7.5958e-01	2.8e-02
5.3591e+03	5.2e+00	7.4913e-01	2.9e-02
5.3626e+03	5.2e+00	7.3827e-01	2.6e-02
5.3662e+03	5.3e+00	7.3026e-01	2.8e-02
5.3697e+03	5.3e+00	7.3372e-01	3.2e-02
5.3733e+03	5.3e+00	7.4068e-01	2.8e-02
5.3768e+03	5.3e+00	7.3637e-01	2.6e-02
5.3803e+03	5.3e+00	7.3793e-01	2.3e-02
5.3839e+03	5.4e+00	7.6547e-01	2.4e-02
5.3874e+03	5.4e+00	7.5392e-01	3.3e-02
5.3909e+03	5.4e+00	7.9452e-01	3.2e-02
5.3945e+03	5.4e+00	7.8298e-01	2.7e-02
5.3980e+03	5.4e+00	7.8818e-01	2.7e-02
5.4015e+03	5.5e+00	7.8212e-01	3.1e-02
5.4051e+03	5.5e+00	7.5988e-01	2.6e-02
5.4086e+03	5.5e+00	7.6018e-01	2.8e-02
5.4122e+03	5.5e+00	7.4068e-01	2.9e-02
5.4157e+03	5.5e+00	7.3632e-01	2.8e-02
5.4192e+03	5.5e+00	7.6227e-01	2.7e-02
5.4227e+03	5.6e+00	7.7310e-01	2.4e-02
5.4263e+03	5.6e+00	7.9103e-01	2.8e-02
5.4298e+03	5.6e+00	7.8915e-01	2.9e-02
5.4333e+03	5.6e+00	7.7953e-01	2.6e-02
5.4369e+03	5.6e+00	7.7842e-01	3.2e-02
5.4404e+03	5.7e+00	7.7151e-01	3.0e-02
5.4439e+03	5.7e+00	7.6502e-01	2.8e-02
5.4475e+03	5.7e+00	7.7588e-01	2.9e-02
5.4510e+03	5.7e+00	7.9430e-01	2.8e-02
5.4545e+03	5.7e+00	7.8647e-01	3.3e-02
5.4581e+03	5.8e+00	7.7300e-01	2.8e-02
5.4616e+03	5.8e+00	7.9211e-01	2.9e-02
5.4651e+03	5.8e+00	7.8098e-01	2.8e-02
5.4686e+03	5.8e+00	7.8881e-01	3.0e-02
5.4722e+03	5.8e+00	7.6108e-01	3.0e-02
5.4757e+03	5.8e+00	7.6307e-01	2.6e-02
5.4792e+03	5.9e+00	7.6516e-01	2.8e-02
5.4827e+03	5.9e+00	7.3970e-01	2.9e-02
5.4863e+03	5.9e+00	7.3762e-01	2.6e-02
5.4898e+03	5.9e+00	7.3529e-01	2.9e-02
5.4933e+03	5.9e+00	7.0274e-01	2.9e-02
5.4968e+03	5.9e+00	7.1825e-01	2.8e-02
5.5004e+03	6.0e+00	7.1785e-01	2.9e-02
5.5039e+03	6.0e+00	6.9433e-01	2.7e-02
5.5074e+03	6.0e+00	6.9463e-01	2.4e-02
5.5109e+03	6.0e+00	6.9414e-01	2.4e-02
5.5145e+03	6.0e+00	6.8084e-01	2.3e-02
5.5180e+03	6.0e+00	6.6995e-01	2.5e-02
5.5215e+03	6.1e+00	6.7113e-01	2.3e-02
5.5250e+03	6.1e+00	6.6493e-01	2.6e-02
5.5285e+03	6.1e+00	6.5802e-01	2.6e-02
5.5321e+03	6.1e+00	6.5725e-01	2.4e-02
5.5356e+03	6.1e+00	6.5942e-01	2.6e-02
5.5391e+03	6.1e+00	6.3860e-01	2.3e-02
5.5426e+03	6.1e+00	6.2365e-01	2.0e-02
5.5461e+03	6.2e+00	6.2875e-01	2.6e-02
5.5497e+03	6.2e+00	6.4436e-01	2.3e-02
5.5532e+03	6.2e+00	6.3876e-01	2.3e-02
5.5567e+03	6.2e+00	6.5381e-01	2.7e-02
5.5602e+03	6.2e+00	6.7224e-01	2.4e-02
5.5637e+03	6.2e+00	6.8023e-01	2.6e-02
5.5672e+03	6.3e+00	6.7728e-01	2.9e-02
5.5707e+03	6.3e+00	6.8226e-01	2.4e-02
5.5743e+03	6.3e+00	6.9743e-01	2.6e-02
5.5778e+03	6.3e+00	6.9218e-01	3.0e-02
5.5813e+03	6.3e+00	6.8195e-01	2.9e-02
5.5848e+03	6.3e+00	7.0432e-01	2.6e-02
5.5883e+03	6.3e+00	6.9400e-01	3.0e-02
5.5918e+03	6.3e+00	6.9691e-01	3.1e-02
5.5953e+03	6.4e+00	7.2204e-01	3.0e-02
5.5988e+03	6.4e+00	6.7587e-01	2.6e-02
5.6024e+03	6.4e+00	6.7912e-01	2.7e-02
5.6059e+03	6.4e+00	6.9207e-01	2.6e-02
5.6094e+03	6.4e+00	6.8249e-01	2.5e-02
5.6129e+03	6.4e+00	6.9459e-01	2.3e-02
5.6164e+03	6.4e+00	6.6070e-01	2.6e-02
5.6199e+03	6.4e+00	6.5994e-01	2.5e-02
5.6234e+03	6.5e+00	6.7078e-01	2.6e-02
5.6269e+03	6.5e+00	6.4069e-01	2.8e-02
5.6304e+03	6.5e+00	6.5950e-01	2.4e-02
5.6339e+03	6.5e+00	6.5619e-01	2.5e-02
5.6374e+03	6.5e+00	6.3769e-01	2.3e-02
5.6409e+03	6.5e+00	6.5705e-01	2.6e-02
5.6444e+03	6.5e+00	6.4659e-01	2.7e-02
5.6479e+03	6.5e+00	6.7812e-01	2.2e-02
5.6514e+03	6.6e+00	7.4886e-01	2.8e-02
5.6549e+03	6.6e+00	8.1045e-01	2.7e-02
5.6584e+03	6.6e+00	8.6336e-01	3.1e-02
5.6619e+03	6.6e+00	9.1785e-01	3.8e-02
5.6654e+03	6.6e+00	9.3700e-01	4.1e-02
5.6689e+03	6.6e+00	9.3506e-01	3.4e-02
5.6724e+03	6.6e+00	9.2838e-01	3.8e-02
5.6759e+03	6.6e+00	9.5044e-01	3.6e-02
5.6794e+03	6.6e+00	9.4985e-01	3.4e-02
5.6829e+03	6.6e+00	9.5978e-01	3.5e-02
5.6864e+03	6.6e+00	9.6669e-01	3.5e-02
5.6899e+03	6.7e+00	9.7342e-01	3.7e-02
5.6934e+03	6.7e+00	9.7942e-01	3.6e-02
5.6969e+03	6.7e+00	9.5403e-01	3.9e-02
5.7004e+03	6.7e+00	9.5648e-01	3.6e-02
5.7039e+03	6.7e+00	9.4437e-01	3.8e-02
5.7074e+03	6.7e+00	9.2584e-01	3.7e-02
5.7109e+03	6.7e+00	9.1565e-01	3.7e-02
5.7144e+03	6.7e+00	9.2144e-01	3.7e-02
5.7179e+03	6.7e+00	9.2786e-01	3.6e-02
5.7214e+03	6.7e+00	9.0573e-01	3.7e-02
5.7249e+03	6.7e+00	9.1488e-01	2.9e-02
5.7284e+03	6.7e+00	9.1485e-01	3.5e-02
5.7319e+03	6.7e+00	8.8908e-01	3.3e-02
5.7353e+03	6.8e+00	8.6313e-01	3.2e-02
5.7388e+03	6.8e+00	8.5774e-01	3.5e-02
5.7423e+03	6.8e+00	8.1383e-01	3.0e-02
5.7458e+03	6.8e+00	7.4852e-01	2.7e-02
5.7493e+03	6.8e+00	6.7339e-01	2.3e-02
5.7528e+03	6.8e+00	5.9915e-01	2.5e-02
5.7563e+03	6.8e+00	5.5381e-01	2.2e-02
5.7597e+03	6.8e+00	5.2901e-01	2.2e-02
5.7632e+03	6.8e+00	5.5180e-01	2.2e-02
5.7667e+03	6.8e+00	5.7086e-01	2.1e-02
5.7702e+03	6.8e+00	6.2342e-01	2.1e-02
5.7737e+03	6.8e+00	7.0951e-01	2.8e-02
5.7772e+03	6.8e+00	8.3313e-01	3.2e-02
5.7806e+03	6.8e+00	9.8242e-01	3.7e-02
5.7841e+03	6.8e+00	1.1291e+00	5.0e-02
5.7876e+03	6.8e+00	1.3196e+00	4.9e-02
5.7911e+03	6.8e+00	1.4780e+00	6.2e-02
5.7946e+03	6.8e+00	1.6116e+00	6.7e-02
5.7980e+03	6.8e+00	1.6884e+00	7.0e-02
5.8015e+03	6.8e+00	1.7221e+00	7.1e-02
5.8050e+03	6.8e+00	1.7598e+00	7.0e-02
5.8085e+03	6.8e+00	1.8310e+00	7.4e-02
5.8120e+03	6.8e+00	1.8155e+00	7.8e-02
5.8154e+03	6.9e+00	1.8040e+00	7.6e-02
5.8189e+03	6.9e+00	1.7687e+00	7.2e-02
5.8224e+03	6.9e+00	1.7096e+00	6.3e-02
5.8258e+03	6.9e+00	1.5831e+00	6.1e-02
5.8293e+03	6.9e+00	1.4163e+00	5.3e-02
5.8328e+03	6.9e+00	1.3254e+00	5.3e-02
5.8363e+03	6.9e+00	1.3201e+00	5.4e-02
5.8397e+03	6.9e+00	1.3679e+00	5.1e-02
5.8432e+03	6.9e+00	1.3782e+00	5.6e-02
5.8467e+03	6.9e+00	1.3484e+00	5.1e-02
5.8501e+03	6.9e+00	1.2657e+00	4.8e-02
5.8536e+03	6.9e+00	1.1846e+00	4.8e-02
5.8571e+03	6.9e+00	1.1210e+00	4.3e-02
5.8605e+03	6.9e+00	1.0214e+00	3.8e-02
5.8640e+03	6.9e+00	9.5911e-01	4.0e-02
5.8675e+03	6.9e+00	9.0644e-01	3.7e-02
5.8709e+03	6.9e+00	8.6363e-01	3.2e-02
5.8744e+03	6.9e+00	8.0847e-01	3.0e-02
5.8779e+03	6.8e+00	7.6808e-01	2.6e-02
5.8813e+03	6.8e+00	7.4467e-01	2.7e-02
5.8848e+03	6.8e+00	7.3458e-01	2.6e-02
5.8883e+03	6.8e+00	7.2821e-01	2.4e-02
5.8917e+03	6.8e+00	6.7410e-01	2.7e-02
5.8952e+03	6.8e+00	6.2802e-01	2.7e-02
5.8986e+03	6.8e+00	6.1531e-01	2.2e-02
5.9021e+03	6.8e+00	6.3219e-01	2.1e-02
5.9055e+03	6.8e+00	6.4042e-01	2.3e-02
5.9090e+03	6.8e+00	6.6450e-01	2.8e-02
5.9125e+03	6.8e+00	6.4344e-01	2.6e-02
5.9159e+03	6.8e+00	6.3901e-01	2.3e-02
5.9194e+03	6.8e+00	6.3099e-01	2.6e-02
5.9228e+03	6.8e+00	6.3479e-01	2.3e-02
5.9263e+03	6.8e+00	6.0010e-01	2.1e-02
5.9297e+03	6.8e+00	5.7607e-01	2.1e-02
5.9332e+03	6.8e+00	5.6382e-01	2.1e-02
5.9366e+03	6.8e+00	5.5446e-01	1.9e-02
5.9401e+03	6.8e+00	5.2765e-01	2.2e-02
5.9435e+03	6.8e+00	5.0829e-01	2.0e-02
5.9470e+03	6.8e+00	4.9825e-01	1.9e-02
5.9504e+03	6.8e+00	5.1186e-01	2.0e-02
5.9539e+03	6.7e+00	4.8993e-01	1.7e-02
5.9573e+03	6.7e+00	4.9158e-01	1.8e-02
5.9608e+03	6.7e+00	5.1194e-01	1.6e-02
5.9642e+03	6.7e+00	4.8483e-01	1.7e-02
5.9677e+03	6.7e+00	4.8483e-01	1.9e-02
5.9711e+03	6.7e+00	4.9369e-01	2.2e-02
5.9746e+03	6.7e+00	4.8523e-01	1.8e-02
5.9780e+03	6.7e+00	4.7716e-01	1.7e-02
5.9814e+03	6.7e+00	4.7564e-01	1.8e-02
5.9849e+03	6.7e+00	4.7341e-01	1.8e-02
5.9883e+03	6.7e+00	4.6749e-01	1.6e-02
5.9918e+03	6.7e+00	4.7414e-01	1.7e-02
5.9952e+03	6.6e+00	4.7445e-01	1.7e-02
5.9986e+03	6.6e+00	4.5350e-01	1.9e-02
6.0021e+03	6.6e+00	4.5041e-01	2.0e-02
6.0055e+03	6.6e+00	4.6257e-01	1.7e-02
6.0090e+03	6.6e+00	4.4605e-01	2.0e-02
6.0124e+03	6.6e+00	4.3828e-01	1.8e-02
6.0158e+03	6.6e+00	4.3513e-01	1.8e-02
6.0193e+03	6.6e+00	4.4867e-01	1.6e-02
6.0227e+03	6.6e+00	4.4272e-01	1.7e-02
6.0261e+03	6.5e+00	4.5117e-01	1.8e-02
6.0296e+03	6.5e+00	4.4911e-01	2.1e-02
6.0330e+03	6.5e+00	4.4330e-01	1.8e-02
6.0364e+03	6.5e+00	4.5316e-01	1.8e-02
6.0398e+03	6.5e+00	4.3657e-01	1.7e-02
6.0433e+03	6.5e+00	4.3279e-01	1.5e-02
6.0467e+03	6.5e+00	4.3712e-01	1.6e-02
6.0501e+03	6.4e+00	4.3282e-01	1.6e-02
6.0536e+03	6.4e+00	4.4195e-01	1.4e-02
6.0570e+03	6.4e+00	4.3037e-01	1.5e-02
6.0604e+03	6.4e+00	4.2767e-01	1.5e-02
6.0638e+03	6.4e+00	4.3856e-01	1.8e-02
6.0672e+03	6.4e+00	4.2782e-01	1.8e-02
6.0707e+03	6.4e+00	4.3544e-01	1.6e-02
6.0741e+03	6.3e+00	4.2951e-01	1.7e-02
6.0775e+03	6.3e+00	4.3053e-01	1.6e-02
6.0809e+03	6.3e+00	4.2768e-01	2.0e-02
6.0844e+03	6.3e+00	4.2964e-01	1.5e-02
6.0878e+03	6.3e+00	4.2577e-01	1.7e-02
6.0912e+03	6.3e+00	4.2770e-01	1.6e-02
6.0946e+03	6.2e+00	4.3941e-01	1.5e-02
6.0980e+03	6.2e+00	4.3187e-01	1.8e-02
6.1014e+03	6.2e+00	4.2978e-01	1.6e-02
6.1048e+03	6.2e+00	4.3383e-01	2.0e-02
6.1083e+03	6.2e+00	4.4262e-01	1.7e-02
6.1117e+03	6.2e+00	4.3435e-01	1.8e-02
6.1151e+03	6.1e+00	4.3562e-01	1.6e-02
6.1185e+03	6.1e+00	4.4258e-01	1.4e-02
6.1219e+03	6.1e+00	4.3236e-01	1.7e-02
6.1253e+03	6.1e+00	4.3039e-01	1.7e-02
6.1287e+03	6.1e+00	4.3827e-01	1.6e-02
6.1321e+03	6.0e+00	4.3845e-01	1.9e-02
6.1355e+03	6.0e+00	4.2691e-01	1.9e-02
6.1389e+03	6.0e+00	4.3526e-01	1.9e-02
6.1423e+03	6.0e+00	4.3162e-01	1.9e-02
6.1458e+03	6.0e+00	4.2807e-01	1.7e-02
6.1492e+03	5.9e+00	4.2975e-01	1.6e-02
6.1526e+03	5.9e+00	4.3247e-01	1.7e-02
6.1560e+03	5.9e+00	4.3440e-01	1.6e-02
6.1594e+03	5.9e+00	4.3824e-01	1.3e-02
6.1628e+03	5.8e+00	4.2128e-01	1.7e-02
6.1662e+03	5.8e+00	4.2692e-01	1.9e-02
6.1696e+03	5.8e+00	4.1732e-01	1.8e-02
6.1730e+03	5.8e+00	4.0348e-01	1.7e-02
6.1764e+03	5.7e+00	3.9578e-01	1.7e-02
6.1797e+03	5.7e+00	4.0199e-01	1.6e-02
6.1831e+03	5.7e+00	4.0817e-01	1.6e-02
6.1865e+03	5.7e+00	4.1152e-01	1.6e-02
6.1899e+03	5.6e+00	4.1781e-01	1.7e-02
6.1933e+03	5.6e+00	4.0583e-01	1.4e-02
6.1967e+03	5.6e+00	4.0820e-01	1.8e-02
6.2001e+03	5.6e+00	4.0542e-01	1.8e-02
6.2035e+03	5.5e+00	4.0767e-01	1.5e-02
6.2069e+03	5.5e+00	4.0488e-01	1.6e-02
6.2103e+03	5.5e+00	3.9553e-01	1.7e-02
6.2137e+03	5.5e+00	4.0414e-01	1.4e-02
6.2170e+03	5.4e+00	3.9480e-01	1.5e-02
6.2204e+03	5.4e+00	3.9050e-01	1.4e-02
6.2238e+03	5.4e+00	4.0560e-01	1.6e-02
6.2272e+03	5.4e+00	4.0325e-01	1.6e-02
6.2306e+03	5.3e+00	3.9726e-01	1.6e-02
6.2340e+03	5.3e+00	4.0117e-01	1.3e-02
6.2373e+03	5.3e+00	3.9331e-01	1.4e-02
6.2407e+03	5.2e+00	3.9711e-01	1.5e-02
6.2441e+03	5.2e+00	3.8811e-01	1.5e-02
6.2475e+03	5.2e+00	3.8607e-01	1.8e-02
6.2509e+03	5.2e+00	3.8997e-01	1.5e-02
6.2542e+03	5.1e+00	3.7932e-01	1.5e-02
6.2576e+03	5.1e+00	3.8947e-01	1.5e-02
6.2610e+03	5.1e+00	3.7530e-01	1.5e-02
6.2644e+03	5.0e+00	3.9096e-01	1.3e-02
6.2677e+03	5.0e+00	3.9059e-01	1.3e-02
6.2711e+03	5.0e+00	3.7498e-01	1.2e-02
6.2745e+03	4.9e+00	3.7042e-01	1.7e-02
6.2778e+03	4.9e+00	3.6999e-01	1.5e-02
6.2812e+03	4.9e+00	3.4574e-01	1.0e-02
6.2846e+03	4.9e+00	3.3106e-01	1.1e-02
6.2879e+03	4.8e+00	3.3059e-01	1.3e-02
6.2913e+03	4.8e+00	3.6150e-01	1.2e-02
6.2947e+03	4.8e+00	3.6897e-01	1.2e-02
6.2980e+03	4.7e+00	3.6729e-01	1.3e-02
6.3014e+03	4.7e+00	3.6877e-01	1.4e-02
6.3048e+03	4.7e+00	3.6866e-01	1.3e-02
6.3081e+03	4.6e+00	3.7736e-01	1.5e-02
6.3115e+03	4.6e+00	3.5956e-01	1.4e-02
6.3149e+03	4.6e+00	3.6881e-01	1.2e-02
6.3182e+03	4.5e+00	3.6054e-01	1.5e-02
6.3216e+03	4.5e+00	3.6399e-01	1.2e-02
6.3249e+03	4.5e+00	3.6653e-01	1.2e-02
6.3283e+03	4.4e+00	3.6500e-01	1.4e-02
6.3316e+03	4.4e+00	3.6577e-01	1.4e-02
6.3350e+03	4.3e+00	3.7447e-01	1.4e-02
6.3383e+03	4.3e+00	3.6345e-01	1.4e-02
6.3417e+03	4.3e+00	3.6382e-01	1.2e-02
6.3450e+03	4.2e+00	3.6256e-01	1.6e-02
6.3484e+03	4.2e+00	3.5513e-01	1.7e-02
6.3517e+03	4.2e+00	3.5763e-01	1.2e-02
6.3551e+03	4.1e+00	3.6534e-01	1.3e-02
6.3584e+03	4.1e+00	3.5988e-01	1.2e-02
6.3618e+03	4.1e+00	3.5518e-01	1.4e-02
6.3651e+03	4.0e+00	3.6671e-01	1.4e-02
6.3685e+03	4.0e+00	3.4859e-01	1.4e-02
6.3718e+03	4.0e+00	3.5877e-01	1.3e-02
6.3752e+03	3.9e+00	3.7379e-01	1.1e-02
6.3785e+03	3.9e+00	3.4946e-01	1.4e-02
6.3818e+03	3.9e+00	3.5539e-01	1.2e-02
6.3852e+03	3.8e+00	3.5854e-01	1.3e-02
6.3885e+03	3.8e+00	3.6155e-01	1.4e-02
6.3919e+03	3.7e+00	3.6687e-01	1.4e-02
6.3952e+03	3.7e+00	3.6605e-01	1.7e-02
6.3985e+03	3.7e+00	3.6954e-01	1.2e-02
6.4019e+03	3.6e+00	3.6590e-01	1.2e-02
6.4052e+03	3.6e+00	3.6818e-01	1.2e-02
6.4085e+03	3.6e+00	3.6915e-01	1.5e-02
6.4119e+03	3.5e+00	3.6672e-01	1.6e-02
6.4152e+03	3.5e+00	3.6330e-01	1.5e-02
6.4185e+03	3.5e+00	3.6424e-01	1.5e-02
6.4219e+03	3.4e+00	3.6851e-01	1.2e-02
6.4252e+03	3.4e+00	3.6924e-01	1.4e-02
6.4285e+03	3.3e+00	3.6777e-01	1.3e-02
6.4318e+03	3.3e+00	3.5504e-01	1.5e-02
6.4352e+03	3.3e+00	3.6488e-01	1.4e-02
6.4385e+03	3.2e+00	3.6960e-01	1.3e-02
6.4418e+03	3.2e+00	3.6631e-01	1.4e-02
6.4451e+03	3.2e+00	3.6329e-01	1.4e-02
6.4485e+03	3.1e+00	3.6434e-01	1.2e-02
6.4518e+03	3.1e+00	3.5251e-01	1.5e-02
6.4551e+03	3.1e+00	3.4630e-01	1.5e-02
6.4584e+03	3.0e+00	3.5113e-01	1.7e-02
6.4617e+03	3.0e+00	3.4910e-01	1.4e-02
6.4650e+03	3.0e+00	3.6330e-01	1.2e-02
6.4684e+03	2.9e+00	3.4919e-01	1.5e-02
6.4717e+03	2.9e+00	3.4677e-01	1.2e-02
6.4750e+03	2.9e+00	3.5769e-01	1.3e-02
6.4783e+03	2.9e+00	3.4345e-01	1.5e-02
6.4816e+03	2.8e+00	3.6717e-01	1.1e-02
6.4849e+03	2.8e+00	3.5749e-01	1.2e-02
6.4882e+03	2.8e+00	3.5386e-01	1.4e-02
6.4915e+03	2.7e+00	3.6027e-01	1.1e-02
6.4948e+03	2.7e+00	3.5308e-01	1.3e-02
6.4981e+03	2.7e+00	3.4990e-01	1.5e-02
6.5014e+03	2.7e+00	3.5398e-01	1.6e-02
6.5048e+03	2.7e+00	3.4625e-01	1.3e-02
6.5081e+03	2.6e+00	3.4590e-01	1.3e-02
6.5114e+03	2.6e+00	3.5037e-01	1.7e-02
6.5147e+03	2.6e+00	3.5703e-01	1.4e-02
6.5180e+03	2.6e+00	3.6498e-01	1.9e-02
6.5213e+03	2.6e+00	3.8406e-01	1.5e-02
6.5245e+03	2.5e+00	4.1067e-01	1.3e-02
6.5278e+03	2.5e+00	4.3349e-01	1.4e-02
6.5311e+03	2.5e+00	4.3227e-01	1.6e-02
6.5344e+03	2.5e+00	4.4584e-01	2.1e-02
6.5377e+03	2.5e+00	4.4768e-01	2.1e-02
6.5410e+03	2.5e+00	4.7080e-01	1.5e-02
6.5443e+03	2.5e+00	4.7254e-01	1.7e-02
6.5476e+03	2.5e+00	4.7142e-01	1.9e-02
6.5509e+03	2.5e+00	4.8816e-01	1.8e-02
6.5542e+03	2.5e+00	4.9847e-01	1.6e-02
6.5575e+03	2.5e+00	4.7328e-01	2.1e-02
6.5607e+03	2.5e+00	4.8910e-01	1.6e-02
6.5640e+03	2.5e+00	4.8526e-01	1.8e-02
6.5673e+03	2.5e+00	4.7481e-01	2.2e-02
6.5706e+03	2.5e+00	4.8028e-01	2.2e-02
6.5739e+03	2.5e+00	4.8118e-01	2.0e-02
6.5772e+03	2.5e+00	4.8319e-01	1.8e-02
6.5804e+03	2.6e+00	4.6806e-01	1.8e-02
6.5837e+03	2.6e+00	4.6520e-01	1.8e-02
6.5870e+03	2.6e+00	4.6392e-01	1.7e-02
6.5903e+03	2.6e+00	4.3857e-01	2.1e-02
6.5935e+03	2.6e+00	4.5069e-01	1.7e-02
6.5968e+03	2.7e+00	4.4880e-01	1.5e-02
6.6001e+03	2.7e+00	4.3999e-01	1.6e-02
6.6034e+03	2.7e+00	4.2695e-01	1.8e-02
6.6066e+03	2.8e+00	4.0208e-01	1.7e-02
6.6099e+03	2.8e+00	3.9967e-01	1.7e-02
6.6132e+03	2.8e+00	3.9929e-01	1.6e-02
6.6164e+03	2.9e+00	3.9628e-01	1.5e-02
6.6197e+03	2.9e+00	3.9760e-01	1.4e-02
6.6230e+03	2.9e+00	3.9262e-01	1.5e-02
6.6262e+03	3.0e+00	3.6895e-01	1.9e-02
6.6295e+03	3.0e+00	3.6318e-01	1.6e-02
6.6328e+03	3.1e+00	3.6707e-01	1.6e-02
6.6360e+03	3.1e+00	3.5425e-01	1.7e-02
6.6393e+03	3.2e+00	3.3667e-01	1.3e-02
6.6425e+03	3.2e+00	3.2335e-01	1.5e-02
6.6458e+03	3.3e+00	3.2310e-01	1.5e-02
6.6490e+03	3.3e+00	3.3720e-01	1.1e-02
6.6523e+03	3.4e+00	3.2602e-01	1.3e-02
6.6555e+03	3.4e+00	3.3037e-01	1.4e-02
6.6588e+03	3.5e+00	3.4028e-01	1.4e-02
6.6621e+03	3.5e+00	3.4415e-01	1.2e-02
6.6653e+03	3.6e+00	3.3994e-01	1.6e-02
6.6686e+03	3.6e+00	3.5513e-01	1.3e-02
6.6718e+03	3.7e+00	3.6327e-01	1.1e-02
6.6750e+03	3.8e+00	3.6740e-01	1.3e-02
6.6783e+03	3.8e+00	3.5896e-01	1.4e-02
6.6815e+03	3.9e+00	3.6946e-01	1.5e-02
6.6848e+03	4.0e+00	3.8415e-01	1.4e-02
6.6880e+03	4.0e+00	3.9595e-01	1.3e-02
6.6913e+03	4.1e+00	3.9791e-01	1.4e-02
6.6945e+03	4.2e+00	4.0703e-01	1.5e-02
6.6977e+03	4.2e+00	3.9771e-01	1.7e-02
6.7010e+03	4.3e+00	3.9550e-01	1.9e-02
6.7042e+03	4.4e+00	4.0682e-01	1.6e-02
6.7075e+03	4.4e+00	4.1193e-01	1.5e-02
6.7107e+03	4.5e+00	4.1844e-01	1.7e-02
6.7139e+03	4.6e+00	3.9635e-01	1.9e-02
6.7172e+03	4.7e+00	3.9847e-01	1.7e-02
6.7204e+03	4.7e+00	4.1471e-01	1.7e-02
6.7236e+03	4.8e+00	4.0321e-01	2.1e-02
6.7268e+03	4.9e+00	4.2184e-01	1.7e-02
6.7301e+03	5.0e+00	4.1319e-01	1.7e-02
6.7333e+03	5.1e+00	4.0767e-01	1.6e-02
6.7365e+03	5.1e+00	3.9423e-01	2.0e-02
6.7397e+03	5.2e+00	3.9262e-01	1.8e-02
6.7430e+03	5.3e+00	4.1636e-01	2.0e-02
6.7462e+03	5.4e+00	3.5606e-01	5.9e-02
6.7494e+03	5.5e+00	3.4203e-01	5.1e-02
6.7526e+03	5.5e+00	4.1244e-01	2.0e-02
6.7558e+03	5.6e+00	3.7871e-01	1.6e-02
6.7591e+03	5.7e+00	3.8390e-01	1.5e-02
6.7623e+03	5.8e+00	3.8447e-01	1.6e-02
6.7655e+03	5.9e+00	3.7959e-01	1.5e-02
6.7687e+03	6.0e+00	3.7900e-01	1.7e-02
6.7719e+03	6.1e+00	3.7573e-01	1.5e-02
6.7751e+03	6.1e+00	3.7231e-01	1.4e-02
6.7783e+03	6.2e+00	3.5577e-01	1.4e-02
6.7815e+03	6.3e+00	3.4041e-01	1.7e-02
6.7847e+03	6.4e+00	3.5072e-01	1.3e-02
6.7880e+03	6.5e+00	3.3315e-01	1.4e-02
6.7912e+03	6.6e+00	3.1774e-01	1.6e-02
6.7944e+03	6.7e+00	3.1957e-01	1.4e-02
6.7976e+03	6.8e+00	3.2961e-01	1.4e-02
6.8008e+03	6.9e+00	2.9735e-01	1.2e-02
6.8040e+03	7.0e+00	2.9776e-01	1.3e-02
6.8072e+03	7.1e+00	2.9932e-01	1.3e-02
6.8104e+03	7.2e+00	2.9129e-01	1.5e-02
6.8136e+03	7.3e+00	2.9145e-01	1.3e-02
6.8168e+03	7.4e+00	2.9439e-01	1.1e-02
6.8199e+03	7.5e+00	2.9644e-01	1.2e-02
6.8231e+03	7.6e+00	2.7449e-01	1.4e-02
6.8263e+03	7.7e+00	2.8506e-01	1.3e-02
6.8295e+03	7.7e+00	2.8790e-01	1.1e-02
6.8327e+03	7.8e+00	2.6422e-01	1.8e-02
6.8359e+03	7.9e+00	2.8610e-01	9.9e-03
6.8391e+03	8.1e+00	2.7294e-01	1.4e-02
6.8423e+03	8.2e+00	2.8835e-01	1.2e-02
6.8455e+03	8.3e+00	2.8192e-01	1.1e-02
6.8486e+03	8.4e+00	2.6710e-01	1.3e-02
6.8518e+03	8.5e+00	2.6170e-01	1.2e-02
6.8550e+03	8.6e+00	2.2039e-01	1.2e-02
6.8582e+03	8.7e+00	1.9582e-01	8.9e-03
6.8614e+03	8.8e+00	1.9475e-01	1.0e-02
6.8645e+03	8.9e+00	2.1156e-01	9.1e-03
6.8677e+03	9.0e+00	2.2853e-01	1.0e-02
6.8709e+03	9.1e+00	2.3235e-01	1.0e-02
6.8741e+03	9.2e+00	2.2572e-01	1.0e-02
6.8772e+03	9.3e+00	2.2456e-01	9.6e-03
6.8804e+03	9.4e+00	2.1417e-01	1.3e-02
6.8836e+03	9.5e+00	2.2978e-01	8.4e-03
6.8867e+03	9.6e+00	2.4988e-01	1.4e-02
6.8899e+03	9.7e+00	2.4928e-01	1.4e-02
6.8931e+03	9.9e+00	2.6506e-01	1.1e-02
6.8962e+03	1.0e+01	2.4783e-01	1.3e-02
6.8994e+03	1.0e+01	2.5649e-01	1.0e-02
6.9026e+03	1.0e+01	2.6613e-01	8.0e-03
6.9057e+03	1.0e+01	2.4461e-01	1.2e-02
6.9089e+03	1.0e+01	2.5239e-01	1.1e-02
6.9120e+03	1.1e+01	2.5369e-01	1.1e-02
6.9152e+03	1.1e+01	2.5273e-01	1.0e-02
6.9183e+03	1.1e+01	2.5330e-01	9.9e-03
6.9215e+03	1.1e+01	2.5381e-01	1.1e-02
6.9247e+03	1.1e+01	2.5335e-01	1.6e-02
6.9278e+03	1.1e+01	2.5180e-01	1.0e-02
6.9310e+03	1.1e+01	2.3862e-01	1.0e-02
6.9341e+03	1.1e+01	2.4711e-01	1.2e-02
6.9373e+03	1.1e+01	2.4276e-01	1.6e-02
6.9404e+03	1.2e+01	2.4071e-01	1.4e-02
6.9435e+03	1.2e+01	2.4562e-01	1.3e-02
6.9467e+03	1.2e+01	2.3757e-01	1.2e-02
6.9498e+03	1.2e+01	2.4237e-01	1.2e-02
6.9530e+03	1.2e+01	2.4010e-01	1.4e-02
6.9561e+03	1.2e+01	2.5020e-01	1.2e-02
6.9593e+03	1.2e+01	2.5277e-01	1.2e-02
6.9624e+03	1.2e+01	2.6099e-01	1.1e-02
6.9655e+03	1.3e+01	2.5207e-01	1.4e-02
6.9687e+03	1.3e+01	2.5453e-01	1.3e-02
6.9718e+03	1.3e+01	2.6634e-01	1.2e-02
6.9749e+03	1.3e+01	2.7369e-01	1.2e-02
6.9781e+03	1.3e+01	2.7258e-01	1.2e-02
6.9812e+03	1.3e+01	2.6948e-01	1.3e-02
6.9843e+03	1.3e+01	2.5769e-01	1.4e-02
6.9874e+03	1.3e+01	2.6393e-01	1.3e-02
6.9906e+03	1.4e+01	2.8989e-01	1.0e-02
6.9937e+03	1.4e+01	2.9447e-01	1.2e-02
6.9968e+03	1.4e+01	2.8782e-01	1.6e-02
6.9999e+03	1.4e+01	2.9875e-01	1.7e-02
7.0031e+03	1.4e+01	2.9768e-01	1.5e-02
7.0062e+03	1.4e+01	3.0097e-01	1.4e-02
7.0093e+03	1.4e+01	3.2289e-01	1.6e-02
7.0124e+03	1.4e+01	3.2139e-01	1.3e-02
7.0155e+03	1.5e+01	3.2169e-01	1.4e-02
7.0186e+03	1.5e+01	3.3812e-01	1.4e-02
7.0218e+03	1.5e+01	3.1142e-01	1.9e-02
7.0249e+03	1.5e+01	3.2427e-01	1.6e-02
7.0280e+03	1.5e+01	3.2596e-01	1.6e-02
7.0311e+03	1.5e+01	3.1836e-01	1.4e-02
7.0342e+03	1.5e+01	3.1691e-01	1.7e-02
7.0373e+03	1.6e+01	3.2864e-01	1.4e-02
7.0404e+03	1.6e+01	3.1643e-01	1.4e-02
7.0435e+03	1.6e+01	3.2759e-01	1.1e-02
7.0466e+03	1.6e+01	3.0150e-01	2.0e-02
7.0497e+03	1.6e+01	3.2297e-01	1.4e-02
7.0528e+03	1.6e+01	3.0920e-01	1.4e-02
7.0559e+03	1.6e+01	3.0292e-01	1.6e-02
7.0590e+03	1.6e+01	3.1506e-01	1.2e-02
7.0621e+03	1.7e+01	2.9849e-01	1.6e-02
7.0652e+03	1.7e+01	2.9432e-01	1.4e-02
7.0683e+03	1.7e+01	2.8823e-01	1.4e-02
7.0714e+03	1.7e+01	2.9673e-01	1.3e-02
7.0745e+03	1.7e+01	2.9183e-01	1.3e-02
7.0776e+03	1.7e+01	2.6501e-01	1.5e-02
7.0807e+03	1.7e+01	2.6168e-01	1.5e-02
7.0837e+03	1.8e+01	2.7419e-01	1.3e-02
7.0868e+03	1.8e+01	2.5380e-01	1.5e-02
7.0899e+03	1.8e+01	2.3028e-01	1.6e-02
7.0930e+03	1.8e+01	2.5744e-01	1.4e-02
7.0961e+03	1.8e+01	2.5228e-01	1.3e-02
7.0991e+03	1.8e+01	2.3586e-01	1.4e-02
7.1022e+03	1.9e+01	2.4673e-01	1.0e-02
7.1053e+03	1.9e+01	2.3434e-01	1.3e-02
7.1084e+03	1.9e+01	2.3786e-01	1.1e-02
7.1115e+03	1.9e+01	2.3167e-01	1.1e-02
7.1145e+03	1.9e+01	2.1493e-01	1.3e-02
7.1176e+03	1.9e+01	2.1587e-01	1.4e-02
7.1207e+03	1.9e+01	2.2911e-01	1.1e-02
7.1237e+03	2.0e+01	2.3074e-01	1.1e-02
7.1268e+03	2.0e+01	2.2702e-01	1.4e-02
7.1299e+03	2.0e+01	2.1684e-01	1.2e-02
7.1329e+03	2.0e+01	2.2322e-01	1.2e-02
7.1360e+03	2.0e+01	2.2626e-01	1.2e-02
7.1391e+03	2.0e+01	2.2464e-01	1.3e-02
7.1421e+03	2.0e+01	2.1575e-01	1.1e-02
7.1452e+03	2.1e+01	2.0213e-01	1.2e-02
7.1482e+03	2.1e+01	2.0539e-01	1.4e-02
7.1513e+03	2.1e+01	2.2702e-01	1.3e-02
7.1543e+03	2.1e+01	2.2518e-01	8.9e-03
7.1574e+03	2.1e+01	2.0156e-01	1.6e-02
7.1605e+03	2.1e+01	2.1360e-01	9.5e-03
7.1635e+03	2.2e+01	2.1941e-01	1.1e-02
7.1666e+03	2.2e+01	2.1618e-01	1.2e-02
7.1696e+03	2.2e+01	2.1579e-01	8.9e-03
7.1726e+03	2.2e+01	2.1090e-01	1.3e-02
7.1757e+03	2.2e+01	2.2854e-01	8.7e-03
7.1787e+03	2.2e+01	2.3228e-01	9.9e-03
7.1818e+03	2.3e+01	2.3076e-01	1.2e-02
7.1848e+03	2.3e+01	2.3419e-01	1.1e-02
7.1879e+03	2.3e+01	2.4952e-01	1.2e-02
7.1909e+03	2.3e+01	2.4229e-01	1.1e-02
7.1939e+03	2.3e+01	2.0795e-01	1.7e-02
7.1970e+03	2.3e+01	2.2787e-01	1.1e-02
7.2000e+03	2.3e+01	2.0492e-01	1.6e-02
7.2030e+03	2.4e+01	2.0868e-01	1.0e-02
7.2061e+03	2.4e+01	1.9275e-01	1.5e-02
7.2091e+03	2.4e+01	2.0100e-01	1.2e-02
7.2121e+03	2.4e+01	2.1785e-01	1.2e-02
7.2152e+03	2.4e+01	2.0350e-01	1.2e-02
7.2182e+03	2.4e+01	2.0440e-01	1.3e-02
7.2212e+03	2.5e+01	2.0893e-01	1.4e-02
7.2242e+03	2.5e+01	1.9621e-01	1.1e-02
7.2272e+03	2.5e+01	2.0695e-01	9.9e-03
7.2303e+03	2.5e+01	2.0059e-01	1.2e-02
7.2333e+03	2.5e+01	1.9911e-01	1.2e-02
7.2363e+03	2.6e+01	1.9882e-01	1.5e-02
7.2393e+03	2.6e+01	1.8770e-01	1.2e-02
7.2423e+03	2.6e+01	1.8579e-01	1.1e-02
7.2453e+03	2.6e+01	2.0389e-01	9.8e-03
7.2484e+03	2.6e+01	1.9898e-01	1.2e-02
7.2514e+03	2.6e+01	2.0236e-01	9.5e-03
7.2544e+03	2.7e+01	1.8615e-01	1.4e-02
7.2574e+03	2.7e+01	1.9327e-01	1.1e-02
7.2604e+03	2.7e+01	1.8128e-01	1.3e-02
7.2634e+03	2.7e+01	1.7294e-01	1.3e-02
7.2664e+03	2.7e+01	1.6477e-01	1.1e-02
7.2694e+03	2.7e+01	1.5637e-01	1.3e-02
7.2724e+03	2.8e+01	1.7217e-01	1.0e-02
7.2754e+03	2.8e+01	1.7812e-01	1.1e-02
7.2784e+03	2.8e+01	1.6636e-01	1.1e-02
7.2814e+03	2.8e+01	1.7924e-01	8.2e-03
7.2844e+03	2.8e+01	1.6716e-01	1.2e-02
7.2874e+03	2.9e+01	1.6413e-01	1.4e-02
7.2904e+03	2.9e+01	1.7448e-01	1.2e-02
7.2933e+03	2.9e+01	1.7727e-01	1.3e-02
7.2963e+03	2.9e+01	1.7638e-01	8.9e-03
7.2993e+03	2.9e+01	1.6387e-01	1.2e-02
7.3023e+03	2.9e+01	1.6837e-01	9.9e-03
7.3053e+03	3.0e+01	1.6633e-01	9.6e-03
7.3083e+03	3.0e+01	1.8315e-01	9.8e-03
7.3113e+03	3.0e+01	1.6852e-01	1.3e-02
7.3142e+03	3.0e+01	1.6600e-01	1.2e-02
7.3172e+03	3.0e+01	1.7463e-01	9.0e-03
7.3202e+03	3.1e+01	1.6167e-01	1.0e-02
7.3232e+03	3.1e+01	1.7574e-01	9.6e-03
7.3261e+03	3.1e+01	1.5764e-01	1.2e-02
7.3291e+03	3.1e+01	1.6479e-01	1.1e-02
7.3321e+03	3.1e+01	1.6524e-01	1.1e-02
7.3351e+03	3.1e+01	1.7511e-01	9.8e-03
7.3380e+03	3.2e+01	1.6454e-01	1.4e-02
7.3410e+03	3.2e+01	1.7758e-01	9.2e-03
7.3439e+03	3.2e+01	1.6467e-01	1.2e-02
7.3469e+03	3.2e+01	1.6126e-01	1.4e-02
7.3499e+03	3.2e+01	1.6892e-01	1.3e-02
7.3528e+03	3.3e+01	1.6386e-01	9.6e-03
7.3558e+03	3.3e+01	1.6585e-01	1.2e-02
7.3588e+03	3.3e+01	1.6700e-01	1.0e-02
7.3617e+03	3.3e+01	1.6624e-01	1.1e-02
7.3647e+03	3.3e+01	1.7639e-01	9.5e-03
7.3676e+03	3.4e+01	1.8001e-01	9.3e-03
7.3706e+03	3.4e+01	1.6492e-01	9.6e-03
7.3735e+03	3.4e+01	1.7135e-01	8.3e-03
7.3765e+03	3.4e+01	1.8689e-01	1.1e-02
7.3794e+03	3.4e+01	1.6791e-01	8.3e-03
7.3824e+03	3.5e+01	1.7370e-01	6.4e-03
7.3853e+03	3.5e+01	1.5535e-01	9.6e-03
7.3882e+03	3.5e+01	1.6636e-01	1.1e-02
7.3912e+03	3.5e+01	1.6244e-01	9.4e-03
7.3941e+03	3.5e+01	1.4479e-01	1.5e-02
7.3971e+03	3.6e+01	1.6321e-01	8.2e-03
7.4000e+03	3.6e+01	1.5846e-01	1.1e-02
7.4029e+03	3.6e+01	1.5931e-01	1.0e-02
7.4059e+03	3.6e+01	1.5766e-01	1.1e-02
7.4088e+03	3.6e+01	1.5372e-01	1.0e-02
7.4117e+03	3.7e+01	1.4620e-01	1.2e-02
7.4147e+03	3.7e+01	1.5207e-01	1.1e-02
7.4176e+03	3.7e+01	1.4382e-01	1.4e-02
7.4205e+03	3.7e+01	1.4940e-01	1.3e-02
7.4234e+03	3.7e+01	1.4656e-01	1.4e-02
7.4264e+03	3.8e+01	1.5454e-01	1.8e-02
7.4293e+03	3.8e+01	1.8059e-01	8.0e-03
7.4322e+03	3.8e+01	1.6159e-01	7.9e-03
7.4351e+03	3.8e+01	1.4720e-01	1.1e-02
7.4380e+03	3.9e+01	1.3289e-01	1.6e-02
7.4409e+03	3.9e+01	1.6319e-01	1.2e-02
7.4439e+03	3.9e+01	1.5937e-01	9.2e-03
7.4468e+03	3.9e+01	1.6323e-01	9.2e-03
7.4497e+03	3.9e+01	1.6312e-01	9.4e-03
7.4526e+03	4.0e+01	1.5590e-01	1.3e-02
7.4555e+03	4.0e+01	1.4774e-01	9.5e-03
7.4584e+03	4.0e+01	1.5438e-01	1.0e-02
7.4613e+03	4.0e+01	1.4323e-01	1.1e-02
7.4642e+03	4.0e+01	1.3961e-01	1.5e-02
7.4671e+03	4.1e+01	1.4085e-01	1.1e-02
7.4700e+03	4.1e+01	1.4913e-01	1.1e-02
7.4729e+03	4.1e+01	1.3347e-01	1.1e-02
7.4758e+03	4.1e+01	1.5489e-01	1.0e-02
7.4787e+03	4.2e+01	1.4715e-01	1.0e-02
7.4816e+03	4.2e+01	1.3630e-01	1.1e-02
7.4845e+03	4.2e+01	1.4148e-01	1.0e-02
7.4874e+03	4.2e+01	1.4710e-01	1.0e-02
7.4903e+03	4.2e+01	1.5070e-01	9.3e-03
7.4932e+03	4.3e+01	1.4893e-01	8.3e-03
7.4960e+03	4.3e+01	1.3575e-01	1.2e-02
7.4989e+03	4.3e+01	1.5555e-01	1.1e-02
7.5018e+03	4.3e+01	1.4958e-01	1.1e-02
7.5047e+03	4.4e+01	1.4988e-01	1.1e-02
7.5076e+03	4.4e+01	1.4339e-01	1.1e-02
7.5105e+03	4.4e+01	1.5967e-01	1.5e-02
7.5133e+03	4.4e+01	1.6137e-01	1.2e-02
7.5162e+03	4.4e+01	1.7026e-01	9.1e-03
7.5191e+03	4.5e+01	1.7232e-01	9.4e-03
7.5220e+03	4.5e+01	1.5615e-01	8.6e-03
7.5248e+03	4.5e+01	1.4133e-01	1.3e-02
7.5277e+03	4.5e+01	1.5385e-01	8.2e-03
7.5306e+03	4.6e+01	1.3491e-01	1.0e-02
7.5334e+03	4.6e+01	9.8520e-02	7.3e-03
7.5363e+03	4.6e+01	6.7721e-02	1.2e-02
7.5392e+03	4.6e+01	5.0300e-02	7.7e-03
7.5420e+03	4.7e+01	4.0153e-02	1.1e-02
7.5449e+03	4.7e+01	4.5935e-02	1.1e-02
7.5477e+03	4.7e+01	4.3652e-02	9.6e-03
7.5506e+03	4.7e+01	6.9492e-02	9.8e-03
7.5534e+03	4.7e+01	6.3470e-02	9.1e-03
7.5563e+03	4.8e+01	8.0802e-02	1.1e-02
7.5592e+03	4.8e+01	9.2465e-02	8.9e-03
7.5620e+03	4.8e+01	7.7350e-02	7.1e-03
7.5648e+03	4.8e+01	7.6069e-02	1.8e-02
7.5677e+03	4.9e+01	7.4069e-02	6.1e-03
7.5705e+03	4.9e+01	7.1304e-02	8.8e-03
7.5734e+03	4.9e+01	8.3088e-02	1.1e-02
7.5762e+03	4.9e+01	7.6979e-02	8.6e-03
7.5791e+03	5.0e+01	7.8783e-02	7.2e-03
7.5819e+03	5.0e+01	9.3221e-02	1.5e-02
7.5847e+03	5.0e+01	8.3822e-02	9.7e-03
7.5876e+03	5.0e+01	9.5329e-02	7.2e-03
7.5904e+03	5.1e+01	8.0706e-02	1.0e-02
7.5932e+03	5.1e+01	1.2650e-01	1.6e-02
7.5961e+03	5.1e+01	1.1138e-01	1.1e-02
7.5989e+03	5.1e+01	1.0757e-01	1.1e-02
7.6017e+03	5.2e+01	1.2340e-01	1.4e-02
7.6046e+03	5.2e+01	1.2215e-01	9.8e-03
