# lambda [A]	Dlambda [A]	specval [counts]	Dspecval [counts]
4.1766e+03	2.4e+00	1.494158e+03	4.2e+01
4.1803e+03	2.4e+00	2.297914e+03	3.9e+01
4.1839e+03	2.4e+00	3.078796e+03	6.4e+01
4.1876e+03	2.4e+00	2.997467e+03	6.5e+01
4.1912e+03	2.4e+00	2.269485e+03	2.7e+01
4.1949e+03	2.4e+00	1.132492e+03	4.0e+01
4.1986e+03	2.4e+00	8.176243e+02	4.5e+01
4.2022e+03	2.4e+00	7.964137e+02	3.5e+01
4.2059e+03	2.4e+00	7.866142e+02	1.9e+01
4.2095e+03	2.4e+00	8.233253e+02	2.4e+01
4.2132e+03	2.4e+00	8.692643e+02	3.0e+01
4.2168e+03	2.4e+00	8.462814e+02	2.1e+01
4.2205e+03	2.4e+00	8.266117e+02	2.0e+01
4.2241e+03	2.4e+00	7.153036e+02	1.1e+01
4.2278e+03	2.4e+00	6.949672e+02	2.3e+01
4.2314e+03	2.4e+00	6.508168e+02	2.4e+01
4.2351e+03	2.4e+00	6.845661e+02	1.7e+01
4.2387e+03	2.4e+00	7.113435e+02	2.3e+01
4.2424e+03	2.4e+00	1.011961e+03	2.9e+01
4.2460e+03	2.4e+00	1.594413e+03	2.9e+01
4.2497e+03	2.4e+00	1.766278e+03	2.0e+01
4.2533e+03	2.4e+00	1.607878e+03	2.2e+01
4.2570e+03	2.4e+00	1.274132e+03	5.2e+00
4.2606e+03	2.4e+00	1.360352e+03	4.3e+01
4.2642e+03	2.4e+00	1.578742e+03	3.7e+01
4.2679e+03	2.4e+00	1.407432e+03	4.0e+01
4.2715e+03	2.4e+00	1.123586e+03	2.4e+01
4.2752e+03	2.4e+00	6.752538e+02	2.7e+01
4.2788e+03	2.4e+00	5.205600e+02	1.5e+01
4.2825e+03	2.4e+00	5.442211e+02	1.4e+01
4.2861e+03	2.4e+00	7.079566e+02	1.2e+01
4.2898e+03	2.4e+00	7.952464e+02	3.1e+01
4.2934e+03	2.4e+00	8.209664e+02	2.4e+01
4.2970e+03	2.4e+00	6.664636e+02	1.1e+01
4.3007e+03	2.4e+00	6.335462e+02	2.6e+01
4.3043e+03	2.4e+00	5.613828e+02	1.4e+01
4.3080e+03	2.4e+00	5.605339e+02	2.6e+01
4.3116e+03	2.4e+00	5.503116e+02	2.3e+01
4.3152e+03	2.4e+00	6.281489e+02	1.5e+01
4.3189e+03	2.4e+00	8.736654e+02	1.5e+01
4.3225e+03	2.4e+00	1.193059e+03	2.3e+01
4.3262e+03	2.4e+00	1.309946e+03	2.3e+01
4.3298e+03	2.4e+00	1.234074e+03	2.3e+01
4.3334e+03	2.4e+00	1.077953e+03	1.9e+01
4.3371e+03	2.4e+00	1.245709e+03	2.9e+01
4.3407e+03	2.4e+00	1.246408e+03	1.3e+01
4.3443e+03	2.4e+00	1.061662e+03	2.5e+01
4.3480e+03	2.4e+00	7.553523e+02	2.6e+01
4.3516e+03	2.4e+00	6.743114e+02	1.6e+01
4.3553e+03	2.4e+00	7.233636e+02	8.8e+00
4.3589e+03	2.4e+00	8.759501e+02	1.2e+01
4.3625e+03	2.4e+00	1.013935e+03	2.8e+01
4.3662e+03	2.4e+00	1.085882e+03	2.1e+01
4.3698e+03	2.4e+00	1.078179e+03	2.5e+01
4.3734e+03	2.4e+00	9.592765e+02	2.5e+01
4.3771e+03	2.4e+00	8.228028e+02	1.5e+01
4.3807e+03	2.4e+00	6.594252e+02	2.4e+01
4.3843e+03	2.4e+00	5.629725e+02	9.8e+00
4.3879e+03	2.4e+00	5.505107e+02	1.2e+01
4.3916e+03	2.4e+00	5.927389e+02	3.9e+01
4.3952e+03	2.4e+00	6.089649e+02	2.4e+01
4.3988e+03	2.4e+00	5.430833e+02	9.3e+00
4.4025e+03	2.4e+00	4.667782e+02	1.2e+01
4.4061e+03	2.4e+00	4.595093e+02	9.8e+00
4.4097e+03	2.4e+00	4.762023e+02	1.2e+01
4.4134e+03	2.4e+00	5.459033e+02	1.7e+01
4.4170e+03	2.4e+00	7.070969e+02	2.0e+01
4.4206e+03	2.4e+00	8.395155e+02	1.6e+01
4.4242e+03	2.4e+00	8.369731e+02	1.1e+01
4.4279e+03	2.4e+00	6.726365e+02	1.5e+01
4.4315e+03	2.4e+00	5.150915e+02	1.7e+01
4.4351e+03	2.4e+00	4.632653e+02	1.2e+01
4.4387e+03	2.4e+00	4.893971e+02	7.4e+00
4.4424e+03	2.4e+00	4.690912e+02	8.5e+00
4.4460e+03	2.4e+00	4.594074e+02	6.0e+00
4.4496e+03	2.4e+00	4.543709e+02	1.5e+01
4.4532e+03	2.4e+00	4.462788e+02	1.2e+01
4.4569e+03	2.4e+00	4.233898e+02	8.6e+00
4.4605e+03	2.4e+00	4.874017e+02	6.7e+00
4.4641e+03	2.4e+00	5.315207e+02	1.6e+01
4.4677e+03	2.4e+00	6.032787e+02	2.0e+01
4.4713e+03	2.4e+00	6.497763e+02	1.1e+01
4.4750e+03	2.4e+00	6.498060e+02	9.6e+00
4.4786e+03	2.4e+00	6.141486e+02	1.3e+01
4.4822e+03	2.4e+00	6.025411e+02	2.2e+01
4.4858e+03	2.4e+00	5.830761e+02	1.4e+01
4.4894e+03	2.4e+00	6.357497e+02	1.1e+01
4.4931e+03	2.4e+00	6.819144e+02	1.5e+01
4.4967e+03	2.4e+00	8.095354e+02	2.2e+01
4.5003e+03	2.4e+00	9.779689e+02	2.0e+01
4.5039e+03	2.4e+00	1.141300e+03	1.8e+01
4.5075e+03	2.4e+00	1.075546e+03	1.5e+01
4.5111e+03	2.4e+00	8.501812e+02	2.1e+01
4.5148e+03	2.4e+00	5.719063e+02	7.0e+00
4.5184e+03	2.4e+00	5.152711e+02	1.5e+01
4.5220e+03	2.4e+00	4.927357e+02	1.1e+01
4.5256e+03	2.4e+00	4.875860e+02	2.6e+01
4.5292e+03	2.4e+00	4.612197e+02	4.7e+00
4.5328e+03	2.4e+00	4.824347e+02	1.9e+01
4.5364e+03	2.4e+00	6.639814e+02	2.0e+01
4.5401e+03	2.4e+00	8.165072e+02	2.6e+01
4.5437e+03	2.4e+00	8.236168e+02	1.6e+01
4.5473e+03	2.4e+00	6.073586e+02	2.0e+01
4.5509e+03	2.4e+00	4.123327e+02	1.2e+01
4.5545e+03	2.4e+00	3.921399e+02	1.2e+01
4.5581e+03	2.4e+00	3.811400e+02	1.7e+01
4.5617e+03	2.4e+00	3.769875e+02	1.6e+01
4.5653e+03	2.4e+00	3.630603e+02	1.7e+01
4.5689e+03	2.4e+00	3.865072e+02	1.4e+01
4.5725e+03	2.4e+00	5.408654e+02	2.1e+01
4.5762e+03	2.4e+00	6.041200e+02	1.1e+01
4.5798e+03	2.4e+00	5.956035e+02	1.7e+01
4.5834e+03	2.4e+00	6.396183e+02	1.1e+01
4.5870e+03	2.4e+00	6.376668e+02	1.3e+01
4.5906e+03	2.4e+00	6.212137e+02	7.9e+00
4.5942e+03	2.4e+00	5.069520e+02	1.1e+01
4.5978e+03	2.4e+00	4.333978e+02	7.2e+00
4.6014e+03	2.4e+00	5.284555e+02	1.9e+01
4.6050e+03	2.4e+00	7.351156e+02	1.0e+01
4.6086e+03	2.4e+00	7.145620e+02	8.2e+00
4.6122e+03	2.4e+00	5.566582e+02	7.3e+00
4.6158e+03	2.4e+00	3.856410e+02	6.5e+00
4.6194e+03	2.4e+00	3.108616e+02	6.8e+00
4.6230e+03	2.4e+00	2.837134e+02	4.2e+00
4.6266e+03	2.4e+00	2.976315e+02	1.1e+01
4.6302e+03	2.4e+00	3.136786e+02	1.2e+01
4.6338e+03	2.4e+00	2.973527e+02	1.2e+01
4.6374e+03	2.4e+00	2.887664e+02	5.8e+00
4.6410e+03	2.4e+00	2.862022e+02	8.8e+00
4.6446e+03	2.4e+00	2.971182e+02	8.4e+00
4.6482e+03	2.4e+00	3.325810e+02	3.5e+00
4.6518e+03	2.4e+00	5.134658e+02	1.1e+01
4.6554e+03	2.4e+00	6.330957e+02	1.5e+01
4.6590e+03	2.4e+00	6.096384e+02	1.1e+01
4.6626e+03	2.4e+00	4.359412e+02	7.8e+00
4.6662e+03	2.4e+00	3.163921e+02	8.8e+00
4.6698e+03	2.4e+00	3.109485e+02	7.5e+00
4.6734e+03	2.4e+00	3.333760e+02	1.1e+01
4.6770e+03	2.4e+00	3.610381e+02	1.4e+01
4.6806e+03	2.4e+00	3.356087e+02	1.7e+01
4.6842e+03	2.4e+00	3.148830e+02	1.9e+01
4.6878e+03	2.4e+00	3.033669e+02	1.8e+01
4.6914e+03	2.4e+00	3.001250e+02	6.7e+00
4.6950e+03	2.4e+00	2.988413e+02	1.1e+01
4.6986e+03	2.4e+00	3.261345e+02	1.5e+01
4.7022e+03	2.4e+00	3.080446e+02	8.8e+00
4.7057e+03	2.4e+00	3.142324e+02	9.2e+00
4.7093e+03	2.4e+00	3.269879e+02	1.0e+01
4.7129e+03	2.4e+00	3.225518e+02	1.8e+01
4.7165e+03	2.4e+00	3.216101e+02	1.6e+01
4.7201e+03	2.4e+00	3.586139e+02	1.9e+01
4.7237e+03	2.4e+00	4.412391e+02	2.9e+01
4.7273e+03	2.4e+00	4.957172e+02	1.6e+01
4.7309e+03	2.4e+00	4.748043e+02	1.1e+01
4.7345e+03	2.4e+00	4.028777e+02	1.2e+01
4.7381e+03	2.4e+00	3.492161e+02	9.4e+00
4.7416e+03	2.4e+00	3.082134e+02	5.8e+00
4.7452e+03	2.4e+00	2.508838e+02	6.2e+00
4.7488e+03	2.4e+00	2.511999e+02	9.5e+00
4.7524e+03	2.4e+00	2.567038e+02	1.1e+01
4.7560e+03	2.4e+00	3.001671e+02	1.1e+01
4.7596e+03	2.4e+00	4.775521e+02	9.3e+00
4.7632e+03	2.4e+00	6.689119e+02	5.2e+00
4.7667e+03	2.4e+00	7.013048e+02	1.2e+01
4.7703e+03	2.4e+00	5.144567e+02	8.1e+00
4.7739e+03	2.4e+00	2.851523e+02	7.7e+00
4.7775e+03	2.4e+00	2.231952e+02	6.3e+00
4.7811e+03	2.4e+00	1.953259e+02	1.1e+01
4.7847e+03	2.4e+00	2.359714e+02	5.5e+00
4.7882e+03	2.4e+00	2.679760e+02	5.2e+00
4.7918e+03	2.4e+00	2.647952e+02	1.2e+01
4.7954e+03	2.4e+00	2.676883e+02	8.7e+00
4.7990e+03	2.4e+00	3.056250e+02	5.2e+00
4.8026e+03	2.4e+00	4.288115e+02	9.4e+00
4.8062e+03	2.4e+00	5.229864e+02	1.6e+01
4.8097e+03	2.4e+00	5.182272e+02	1.5e+01
4.8133e+03	2.4e+00	4.740737e+02	1.2e+01
4.8169e+03	2.4e+00	4.491174e+02	1.7e+01
4.8205e+03	2.4e+00	5.221312e+02	1.1e+01
4.8240e+03	2.4e+00	6.064749e+02	1.8e+01
4.8276e+03	2.4e+00	6.877106e+02	1.4e+01
4.8312e+03	2.4e+00	6.973553e+02	1.8e+01
4.8348e+03	2.4e+00	6.124723e+02	9.6e+00
4.8384e+03	2.4e+00	4.425581e+02	1.3e+01
4.8419e+03	2.4e+00	3.072812e+02	9.0e+00
4.8455e+03	2.4e+00	2.688308e+02	1.0e+01
4.8491e+03	2.4e+00	2.774334e+02	7.0e+00
4.8527e+03	2.4e+00	2.985586e+02	1.1e+01
4.8562e+03	2.4e+00	3.719972e+02	1.1e+01
4.8598e+03	2.4e+00	5.701723e+02	1.0e+01
4.8634e+03	2.4e+00	6.329042e+02	1.2e+01
4.8669e+03	2.4e+00	5.407544e+02	1.7e+01
4.8705e+03	2.4e+00	3.515651e+02	1.7e+01
4.8741e+03	2.4e+00	3.245371e+02	1.2e+01
4.8777e+03	2.4e+00	4.551721e+02	9.5e+00
4.8812e+03	2.4e+00	5.275492e+02	9.5e+00
4.8848e+03	2.4e+00	4.830971e+02	1.3e+01
4.8884e+03	2.4e+00	3.477962e+02	1.6e+01
4.8919e+03	2.4e+00	3.071782e+02	6.2e+00
4.8955e+03	2.4e+00	2.861749e+02	1.1e+01
4.8991e+03	2.4e+00	2.333311e+02	5.8e+00
4.9026e+03	2.4e+00	2.341292e+02	2.5e+00
4.9062e+03	2.4e+00	2.392324e+02	6.8e+00
4.9098e+03	2.4e+00	2.459322e+02	5.8e+00
4.9133e+03	2.4e+00	2.271901e+02	4.8e+00
4.9169e+03	2.4e+00	2.032107e+02	3.6e+00
4.9205e+03	2.4e+00	2.254682e+02	6.6e+00
4.9240e+03	2.4e+00	2.356127e+02	8.9e+00
4.9276e+03	2.4e+00	2.254165e+02	3.5e+00
4.9312e+03	2.4e+00	2.027240e+02	9.1e+00
4.9347e+03	2.4e+00	1.884149e+02	9.2e+00
4.9383e+03	2.4e+00	1.744071e+02	8.5e+00
4.9419e+03	2.4e+00	1.757054e+02	5.5e+00
4.9454e+03	2.4e+00	1.718297e+02	4.7e+00
4.9490e+03	2.4e+00	1.852598e+02	7.2e+00
4.9525e+03	2.4e+00	1.725101e+02	4.6e+00
4.9561e+03	2.4e+00	1.992593e+02	5.0e+00
4.9597e+03	2.4e+00	2.194971e+02	4.7e+00
4.9632e+03	2.4e+00	2.717240e+02	8.4e+00
4.9668e+03	2.4e+00	2.778272e+02	4.4e+00
4.9703e+03	2.4e+00	2.425056e+02	6.0e+00
4.9739e+03	2.4e+00	2.138532e+02	7.0e+00
4.9775e+03	2.4e+00	1.873430e+02	7.7e+00
4.9810e+03	2.4e+00	1.823516e+02	8.3e+00
4.9846e+03	2.4e+00	1.750165e+02	7.6e+00
4.9881e+03	2.4e+00	1.682537e+02	4.6e+00
4.9917e+03	2.4e+00	1.757819e+02	3.0e+00
4.9953e+03	2.4e+00	1.743256e+02	3.8e+00
4.9988e+03	2.4e+00	1.859706e+02	8.7e+00
5.0024e+03	2.4e+00	1.893449e+02	8.5e+00
5.0059e+03	2.4e+00	1.931634e+02	4.8e+00
5.0095e+03	2.4e+00	1.936866e+02	5.3e+00
5.0130e+03	2.4e+00	2.190158e+02	6.4e+00
5.0166e+03	2.4e+00	2.655791e+02	1.0e+01
5.0201e+03	2.4e+00	2.657694e+02	8.4e+00
5.0237e+03	2.4e+00	2.126304e+02	3.8e+00
5.0272e+03	2.4e+00	1.466445e+02	4.9e+00
5.0308e+03	2.4e+00	1.552544e+02	3.4e+00
5.0343e+03	2.4e+00	1.589868e+02	9.4e+00
5.0379e+03	2.4e+00	1.672712e+02	7.9e+00
5.0414e+03	2.4e+00	1.732774e+02	1.2e+01
5.0450e+03	2.4e+00	1.790097e+02	8.3e+00
5.0485e+03	2.4e+00	1.881770e+02	9.8e+00
5.0521e+03	2.4e+00	2.017755e+02	8.6e+00
5.0556e+03	2.4e+00	2.056129e+02	7.5e+00
5.0592e+03	2.4e+00	2.271468e+02	5.0e+00
5.0627e+03	2.4e+00	2.157228e+02	9.6e+00
5.0663e+03	2.4e+00	1.958490e+02	9.6e+00
5.0698e+03	2.4e+00	1.910003e+02	1.2e+01
5.0734e+03	2.4e+00	1.890689e+02	7.0e+00
5.0769e+03	2.4e+00	1.991816e+02	4.2e+00
5.0805e+03	2.4e+00	1.946702e+02	6.0e+00
5.0840e+03	2.4e+00	1.880934e+02	3.8e+00
5.0876e+03	2.4e+00	1.820188e+02	7.9e+00
5.0911e+03	2.4e+00	1.773982e+02	6.0e+00
5.0947e+03	2.4e+00	1.618134e+02	6.9e+00
5.0982e+03	2.4e+00	1.518414e+02	5.5e+00
5.1017e+03	2.4e+00	1.376586e+02	3.0e+00
5.1053e+03	2.4e+00	1.194300e+02	2.2e+00
5.1088e+03	2.4e+00	1.198316e+02	3.7e+00
5.1124e+03	2.4e+00	1.435705e+02	5.4e+00
5.1159e+03	2.4e+00	1.436432e+02	3.3e+00
5.1195e+03	2.4e+00	1.485973e+02	3.5e+00
5.1230e+03	2.4e+00	1.626071e+02	5.9e+00
5.1265e+03	2.4e+00	1.644378e+02	5.8e+00
5.1301e+03	2.4e+00	1.640868e+02	5.3e+00
5.1336e+03	2.4e+00	1.722363e+02	8.1e+00
5.1372e+03	2.4e+00	1.666746e+02	4.9e+00
5.1407e+03	2.4e+00	1.883045e+02	6.7e+00
5.1442e+03	2.4e+00	2.209676e+02	3.7e+00
5.1478e+03	2.4e+00	2.221302e+02	8.5e+00
5.1513e+03	2.4e+00	2.271520e+02	6.5e+00
5.1548e+03	2.4e+00	2.214061e+02	6.5e+00
5.1584e+03	2.4e+00	2.160418e+02	3.7e+00
5.1619e+03	2.4e+00	2.366292e+02	5.5e+00
5.1654e+03	2.4e+00	2.518502e+02	5.7e+00
5.1690e+03	2.4e+00	2.537479e+02	1.1e+01
5.1725e+03	2.4e+00	2.406462e+02	7.3e+00
5.1761e+03	2.4e+00	2.526161e+02	6.4e+00
5.1796e+03	2.4e+00	2.724253e+02	5.5e+00
5.1831e+03	2.4e+00	3.179299e+02	1.2e+01
5.1867e+03	2.4e+00	4.012211e+02	9.5e+00
5.1902e+03	2.4e+00	4.582010e+02	6.5e+00
5.1937e+03	2.4e+00	4.756026e+02	1.0e+01
5.1972e+03	2.4e+00	4.460003e+02	9.9e+00
5.2008e+03	2.4e+00	3.424989e+02	6.8e+00
5.2043e+03	2.4e+00	2.273420e+02	4.5e+00
5.2078e+03	2.4e+00	1.328881e+02	6.3e+00
5.2114e+03	2.4e+00	1.125951e+02	4.7e+00
5.2149e+03	2.4e+00	1.226213e+02	9.0e+00
5.2184e+03	2.4e+00	1.331165e+02	5.3e+00
5.2220e+03	2.4e+00	1.374803e+02	3.8e+00
5.2255e+03	2.4e+00	1.330082e+02	4.2e+00
5.2290e+03	2.4e+00	1.226366e+02	4.4e+00
5.2325e+03	2.4e+00	1.030917e+02	5.3e+00
5.2361e+03	2.4e+00	1.059082e+02	4.3e+00
5.2396e+03	2.4e+00	1.149406e+02	5.0e+00
5.2431e+03	2.4e+00	1.142088e+02	3.1e+00
5.2466e+03	2.4e+00	1.234741e+02	2.3e+00
5.2502e+03	2.4e+00	1.269639e+02	5.5e+00
5.2537e+03	2.4e+00	1.351580e+02	5.8e+00
5.2572e+03	2.4e+00	1.506048e+02	4.4e+00
5.2607e+03	2.4e+00	1.457296e+02	2.7e+00
5.2643e+03	2.4e+00	1.307235e+02	5.2e+00
5.2678e+03	2.4e+00	1.225040e+02	5.3e+00
5.2713e+03	2.4e+00	1.230867e+02	4.4e+00
5.2748e+03	2.4e+00	1.085071e+02	3.4e+00
5.2783e+03	2.4e+00	1.062869e+02	3.8e+00
5.2819e+03	2.4e+00	9.873122e+01	3.7e+00
5.2854e+03	2.4e+00	9.998945e+01	6.6e+00
5.2889e+03	2.4e+00	9.831257e+01	2.9e+00
5.2924e+03	2.4e+00	1.001491e+02	3.0e+00
5.2959e+03	2.4e+00	1.055323e+02	4.6e+00
5.2995e+03	2.4e+00	1.018192e+02	4.3e+00
5.3030e+03	2.4e+00	1.017220e+02	3.6e+00
5.3065e+03	2.4e+00	1.109319e+02	3.4e+00
5.3100e+03	2.4e+00	1.017036e+02	3.9e+00
5.3135e+03	2.4e+00	9.611328e+01	5.4e+00
5.3171e+03	2.4e+00	1.096051e+02	4.2e+00
5.3206e+03	2.4e+00	1.041669e+02	6.3e+00
5.3241e+03	2.4e+00	1.049554e+02	4.3e+00
5.3276e+03	2.4e+00	1.094623e+02	2.9e+00
5.3311e+03	2.4e+00	1.236364e+02	2.5e+00
5.3346e+03	2.4e+00	1.255851e+02	4.2e+00
5.3381e+03	2.4e+00	1.270103e+02	7.1e+00
5.3417e+03	2.4e+00	1.248440e+02	5.8e+00
5.3452e+03	2.4e+00	1.258123e+02	3.6e+00
5.3487e+03	2.4e+00	1.178688e+02	7.1e+00
5.3522e+03	2.4e+00	1.124507e+02	6.1e+00
5.3557e+03	2.4e+00	1.100895e+02	5.0e+00
5.3592e+03	2.4e+00	1.069868e+02	4.8e+00
5.3627e+03	2.4e+00	9.786686e+01	5.0e+00
5.3662e+03	2.4e+00	9.195629e+01	3.4e+00
5.3697e+03	2.4e+00	9.008795e+01	4.4e+00
5.3733e+03	2.4e+00	9.478480e+01	4.1e+00
5.3768e+03	2.4e+00	9.057840e+01	2.7e+00
5.3803e+03	2.4e+00	8.848226e+01	6.2e+00
5.3838e+03	2.4e+00	7.873626e+01	4.3e+00
5.3873e+03	2.4e+00	8.106121e+01	4.5e+00
5.3908e+03	2.4e+00	8.595304e+01	5.3e+00
5.3943e+03	2.4e+00	9.262980e+01	3.8e+00
5.3978e+03	2.4e+00	1.131732e+02	7.3e+00
5.4013e+03	2.4e+00	1.442126e+02	4.9e+00
5.4048e+03	2.4e+00	1.527238e+02	5.0e+00
5.4083e+03	2.4e+00	1.197075e+02	4.6e+00
5.4118e+03	2.4e+00	9.105259e+01	5.8e+00
5.4153e+03	2.4e+00	7.975991e+01	6.1e+00
5.4188e+03	2.4e+00	8.767549e+01	3.2e+00
5.4223e+03	2.4e+00	8.867001e+01	2.6e+00
5.4258e+03	2.4e+00	9.063563e+01	3.0e+00
5.4293e+03	2.4e+00	9.027264e+01	6.0e+00
5.4328e+03	2.4e+00	8.790502e+01	2.9e+00
5.4363e+03	2.4e+00	8.508873e+01	2.6e+00
5.4398e+03	2.4e+00	8.404536e+01	1.7e+00
5.4433e+03	2.4e+00	8.708373e+01	2.3e+00
5.4468e+03	2.4e+00	8.530023e+01	2.5e+00
5.4503e+03	2.4e+00	9.287115e+01	2.9e+00
5.4538e+03	2.4e+00	9.708111e+01	4.2e+00
5.4573e+03	2.4e+00	9.154114e+01	3.5e+00
5.4608e+03	2.4e+00	7.911299e+01	2.4e+00
5.4643e+03	2.4e+00	7.905372e+01	3.0e+00
5.4678e+03	2.4e+00	7.599236e+01	3.8e+00
5.4713e+03	2.4e+00	8.096437e+01	3.7e+00
5.4748e+03	2.4e+00	7.237237e+01	3.3e+00
5.4783e+03	2.4e+00	6.774172e+01	3.1e+00
5.4818e+03	2.4e+00	6.869677e+01	1.7e+00
5.4853e+03	2.4e+00	6.916068e+01	2.3e+00
5.4888e+03	2.4e+00	6.877049e+01	4.6e+00
5.4923e+03	2.4e+00	8.652240e+01	5.8e+00
5.4958e+03	2.4e+00	1.173056e+02	2.7e+00
5.4993e+03	2.4e+00	1.219848e+02	5.9e+00
5.5028e+03	2.4e+00	1.056675e+02	4.7e+00
5.5063e+03	2.4e+00	8.386679e+01	5.3e+00
5.5098e+03	2.4e+00	7.252543e+01	5.4e+00
5.5133e+03	2.4e+00	7.119149e+01	3.9e+00
5.5168e+03	2.4e+00	5.923980e+01	3.0e+00
5.5202e+03	2.4e+00	6.449274e+01	3.8e+00
5.5237e+03	2.4e+00	7.048329e+01	3.4e+00
5.5272e+03	2.4e+00	6.742422e+01	4.9e+00
5.5307e+03	2.4e+00	7.847594e+01	4.0e+00
5.5342e+03	2.4e+00	7.785339e+01	2.5e+00
5.5377e+03	2.4e+00	8.159655e+01	2.7e+00
5.5412e+03	2.4e+00	7.196108e+01	4.4e+00
5.5447e+03	2.4e+00	7.511099e+01	2.0e+00
5.5482e+03	2.4e+00	7.812494e+01	5.0e+00
5.5516e+03	2.4e+00	9.943483e+01	7.1e+00
5.5551e+03	2.4e+00	1.165894e+02	3.0e+00
5.5586e+03	2.4e+00	1.290693e+02	3.6e+00
5.5621e+03	2.4e+00	1.466043e+02	4.8e+00
5.5656e+03	2.4e+00	1.478607e+02	2.5e+00
5.5691e+03	2.4e+00	1.259601e+02	2.2e+00
5.5726e+03	2.4e+00	1.247326e+02	3.4e+00
5.5760e+03	2.4e+00	1.277907e+02	3.4e+00
5.5795e+03	2.4e+00	1.257633e+02	1.5e+00
5.5830e+03	2.4e+00	1.228420e+02	4.1e+00
5.5865e+03	2.4e+00	1.318863e+02	3.9e+00
5.5900e+03	2.4e+00	1.359367e+02	5.1e+00
5.5935e+03	2.4e+00	1.460468e+02	3.1e+00
5.5969e+03	2.4e+00	1.673715e+02	3.8e+00
5.6004e+03	2.4e+00	1.973700e+02	5.8e+00
5.6039e+03	2.4e+00	2.389601e+02	4.1e+00
5.6074e+03	2.4e+00	2.575094e+02	6.1e+00
5.6109e+03	2.4e+00	2.207748e+02	4.8e+00
5.6143e+03	2.4e+00	1.553171e+02	3.9e+00
5.6178e+03	2.4e+00	1.025848e+02	4.6e+00
5.6213e+03	2.4e+00	7.669073e+01	3.5e+00
5.6248e+03	2.4e+00	7.295400e+01	1.6e+00
5.6282e+03	2.4e+00	7.158976e+01	3.4e+00
5.6317e+03	2.4e+00	6.716239e+01	3.1e+00
5.6352e+03	2.4e+00	6.970841e+01	2.2e+00
5.6387e+03	2.4e+00	8.319559e+01	4.0e+00
5.6421e+03	2.4e+00	8.358988e+01	4.9e+00
5.6456e+03	2.4e+00	9.003510e+01	3.8e+00
5.6491e+03	2.4e+00	1.051570e+02	3.3e+00
5.6526e+03	2.4e+00	1.121080e+02	5.3e+00
5.6560e+03	2.4e+00	1.102996e+02	4.9e+00
5.6595e+03	2.4e+00	1.018583e+02	4.1e+00
5.6630e+03	2.4e+00	1.026754e+02	5.3e+00
5.6665e+03	2.4e+00	1.049057e+02	3.7e+00
5.6699e+03	2.4e+00	1.065674e+02	4.5e+00
5.6734e+03	2.4e+00	1.094459e+02	4.4e+00
5.6769e+03	2.4e+00	1.136067e+02	6.2e+00
5.6803e+03	2.4e+00	1.215593e+02	8.0e+00
5.6838e+03	2.4e+00	1.219844e+02	9.7e+00
5.6873e+03	2.4e+00	1.296387e+02	4.2e+00
5.6908e+03	2.4e+00	1.280881e+02	3.8e+00
5.6942e+03	2.4e+00	1.135551e+02	5.2e+00
5.6977e+03	2.4e+00	1.125660e+02	2.8e+00
5.7012e+03	2.4e+00	1.040543e+02	3.2e+00
5.7046e+03	2.4e+00	9.281970e+01	2.1e+00
5.7081e+03	2.4e+00	8.788073e+01	2.3e+00
5.7116e+03	2.4e+00	7.560169e+01	3.8e+00
5.7150e+03	2.4e+00	7.284387e+01	3.1e+00
5.7185e+03	2.4e+00	7.633519e+01	5.7e-01
5.7220e+03	2.4e+00	7.553188e+01	2.8e+00
5.7254e+03	2.4e+00	7.359019e+01	3.2e+00
5.7289e+03	2.4e+00	7.054308e+01	2.4e+00
5.7324e+03	2.4e+00	7.688480e+01	5.0e+00
5.7358e+03	2.4e+00	7.486317e+01	2.1e+00
5.7393e+03	2.4e+00	7.842680e+01	1.8e+00
5.7427e+03	2.4e+00	8.405758e+01	2.7e+00
5.7462e+03	2.4e+00	8.757650e+01	2.9e+00
5.7497e+03	2.4e+00	8.214079e+01	3.4e+00
5.7531e+03	2.4e+00	7.275077e+01	3.2e+00
5.7566e+03	2.4e+00	7.757692e+01	2.1e+00
5.7600e+03	2.4e+00	8.929422e+01	1.8e+00
5.7635e+03	2.4e+00	1.098670e+02	2.0e+00
5.7670e+03	2.4e+00	1.218154e+02	1.6e+00
5.7704e+03	2.4e+00	1.074884e+02	2.9e+00
5.7739e+03	2.4e+00	8.351995e+01	1.0e+00
5.7773e+03	2.4e+00	6.824999e+01	1.8e+00
5.7808e+03	2.4e+00	6.534509e+01	2.8e+00
5.7843e+03	2.4e+00	5.977487e+01	2.2e+00
5.7877e+03	2.4e+00	5.700386e+01	2.1e+00
5.7912e+03	2.4e+00	5.856036e+01	1.1e+00
5.7946e+03	2.4e+00	6.649067e+01	2.4e+00
5.7981e+03	2.4e+00	7.115394e+01	2.5e+00
5.8015e+03	2.4e+00	7.187120e+01	2.0e+00
5.8050e+03	2.4e+00	8.729423e+01	4.4e+00
5.8084e+03	2.4e+00	8.684058e+01	3.8e+00
5.8119e+03	2.4e+00	7.886701e+01	4.1e+00
5.8154e+03	2.4e+00	8.500904e+01	2.0e+00
5.8188e+03	2.4e+00	8.844000e+01	2.2e+00
5.8223e+03	2.4e+00	8.786492e+01	4.6e+00
5.8257e+03	2.4e+00	7.991036e+01	2.5e+00
5.8292e+03	2.4e+00	6.930971e+01	2.5e+00
5.8326e+03	2.4e+00	7.115051e+01	2.5e+00
5.8361e+03	2.4e+00	8.997855e+01	4.3e+00
5.8395e+03	2.4e+00	1.540062e+02	5.4e+00
5.8430e+03	2.4e+00	3.398142e+02	6.0e+00
5.8464e+03	2.4e+00	8.935504e+02	8.4e+00
5.8499e+03	2.4e+00	2.648282e+03	2.7e+01
5.8533e+03	2.4e+00	3.527512e+03	2.3e+01
5.8568e+03	2.4e+00	3.112315e+03	1.5e+01
5.8602e+03	2.4e+00	1.542336e+03	1.7e+01
5.8637e+03	2.4e+00	3.764254e+02	9.0e+00
5.8671e+03	2.4e+00	1.149590e+02	4.2e+00
5.8705e+03	2.4e+00	1.257529e+02	4.8e+00
5.8740e+03	2.4e+00	1.700114e+02	3.7e+00
5.8774e+03	2.4e+00	2.334760e+02	5.5e+00
5.8809e+03	2.4e+00	2.889080e+02	2.3e+00
5.8843e+03	2.4e+00	2.646147e+02	3.8e+00
5.8878e+03	2.4e+00	2.087009e+02	3.5e+00
5.8912e+03	2.4e+00	1.309005e+02	5.4e+00
5.8947e+03	2.4e+00	9.020221e+01	3.6e+00
5.8981e+03	2.4e+00	7.610479e+01	2.5e+00
5.9015e+03	2.4e+00	8.599092e+01	2.1e+00
5.9050e+03	2.4e+00	8.793275e+01	1.5e+00
5.9084e+03	2.4e+00	1.093146e+02	2.3e+00
5.9119e+03	2.4e+00	1.255517e+02	1.6e+00
5.9153e+03	2.4e+00	1.123817e+02	2.1e+00
5.9188e+03	2.4e+00	9.487590e+01	4.0e+00
5.9222e+03	2.4e+00	7.341233e+01	2.4e+00
5.9256e+03	2.4e+00	8.169478e+01	4.1e+00
5.9291e+03	2.4e+00	8.270376e+01	2.0e+00
5.9325e+03	2.4e+00	8.897789e+01	2.5e+00
5.9359e+03	2.4e+00	1.000165e+02	3.3e+00
5.9394e+03	2.4e+00	1.489879e+02	5.5e+00
5.9428e+03	2.4e+00	2.657450e+02	5.2e+00
5.9463e+03	2.4e+00	3.032852e+02	4.9e+00
5.9497e+03	2.4e+00	2.480355e+02	3.1e+00
5.9531e+03	2.4e+00	1.204925e+02	3.5e+00
5.9566e+03	2.4e+00	6.648007e+01	3.8e+00
5.9600e+03	2.4e+00	5.644544e+01	4.9e+00
5.9634e+03	2.4e+00	6.218092e+01	2.7e+00
5.9669e+03	2.4e+00	7.036227e+01	3.4e+00
5.9703e+03	2.4e+00	9.091037e+01	3.8e+00
5.9737e+03	2.4e+00	1.163714e+02	4.0e+00
5.9772e+03	2.4e+00	1.227077e+02	4.8e+00
5.9806e+03	2.4e+00	1.133398e+02	2.9e+00
5.9840e+03	2.4e+00	9.426258e+01	4.2e+00
5.9875e+03	2.4e+00	7.941136e+01	3.0e+00
5.9909e+03	2.4e+00	7.767306e+01	4.6e+00
5.9943e+03	2.4e+00	7.991313e+01	2.7e+00
5.9978e+03	2.4e+00	7.747314e+01	5.0e+00
6.0012e+03	2.4e+00	8.476193e+01	6.5e+00
6.0046e+03	2.4e+00	8.351990e+01	2.2e+00
6.0080e+03	2.4e+00	8.069599e+01	3.0e+00
6.0115e+03	2.4e+00	7.857939e+01	4.1e+00
6.0149e+03	2.4e+00	8.557014e+01	4.1e+00
6.0183e+03	2.4e+00	9.003867e+01	3.1e+00
6.0218e+03	2.4e+00	1.168528e+02	2.1e+00
6.0252e+03	2.4e+00	1.504174e+02	5.8e+00
6.0286e+03	2.4e+00	2.360577e+02	3.6e+00
6.0320e+03	2.4e+00	2.689785e+02	4.7e+00
6.0355e+03	2.4e+00	2.457434e+02	4.6e+00
6.0389e+03	2.4e+00	1.847640e+02	3.4e+00
6.0423e+03	2.4e+00	1.482654e+02	3.8e+00
6.0457e+03	2.4e+00	1.423268e+02	4.1e+00
6.0491e+03	2.4e+00	1.247882e+02	5.1e+00
6.0526e+03	2.4e+00	1.103300e+02	1.2e+00
6.0560e+03	2.4e+00	1.196642e+02	3.2e+00
6.0594e+03	2.4e+00	1.173528e+02	3.8e+00
6.0628e+03	2.4e+00	1.153604e+02	3.5e+00
6.0663e+03	2.4e+00	1.393058e+02	1.7e+00
6.0697e+03	2.4e+00	2.446346e+02	5.9e+00
6.0731e+03	2.4e+00	3.225132e+02	5.3e+00
6.0765e+03	2.4e+00	3.214620e+02	7.7e+00
6.0799e+03	2.4e+00	2.277054e+02	4.2e+00
6.0834e+03	2.4e+00	1.265856e+02	2.7e+00
6.0868e+03	2.4e+00	1.127984e+02	2.1e+00
6.0902e+03	2.4e+00	2.182209e+02	3.4e+00
6.0936e+03	2.4e+00	3.834286e+02	4.2e+00
6.0970e+03	2.4e+00	4.182645e+02	5.6e+00
6.1004e+03	2.4e+00	3.557404e+02	3.0e+00
6.1039e+03	2.4e+00	1.799836e+02	3.7e+00
6.1073e+03	2.4e+00	8.658912e+01	4.6e+00
6.1107e+03	2.4e+00	8.351788e+01	2.0e+00
6.1141e+03	2.4e+00	7.478317e+01	2.2e+00
6.1175e+03	2.4e+00	7.209913e+01	2.0e+00
6.1209e+03	2.4e+00	6.491450e+01	2.4e+00
6.1244e+03	2.4e+00	6.265188e+01	1.8e+00
6.1278e+03	2.4e+00	7.800447e+01	3.7e+00
6.1312e+03	2.4e+00	9.730042e+01	3.9e+00
6.1346e+03	2.4e+00	1.381997e+02	3.6e+00
6.1380e+03	2.4e+00	3.482746e+02	5.9e+00
6.1414e+03	2.4e+00	5.095850e+02	6.2e+00
6.1448e+03	2.4e+00	5.004336e+02	8.2e+00
6.1482e+03	2.4e+00	3.473998e+02	9.2e+00
6.1516e+03	2.4e+00	1.534958e+02	4.8e+00
6.1551e+03	2.4e+00	9.318521e+01	4.0e+00
6.1585e+03	2.4e+00	1.596138e+02	4.3e+00
6.1619e+03	2.4e+00	2.151418e+02	6.9e+00
6.1653e+03	2.4e+00	2.165081e+02	4.1e+00
6.1687e+03	2.4e+00	1.811657e+02	3.8e+00
6.1721e+03	2.4e+00	1.179811e+02	4.4e+00
6.1755e+03	2.4e+00	8.135063e+01	4.7e+00
6.1789e+03	2.4e+00	6.281039e+01	2.7e+00
6.1823e+03	2.4e+00	5.091930e+01	2.4e+00
6.1857e+03	2.4e+00	4.827991e+01	3.2e+00
6.1891e+03	2.4e+00	3.886331e+01	2.8e+00
6.1925e+03	2.4e+00	3.760379e+01	3.0e+00
6.1959e+03	2.4e+00	3.756116e+01	3.4e+00
6.1993e+03	2.4e+00	4.497801e+01	2.5e+00
6.2027e+03	2.4e+00	4.853526e+01	3.2e+00
6.2061e+03	2.4e+00	5.268362e+01	2.3e+00
6.2096e+03	2.4e+00	7.012706e+01	4.0e+00
6.2130e+03	2.4e+00	1.047735e+02	5.1e+00
6.2164e+03	2.4e+00	1.223725e+02	2.3e+00
6.2198e+03	2.4e+00	1.070692e+02	1.9e+00
6.2232e+03	2.4e+00	7.086421e+01	2.3e+00
6.2266e+03	2.4e+00	4.592777e+01	2.4e+00
6.2300e+03	2.4e+00	3.920951e+01	3.8e+00
6.2334e+03	2.4e+00	3.877852e+01	3.1e+00
6.2368e+03	2.4e+00	3.946315e+01	1.9e+00
6.2402e+03	2.4e+00	4.008357e+01	2.6e+00
6.2436e+03	2.4e+00	4.103249e+01	1.7e+00
6.2470e+03	2.4e+00	4.949570e+01	2.2e+00
6.2503e+03	2.4e+00	5.001731e+01	1.4e+00
6.2537e+03	2.4e+00	6.068945e+01	2.4e+00
6.2571e+03	2.4e+00	9.106543e+01	3.4e+00
6.2605e+03	2.4e+00	1.969205e+02	2.3e+00
6.2639e+03	2.4e+00	3.134306e+02	3.1e+00
6.2673e+03	2.4e+00	3.110528e+02	5.5e+00
6.2707e+03	2.4e+00	2.288576e+02	5.0e+00
6.2741e+03	2.4e+00	1.007336e+02	3.1e+00
6.2775e+03	2.4e+00	4.610995e+01	3.0e+00
6.2809e+03	2.4e+00	4.563507e+01	2.8e+00
6.2843e+03	2.4e+00	4.487115e+01	3.0e+00
6.2877e+03	2.4e+00	4.620052e+01	2.6e+00
6.2911e+03	2.4e+00	4.975417e+01	3.1e+00
6.2945e+03	2.4e+00	6.654709e+01	3.1e+00
6.2979e+03	2.4e+00	8.721692e+01	2.8e+00
6.3013e+03	2.4e+00	1.041782e+02	3.9e+00
6.3046e+03	2.4e+00	1.093713e+02	6.6e+00
6.3080e+03	2.4e+00	9.335332e+01	4.3e+00
6.3114e+03	2.4e+00	6.931523e+01	3.6e+00
6.3148e+03	2.4e+00	5.222489e+01	1.8e+00
6.3182e+03	2.4e+00	4.862889e+01	4.5e+00
6.3216e+03	2.4e+00	5.605209e+01	4.1e+00
6.3250e+03	2.4e+00	7.393535e+01	4.7e+00
6.3284e+03	2.4e+00	1.441520e+02	5.4e+00
6.3318e+03	2.4e+00	2.000241e+02	5.3e+00
6.3351e+03	2.4e+00	1.938753e+02	5.8e+00
6.3385e+03	2.4e+00	1.450946e+02	4.2e+00
6.3419e+03	2.4e+00	6.713451e+01	1.1e+00
6.3453e+03	2.4e+00	3.796495e+01	2.2e+00
6.3487e+03	2.4e+00	3.548270e+01	1.9e+00
6.3521e+03	2.4e+00	3.674279e+01	1.8e+00
6.3554e+03	2.4e+00	3.937978e+01	2.0e+00
6.3588e+03	2.4e+00	3.959199e+01	2.7e+00
6.3622e+03	2.4e+00	4.348964e+01	1.4e+00
6.3656e+03	2.4e+00	4.455513e+01	3.6e+00
6.3690e+03	2.4e+00	5.395247e+01	3.2e+00
6.3724e+03	2.4e+00	7.296368e+01	3.8e+00
6.3757e+03	2.4e+00	1.563559e+02	3.4e+00
6.3791e+03	2.4e+00	2.949372e+02	1.7e+00
6.3825e+03	2.4e+00	3.404370e+02	4.2e+00
6.3859e+03	2.4e+00	2.975775e+02	3.1e+00
6.3893e+03	2.4e+00	1.907487e+02	4.8e+00
6.3926e+03	2.4e+00	1.796380e+02	4.2e+00
6.3960e+03	2.4e+00	4.334643e+02	5.9e+00
6.3994e+03	2.4e+00	6.741910e+02	6.7e+00
6.4028e+03	2.4e+00	6.817623e+02	5.7e+00
6.4062e+03	2.4e+00	4.669727e+02	4.1e+00
6.4095e+03	2.4e+00	1.974807e+02	3.0e+00
6.4129e+03	2.4e+00	1.016451e+02	4.3e+00
6.4163e+03	2.4e+00	9.945578e+01	3.8e+00
6.4197e+03	2.4e+00	9.685645e+01	2.6e+00
6.4230e+03	2.4e+00	6.216559e+01	3.1e+00
6.4264e+03	2.4e+00	4.704039e+01	2.7e+00
6.4298e+03	2.4e+00	5.275356e+01	4.4e+00
6.4332e+03	2.4e+00	5.322791e+01	3.5e+00
6.4365e+03	2.4e+00	4.817145e+01	2.7e+00
6.4399e+03	2.4e+00	5.097639e+01	3.9e+00
6.4433e+03	2.4e+00	4.758027e+01	1.6e+00
6.4466e+03	2.4e+00	4.557409e+01	2.4e+00
6.4500e+03	2.4e+00	4.465676e+01	3.4e+00
6.4534e+03	2.4e+00	4.294526e+01	2.7e+00
6.4568e+03	2.4e+00	5.105981e+01	1.9e+00
6.4601e+03	2.4e+00	5.771237e+01	3.4e+00
6.4635e+03	2.4e+00	5.697900e+01	4.1e+00
6.4669e+03	2.4e+00	5.795092e+01	5.1e+00
6.4702e+03	2.4e+00	4.945884e+01	5.5e+00
6.4736e+03	2.4e+00	5.116696e+01	2.4e+00
6.4770e+03	2.4e+00	5.445826e+01	3.1e+00
6.4803e+03	2.4e+00	5.604122e+01	5.0e+00
6.4837e+03	2.4e+00	5.837600e+01	3.1e+00
6.4871e+03	2.4e+00	5.701174e+01	3.1e+00
6.4904e+03	2.4e+00	5.885603e+01	3.8e+00
6.4938e+03	2.4e+00	7.230423e+01	4.7e+00
6.4972e+03	2.4e+00	1.030116e+02	5.4e+00
6.5005e+03	2.4e+00	2.241170e+02	6.2e+00
6.5039e+03	2.4e+00	3.075419e+02	4.1e+00
6.5073e+03	2.4e+00	2.966926e+02	3.5e+00
6.5106e+03	2.4e+00	2.020612e+02	6.2e+00
6.5140e+03	2.4e+00	9.012227e+01	2.3e+00
6.5173e+03	2.4e+00	5.663466e+01	2.8e+00
6.5207e+03	2.4e+00	6.320536e+01	2.4e+00
6.5241e+03	2.4e+00	7.081486e+01	4.3e+00
6.5274e+03	2.4e+00	1.139185e+02	2.2e+00
6.5308e+03	2.4e+00	1.470579e+02	3.6e+00
6.5342e+03	2.4e+00	1.477430e+02	3.4e+00
6.5375e+03	2.4e+00	1.052483e+02	2.9e+00
6.5409e+03	2.4e+00	6.738633e+01	3.5e+00
6.5442e+03	2.4e+00	6.694063e+01	2.5e+00
6.5476e+03	2.4e+00	1.108262e+02	2.3e+00
6.5509e+03	2.4e+00	1.781931e+02	3.5e+00
6.5543e+03	2.4e+00	3.809581e+02	4.5e+00
6.5577e+03	2.4e+00	7.335120e+02	4.3e+00
6.5610e+03	2.4e+00	9.024489e+02	6.0e+00
6.5644e+03	2.4e+00	8.154415e+02	5.5e+00
6.5677e+03	2.4e+00	4.391668e+02	7.2e+00
6.5711e+03	2.4e+00	1.333710e+02	3.9e+00
6.5744e+03	2.4e+00	5.584043e+01	1.4e+00
6.5778e+03	2.4e+00	5.162213e+01	2.6e+00
6.5812e+03	2.4e+00	5.898520e+01	3.5e+00
6.5845e+03	2.4e+00	7.211892e+01	2.9e+00
6.5879e+03	2.4e+00	9.195513e+01	6.2e+00
6.5912e+03	2.4e+00	1.589590e+02	5.2e+00
6.5946e+03	2.4e+00	2.469933e+02	7.0e+00
6.5979e+03	2.4e+00	2.692497e+02	5.0e+00
6.6013e+03	2.4e+00	2.302910e+02	4.8e+00
6.6046e+03	2.4e+00	1.337872e+02	3.5e+00
6.6080e+03	2.4e+00	7.338518e+01	4.9e+00
6.6113e+03	2.4e+00	6.047250e+01	3.5e+00
6.6147e+03	2.4e+00	6.228207e+01	3.1e+00
6.6180e+03	2.4e+00	5.272812e+01	2.8e+00
6.6214e+03	2.4e+00	4.390531e+01	3.3e+00
6.6247e+03	2.4e+00	4.568511e+01	2.3e+00
6.6281e+03	2.4e+00	4.551142e+01	4.1e+00
6.6314e+03	2.4e+00	4.803217e+01	3.4e+00
6.6348e+03	2.4e+00	5.032641e+01	2.4e+00
6.6381e+03	2.4e+00	4.965898e+01	2.1e+00
6.6415e+03	2.4e+00	5.410504e+01	1.9e+00
6.6448e+03	2.4e+00	4.839645e+01	2.8e+00
6.6481e+03	2.4e+00	4.283630e+01	3.3e+00
6.6515e+03	2.4e+00	4.414507e+01	3.9e+00
6.6548e+03	2.4e+00	4.537867e+01	3.3e+00
6.6582e+03	2.4e+00	5.185600e+01	2.3e+00
6.6615e+03	2.4e+00	7.695968e+01	1.8e+00
6.6649e+03	2.4e+00	3.420360e+02	1.8e+02
6.6682e+03	2.4e+00	3.706554e+02	1.3e+02
6.6715e+03	2.4e+00	4.699122e+02	5.6e+00
6.6749e+03	2.4e+00	6.596711e+02	7.6e+00
6.6782e+03	2.4e+00	6.513608e+02	1.1e+01
6.6816e+03	2.4e+00	4.161577e+02	3.1e+00
6.6849e+03	2.4e+00	1.440407e+02	3.3e+00
6.6883e+03	2.4e+00	4.713942e+01	1.6e+00
6.6916e+03	2.4e+00	4.253569e+01	1.1e+00
6.6949e+03	2.4e+00	3.950655e+01	1.7e+00
6.6983e+03	2.4e+00	4.459888e+01	4.6e+00
6.7016e+03	2.4e+00	5.300852e+01	3.2e+00
6.7049e+03	2.4e+00	6.509760e+01	1.9e+00
6.7083e+03	2.4e+00	1.087216e+02	2.8e+00
6.7116e+03	2.4e+00	2.045393e+02	5.1e+00
6.7150e+03	2.4e+00	2.410716e+02	3.8e+00
6.7183e+03	2.4e+00	2.061122e+02	3.7e+00
6.7216e+03	2.4e+00	1.170995e+02	2.6e+00
6.7250e+03	2.4e+00	5.475886e+01	2.7e+00
6.7283e+03	2.4e+00	4.168172e+01	2.3e+00
6.7316e+03	2.4e+00	3.836419e+01	1.8e+00
6.7350e+03	2.4e+00	4.167221e+01	3.0e+00
6.7383e+03	2.4e+00	4.575648e+01	3.8e+00
6.7416e+03	2.4e+00	6.297925e+01	2.5e+00
6.7450e+03	2.4e+00	1.058583e+02	3.7e+00
6.7483e+03	2.4e+00	1.682106e+02	4.5e+00
6.7516e+03	2.4e+00	1.769106e+02	3.6e+00
6.7550e+03	2.4e+00	1.587533e+02	5.5e+00
6.7583e+03	2.4e+00	9.692128e+01	5.5e+00
6.7616e+03	2.4e+00	5.064253e+01	5.0e+00
6.7650e+03	2.4e+00	4.889627e+01	4.1e+00
6.7683e+03	2.4e+00	5.082456e+01	3.7e+00
6.7716e+03	2.4e+00	4.052808e+01	3.8e+00
6.7749e+03	2.4e+00	3.417954e+01	3.7e+00
6.7783e+03	2.4e+00	3.557250e+01	2.2e+00
6.7816e+03	2.4e+00	2.823931e+01	3.8e+00
6.7849e+03	2.4e+00	2.549593e+01	5.6e+00
6.7883e+03	2.4e+00	3.785974e+01	4.0e+00
6.7916e+03	2.4e+00	4.304658e+01	3.5e+00
6.7949e+03	2.4e+00	3.640882e+01	4.0e+00
6.7982e+03	2.4e+00	3.371744e+01	6.5e+00
6.8016e+03	2.4e+00	4.175052e+01	3.5e+00
6.8049e+03	2.4e+00	4.165433e+01	4.0e+00
6.8082e+03	2.4e+00	3.198146e+01	2.5e+00
6.8115e+03	2.4e+00	3.280287e+01	2.7e+00
6.8148e+03	2.4e+00	3.515227e+01	3.2e+00
6.8182e+03	2.4e+00	4.340241e+01	5.1e+00
6.8215e+03	2.4e+00	4.781164e+01	1.4e+00
6.8248e+03	2.4e+00	4.600436e+01	2.5e+00
6.8281e+03	2.4e+00	4.997010e+01	2.9e+00
6.8315e+03	2.4e+00	4.606704e+01	3.2e+00
6.8348e+03	2.4e+00	4.559022e+01	1.3e+00
6.8381e+03	2.4e+00	4.867883e+01	3.4e+00
6.8414e+03	2.4e+00	4.322174e+01	2.0e+00
6.8447e+03	2.4e+00	4.453854e+01	2.3e+00
6.8481e+03	2.4e+00	4.533896e+01	2.0e+00
6.8514e+03	2.4e+00	5.055623e+01	3.4e+00
6.8547e+03	2.4e+00	5.744023e+01	1.7e+00
6.8580e+03	2.4e+00	6.619802e+01	3.9e+00
6.8613e+03	2.4e+00	8.294667e+01	3.9e+00
6.8646e+03	2.4e+00	1.334928e+02	3.8e+00
6.8680e+03	2.4e+00	1.584375e+02	3.4e+00
6.8713e+03	2.4e+00	1.528914e+02	4.6e+00
6.8746e+03	2.4e+00	1.249300e+02	4.1e+00
6.8779e+03	2.4e+00	8.210588e+01	2.4e+00
6.8812e+03	2.4e+00	5.916545e+01	2.7e+00
6.8845e+03	2.4e+00	5.657261e+01	4.0e+00
6.8879e+03	2.4e+00	5.676010e+01	2.0e+00
6.8912e+03	2.4e+00	5.195515e+01	4.2e+00
6.8945e+03	2.4e+00	5.270155e+01	4.6e+00
6.8978e+03	2.4e+00	4.741395e+01	3.4e+00
6.9011e+03	2.4e+00	4.035679e+01	2.0e+00
6.9044e+03	2.4e+00	4.259097e+01	2.8e+00
6.9077e+03	2.4e+00	4.729302e+01	3.0e+00
6.9110e+03	2.4e+00	5.101776e+01	2.3e+00
6.9143e+03	2.4e+00	5.738069e+01	3.3e+00
6.9177e+03	2.4e+00	8.028109e+01	6.0e+00
6.9210e+03	2.4e+00	1.246487e+02	7.2e+00
6.9243e+03	2.4e+00	2.027508e+02	8.7e+00
6.9276e+03	2.4e+00	2.426108e+02	7.1e+00
6.9309e+03	2.4e+00	2.405023e+02	9.2e+00
6.9342e+03	2.4e+00	1.689699e+02	7.2e+00
6.9375e+03	2.4e+00	1.056493e+02	5.0e+00
6.9408e+03	2.4e+00	9.879911e+01	5.1e+00
6.9441e+03	2.4e+00	1.054317e+02	6.2e+00
6.9474e+03	2.4e+00	1.974441e+02	6.9e+00
6.9507e+03	2.4e+00	3.884310e+02	8.1e+00
6.9540e+03	2.4e+00	6.935980e+02	1.3e+01
6.9573e+03	2.4e+00	1.349067e+03	1.2e+01
6.9606e+03	2.4e+00	2.442238e+03	2.1e+01
6.9639e+03	2.4e+00	2.934199e+03	2.2e+01
6.9672e+03	2.4e+00	2.568607e+03	1.5e+01
6.9705e+03	2.4e+00	1.266118e+03	1.4e+01
6.9739e+03	2.4e+00	2.723065e+02	7.6e+00
6.9772e+03	2.4e+00	6.637494e+01	1.7e+00
6.9805e+03	2.4e+00	5.397198e+01	3.7e+00
6.9838e+03	2.4e+00	5.187691e+01	2.0e+00
6.9871e+03	2.4e+00	5.200446e+01	3.7e+00
6.9904e+03	2.4e+00	5.030616e+01	4.5e+00
6.9937e+03	2.4e+00	4.809609e+01	8.6e-01
6.9970e+03	2.4e+00	5.157194e+01	2.8e+00
7.0003e+03	2.4e+00	4.774173e+01	4.1e+00
7.0035e+03	2.4e+00	4.856591e+01	3.5e+00
7.0068e+03	2.4e+00	5.339188e+01	3.2e+00
7.0101e+03	2.4e+00	5.952832e+01	3.2e+00
7.0134e+03	2.4e+00	7.139673e+01	4.1e+00
7.0167e+03	2.4e+00	9.208653e+01	3.6e+00
7.0200e+03	2.4e+00	1.224329e+02	4.4e+00
7.0233e+03	2.4e+00	1.848640e+02	2.6e+00
7.0266e+03	2.4e+00	2.988024e+02	5.1e+00
7.0299e+03	2.4e+00	3.624387e+02	7.0e+00
7.0332e+03	2.4e+00	3.357011e+02	4.3e+00
7.0365e+03	2.4e+00	2.198533e+02	2.5e+00
7.0398e+03	2.4e+00	9.519989e+01	1.8e+00
7.0431e+03	2.4e+00	5.614647e+01	2.4e+00
7.0464e+03	2.4e+00	7.363680e+01	4.1e+00
7.0497e+03	2.4e+00	1.510329e+02	4.6e+00
7.0530e+03	2.4e+00	2.957312e+02	7.5e+00
7.0563e+03	2.4e+00	5.071830e+02	8.2e+00
7.0596e+03	2.4e+00	9.211209e+02	5.8e+00
7.0628e+03	2.4e+00	1.572266e+03	1.5e+01
7.0661e+03	2.4e+00	1.827609e+03	1.7e+01
7.0694e+03	2.4e+00	1.609692e+03	1.2e+01
7.0727e+03	2.4e+00	8.406117e+02	1.4e+01
7.0760e+03	2.4e+00	2.096250e+02	6.2e+00
7.0793e+03	2.4e+00	5.927870e+01	2.5e+00
7.0826e+03	2.4e+00	5.081825e+01	1.7e+00
7.0859e+03	2.4e+00	5.370088e+01	3.0e+00
7.0891e+03	2.4e+00	4.705819e+01	2.1e+00
7.0924e+03	2.4e+00	4.171533e+01	4.1e+00
7.0957e+03	2.4e+00	4.550054e+01	6.1e+00
7.0990e+03	2.4e+00	4.633195e+01	4.6e+00
7.1023e+03	2.4e+00	5.783976e+01	5.4e+00
7.1056e+03	2.4e+00	6.459477e+01	4.7e+00
7.1089e+03	2.4e+00	5.980598e+01	3.6e+00
7.1121e+03	2.4e+00	5.410846e+01	4.0e+00
7.1154e+03	2.4e+00	5.087102e+01	3.1e+00
7.1187e+03	2.4e+00	5.409166e+01	4.2e+00
7.1220e+03	2.4e+00	6.072010e+01	6.6e+00
7.1253e+03	2.4e+00	6.166788e+01	6.3e+00
7.1286e+03	2.4e+00	6.643078e+01	4.0e+00
7.1318e+03	2.4e+00	7.541194e+01	2.7e+00
7.1351e+03	2.4e+00	9.543494e+01	4.6e+00
7.1384e+03	2.4e+00	1.269582e+02	5.9e+00
7.1417e+03	2.4e+00	1.936110e+02	5.6e+00
7.1450e+03	2.4e+00	2.379991e+02	3.6e+00
7.1482e+03	2.4e+00	2.360837e+02	5.0e+00
7.1515e+03	2.4e+00	1.849534e+02	3.4e+00
7.1548e+03	2.4e+00	9.818653e+01	2.9e+00
7.1581e+03	2.4e+00	6.442025e+01	3.9e+00
7.1613e+03	2.4e+00	6.476451e+01	2.8e+00
7.1646e+03	2.4e+00	6.305215e+01	2.1e+00
7.1679e+03	2.4e+00	5.728242e+01	4.5e+00
7.1712e+03	2.4e+00	6.378542e+01	4.3e+00
7.1744e+03	2.4e+00	7.114663e+01	2.0e+00
7.1777e+03	2.4e+00	6.637601e+01	4.9e+00
7.1810e+03	2.4e+00	6.232689e+01	3.4e+00
7.1843e+03	2.4e+00	6.493136e+01	3.8e+00
7.1875e+03	2.4e+00	6.033983e+01	4.0e+00
7.1908e+03	2.4e+00	5.374004e+01	2.5e+00
7.1941e+03	2.4e+00	6.053185e+01	4.8e+00
7.1974e+03	2.4e+00	6.332055e+01	4.5e+00
7.2006e+03	2.4e+00	7.810810e+01	2.7e+00
7.2039e+03	2.4e+00	8.920775e+01	2.8e+00
7.2072e+03	2.4e+00	9.669642e+01	2.7e+00
7.2104e+03	2.4e+00	8.894651e+01	2.2e+00
7.2137e+03	2.4e+00	6.862494e+01	4.7e+00
7.2170e+03	2.4e+00	6.475648e+01	4.7e+00
7.2203e+03	2.4e+00	5.963071e+01	5.3e+00
7.2235e+03	2.4e+00	6.815266e+01	4.9e+00
7.2268e+03	2.4e+00	7.605509e+01	3.6e+00
7.2301e+03	2.4e+00	7.187356e+01	4.3e+00
7.2333e+03	2.4e+00	7.454102e+01	2.5e+00
7.2366e+03	2.4e+00	8.535553e+01	3.8e+00
7.2399e+03	2.4e+00	1.064120e+02	5.3e+00
7.2431e+03	2.4e+00	1.313949e+02	4.3e+00
7.2464e+03	2.4e+00	1.434807e+02	4.6e+00
7.2497e+03	2.4e+00	1.162492e+02	6.1e+00
7.2529e+03	2.4e+00	9.392121e+01	6.3e+00
7.2562e+03	2.4e+00	1.166879e+02	6.9e+00
7.2595e+03	2.4e+00	1.557908e+02	7.1e+00
7.2627e+03	2.4e+00	2.550314e+02	5.0e+00
7.2660e+03	2.4e+00	3.759547e+02	6.6e+00
7.2692e+03	2.4e+00	5.745547e+02	1.1e+01
7.2725e+03	2.4e+00	7.041114e+02	1.0e+01
7.2758e+03	2.4e+00	6.459046e+02	1.2e+01
7.2790e+03	2.4e+00	4.318012e+02	5.3e+00
7.2823e+03	2.4e+00	1.851206e+02	4.1e+00
7.2855e+03	2.4e+00	8.312569e+01	4.6e+00
7.2888e+03	2.4e+00	7.723544e+01	2.9e+00
7.2921e+03	2.4e+00	6.023474e+01	4.3e+00
7.2953e+03	2.4e+00	5.792867e+01	2.7e+00
7.2986e+03	2.4e+00	7.178053e+01	3.1e+00
7.3018e+03	2.4e+00	7.199888e+01	2.7e+00
7.3051e+03	2.4e+00	7.264224e+01	4.1e+00
7.3084e+03	2.4e+00	9.104401e+01	3.7e+00
7.3116e+03	2.4e+00	1.033194e+02	3.2e+00
7.3149e+03	2.4e+00	1.065361e+02	1.7e+00
7.3181e+03	2.4e+00	9.132991e+01	3.9e+00
7.3214e+03	2.4e+00	8.196889e+01	2.1e+00
7.3246e+03	2.4e+00	7.972184e+01	4.0e+00
7.3279e+03	2.4e+00	7.549815e+01	3.1e+00
7.3311e+03	2.4e+00	6.854348e+01	4.7e+00
7.3344e+03	2.4e+00	6.891435e+01	4.3e+00
7.3377e+03	2.4e+00	7.348887e+01	2.0e+00
7.3409e+03	2.4e+00	8.406813e+01	4.3e+00
7.3442e+03	2.4e+00	9.038257e+01	5.7e+00
7.3474e+03	2.4e+00	1.031017e+02	1.4e+00
7.3507e+03	2.4e+00	1.142739e+02	1.8e+00
7.3539e+03	2.4e+00	1.138046e+02	2.7e+00
7.3572e+03	2.4e+00	1.209671e+02	5.7e+00
7.3604e+03	2.4e+00	1.271695e+02	3.4e+00
7.3637e+03	2.4e+00	1.738163e+02	6.6e+00
7.3669e+03	2.4e+00	3.316285e+02	9.8e+00
7.3702e+03	2.4e+00	5.910632e+02	1.0e+01
7.3734e+03	2.4e+00	9.504586e+02	1.6e+01
7.3767e+03	2.4e+00	1.407965e+03	1.6e+01
7.3799e+03	2.4e+00	2.059516e+03	1.5e+01
7.3831e+03	2.4e+00	2.701371e+03	2.3e+01
7.3864e+03	2.4e+00	2.778665e+03	2.3e+01
7.3896e+03	2.4e+00	2.178167e+03	1.9e+01
7.3929e+03	2.4e+00	1.064676e+03	1.2e+01
7.3961e+03	2.4e+00	2.807424e+02	5.5e+00
7.3994e+03	2.4e+00	1.020484e+02	9.8e+00
7.4026e+03	2.4e+00	8.914444e+01	7.5e+00
7.4059e+03	2.4e+00	8.445601e+01	6.7e+00
7.4091e+03	2.4e+00	8.356575e+01	5.8e+00
7.4124e+03	2.4e+00	9.335447e+01	5.9e+00
7.4156e+03	2.4e+00	9.259342e+01	2.8e+00
7.4188e+03	2.4e+00	8.517356e+01	2.1e+00
7.4221e+03	2.4e+00	8.514707e+01	3.3e+00
7.4253e+03	2.4e+00	9.779295e+01	6.6e+00
7.4286e+03	2.4e+00	1.086274e+02	4.7e+00
7.4318e+03	2.4e+00	1.270277e+02	5.9e+00
7.4350e+03	2.4e+00	1.245600e+02	4.5e+00
7.4383e+03	2.4e+00	1.229267e+02	5.8e+00
7.4415e+03	2.4e+00	1.197141e+02	6.0e+00
7.4448e+03	2.4e+00	1.089035e+02	3.8e+00
7.4480e+03	2.4e+00	9.920623e+01	4.6e+00
7.4512e+03	2.4e+00	1.014263e+02	4.8e+00
7.4545e+03	2.4e+00	1.087397e+02	3.6e+00
7.4577e+03	2.4e+00	1.115867e+02	4.4e+00
7.4609e+03	2.4e+00	1.136663e+02	5.0e+00
7.4642e+03	2.4e+00	1.107687e+02	4.0e+00
7.4674e+03	2.4e+00	1.169106e+02	3.1e+00
7.4707e+03	2.4e+00	1.360109e+02	4.5e+00
7.4739e+03	2.4e+00	1.506321e+02	5.3e+00
7.4771e+03	2.4e+00	1.714156e+02	4.5e+00
7.4804e+03	2.4e+00	2.298189e+02	4.2e+00
7.4836e+03	2.4e+00	4.879131e+02	8.1e+00
7.4868e+03	2.4e+00	1.273478e+03	1.7e+01
7.4901e+03	2.4e+00	2.712538e+03	1.5e+01
7.4933e+03	2.4e+00	4.886405e+03	3.2e+01
7.4965e+03	2.4e+00	8.037950e+03	4.9e+01
7.4997e+03	2.4e+00	1.197599e+04	6.2e+01
7.5030e+03	2.4e+00	1.754524e+04	9.0e+01
7.5062e+03	2.4e+00	2.083809e+04	3.9e+01
7.5094e+03	2.4e+00	1.924427e+04	2.9e+01
7.5127e+03	2.4e+00	1.441140e+04	2.8e+01
7.5159e+03	2.4e+00	8.811064e+03	3.5e+01
7.5191e+03	2.4e+00	5.526518e+03	3.5e+01
7.5224e+03	2.4e+00	3.906564e+03	1.9e+01
7.5256e+03	2.4e+00	1.891939e+03	2.5e+01
7.5288e+03	2.4e+00	4.737966e+02	1.5e+01
7.5320e+03	2.4e+00	1.693340e+02	5.4e+00
7.5353e+03	2.4e+00	1.577081e+02	5.4e+00
7.5385e+03	2.4e+00	1.552768e+02	5.5e+00
7.5417e+03	2.4e+00	1.428954e+02	5.4e+00
7.5449e+03	2.4e+00	1.390057e+02	8.4e+00
7.5482e+03	2.4e+00	1.319736e+02	4.2e+00
7.5514e+03	2.4e+00	1.207418e+02	5.0e+00
7.5546e+03	2.4e+00	1.175433e+02	6.3e+00
7.5578e+03	2.4e+00	1.224257e+02	9.6e+00
7.5611e+03	2.4e+00	1.224792e+02	6.6e+00
7.5643e+03	2.4e+00	1.157491e+02	4.1e+00
7.5675e+03	2.4e+00	1.147210e+02	6.8e+00
7.5707e+03	2.4e+00	1.054748e+02	7.3e+00
7.5739e+03	2.4e+00	1.040087e+02	3.6e+00
7.5772e+03	2.4e+00	1.061533e+02	6.0e+00
7.5804e+03	2.4e+00	1.079342e+02	4.9e+00
7.5836e+03	2.4e+00	1.039044e+02	6.2e+00
7.5868e+03	2.4e+00	1.092041e+02	6.8e+00
7.5900e+03	2.4e+00	1.140434e+02	4.2e+00
7.5933e+03	2.4e+00	1.047840e+02	7.8e+00
7.5965e+03	2.4e+00	1.021428e+02	6.6e+00
7.5997e+03	2.4e+00	1.104391e+02	5.4e+00
7.6029e+03	2.4e+00	1.186636e+02	3.8e+00
7.6061e+03	2.4e+00	1.139960e+02	4.2e+00
7.6093e+03	2.4e+00	1.176651e+02	5.3e+00
7.6126e+03	2.4e+00	1.518674e+02	5.4e+00
7.6158e+03	2.4e+00	2.749537e+02	5.3e+00
7.6190e+03	2.4e+00	6.439193e+02	1.1e+01
7.6222e+03	2.4e+00	1.349589e+03	1.7e+01
7.6254e+03	2.4e+00	2.424067e+03	2.9e+01
7.6286e+03	2.4e+00	3.765846e+03	2.0e+01
7.6318e+03	2.4e+00	5.334432e+03	3.8e+01
7.6351e+03	2.4e+00	7.265310e+03	3.2e+01
7.6383e+03	2.4e+00	9.086158e+03	3.8e+01
7.6415e+03	2.4e+00	8.723598e+03	3.2e+01
7.6447e+03	2.4e+00	6.542297e+03	5.1e+01
7.6479e+03	2.4e+00	3.259659e+03	2.2e+01
7.6511e+03	2.4e+00	7.656768e+02	5.5e+00
7.6543e+03	2.4e+00	1.565967e+02	4.3e+00
7.6575e+03	2.4e+00	1.174471e+02	6.5e+00
7.6607e+03	2.4e+00	1.124786e+02	5.2e+00
7.6640e+03	2.4e+00	1.060488e+02	5.4e+00
