# lambda [A]	Dlambda [A]	specval [counts]	Dspecval [counts]
3.6834e+03	2.4e+00	7.09757e+03	1.8e+02
3.6871e+03	2.4e+00	8.18434e+03	1.1e+02
3.6908e+03	2.4e+00	8.43909e+03	2.3e+02
3.6945e+03	2.4e+00	8.63473e+03	1.1e+02
3.6982e+03	2.4e+00	9.03911e+03	1.2e+02
3.7019e+03	2.4e+00	9.92673e+03	1.9e+02
3.7057e+03	2.4e+00	1.17426e+04	4.6e+02
3.7094e+03	2.4e+00	1.22360e+04	3.3e+02
3.7131e+03	2.4e+00	1.25998e+04	1.0e+02
3.7168e+03	2.4e+00	1.37049e+04	4.9e+01
3.7205e+03	2.4e+00	1.58114e+04	2.4e+02
3.7242e+03	2.4e+00	1.82955e+04	2.2e+02
3.7279e+03	2.4e+00	1.95009e+04	4.3e+01
3.7316e+03	2.4e+00	1.85555e+04	2.1e+02
3.7353e+03	2.4e+00	1.69186e+04	5.1e+02
3.7390e+03	2.4e+00	1.87728e+04	3.2e+02
3.7427e+03	2.4e+00	2.37265e+04	1.8e+02
3.7464e+03	2.4e+00	2.89786e+04	3.9e+01
3.7501e+03	2.4e+00	3.34898e+04	1.6e+02
3.7539e+03	2.4e+00	3.59929e+04	4.8e+02
3.7576e+03	2.4e+00	3.46998e+04	2.8e+02
3.7613e+03	2.4e+00	2.95829e+04	1.6e+02
3.7650e+03	2.4e+00	2.58910e+04	2.4e+02
3.7687e+03	2.4e+00	2.94213e+04	3.7e+02
3.7724e+03	2.4e+00	3.77354e+04	7.6e+02
3.7761e+03	2.4e+00	4.78502e+04	4.5e+02
3.7798e+03	2.4e+00	5.87433e+04	7.5e+02
3.7835e+03	2.4e+00	6.56880e+04	8.4e+02
3.7872e+03	2.4e+00	6.70468e+04	5.6e+02
3.7909e+03	2.4e+00	6.75965e+04	1.4e+03
3.7946e+03	2.4e+00	6.55872e+04	1.0e+03
3.7983e+03	2.4e+00	5.59903e+04	5.5e+02
3.8020e+03	2.4e+00	4.51132e+04	2.2e+02
3.8057e+03	2.4e+00	4.18766e+04	6.1e+02
3.8094e+03	2.4e+00	5.00830e+04	2.1e+03
3.8131e+03	2.4e+00	6.52065e+04	3.1e+03
3.8168e+03	2.4e+00	8.42763e+04	3.0e+03
3.8205e+03	2.4e+00	1.00235e+05	4.1e+03
3.8242e+03	2.4e+00	1.13964e+05	6.2e+03
3.8279e+03	2.4e+00	1.23314e+05	6.9e+03
3.8315e+03	2.4e+00	1.28459e+05	6.5e+03
3.8352e+03	2.4e+00	1.35296e+05	5.5e+03
3.8389e+03	2.4e+00	1.37928e+05	4.0e+03
3.8426e+03	2.4e+00	1.38133e+05	3.4e+03
3.8463e+03	2.4e+00	1.32905e+05	2.5e+03
3.8500e+03	2.4e+00	1.18242e+05	2.0e+03
3.8537e+03	2.4e+00	1.03790e+05	1.1e+03
3.8574e+03	2.4e+00	8.53767e+04	1.2e+03
3.8611e+03	2.4e+00	7.03446e+04	1.5e+03
3.8648e+03	2.4e+00	7.42638e+04	2.1e+03
3.8685e+03	2.4e+00	9.54620e+04	2.2e+03
3.8722e+03	2.4e+00	1.21145e+05	2.4e+03
3.8759e+03	2.4e+00	1.43164e+05	3.1e+03
3.8795e+03	2.4e+00	1.67248e+05	3.5e+03
3.8832e+03	2.4e+00	1.86137e+05	2.2e+03
3.8869e+03	2.4e+00	1.91655e+05	1.5e+03
3.8906e+03	2.4e+00	1.98390e+05	2.3e+03
3.8943e+03	2.4e+00	2.08546e+05	2.1e+03
3.8980e+03	2.4e+00	2.10897e+05	1.8e+03
3.9017e+03	2.4e+00	2.11043e+05	2.1e+03
3.9054e+03	2.4e+00	2.11578e+05	1.9e+03
3.9090e+03	2.4e+00	2.08634e+05	3.5e+03
3.9127e+03	2.4e+00	2.06572e+05	2.9e+03
3.9164e+03	2.4e+00	2.08031e+05	2.1e+03
3.9201e+03	2.4e+00	2.14031e+05	1.3e+03
3.9238e+03	2.4e+00	2.14288e+05	1.9e+03
3.9275e+03	2.4e+00	2.04002e+05	1.9e+03
3.9312e+03	2.4e+00	1.88896e+05	1.8e+03
3.9348e+03	2.4e+00	1.71268e+05	2.4e+03
3.9385e+03	2.4e+00	1.47122e+05	1.3e+03
3.9422e+03	2.4e+00	1.16798e+05	8.2e+02
3.9459e+03	2.4e+00	9.43879e+04	1.1e+03
3.9496e+03	2.4e+00	9.15458e+04	1.8e+03
3.9532e+03	2.4e+00	1.12337e+05	3.3e+03
3.9569e+03	2.4e+00	1.43397e+05	3.8e+03
3.9606e+03	2.4e+00	1.75064e+05	3.8e+03
3.9643e+03	2.4e+00	1.97925e+05	4.3e+03
3.9680e+03	2.4e+00	2.11652e+05	3.6e+03
3.9716e+03	2.4e+00	2.23651e+05	4.2e+03
3.9753e+03	2.4e+00	2.28600e+05	4.8e+03
3.9790e+03	2.4e+00	2.31024e+05	5.4e+03
3.9827e+03	2.4e+00	2.32614e+05	6.2e+03
3.9864e+03	2.4e+00	2.37363e+05	7.9e+03
3.9900e+03	2.4e+00	2.40979e+05	6.7e+03
3.9937e+03	2.4e+00	2.43029e+05	6.1e+03
3.9974e+03	2.4e+00	2.44681e+05	9.7e+03
4.0011e+03	2.4e+00	2.44826e+05	1.0e+04
4.0047e+03	2.4e+00	2.44538e+05	9.3e+03
4.0084e+03	2.4e+00	2.44282e+05	8.6e+03
4.0121e+03	2.4e+00	2.40556e+05	7.8e+03
4.0158e+03	2.4e+00	2.38932e+05	7.0e+03
4.0194e+03	2.4e+00	2.37440e+05	6.0e+03
4.0231e+03	2.4e+00	2.33617e+05	4.4e+03
4.0268e+03	2.4e+00	2.32187e+05	5.0e+03
4.0304e+03	2.4e+00	2.32992e+05	5.4e+03
4.0341e+03	2.4e+00	2.29418e+05	5.6e+03
4.0378e+03	2.4e+00	2.23385e+05	4.4e+03
4.0415e+03	2.4e+00	2.18933e+05	4.9e+03
4.0451e+03	2.4e+00	2.18119e+05	4.3e+03
4.0488e+03	2.4e+00	2.16853e+05	4.0e+03
4.0525e+03	2.4e+00	2.10724e+05	3.9e+03
4.0561e+03	2.4e+00	2.03882e+05	3.4e+03
4.0598e+03	2.4e+00	1.98312e+05	3.8e+03
4.0635e+03	2.4e+00	1.89869e+05	2.9e+03
4.0671e+03	2.4e+00	1.80131e+05	2.6e+03
4.0708e+03	2.4e+00	1.64114e+05	2.4e+03
4.0745e+03	2.4e+00	1.42413e+05	1.8e+03
4.0781e+03	2.4e+00	1.18435e+05	2.0e+03
4.0818e+03	2.4e+00	9.33507e+04	1.5e+03
4.0855e+03	2.4e+00	8.03250e+04	1.1e+03
4.0891e+03	2.4e+00	8.81768e+04	1.9e+03
4.0928e+03	2.4e+00	1.10571e+05	2.4e+03
4.0965e+03	2.4e+00	1.36122e+05	2.3e+03
4.1001e+03	2.4e+00	1.55856e+05	2.9e+03
4.1038e+03	2.4e+00	1.68912e+05	4.0e+03
4.1075e+03	2.4e+00	1.77286e+05	3.8e+03
4.1111e+03	2.4e+00	1.81630e+05	2.8e+03
4.1148e+03	2.4e+00	1.85843e+05	2.7e+03
4.1184e+03	2.4e+00	1.86782e+05	3.0e+03
4.1221e+03	2.4e+00	1.90375e+05	3.5e+03
4.1258e+03	2.4e+00	1.94089e+05	4.3e+03
4.1294e+03	2.4e+00	1.92933e+05	4.3e+03
4.1331e+03	2.4e+00	1.92105e+05	4.5e+03
4.1367e+03	2.4e+00	1.93142e+05	4.2e+03
4.1404e+03	2.4e+00	1.92947e+05	4.5e+03
4.1441e+03	2.4e+00	1.94432e+05	5.3e+03
4.1477e+03	2.4e+00	1.95414e+05	5.0e+03
4.1514e+03	2.4e+00	1.94502e+05	4.4e+03
4.1550e+03	2.4e+00	1.92826e+05	4.8e+03
4.1587e+03	2.4e+00	1.91602e+05	5.0e+03
4.1623e+03	2.4e+00	1.93452e+05	5.3e+03
4.1660e+03	2.4e+00	1.93616e+05	7.7e+03
4.1697e+03	2.4e+00	1.94430e+05	6.2e+03
4.1733e+03	2.4e+00	1.94667e+05	5.8e+03
4.1770e+03	2.4e+00	1.93700e+05	7.7e+03
4.1806e+03	2.4e+00	1.92165e+05	9.0e+03
4.1843e+03	2.4e+00	1.89620e+05	7.4e+03
4.1879e+03	2.4e+00	1.90458e+05	6.3e+03
4.1916e+03	2.4e+00	1.89370e+05	5.7e+03
4.1952e+03	2.4e+00	1.88309e+05	5.1e+03
4.1989e+03	2.4e+00	1.88070e+05	5.1e+03
4.2025e+03	2.4e+00	1.85807e+05	5.0e+03
4.2062e+03	2.4e+00	1.84542e+05	4.7e+03
4.2098e+03	2.4e+00	1.83352e+05	4.0e+03
4.2135e+03	2.4e+00	1.81205e+05	3.2e+03
4.2171e+03	2.4e+00	1.79111e+05	3.2e+03
4.2208e+03	2.4e+00	1.79436e+05	4.1e+03
4.2244e+03	2.4e+00	1.80267e+05	4.2e+03
4.2281e+03	2.4e+00	1.80202e+05	4.1e+03
4.2317e+03	2.4e+00	1.77821e+05	4.2e+03
4.2354e+03	2.4e+00	1.76604e+05	3.9e+03
4.2390e+03	2.4e+00	1.76926e+05	4.6e+03
4.2427e+03	2.4e+00	1.75134e+05	4.5e+03
4.2463e+03	2.4e+00	1.73342e+05	3.8e+03
4.2500e+03	2.4e+00	1.72243e+05	3.7e+03
4.2536e+03	2.4e+00	1.72382e+05	3.3e+03
4.2572e+03	2.4e+00	1.70597e+05	3.5e+03
4.2609e+03	2.4e+00	1.71094e+05	3.8e+03
4.2645e+03	2.4e+00	1.71542e+05	3.5e+03
4.2682e+03	2.4e+00	1.69375e+05	3.3e+03
4.2718e+03	2.4e+00	1.68433e+05	3.2e+03
4.2755e+03	2.4e+00	1.67562e+05	3.5e+03
4.2791e+03	2.4e+00	1.66508e+05	4.1e+03
4.2827e+03	2.4e+00	1.64927e+05	3.8e+03
4.2864e+03	2.4e+00	1.63250e+05	3.0e+03
4.2900e+03	2.4e+00	1.61623e+05	3.3e+03
4.2937e+03	2.4e+00	1.59588e+05	3.9e+03
4.2973e+03	2.4e+00	1.59276e+05	3.7e+03
4.3010e+03	2.4e+00	1.57119e+05	3.9e+03
4.3046e+03	2.4e+00	1.52157e+05	3.6e+03
4.3082e+03	2.4e+00	1.47199e+05	3.3e+03
4.3119e+03	2.4e+00	1.41259e+05	3.6e+03
4.3155e+03	2.4e+00	1.31937e+05	3.0e+03
4.3191e+03	2.4e+00	1.22615e+05	2.3e+03
4.3228e+03	2.4e+00	1.08800e+05	2.1e+03
4.3264e+03	2.4e+00	8.81378e+04	1.9e+03
4.3301e+03	2.4e+00	7.17190e+04	2.0e+03
4.3337e+03	2.4e+00	6.76109e+04	2.0e+03
4.3373e+03	2.4e+00	7.65944e+04	3.6e+03
4.3410e+03	2.4e+00	9.43173e+04	4.4e+03
4.3446e+03	2.4e+00	1.12094e+05	5.0e+03
4.3482e+03	2.4e+00	1.26775e+05	5.0e+03
4.3519e+03	2.4e+00	1.36151e+05	4.6e+03
4.3555e+03	2.4e+00	1.41294e+05	5.1e+03
4.3591e+03	2.4e+00	1.45150e+05	4.7e+03
4.3628e+03	2.4e+00	1.46982e+05	4.4e+03
4.3664e+03	2.4e+00	1.47323e+05	4.7e+03
4.3700e+03	2.4e+00	1.48506e+05	4.2e+03
4.3737e+03	2.4e+00	1.50176e+05	4.0e+03
4.3773e+03	2.4e+00	1.49482e+05	4.7e+03
4.3809e+03	2.4e+00	1.48238e+05	4.2e+03
4.3845e+03	2.4e+00	1.46943e+05	4.0e+03
4.3882e+03	2.4e+00	1.47083e+05	4.1e+03
4.3918e+03	2.4e+00	1.48209e+05	4.1e+03
4.3954e+03	2.4e+00	1.46796e+05	4.1e+03
4.3991e+03	2.4e+00	1.45205e+05	3.9e+03
4.4027e+03	2.4e+00	1.43401e+05	3.8e+03
4.4063e+03	2.4e+00	1.42357e+05	3.4e+03
4.4099e+03	2.4e+00	1.40978e+05	3.4e+03
4.4136e+03	2.4e+00	1.40858e+05	3.3e+03
4.4172e+03	2.4e+00	1.41894e+05	3.4e+03
4.4208e+03	2.4e+00	1.41114e+05	3.6e+03
4.4244e+03	2.4e+00	1.39539e+05	3.6e+03
4.4281e+03	2.4e+00	1.39080e+05	3.7e+03
4.4317e+03	2.4e+00	1.38516e+05	3.2e+03
4.4353e+03	2.4e+00	1.39203e+05	3.2e+03
4.4389e+03	2.4e+00	1.37659e+05	3.2e+03
4.4426e+03	2.4e+00	1.36484e+05	3.2e+03
4.4462e+03	2.4e+00	1.36555e+05	3.2e+03
4.4498e+03	2.4e+00	1.35772e+05	3.1e+03
4.4534e+03	2.4e+00	1.35091e+05	3.4e+03
4.4570e+03	2.4e+00	1.34913e+05	3.4e+03
4.4607e+03	2.4e+00	1.34039e+05	3.1e+03
4.4643e+03	2.4e+00	1.32388e+05	3.1e+03
4.4679e+03	2.4e+00	1.31633e+05	3.0e+03
4.4715e+03	2.4e+00	1.30087e+05	2.8e+03
4.4751e+03	2.4e+00	1.28255e+05	3.3e+03
4.4788e+03	2.4e+00	1.27600e+05	3.6e+03
4.4824e+03	2.4e+00	1.27101e+05	3.2e+03
4.4860e+03	2.4e+00	1.28357e+05	3.2e+03
4.4896e+03	2.4e+00	1.28864e+05	3.3e+03
4.4932e+03	2.4e+00	1.28416e+05	3.7e+03
4.4968e+03	2.4e+00	1.27218e+05	3.7e+03
4.5005e+03	2.4e+00	1.27694e+05	3.3e+03
4.5041e+03	2.4e+00	1.27608e+05	3.5e+03
4.5077e+03	2.4e+00	1.27258e+05	4.1e+03
4.5113e+03	2.4e+00	1.27214e+05	4.6e+03
4.5149e+03	2.4e+00	1.26632e+05	4.2e+03
4.5185e+03	2.4e+00	1.25913e+05	4.0e+03
4.5221e+03	2.4e+00	1.24639e+05	4.4e+03
4.5258e+03	2.4e+00	1.22599e+05	4.3e+03
4.5294e+03	2.4e+00	1.22620e+05	4.4e+03
4.5330e+03	2.4e+00	1.22035e+05	3.8e+03
4.5366e+03	2.4e+00	1.21800e+05	3.8e+03
4.5402e+03	2.4e+00	1.21720e+05	4.1e+03
4.5438e+03	2.4e+00	1.18959e+05	3.8e+03
4.5474e+03	2.4e+00	1.17177e+05	3.9e+03
4.5510e+03	2.4e+00	1.15884e+05	3.5e+03
4.5546e+03	2.4e+00	1.14371e+05	2.9e+03
4.5582e+03	2.4e+00	1.13853e+05	2.8e+03
4.5619e+03	2.4e+00	1.13244e+05	3.1e+03
4.5655e+03	2.4e+00	1.12814e+05	3.5e+03
4.5691e+03	2.4e+00	1.11774e+05	3.3e+03
4.5727e+03	2.4e+00	1.11178e+05	3.4e+03
4.5763e+03	2.4e+00	1.10139e+05	2.9e+03
4.5799e+03	2.4e+00	1.08630e+05	2.9e+03
4.5835e+03	2.4e+00	1.07306e+05	2.9e+03
4.5871e+03	2.4e+00	1.07187e+05	2.7e+03
4.5907e+03	2.4e+00	1.07145e+05	2.7e+03
4.5943e+03	2.4e+00	1.06448e+05	2.9e+03
4.5979e+03	2.4e+00	1.06337e+05	3.0e+03
4.6015e+03	2.4e+00	1.05063e+05	2.9e+03
4.6051e+03	2.4e+00	1.05217e+05	3.0e+03
4.6087e+03	2.4e+00	1.04981e+05	2.9e+03
4.6123e+03	2.4e+00	1.04375e+05	2.9e+03
4.6159e+03	2.4e+00	1.03709e+05	2.9e+03
4.6195e+03	2.4e+00	1.02616e+05	2.8e+03
4.6231e+03	2.4e+00	1.01603e+05	2.7e+03
4.6267e+03	2.4e+00	1.00762e+05	2.9e+03
4.6303e+03	2.4e+00	1.00490e+05	2.8e+03
4.6339e+03	2.4e+00	1.00510e+05	2.7e+03
4.6375e+03	2.4e+00	1.00818e+05	2.5e+03
4.6411e+03	2.4e+00	9.97505e+04	2.7e+03
4.6447e+03	2.4e+00	9.85308e+04	2.8e+03
4.6483e+03	2.4e+00	9.91022e+04	2.9e+03
4.6519e+03	2.4e+00	9.84294e+04	2.8e+03
4.6555e+03	2.4e+00	9.82003e+04	2.9e+03
4.6591e+03	2.4e+00	9.74140e+04	2.8e+03
4.6627e+03	2.4e+00	9.70737e+04	2.8e+03
4.6663e+03	2.4e+00	9.72270e+04	2.9e+03
4.6699e+03	2.4e+00	9.61808e+04	3.1e+03
4.6735e+03	2.4e+00	9.64250e+04	3.2e+03
4.6771e+03	2.4e+00	9.64108e+04	2.9e+03
4.6807e+03	2.4e+00	9.45212e+04	3.5e+03
4.6843e+03	2.4e+00	9.42578e+04	3.5e+03
4.6879e+03	2.4e+00	9.35461e+04	3.8e+03
4.6915e+03	2.4e+00	9.26265e+04	4.1e+03
4.6950e+03	2.4e+00	9.29940e+04	3.3e+03
4.6986e+03	2.4e+00	9.26329e+04	3.2e+03
4.7022e+03	2.4e+00	9.17561e+04	2.7e+03
4.7058e+03	2.4e+00	9.09106e+04	2.6e+03
4.7094e+03	2.4e+00	8.97753e+04	2.4e+03
4.7130e+03	2.4e+00	8.95521e+04	2.5e+03
4.7166e+03	2.4e+00	8.89260e+04	2.7e+03
4.7202e+03	2.4e+00	8.87017e+04	2.8e+03
4.7238e+03	2.4e+00	8.75835e+04	2.6e+03
4.7274e+03	2.4e+00	8.64309e+04	2.4e+03
4.7309e+03	2.4e+00	8.64747e+04	2.3e+03
4.7345e+03	2.4e+00	8.48438e+04	2.1e+03
4.7381e+03	2.4e+00	8.33458e+04	2.0e+03
4.7417e+03	2.4e+00	8.37991e+04	2.4e+03
4.7453e+03	2.4e+00	8.34946e+04	2.4e+03
4.7489e+03	2.4e+00	8.26739e+04	1.9e+03
4.7525e+03	2.4e+00	8.24487e+04	2.0e+03
4.7560e+03	2.4e+00	8.20565e+04	2.2e+03
4.7596e+03	2.4e+00	8.07844e+04	2.1e+03
4.7632e+03	2.4e+00	7.94131e+04	2.1e+03
4.7668e+03	2.4e+00	7.89113e+04	1.9e+03
4.7704e+03	2.4e+00	7.91927e+04	2.2e+03
4.7740e+03	2.4e+00	7.77031e+04	2.2e+03
4.7775e+03	2.4e+00	7.67657e+04	1.8e+03
4.7811e+03	2.4e+00	7.70262e+04	1.9e+03
4.7847e+03	2.4e+00	7.66244e+04	2.1e+03
4.7883e+03	2.4e+00	7.57443e+04	2.3e+03
4.7919e+03	2.4e+00	7.52082e+04	2.2e+03
4.7954e+03	2.4e+00	7.45040e+04	2.1e+03
4.7990e+03	2.4e+00	7.42606e+04	2.0e+03
4.8026e+03	2.4e+00	7.41132e+04	1.9e+03
4.8062e+03	2.4e+00	7.36976e+04	1.9e+03
4.8098e+03	2.4e+00	7.28763e+04	2.1e+03
4.8133e+03	2.4e+00	7.32462e+04	2.2e+03
4.8169e+03	2.4e+00	7.21352e+04	2.1e+03
4.8205e+03	2.4e+00	7.06423e+04	1.8e+03
4.8241e+03	2.4e+00	6.99438e+04	1.8e+03
4.8276e+03	2.4e+00	6.93520e+04	1.9e+03
4.8312e+03	2.4e+00	6.86409e+04	2.0e+03
4.8348e+03	2.4e+00	6.71201e+04	2.0e+03
4.8384e+03	2.4e+00	6.50728e+04	2.0e+03
4.8419e+03	2.4e+00	6.26324e+04	2.2e+03
4.8455e+03	2.4e+00	6.01841e+04	2.2e+03
4.8491e+03	2.4e+00	5.50633e+04	2.0e+03
4.8527e+03	2.4e+00	4.82393e+04	1.6e+03
4.8562e+03	2.4e+00	4.19829e+04	1.2e+03
4.8598e+03	2.4e+00	3.59731e+04	9.3e+02
4.8634e+03	2.4e+00	3.28641e+04	1.1e+03
4.8669e+03	2.4e+00	3.55515e+04	1.3e+03
4.8705e+03	2.4e+00	4.16147e+04	1.5e+03
4.8741e+03	2.4e+00	4.79946e+04	1.9e+03
4.8777e+03	2.4e+00	5.32723e+04	1.7e+03
4.8812e+03	2.4e+00	5.71781e+04	1.6e+03
4.8848e+03	2.4e+00	5.96916e+04	2.0e+03
4.8884e+03	2.4e+00	6.12849e+04	2.0e+03
4.8919e+03	2.4e+00	6.21124e+04	1.8e+03
4.8955e+03	2.4e+00	6.27498e+04	1.8e+03
4.8991e+03	2.4e+00	6.35320e+04	1.9e+03
4.9026e+03	2.4e+00	6.38308e+04	2.0e+03
4.9062e+03	2.4e+00	6.37833e+04	1.9e+03
4.9098e+03	2.4e+00	6.38554e+04	1.9e+03
4.9133e+03	2.4e+00	6.32259e+04	2.0e+03
4.9169e+03	2.4e+00	6.26551e+04	1.8e+03
4.9205e+03	2.4e+00	6.23147e+04	1.6e+03
4.9240e+03	2.4e+00	6.18533e+04	1.6e+03
4.9276e+03	2.4e+00	6.16244e+04	1.7e+03
4.9312e+03	2.4e+00	6.14630e+04	1.8e+03
4.9347e+03	2.4e+00	6.17603e+04	1.9e+03
4.9383e+03	2.4e+00	6.17251e+04	1.9e+03
4.9418e+03	2.4e+00	6.16365e+04	1.8e+03
4.9454e+03	2.4e+00	6.13592e+04	1.6e+03
4.9490e+03	2.4e+00	6.11445e+04	1.7e+03
4.9525e+03	2.4e+00	6.07856e+04	1.8e+03
4.9561e+03	2.4e+00	5.98612e+04	1.5e+03
4.9596e+03	2.4e+00	5.97558e+04	1.5e+03
4.9632e+03	2.4e+00	5.95787e+04	1.8e+03
4.9668e+03	2.4e+00	5.96257e+04	1.8e+03
4.9703e+03	2.4e+00	5.93646e+04	1.7e+03
4.9739e+03	2.4e+00	5.87023e+04	1.8e+03
4.9774e+03	2.4e+00	5.88272e+04	1.9e+03
4.9810e+03	2.4e+00	5.89890e+04	1.9e+03
4.9845e+03	2.4e+00	5.84412e+04	1.8e+03
4.9881e+03	2.4e+00	5.80564e+04	1.8e+03
4.9917e+03	2.4e+00	5.75523e+04	1.8e+03
4.9952e+03	2.4e+00	5.74980e+04	1.6e+03
4.9988e+03	2.4e+00	5.74293e+04	1.5e+03
5.0023e+03	2.4e+00	5.71093e+04	1.7e+03
5.0059e+03	2.4e+00	5.75487e+04	1.9e+03
5.0094e+03	2.4e+00	5.71769e+04	1.8e+03
5.0130e+03	2.4e+00	5.62460e+04	1.5e+03
5.0165e+03	2.4e+00	5.64232e+04	1.7e+03
5.0201e+03	2.4e+00	5.58860e+04	1.7e+03
5.0236e+03	2.4e+00	5.52291e+04	1.9e+03
5.0272e+03	2.4e+00	5.51962e+04	2.0e+03
5.0307e+03	2.4e+00	5.53661e+04	2.1e+03
5.0343e+03	2.4e+00	5.48233e+04	2.1e+03
5.0378e+03	2.4e+00	5.42653e+04	1.8e+03
5.0414e+03	2.4e+00	5.39427e+04	1.6e+03
5.0449e+03	2.4e+00	5.40631e+04	1.7e+03
5.0485e+03	2.4e+00	5.36451e+04	1.6e+03
5.0520e+03	2.4e+00	5.30395e+04	1.8e+03
5.0556e+03	2.4e+00	5.25569e+04	1.8e+03
5.0591e+03	2.4e+00	5.24847e+04	1.8e+03
5.0627e+03	2.4e+00	5.20405e+04	1.6e+03
5.0662e+03	2.4e+00	5.21365e+04	1.5e+03
5.0698e+03	2.4e+00	5.16764e+04	1.6e+03
5.0733e+03	2.4e+00	5.13582e+04	1.6e+03
5.0769e+03	2.4e+00	5.10551e+04	1.6e+03
5.0804e+03	2.4e+00	5.08977e+04	1.5e+03
5.0840e+03	2.4e+00	5.07888e+04	1.7e+03
5.0875e+03	2.4e+00	5.01524e+04	1.5e+03
5.0910e+03	2.4e+00	4.97594e+04	1.4e+03
5.0946e+03	2.4e+00	4.93654e+04	1.5e+03
5.0981e+03	2.4e+00	4.93317e+04	1.5e+03
5.1017e+03	2.4e+00	4.91516e+04	1.4e+03
5.1052e+03	2.4e+00	4.83804e+04	1.5e+03
5.1088e+03	2.4e+00	4.83796e+04	1.5e+03
5.1123e+03	2.4e+00	4.87329e+04	1.5e+03
5.1158e+03	2.4e+00	4.81178e+04	1.5e+03
5.1194e+03	2.4e+00	4.74234e+04	1.4e+03
5.1229e+03	2.4e+00	4.71660e+04	1.2e+03
5.1265e+03	2.4e+00	4.69769e+04	1.3e+03
5.1300e+03	2.4e+00	4.70964e+04	1.4e+03
5.1335e+03	2.4e+00	4.67487e+04	1.5e+03
5.1371e+03	2.4e+00	4.59282e+04	1.3e+03
5.1406e+03	2.4e+00	4.59215e+04	1.3e+03
5.1441e+03	2.4e+00	4.57469e+04	1.3e+03
5.1477e+03	2.4e+00	4.53831e+04	1.4e+03
5.1512e+03	2.4e+00	4.52773e+04	1.5e+03
5.1548e+03	2.4e+00	4.56954e+04	1.6e+03
5.1583e+03	2.4e+00	4.55875e+04	1.6e+03
5.1618e+03	2.4e+00	4.51614e+04	1.4e+03
5.1654e+03	2.4e+00	4.48254e+04	1.3e+03
5.1689e+03	2.4e+00	4.39503e+04	1.5e+03
5.1724e+03	2.4e+00	4.36555e+04	1.7e+03
5.1760e+03	2.4e+00	4.37178e+04	1.5e+03
5.1795e+03	2.4e+00	4.39427e+04	1.3e+03
5.1830e+03	2.4e+00	4.38202e+04	1.4e+03
5.1866e+03	2.4e+00	4.36171e+04	1.6e+03
5.1901e+03	2.4e+00	4.30792e+04	1.5e+03
5.1936e+03	2.4e+00	4.30537e+04	1.5e+03
5.1971e+03	2.4e+00	4.28804e+04	1.5e+03
5.2007e+03	2.4e+00	4.25174e+04	1.6e+03
5.2042e+03	2.4e+00	4.26154e+04	1.7e+03
5.2077e+03	2.4e+00	4.27248e+04	1.7e+03
5.2113e+03	2.4e+00	4.27674e+04	1.6e+03
5.2148e+03	2.4e+00	4.21042e+04	1.6e+03
5.2183e+03	2.4e+00	4.21175e+04	1.6e+03
5.2219e+03	2.4e+00	4.17862e+04	1.5e+03
5.2254e+03	2.4e+00	4.11340e+04	1.4e+03
5.2289e+03	2.4e+00	4.09255e+04	1.4e+03
5.2324e+03	2.4e+00	4.04871e+04	1.4e+03
5.2360e+03	2.4e+00	4.00254e+04	1.5e+03
5.2395e+03	2.4e+00	3.99748e+04	1.4e+03
5.2430e+03	2.4e+00	3.95297e+04	1.3e+03
5.2465e+03	2.4e+00	3.94011e+04	1.4e+03
5.2501e+03	2.4e+00	3.91716e+04	1.4e+03
5.2536e+03	2.4e+00	3.90508e+04	1.3e+03
5.2571e+03	2.4e+00	3.87766e+04	1.4e+03
5.2606e+03	2.4e+00	3.83683e+04	1.4e+03
5.2641e+03	2.4e+00	3.81051e+04	1.2e+03
5.2677e+03	2.4e+00	3.75387e+04	1.2e+03
5.2712e+03	2.4e+00	3.75542e+04	1.2e+03
5.2747e+03	2.4e+00	3.74730e+04	1.2e+03
5.2782e+03	2.4e+00	3.70007e+04	1.1e+03
5.2817e+03	2.4e+00	3.70202e+04	1.2e+03
5.2853e+03	2.4e+00	3.68525e+04	1.2e+03
5.2888e+03	2.4e+00	3.67675e+04	9.7e+02
5.2923e+03	2.4e+00	3.67863e+04	1.0e+03
5.2958e+03	2.4e+00	3.62103e+04	1.2e+03
5.2993e+03	2.4e+00	3.57402e+04	1.3e+03
5.3029e+03	2.4e+00	3.56678e+04	1.2e+03
5.3064e+03	2.4e+00	3.57160e+04	1.1e+03
5.3099e+03	2.4e+00	3.56197e+04	1.2e+03
5.3134e+03	2.4e+00	3.53669e+04	1.2e+03
5.3169e+03	2.4e+00	3.53189e+04	1.2e+03
5.3204e+03	2.4e+00	3.50082e+04	1.1e+03
5.3240e+03	2.4e+00	3.47066e+04	1.1e+03
5.3275e+03	2.4e+00	3.50291e+04	1.2e+03
5.3310e+03	2.4e+00	3.51271e+04	1.2e+03
5.3345e+03	2.4e+00	3.52835e+04	1.2e+03
5.3380e+03	2.4e+00	3.53239e+04	1.3e+03
5.3415e+03	2.4e+00	3.53146e+04	1.3e+03
5.3450e+03	2.4e+00	3.51705e+04	1.3e+03
5.3485e+03	2.4e+00	3.49414e+04	1.3e+03
5.3521e+03	2.4e+00	3.48192e+04	1.4e+03
5.3556e+03	2.4e+00	3.48269e+04	1.3e+03
5.3591e+03	2.4e+00	3.44745e+04	1.2e+03
5.3626e+03	2.4e+00	3.43566e+04	1.3e+03
5.3661e+03	2.4e+00	3.42735e+04	1.4e+03
5.3696e+03	2.4e+00	3.43164e+04	1.2e+03
5.3731e+03	2.4e+00	3.40126e+04	1.3e+03
5.3766e+03	2.4e+00	3.38374e+04	1.3e+03
5.3801e+03	2.4e+00	3.36681e+04	1.2e+03
5.3836e+03	2.4e+00	3.33665e+04	1.1e+03
5.3871e+03	2.4e+00	3.32496e+04	1.2e+03
5.3907e+03	2.4e+00	3.30722e+04	1.2e+03
5.3942e+03	2.4e+00	3.25941e+04	1.2e+03
5.3977e+03	2.4e+00	3.22673e+04	1.3e+03
5.4012e+03	2.4e+00	3.21410e+04	1.1e+03
5.4047e+03	2.4e+00	3.19364e+04	1.1e+03
5.4082e+03	2.4e+00	3.16378e+04	1.2e+03
5.4117e+03	2.4e+00	3.15703e+04	1.1e+03
5.4152e+03	2.4e+00	3.13701e+04	9.8e+02
5.4187e+03	2.4e+00	3.11293e+04	1.0e+03
5.4222e+03	2.4e+00	3.08301e+04	1.0e+03
5.4257e+03	2.4e+00	3.05473e+04	9.7e+02
5.4292e+03	2.4e+00	3.04802e+04	1.0e+03
5.4327e+03	2.4e+00	3.03972e+04	9.2e+02
5.4362e+03	2.4e+00	3.04834e+04	1.0e+03
5.4397e+03	2.4e+00	3.06204e+04	1.2e+03
5.4432e+03	2.4e+00	3.04552e+04	1.1e+03
5.4467e+03	2.4e+00	2.99905e+04	1.2e+03
5.4502e+03	2.4e+00	2.95206e+04	1.2e+03
5.4537e+03	2.4e+00	2.95045e+04	1.0e+03
5.4572e+03	2.4e+00	2.95800e+04	9.7e+02
5.4607e+03	2.4e+00	2.94081e+04	8.5e+02
5.4642e+03	2.4e+00	2.92256e+04	9.3e+02
5.4677e+03	2.4e+00	2.91916e+04	9.8e+02
5.4712e+03	2.4e+00	2.90458e+04	1.0e+03
5.4747e+03	2.4e+00	2.86615e+04	9.5e+02
5.4782e+03	2.4e+00	2.88211e+04	1.1e+03
5.4817e+03	2.4e+00	2.87570e+04	1.1e+03
5.4852e+03	2.4e+00	2.87468e+04	9.9e+02
5.4887e+03	2.4e+00	2.88609e+04	1.1e+03
5.4922e+03	2.4e+00	2.85492e+04	1.1e+03
5.4956e+03	2.4e+00	2.84730e+04	1.1e+03
5.4991e+03	2.4e+00	2.85046e+04	1.1e+03
5.5026e+03	2.4e+00	2.83195e+04	1.2e+03
5.5061e+03	2.4e+00	2.80834e+04	1.2e+03
5.5096e+03	2.4e+00	2.82941e+04	1.1e+03
5.5131e+03	2.4e+00	2.85340e+04	1.1e+03
5.5166e+03	2.4e+00	2.81816e+04	1.2e+03
5.5201e+03	2.4e+00	2.79496e+04	1.1e+03
5.5236e+03	2.4e+00	2.77661e+04	9.7e+02
5.5271e+03	2.4e+00	2.77679e+04	1.0e+03
5.5306e+03	2.4e+00	2.76193e+04	1.1e+03
5.5340e+03	2.4e+00	2.78757e+04	1.1e+03
5.5375e+03	2.4e+00	2.76215e+04	1.1e+03
5.5410e+03	2.4e+00	2.74058e+04	1.1e+03
5.5445e+03	2.4e+00	2.73176e+04	9.1e+02
5.5480e+03	2.4e+00	2.74206e+04	9.0e+02
5.5515e+03	2.4e+00	2.72043e+04	9.8e+02
5.5550e+03	2.4e+00	2.69750e+04	9.1e+02
5.5585e+03	2.4e+00	2.66104e+04	9.5e+02
5.5619e+03	2.4e+00	2.62727e+04	1.0e+03
5.5654e+03	2.4e+00	2.61331e+04	9.8e+02
5.5689e+03	2.4e+00	2.62322e+04	8.6e+02
5.5724e+03	2.4e+00	2.56706e+04	8.9e+02
5.5759e+03	2.4e+00	2.54916e+04	8.3e+02
5.5794e+03	2.4e+00	2.56051e+04	8.1e+02
5.5828e+03	2.4e+00	2.54712e+04	8.4e+02
5.5863e+03	2.4e+00	2.50905e+04	8.4e+02
5.5898e+03	2.4e+00	2.49505e+04	8.2e+02
5.5933e+03	2.4e+00	2.51730e+04	8.2e+02
5.5968e+03	2.4e+00	2.49369e+04	8.5e+02
5.6002e+03	2.4e+00	2.48821e+04	9.4e+02
5.6037e+03	2.4e+00	2.49060e+04	8.9e+02
5.6072e+03	2.4e+00	2.47371e+04	7.9e+02
5.6107e+03	2.4e+00	2.46196e+04	8.4e+02
5.6142e+03	2.4e+00	2.41593e+04	9.0e+02
5.6176e+03	2.4e+00	2.44057e+04	8.2e+02
5.6211e+03	2.4e+00	2.43368e+04	8.5e+02
5.6246e+03	2.4e+00	2.38900e+04	8.4e+02
5.6281e+03	2.4e+00	2.42418e+04	8.2e+02
5.6315e+03	2.4e+00	2.43549e+04	8.5e+02
5.6350e+03	2.4e+00	2.41134e+04	8.2e+02
5.6385e+03	2.4e+00	2.39226e+04	8.4e+02
5.6420e+03	2.4e+00	2.37887e+04	8.5e+02
5.6454e+03	2.4e+00	2.41327e+04	9.1e+02
5.6489e+03	2.4e+00	2.43294e+04	8.9e+02
5.6524e+03	2.4e+00	2.39840e+04	8.8e+02
5.6559e+03	2.4e+00	2.38432e+04	9.6e+02
5.6593e+03	2.4e+00	2.38541e+04	1.0e+03
5.6628e+03	2.4e+00	2.37834e+04	9.5e+02
5.6663e+03	2.4e+00	2.38662e+04	8.7e+02
5.6698e+03	2.4e+00	2.40243e+04	9.4e+02
5.6732e+03	2.4e+00	2.37338e+04	9.0e+02
5.6767e+03	2.4e+00	2.35859e+04	8.9e+02
5.6802e+03	2.4e+00	2.35757e+04	9.0e+02
5.6836e+03	2.4e+00	2.35257e+04	8.2e+02
5.6871e+03	2.4e+00	2.31890e+04	8.2e+02
5.6906e+03	2.4e+00	2.30569e+04	9.3e+02
5.6940e+03	2.4e+00	2.29678e+04	8.9e+02
5.6975e+03	2.4e+00	2.29447e+04	7.9e+02
5.7010e+03	2.4e+00	2.25536e+04	7.7e+02
5.7045e+03	2.4e+00	2.23893e+04	8.4e+02
5.7079e+03	2.4e+00	2.23719e+04	7.8e+02
5.7114e+03	2.4e+00	2.24388e+04	8.1e+02
5.7149e+03	2.4e+00	2.25825e+04	8.7e+02
5.7183e+03	2.4e+00	2.22836e+04	9.6e+02
5.7218e+03	2.4e+00	2.19136e+04	8.8e+02
5.7252e+03	2.4e+00	2.18502e+04	8.2e+02
5.7287e+03	2.4e+00	2.18198e+04	7.4e+02
5.7322e+03	2.4e+00	2.16919e+04	6.3e+02
5.7356e+03	2.4e+00	2.15548e+04	6.8e+02
5.7391e+03	2.4e+00	2.15310e+04	7.8e+02
5.7426e+03	2.4e+00	2.13515e+04	7.3e+02
5.7460e+03	2.4e+00	2.12637e+04	7.0e+02
5.7495e+03	2.4e+00	2.14881e+04	7.5e+02
5.7529e+03	2.4e+00	2.11054e+04	8.0e+02
5.7564e+03	2.4e+00	2.09580e+04	7.5e+02
5.7599e+03	2.4e+00	2.11350e+04	7.1e+02
5.7633e+03	2.4e+00	2.11128e+04	7.5e+02
5.7668e+03	2.4e+00	2.11420e+04	7.7e+02
5.7702e+03	2.4e+00	2.10547e+04	7.6e+02
5.7737e+03	2.4e+00	2.07050e+04	7.4e+02
5.7772e+03	2.4e+00	2.06582e+04	6.5e+02
5.7806e+03	2.4e+00	2.06757e+04	6.6e+02
5.7841e+03	2.4e+00	2.06131e+04	6.1e+02
5.7875e+03	2.4e+00	2.04657e+04	6.8e+02
5.7910e+03	2.4e+00	2.06300e+04	7.0e+02
5.7944e+03	2.4e+00	2.06254e+04	7.7e+02
5.7979e+03	2.4e+00	2.05055e+04	7.8e+02
5.8014e+03	2.4e+00	2.02815e+04	7.8e+02
5.8048e+03	2.4e+00	2.03993e+04	7.5e+02
5.8083e+03	2.4e+00	2.04186e+04	7.3e+02
5.8117e+03	2.4e+00	2.04760e+04	7.4e+02
5.8152e+03	2.4e+00	2.02600e+04	8.7e+02
5.8186e+03	2.4e+00	2.05756e+04	8.2e+02
5.8221e+03	2.4e+00	2.05990e+04	7.7e+02
5.8255e+03	2.4e+00	2.02589e+04	7.3e+02
5.8290e+03	2.4e+00	2.03006e+04	7.4e+02
5.8324e+03	2.4e+00	2.04802e+04	8.2e+02
5.8359e+03	2.4e+00	2.04772e+04	9.2e+02
5.8393e+03	2.4e+00	2.07333e+04	9.0e+02
5.8428e+03	2.4e+00	2.08975e+04	8.3e+02
5.8462e+03	2.4e+00	2.06583e+04	8.1e+02
5.8497e+03	2.4e+00	2.07376e+04	8.8e+02
5.8531e+03	2.4e+00	2.04539e+04	7.8e+02
5.8566e+03	2.4e+00	2.02928e+04	8.3e+02
5.8600e+03	2.4e+00	2.01155e+04	7.6e+02
5.8635e+03	2.4e+00	2.00844e+04	7.7e+02
5.8669e+03	2.4e+00	2.01506e+04	7.7e+02
5.8704e+03	2.4e+00	2.00817e+04	6.3e+02
5.8738e+03	2.4e+00	1.98146e+04	6.3e+02
5.8773e+03	2.4e+00	1.94669e+04	7.4e+02
5.8807e+03	2.4e+00	1.92201e+04	7.0e+02
5.8841e+03	2.4e+00	1.91143e+04	7.4e+02
5.8876e+03	2.4e+00	1.91163e+04	7.5e+02
5.8910e+03	2.4e+00	1.89488e+04	6.5e+02
5.8945e+03	2.4e+00	1.86111e+04	5.9e+02
5.8979e+03	2.4e+00	1.84764e+04	6.6e+02
5.9014e+03	2.4e+00	1.86382e+04	7.1e+02
5.9048e+03	2.4e+00	1.89520e+04	6.8e+02
5.9082e+03	2.4e+00	1.88934e+04	6.5e+02
5.9117e+03	2.4e+00	1.87019e+04	5.5e+02
5.9151e+03	2.4e+00	1.86921e+04	6.1e+02
5.9186e+03	2.4e+00	1.85054e+04	6.8e+02
5.9220e+03	2.4e+00	1.83186e+04	6.4e+02
5.9254e+03	2.4e+00	1.82051e+04	6.3e+02
5.9289e+03	2.4e+00	1.83974e+04	5.4e+02
5.9323e+03	2.4e+00	1.83035e+04	5.9e+02
5.9358e+03	2.4e+00	1.84077e+04	6.3e+02
5.9392e+03	2.4e+00	1.83419e+04	5.9e+02
5.9426e+03	2.4e+00	1.83345e+04	6.5e+02
5.9461e+03	2.4e+00	1.83448e+04	6.3e+02
5.9495e+03	2.4e+00	1.81197e+04	6.1e+02
5.9529e+03	2.4e+00	1.81816e+04	6.2e+02
5.9564e+03	2.4e+00	1.84516e+04	6.4e+02
5.9598e+03	2.4e+00	1.84332e+04	6.2e+02
5.9633e+03	2.4e+00	1.84101e+04	6.2e+02
5.9667e+03	2.4e+00	1.82814e+04	6.5e+02
5.9701e+03	2.4e+00	1.81188e+04	6.7e+02
5.9736e+03	2.4e+00	1.83825e+04	6.1e+02
5.9770e+03	2.4e+00	1.83179e+04	5.9e+02
5.9804e+03	2.4e+00	1.81241e+04	6.6e+02
5.9838e+03	2.4e+00	1.82428e+04	6.3e+02
5.9873e+03	2.4e+00	1.81549e+04	7.2e+02
5.9907e+03	2.4e+00	1.81231e+04	7.3e+02
5.9941e+03	2.4e+00	1.80940e+04	7.0e+02
5.9976e+03	2.4e+00	1.79273e+04	6.4e+02
6.0010e+03	2.4e+00	1.79842e+04	6.6e+02
6.0044e+03	2.4e+00	1.78558e+04	7.2e+02
6.0079e+03	2.4e+00	1.78801e+04	7.3e+02
6.0113e+03	2.4e+00	1.78484e+04	6.8e+02
6.0147e+03	2.4e+00	1.75403e+04	6.6e+02
6.0181e+03	2.4e+00	1.75799e+04	5.7e+02
6.0216e+03	2.4e+00	1.77441e+04	5.7e+02
6.0250e+03	2.4e+00	1.76602e+04	6.4e+02
6.0284e+03	2.4e+00	1.75499e+04	5.2e+02
6.0318e+03	2.4e+00	1.77193e+04	4.9e+02
6.0353e+03	2.4e+00	1.73674e+04	6.0e+02
6.0387e+03	2.4e+00	1.72059e+04	5.3e+02
6.0421e+03	2.4e+00	1.72321e+04	5.2e+02
6.0455e+03	2.4e+00	1.72144e+04	5.7e+02
6.0490e+03	2.4e+00	1.70454e+04	6.3e+02
6.0524e+03	2.4e+00	1.72525e+04	6.3e+02
6.0558e+03	2.4e+00	1.71423e+04	5.0e+02
6.0592e+03	2.4e+00	1.69474e+04	4.9e+02
6.0627e+03	2.4e+00	1.67556e+04	5.0e+02
6.0661e+03	2.4e+00	1.67243e+04	4.4e+02
6.0695e+03	2.4e+00	1.66163e+04	5.0e+02
6.0729e+03	2.4e+00	1.67269e+04	5.5e+02
6.0763e+03	2.4e+00	1.67423e+04	5.6e+02
6.0798e+03	2.4e+00	1.66410e+04	5.2e+02
6.0832e+03	2.4e+00	1.64874e+04	5.2e+02
6.0866e+03	2.4e+00	1.65973e+04	4.7e+02
6.0900e+03	2.4e+00	1.65237e+04	5.1e+02
6.0934e+03	2.4e+00	1.64848e+04	5.0e+02
6.0969e+03	2.4e+00	1.63609e+04	5.1e+02
6.1003e+03	2.4e+00	1.61538e+04	5.7e+02
6.1037e+03	2.4e+00	1.64745e+04	6.0e+02
6.1071e+03	2.4e+00	1.64609e+04	5.8e+02
6.1105e+03	2.4e+00	1.62332e+04	5.6e+02
6.1139e+03	2.4e+00	1.62969e+04	5.4e+02
6.1174e+03	2.4e+00	1.63081e+04	5.5e+02
6.1208e+03	2.4e+00	1.62557e+04	5.3e+02
6.1242e+03	2.4e+00	1.61454e+04	5.6e+02
6.1276e+03	2.4e+00	1.62495e+04	5.2e+02
6.1310e+03	2.4e+00	1.62177e+04	5.5e+02
6.1344e+03	2.4e+00	1.62384e+04	5.5e+02
6.1378e+03	2.4e+00	1.60776e+04	4.9e+02
6.1412e+03	2.4e+00	1.60452e+04	4.3e+02
6.1447e+03	2.4e+00	1.59627e+04	4.5e+02
6.1481e+03	2.4e+00	1.59110e+04	4.9e+02
6.1515e+03	2.4e+00	1.58694e+04	5.8e+02
6.1549e+03	2.4e+00	1.58910e+04	4.7e+02
6.1583e+03	2.4e+00	1.58232e+04	4.2e+02
6.1617e+03	2.4e+00	1.56084e+04	4.4e+02
6.1651e+03	2.4e+00	1.57561e+04	4.6e+02
6.1685e+03	2.4e+00	1.60366e+04	5.4e+02
6.1719e+03	2.4e+00	1.59441e+04	5.2e+02
6.1753e+03	2.4e+00	1.57366e+04	4.8e+02
6.1787e+03	2.4e+00	1.59537e+04	4.9e+02
6.1822e+03	2.4e+00	1.60548e+04	5.1e+02
6.1856e+03	2.4e+00	1.58772e+04	5.1e+02
6.1890e+03	2.4e+00	1.55905e+04	4.9e+02
6.1924e+03	2.4e+00	1.57284e+04	4.4e+02
6.1958e+03	2.4e+00	1.58330e+04	4.4e+02
6.1992e+03	2.4e+00	1.56250e+04	4.8e+02
6.2026e+03	2.4e+00	1.55254e+04	4.6e+02
6.2060e+03	2.4e+00	1.53432e+04	4.9e+02
6.2094e+03	2.4e+00	1.52627e+04	4.5e+02
6.2128e+03	2.4e+00	1.54262e+04	4.6e+02
6.2162e+03	2.4e+00	1.53839e+04	4.8e+02
6.2196e+03	2.4e+00	1.52198e+04	5.1e+02
6.2230e+03	2.4e+00	1.50435e+04	4.7e+02
6.2264e+03	2.4e+00	1.49501e+04	3.7e+02
6.2298e+03	2.4e+00	1.48447e+04	4.3e+02
6.2332e+03	2.4e+00	1.49524e+04	5.5e+02
6.2366e+03	2.4e+00	1.47325e+04	5.3e+02
6.2400e+03	2.4e+00	1.46950e+04	5.3e+02
6.2434e+03	2.4e+00	1.46386e+04	4.2e+02
6.2468e+03	2.4e+00	1.47324e+04	3.9e+02
6.2502e+03	2.4e+00	1.48112e+04	4.1e+02
6.2536e+03	2.4e+00	1.47727e+04	3.9e+02
6.2570e+03	2.4e+00	1.47627e+04	4.1e+02
6.2604e+03	2.4e+00	1.43862e+04	4.4e+02
6.2638e+03	2.4e+00	1.43452e+04	3.4e+02
6.2672e+03	2.4e+00	1.42935e+04	3.8e+02
6.2706e+03	2.4e+00	1.41271e+04	4.7e+02
6.2740e+03	2.4e+00	1.41928e+04	4.8e+02
6.2774e+03	2.4e+00	1.39658e+04	4.1e+02
6.2808e+03	2.4e+00	1.40962e+04	4.1e+02
6.2841e+03	2.4e+00	1.41634e+04	4.3e+02
6.2875e+03	2.4e+00	1.42249e+04	4.2e+02
6.2909e+03	2.4e+00	1.41427e+04	3.9e+02
6.2943e+03	2.4e+00	1.40077e+04	3.8e+02
6.2977e+03	2.4e+00	1.42698e+04	3.8e+02
6.3011e+03	2.4e+00	1.41220e+04	3.8e+02
6.3045e+03	2.4e+00	1.40817e+04	3.8e+02
6.3079e+03	2.4e+00	1.41829e+04	4.2e+02
6.3113e+03	2.4e+00	1.41617e+04	3.5e+02
6.3147e+03	2.4e+00	1.39342e+04	3.1e+02
6.3181e+03	2.4e+00	1.39502e+04	3.7e+02
6.3214e+03	2.4e+00	1.40429e+04	4.5e+02
6.3248e+03	2.4e+00	1.40195e+04	4.1e+02
6.3282e+03	2.4e+00	1.41928e+04	3.4e+02
6.3316e+03	2.4e+00	1.39894e+04	3.5e+02
6.3350e+03	2.4e+00	1.38338e+04	5.2e+02
6.3384e+03	2.4e+00	1.39986e+04	4.5e+02
6.3418e+03	2.4e+00	1.38353e+04	4.5e+02
6.3452e+03	2.4e+00	1.36965e+04	4.2e+02
6.3485e+03	2.4e+00	1.38401e+04	5.3e+02
6.3519e+03	2.4e+00	1.36965e+04	5.2e+02
6.3553e+03	2.4e+00	1.38852e+04	4.5e+02
6.3587e+03	2.4e+00	1.37770e+04	4.1e+02
6.3621e+03	2.4e+00	1.38729e+04	4.8e+02
6.3655e+03	2.4e+00	1.37820e+04	4.2e+02
6.3688e+03	2.4e+00	1.36337e+04	4.6e+02
6.3722e+03	2.4e+00	1.34737e+04	5.6e+02
6.3756e+03	2.4e+00	1.35757e+04	4.9e+02
6.3790e+03	2.4e+00	1.36487e+04	5.2e+02
6.3824e+03	2.4e+00	1.36308e+04	4.4e+02
6.3857e+03	2.4e+00	1.34699e+04	4.2e+02
6.3891e+03	2.4e+00	1.33182e+04	3.9e+02
6.3925e+03	2.4e+00	1.33146e+04	3.7e+02
6.3959e+03	2.4e+00	1.35136e+04	4.3e+02
6.3993e+03	2.4e+00	1.35274e+04	4.0e+02
6.4026e+03	2.4e+00	1.32941e+04	4.4e+02
6.4060e+03	2.4e+00	1.35792e+04	4.4e+02
6.4094e+03	2.4e+00	1.36726e+04	4.2e+02
6.4128e+03	2.4e+00	1.33208e+04	3.2e+02
6.4162e+03	2.4e+00	1.32884e+04	3.0e+02
6.4195e+03	2.4e+00	1.32380e+04	3.1e+02
6.4229e+03	2.4e+00	1.34516e+04	3.8e+02
6.4263e+03	2.4e+00	1.32364e+04	3.5e+02
6.4297e+03	2.4e+00	1.30398e+04	3.2e+02
6.4330e+03	2.4e+00	1.33410e+04	3.2e+02
6.4364e+03	2.4e+00	1.31881e+04	3.0e+02
6.4398e+03	2.4e+00	1.33128e+04	2.9e+02
6.4432e+03	2.4e+00	1.33684e+04	3.0e+02
6.4465e+03	2.4e+00	1.29614e+04	2.4e+02
6.4499e+03	2.4e+00	1.30309e+04	2.7e+02
6.4533e+03	2.4e+00	1.31083e+04	3.3e+02
6.4566e+03	2.4e+00	1.30103e+04	3.2e+02
6.4600e+03	2.4e+00	1.28802e+04	2.7e+02
6.4634e+03	2.4e+00	1.29464e+04	3.5e+02
6.4667e+03	2.4e+00	1.28555e+04	3.8e+02
6.4701e+03	2.4e+00	1.30247e+04	3.1e+02
6.4735e+03	2.4e+00	1.29261e+04	3.5e+02
6.4769e+03	2.4e+00	1.28861e+04	3.7e+02
6.4802e+03	2.4e+00	1.27153e+04	3.9e+02
6.4836e+03	2.4e+00	1.28158e+04	3.6e+02
6.4870e+03	2.4e+00	1.27864e+04	3.5e+02
6.4903e+03	2.4e+00	1.24600e+04	5.0e+02
6.4937e+03	2.4e+00	1.22726e+04	4.5e+02
6.4971e+03	2.4e+00	1.24679e+04	4.5e+02
6.5004e+03	2.4e+00	1.26430e+04	3.9e+02
6.5038e+03	2.4e+00	1.24610e+04	4.4e+02
6.5072e+03	2.4e+00	1.25080e+04	5.0e+02
6.5105e+03	2.4e+00	1.21987e+04	4.3e+02
6.5139e+03	2.4e+00	1.20409e+04	3.7e+02
6.5172e+03	2.4e+00	1.19048e+04	4.2e+02
6.5206e+03	2.4e+00	1.20600e+04	5.4e+02
6.5240e+03	2.4e+00	1.18565e+04	4.1e+02
6.5273e+03	2.4e+00	1.16615e+04	4.0e+02
6.5307e+03	2.4e+00	1.15964e+04	3.6e+02
6.5341e+03	2.4e+00	1.14596e+04	4.2e+02
6.5374e+03	2.4e+00	1.12908e+04	5.3e+02
6.5408e+03	2.4e+00	1.08628e+04	4.8e+02
6.5441e+03	2.4e+00	1.03044e+04	3.2e+02
6.5475e+03	2.4e+00	9.83208e+03	3.0e+02
6.5509e+03	2.4e+00	9.25030e+03	3.0e+02
6.5542e+03	2.4e+00	8.36912e+03	2.3e+02
6.5576e+03	2.4e+00	7.43833e+03	2.3e+02
6.5609e+03	2.4e+00	7.16870e+03	2.4e+02
6.5643e+03	2.4e+00	7.53289e+03	2.5e+02
6.5676e+03	2.4e+00	8.39512e+03	2.3e+02
6.5710e+03	2.4e+00	9.34552e+03	2.0e+02
6.5744e+03	2.4e+00	1.00767e+04	3.0e+02
6.5777e+03	2.4e+00	1.04695e+04	3.5e+02
6.5811e+03	2.4e+00	1.07747e+04	2.8e+02
6.5844e+03	2.4e+00	1.10903e+04	2.5e+02
6.5878e+03	2.4e+00	1.13353e+04	3.2e+02
6.5911e+03	2.4e+00	1.13856e+04	3.3e+02
6.5945e+03	2.4e+00	1.15588e+04	3.3e+02
6.5978e+03	2.4e+00	1.14992e+04	3.0e+02
6.6012e+03	2.4e+00	1.14587e+04	3.4e+02
6.6045e+03	2.4e+00	1.15499e+04	3.3e+02
6.6079e+03	2.4e+00	1.15300e+04	3.5e+02
6.6112e+03	2.4e+00	1.15311e+04	3.9e+02
6.6146e+03	2.4e+00	1.17476e+04	3.0e+02
6.6179e+03	2.4e+00	1.15450e+04	4.2e+02
6.6213e+03	2.4e+00	1.15603e+04	4.3e+02
6.6246e+03	2.4e+00	1.15091e+04	4.2e+02
6.6280e+03	2.4e+00	1.14207e+04	4.3e+02
6.6313e+03	2.4e+00	1.16242e+04	4.3e+02
6.6347e+03	2.4e+00	1.16144e+04	2.8e+02
6.6380e+03	2.4e+00	1.16991e+04	3.4e+02
6.6414e+03	2.4e+00	1.19823e+04	3.2e+02
6.6447e+03	2.4e+00	1.15592e+04	4.0e+02
6.6481e+03	2.4e+00	1.15976e+04	5.4e+02
6.6514e+03	2.4e+00	1.14891e+04	3.8e+02
6.6548e+03	2.4e+00	1.14825e+04	4.1e+02
6.6581e+03	2.4e+00	1.15605e+04	5.1e+02
6.6615e+03	2.4e+00	1.14533e+04	4.2e+02
6.6648e+03	2.4e+00	1.14451e+04	3.5e+02
6.6681e+03	2.4e+00	1.13815e+04	4.1e+02
6.6715e+03	2.4e+00	1.15551e+04	5.2e+02
6.6748e+03	2.4e+00	1.13823e+04	5.3e+02
6.6782e+03	2.4e+00	1.14300e+04	4.7e+02
6.6815e+03	2.4e+00	1.13960e+04	4.6e+02
6.6849e+03	2.4e+00	1.11226e+04	4.4e+02
6.6882e+03	2.4e+00	1.12990e+04	4.0e+02
6.6915e+03	2.4e+00	1.12495e+04	3.6e+02
6.6949e+03	2.4e+00	1.11161e+04	3.6e+02
6.6982e+03	2.4e+00	1.10693e+04	3.7e+02
6.7016e+03	2.4e+00	1.10747e+04	4.1e+02
6.7049e+03	2.4e+00	1.12620e+04	3.9e+02
6.7082e+03	2.4e+00	1.13239e+04	3.9e+02
6.7116e+03	2.4e+00	1.10941e+04	4.4e+02
6.7149e+03	2.4e+00	1.10741e+04	3.7e+02
6.7183e+03	2.4e+00	1.12310e+04	3.6e+02
6.7216e+03	2.4e+00	1.10199e+04	3.5e+02
6.7249e+03	2.4e+00	1.08497e+04	3.3e+02
6.7283e+03	2.4e+00	1.09939e+04	4.1e+02
6.7316e+03	2.4e+00	1.09820e+04	3.6e+02
6.7349e+03	2.4e+00	1.09029e+04	3.9e+02
6.7383e+03	2.4e+00	1.07498e+04	3.8e+02
6.7416e+03	2.4e+00	1.07726e+04	4.2e+02
6.7449e+03	2.4e+00	1.07234e+04	3.6e+02
6.7483e+03	2.4e+00	1.08750e+04	3.6e+02
6.7516e+03	2.4e+00	1.09755e+04	3.7e+02
6.7549e+03	2.4e+00	1.06573e+04	3.2e+02
6.7583e+03	2.4e+00	1.04835e+04	3.0e+02
6.7616e+03	2.4e+00	1.06713e+04	4.0e+02
6.7649e+03	2.4e+00	1.06908e+04	4.1e+02
6.7683e+03	2.4e+00	1.06949e+04	3.4e+02
6.7716e+03	2.4e+00	1.08015e+04	3.6e+02
6.7749e+03	2.4e+00	1.08482e+04	4.1e+02
6.7782e+03	2.4e+00	1.08942e+04	3.7e+02
6.7816e+03	2.4e+00	1.07159e+04	2.8e+02
6.7849e+03	2.4e+00	1.06111e+04	3.1e+02
6.7882e+03	2.4e+00	1.04977e+04	3.2e+02
6.7916e+03	2.4e+00	1.05852e+04	3.7e+02
6.7949e+03	2.4e+00	1.06421e+04	5.1e+02
6.7982e+03	2.4e+00	1.07486e+04	4.6e+02
6.8015e+03	2.4e+00	1.06255e+04	4.5e+02
6.8049e+03	2.4e+00	1.03729e+04	4.4e+02
6.8082e+03	2.4e+00	1.05904e+04	3.5e+02
6.8115e+03	2.4e+00	1.05592e+04	2.6e+02
6.8148e+03	2.4e+00	1.03938e+04	2.6e+02
6.8182e+03	2.4e+00	1.01862e+04	4.1e+02
6.8215e+03	2.4e+00	1.03517e+04	4.2e+02
6.8248e+03	2.4e+00	9.99992e+03	4.1e+02
6.8281e+03	2.4e+00	1.00449e+04	3.2e+02
6.8315e+03	2.4e+00	1.00342e+04	2.5e+02
6.8348e+03	2.4e+00	1.00573e+04	2.9e+02
6.8381e+03	2.4e+00	1.01627e+04	2.9e+02
6.8414e+03	2.4e+00	1.00503e+04	3.2e+02
6.8447e+03	2.4e+00	1.01772e+04	4.2e+02
6.8481e+03	2.4e+00	1.02471e+04	3.9e+02
6.8514e+03	2.4e+00	1.00364e+04	3.6e+02
6.8547e+03	2.4e+00	9.89840e+03	3.5e+02
6.8580e+03	2.4e+00	9.56439e+03	3.3e+02
6.8613e+03	2.4e+00	9.00893e+03	2.8e+02
6.8647e+03	2.4e+00	7.96121e+03	2.1e+02
6.8680e+03	2.4e+00	7.17805e+03	2.3e+02
6.8713e+03	2.4e+00	7.28994e+03	2.7e+02
6.8746e+03	2.4e+00	7.89355e+03	2.9e+02
6.8779e+03	2.4e+00	8.58246e+03	3.4e+02
6.8812e+03	2.4e+00	8.65577e+03	3.1e+02
6.8846e+03	2.4e+00	8.51666e+03	2.8e+02
6.8879e+03	2.4e+00	8.48931e+03	3.0e+02
6.8912e+03	2.4e+00	8.50004e+03	3.0e+02
6.8945e+03	2.4e+00	8.51182e+03	2.8e+02
6.8978e+03	2.4e+00	8.51624e+03	3.3e+02
6.9011e+03	2.4e+00	8.52772e+03	2.5e+02
6.9044e+03	2.4e+00	8.84161e+03	3.9e+02
6.9078e+03	2.4e+00	9.02344e+03	3.5e+02
6.9111e+03	2.4e+00	8.89692e+03	2.7e+02
6.9144e+03	2.4e+00	8.82313e+03	2.9e+02
6.9177e+03	2.4e+00	9.18280e+03	3.1e+02
6.9210e+03	2.4e+00	9.25803e+03	2.6e+02
6.9243e+03	2.4e+00	9.04351e+03	2.4e+02
6.9276e+03	2.4e+00	9.22153e+03	2.6e+02
6.9309e+03	2.4e+00	8.98182e+03	2.2e+02
6.9342e+03	2.4e+00	8.86202e+03	2.3e+02
6.9375e+03	2.4e+00	9.00830e+03	1.8e+02
6.9409e+03	2.4e+00	8.99204e+03	2.7e+02
6.9442e+03	2.4e+00	9.02488e+03	2.8e+02
6.9475e+03	2.4e+00	9.04740e+03	3.0e+02
6.9508e+03	2.4e+00	9.20216e+03	3.5e+02
6.9541e+03	2.4e+00	8.93656e+03	4.6e+02
6.9574e+03	2.4e+00	8.87271e+03	2.5e+02
6.9607e+03	2.4e+00	9.08387e+03	2.3e+02
6.9640e+03	2.4e+00	9.15023e+03	2.7e+02
6.9673e+03	2.4e+00	8.86427e+03	3.0e+02
6.9706e+03	2.4e+00	8.83268e+03	2.5e+02
6.9739e+03	2.4e+00	8.90439e+03	2.7e+02
6.9772e+03	2.4e+00	8.93310e+03	2.3e+02
6.9805e+03	2.4e+00	8.66245e+03	2.3e+02
6.9838e+03	2.4e+00	8.65473e+03	3.4e+02
6.9871e+03	2.4e+00	8.54007e+03	2.7e+02
6.9904e+03	2.4e+00	8.48553e+03	3.2e+02
6.9937e+03	2.4e+00	8.60287e+03	3.8e+02
6.9970e+03	2.4e+00	8.60348e+03	3.0e+02
7.0003e+03	2.4e+00	8.54785e+03	3.1e+02
7.0036e+03	2.4e+00	8.46898e+03	2.9e+02
7.0069e+03	2.4e+00	8.30913e+03	3.2e+02
7.0102e+03	2.4e+00	8.34172e+03	2.9e+02
7.0135e+03	2.4e+00	8.36136e+03	3.0e+02
7.0168e+03	2.4e+00	8.05188e+03	2.8e+02
7.0201e+03	2.4e+00	8.19763e+03	3.0e+02
7.0234e+03	2.4e+00	8.21783e+03	3.1e+02
7.0267e+03	2.4e+00	8.19758e+03	2.8e+02
7.0300e+03	2.4e+00	8.27472e+03	2.8e+02
7.0333e+03	2.4e+00	8.14754e+03	2.7e+02
7.0366e+03	2.4e+00	8.04429e+03	2.3e+02
7.0399e+03	2.4e+00	8.07979e+03	2.4e+02
7.0432e+03	2.4e+00	8.14514e+03	2.8e+02
7.0465e+03	2.4e+00	8.10204e+03	2.3e+02
7.0498e+03	2.4e+00	8.07854e+03	2.0e+02
7.0531e+03	2.4e+00	7.90689e+03	1.7e+02
7.0564e+03	2.4e+00	7.91443e+03	1.9e+02
7.0597e+03	2.4e+00	7.92500e+03	2.1e+02
7.0629e+03	2.4e+00	8.14161e+03	1.3e+02
7.0662e+03	2.4e+00	8.17621e+03	2.6e+02
7.0695e+03	2.4e+00	8.05321e+03	2.4e+02
7.0728e+03	2.4e+00	8.00345e+03	2.4e+02
7.0761e+03	2.4e+00	8.02421e+03	2.7e+02
7.0794e+03	2.4e+00	8.07483e+03	2.0e+02
7.0827e+03	2.4e+00	8.02728e+03	2.0e+02
7.0860e+03	2.4e+00	7.88725e+03	2.0e+02
7.0893e+03	2.4e+00	7.92803e+03	2.2e+02
7.0926e+03	2.4e+00	8.01746e+03	2.4e+02
7.0958e+03	2.4e+00	8.12523e+03	2.6e+02
7.0991e+03	2.4e+00	7.96169e+03	2.7e+02
7.1024e+03	2.4e+00	7.79283e+03	3.1e+02
7.1057e+03	2.4e+00	7.91518e+03	3.1e+02
7.1090e+03	2.4e+00	7.93910e+03	2.3e+02
7.1123e+03	2.4e+00	7.81303e+03	2.8e+02
7.1156e+03	2.4e+00	7.81476e+03	3.2e+02
7.1188e+03	2.4e+00	7.88298e+03	3.1e+02
7.1221e+03	2.4e+00	8.03154e+03	2.6e+02
7.1254e+03	2.4e+00	7.87233e+03	2.4e+02
7.1287e+03	2.4e+00	7.93817e+03	2.2e+02
7.1320e+03	2.4e+00	7.70881e+03	4.0e+02
7.1353e+03	2.4e+00	7.68091e+03	3.6e+02
7.1385e+03	2.4e+00	7.59324e+03	3.1e+02
7.1418e+03	2.4e+00	7.46395e+03	3.4e+02
7.1451e+03	2.4e+00	7.57440e+03	3.2e+02
7.1484e+03	2.4e+00	7.33779e+03	3.1e+02
7.1517e+03	2.4e+00	7.33483e+03	3.7e+02
7.1549e+03	2.4e+00	7.47539e+03	3.2e+02
7.1582e+03	2.4e+00	7.01920e+03	2.1e+02
7.1615e+03	2.4e+00	7.04581e+03	3.0e+02
7.1648e+03	2.4e+00	7.10722e+03	3.6e+02
7.1681e+03	2.4e+00	7.06629e+03	3.0e+02
7.1713e+03	2.4e+00	6.90394e+03	3.0e+02
7.1746e+03	2.4e+00	6.65448e+03	2.4e+02
7.1779e+03	2.4e+00	6.64602e+03	2.4e+02
7.1812e+03	2.4e+00	6.36653e+03	1.7e+02
7.1844e+03	2.4e+00	6.35720e+03	1.5e+02
7.1877e+03	2.4e+00	6.43786e+03	1.9e+02
7.1910e+03	2.4e+00	6.38442e+03	2.1e+02
7.1943e+03	2.4e+00	6.46760e+03	2.2e+02
7.1975e+03	2.4e+00	6.49869e+03	2.5e+02
7.2008e+03	2.4e+00	6.45104e+03	2.2e+02
7.2041e+03	2.4e+00	6.57453e+03	2.0e+02
7.2074e+03	2.4e+00	6.80738e+03	2.2e+02
7.2106e+03	2.4e+00	6.81310e+03	1.9e+02
7.2139e+03	2.4e+00	7.01104e+03	1.9e+02
7.2172e+03	2.4e+00	6.61359e+03	2.3e+02
7.2204e+03	2.4e+00	6.80991e+03	1.9e+02
7.2237e+03	2.4e+00	6.87196e+03	2.6e+02
7.2270e+03	2.4e+00	6.45630e+03	2.6e+02
7.2303e+03	2.4e+00	6.24837e+03	2.2e+02
7.2335e+03	2.4e+00	6.30603e+03	2.3e+02
7.2368e+03	2.4e+00	6.32535e+03	2.2e+02
7.2401e+03	2.4e+00	6.15885e+03	1.9e+02
7.2433e+03	2.4e+00	6.25775e+03	1.9e+02
7.2466e+03	2.4e+00	6.28001e+03	2.2e+02
7.2499e+03	2.4e+00	6.11534e+03	2.3e+02
7.2531e+03	2.4e+00	6.19778e+03	3.1e+02
7.2564e+03	2.4e+00	6.19310e+03	2.4e+02
7.2597e+03	2.4e+00	6.30474e+03	2.6e+02
7.2629e+03	2.4e+00	6.12547e+03	3.2e+02
7.2662e+03	2.4e+00	5.90964e+03	3.2e+02
7.2695e+03	2.4e+00	6.03435e+03	3.3e+02
7.2727e+03	2.4e+00	6.09120e+03	3.0e+02
7.2760e+03	2.4e+00	6.14658e+03	2.9e+02
7.2792e+03	2.4e+00	6.09371e+03	3.5e+02
7.2825e+03	2.4e+00	6.15654e+03	4.4e+02
7.2858e+03	2.4e+00	6.19984e+03	3.0e+02
7.2890e+03	2.4e+00	5.96405e+03	3.0e+02
7.2923e+03	2.4e+00	5.82182e+03	3.1e+02
7.2956e+03	2.4e+00	5.93106e+03	2.7e+02
7.2988e+03	2.4e+00	5.83434e+03	1.6e+02
7.3021e+03	2.4e+00	5.93663e+03	2.4e+02
7.3053e+03	2.4e+00	5.95030e+03	1.8e+02
7.3086e+03	2.4e+00	5.99534e+03	2.6e+02
7.3119e+03	2.4e+00	5.98603e+03	1.9e+02
7.3151e+03	2.4e+00	5.80401e+03	2.1e+02
7.3184e+03	2.4e+00	5.92585e+03	2.4e+02
7.3216e+03	2.4e+00	6.06051e+03	2.6e+02
7.3249e+03	2.4e+00	6.03815e+03	2.5e+02
7.3281e+03	2.4e+00	5.87398e+03	2.4e+02
7.3314e+03	2.4e+00	5.88079e+03	2.4e+02
7.3346e+03	2.4e+00	5.98582e+03	2.2e+02
7.3379e+03	2.4e+00	5.86759e+03	2.4e+02
7.3412e+03	2.4e+00	5.78941e+03	2.0e+02
7.3444e+03	2.4e+00	5.83765e+03	2.4e+02
7.3477e+03	2.4e+00	5.84686e+03	2.2e+02
7.3509e+03	2.4e+00	6.04684e+03	2.4e+02
7.3542e+03	2.4e+00	5.87284e+03	2.4e+02
7.3574e+03	2.4e+00	5.93539e+03	2.6e+02
7.3607e+03	2.4e+00	5.77198e+03	2.9e+02
7.3639e+03	2.4e+00	5.72579e+03	2.5e+02
7.3672e+03	2.4e+00	5.65460e+03	2.3e+02
7.3704e+03	2.4e+00	5.78934e+03	2.0e+02
7.3737e+03	2.4e+00	5.88445e+03	2.3e+02
7.3769e+03	2.4e+00	5.71758e+03	2.5e+02
7.3802e+03	2.4e+00	5.53243e+03	2.2e+02
7.3834e+03	2.4e+00	5.66116e+03	2.2e+02
7.3867e+03	2.4e+00	5.60074e+03	2.6e+02
7.3899e+03	2.4e+00	5.70413e+03	2.6e+02
7.3932e+03	2.4e+00	5.79652e+03	1.8e+02
7.3964e+03	2.4e+00	5.69425e+03	2.3e+02
7.3997e+03	2.4e+00	5.53650e+03	1.7e+02
7.4029e+03	2.4e+00	5.56010e+03	2.7e+02
7.4062e+03	2.4e+00	5.42018e+03	2.9e+02
7.4094e+03	2.4e+00	5.37482e+03	4.2e+02
7.4127e+03	2.4e+00	5.43953e+03	3.8e+02
7.4159e+03	2.4e+00	5.57703e+03	2.0e+02
7.4191e+03	2.4e+00	5.55975e+03	2.8e+02
7.4224e+03	2.4e+00	5.42407e+03	2.5e+02
7.4256e+03	2.4e+00	5.50993e+03	2.7e+02
7.4289e+03	2.4e+00	5.43845e+03	2.9e+02
7.4321e+03	2.4e+00	5.42214e+03	3.0e+02
7.4354e+03	2.4e+00	5.41726e+03	3.1e+02
7.4386e+03	2.4e+00	5.37837e+03	2.6e+02
7.4418e+03	2.4e+00	5.36125e+03	2.6e+02
7.4451e+03	2.4e+00	5.37502e+03	2.5e+02
7.4483e+03	2.4e+00	5.25691e+03	2.2e+02
7.4516e+03	2.4e+00	5.39492e+03	3.0e+02
7.4548e+03	2.4e+00	5.34145e+03	2.9e+02
7.4580e+03	2.4e+00	5.50037e+03	2.6e+02
7.4613e+03	2.4e+00	5.36860e+03	2.6e+02
7.4645e+03	2.4e+00	5.20640e+03	2.6e+02
7.4678e+03	2.4e+00	5.23123e+03	2.4e+02
7.4710e+03	2.4e+00	5.14098e+03	3.0e+02
7.4742e+03	2.4e+00	5.14816e+03	3.1e+02
7.4775e+03	2.4e+00	5.03853e+03	2.9e+02
7.4807e+03	2.4e+00	5.07921e+03	2.9e+02
7.4839e+03	2.4e+00	5.15553e+03	2.7e+02
7.4872e+03	2.4e+00	5.27618e+03	2.9e+02
7.4904e+03	2.4e+00	5.07091e+03	2.8e+02
7.4936e+03	2.4e+00	5.06876e+03	2.2e+02
7.4969e+03	2.4e+00	4.92366e+03	3.0e+02
7.5001e+03	2.4e+00	4.89511e+03	3.1e+02
7.5033e+03	2.4e+00	4.85105e+03	2.7e+02
7.5066e+03	2.4e+00	5.03051e+03	2.4e+02
7.5098e+03	2.4e+00	4.78305e+03	2.3e+02
7.5130e+03	2.4e+00	4.72394e+03	2.5e+02
7.5163e+03	2.4e+00	5.06634e+03	2.9e+02
7.5195e+03	2.4e+00	5.05332e+03	2.5e+02
7.5227e+03	2.4e+00	4.88013e+03	2.3e+02
7.5260e+03	2.4e+00	4.66813e+03	2.7e+02
7.5292e+03	2.4e+00	4.80307e+03	2.7e+02
7.5324e+03	2.4e+00	4.75715e+03	2.4e+02
7.5356e+03	2.4e+00	4.76500e+03	2.1e+02
7.5389e+03	2.4e+00	4.71101e+03	2.3e+02
7.5421e+03	2.4e+00	4.72020e+03	2.7e+02
7.5453e+03	2.4e+00	4.68773e+03	2.9e+02
7.5486e+03	2.4e+00	4.67202e+03	2.7e+02
7.5518e+03	2.4e+00	4.68937e+03	3.1e+02
7.5550e+03	2.4e+00	4.64707e+03	3.1e+02
7.5582e+03	2.4e+00	4.73982e+03	3.0e+02
7.5615e+03	2.4e+00	4.59603e+03	3.4e+02
7.5647e+03	2.4e+00	4.78660e+03	3.0e+02
7.5679e+03	2.4e+00	4.99878e+03	2.9e+02
7.5711e+03	2.4e+00	4.68356e+03	3.3e+02
7.5744e+03	2.4e+00	4.65014e+03	3.8e+02
7.5776e+03	2.4e+00	4.70732e+03	3.8e+02
7.5808e+03	2.4e+00	4.62167e+03	2.8e+02
7.5840e+03	2.4e+00	4.57499e+03	2.5e+02
7.5872e+03	2.4e+00	4.35370e+03	3.1e+02
7.5905e+03	2.4e+00	3.95354e+03	2.9e+02
7.5937e+03	2.4e+00	3.23933e+03	2.2e+02
7.5969e+03	2.4e+00	2.40081e+03	2.0e+02
7.6001e+03	2.4e+00	1.61904e+03	1.2e+02
7.6033e+03	2.4e+00	1.19278e+03	1.1e+02
7.6066e+03	2.4e+00	1.11059e+03	1.0e+02
7.6098e+03	2.4e+00	1.33039e+03	9.7e+01
7.6130e+03	2.4e+00	1.90165e+03	1.3e+02
7.6162e+03	2.4e+00	2.42622e+03	1.6e+02
7.6194e+03	2.4e+00	2.67931e+03	1.7e+02
7.6227e+03	2.4e+00	2.47669e+03	1.9e+02
7.6259e+03	2.4e+00	2.26927e+03	1.6e+02
7.6291e+03	2.4e+00	2.18418e+03	1.8e+02
7.6323e+03	2.4e+00	2.05947e+03	1.5e+02
7.6355e+03	2.4e+00	2.06064e+03	1.3e+02
7.6387e+03	2.4e+00	2.05211e+03	1.4e+02
7.6419e+03	2.4e+00	2.34459e+03	1.4e+02
7.6452e+03	2.4e+00	2.58373e+03	1.8e+02
7.6484e+03	2.4e+00	2.86402e+03	2.3e+02
7.6516e+03	2.4e+00	2.88581e+03	2.3e+02
7.6548e+03	2.4e+00	3.19690e+03	2.1e+02
7.6580e+03	2.4e+00	3.14352e+03	2.6e+02
7.6612e+03	2.4e+00	3.31717e+03	2.9e+02
7.6644e+03	2.4e+00	3.49546e+03	2.5e+02
7.6676e+03	2.4e+00	3.48344e+03	2.7e+02
7.6709e+03	2.4e+00	3.59823e+03	2.8e+02
7.6741e+03	2.4e+00	3.72929e+03	2.9e+02
7.6773e+03	2.4e+00	3.90848e+03	2.4e+02
7.6805e+03	2.4e+00	3.69436e+03	2.5e+02
7.6837e+03	2.4e+00	3.81412e+03	3.2e+02
7.6869e+03	2.4e+00	3.70875e+03	3.2e+02
7.6901e+03	2.4e+00	3.80619e+03	2.9e+02
7.6933e+03	2.4e+00	3.72725e+03	4.5e+02
