# lambda [A]	Dlambda [A]	specval [counts]	Dspecval [counts]
3.6723e+03	2.4e+00	4.59625e+03	7.1e+01
3.6760e+03	2.4e+00	5.55222e+03	6.4e+01
3.6797e+03	2.4e+00	6.01409e+03	2.3e+02
3.6834e+03	2.4e+00	6.38718e+03	2.2e+02
3.6871e+03	2.4e+00	7.08057e+03	2.2e+02
3.6908e+03	2.4e+00	7.45970e+03	2.3e+02
3.6945e+03	2.4e+00	7.27142e+03	3.4e+02
3.6982e+03	2.4e+00	7.89130e+03	3.6e+02
3.7019e+03	2.4e+00	8.89984e+03	2.2e+01
3.7057e+03	2.4e+00	1.00032e+04	1.5e+02
3.7094e+03	2.4e+00	1.08311e+04	2.4e+02
3.7131e+03	2.4e+00	1.07889e+04	2.7e+02
3.7168e+03	2.4e+00	1.08206e+04	3.3e+02
3.7205e+03	2.4e+00	1.32343e+04	1.5e+02
3.7242e+03	2.4e+00	1.64443e+04	1.3e+02
3.7279e+03	2.4e+00	1.74884e+04	1.5e+02
3.7316e+03	2.4e+00	1.66694e+04	1.9e+02
3.7353e+03	2.4e+00	1.51730e+04	4.0e+01
3.7390e+03	2.4e+00	1.59880e+04	1.0e+02
3.7427e+03	2.4e+00	2.01302e+04	2.7e+02
3.7464e+03	2.4e+00	2.66581e+04	1.9e+02
3.7501e+03	2.4e+00	3.22155e+04	4.8e+02
3.7539e+03	2.4e+00	3.35075e+04	3.7e+02
3.7576e+03	2.4e+00	3.13397e+04	2.6e+02
3.7613e+03	2.4e+00	2.76446e+04	2.3e+02
3.7650e+03	2.4e+00	2.43929e+04	2.6e+02
3.7687e+03	2.4e+00	2.59435e+04	3.7e+02
3.7724e+03	2.4e+00	3.28961e+04	6.0e+02
3.7761e+03	2.4e+00	4.21717e+04	2.8e+02
3.7798e+03	2.4e+00	5.23296e+04	2.9e+02
3.7835e+03	2.4e+00	5.91091e+04	9.9e+02
3.7872e+03	2.4e+00	6.19458e+04	1.1e+03
3.7909e+03	2.4e+00	6.31834e+04	2.4e+02
3.7946e+03	2.4e+00	5.89585e+04	5.4e+02
3.7983e+03	2.4e+00	5.04494e+04	4.3e+02
3.8020e+03	2.4e+00	4.18394e+04	6.9e+01
3.8057e+03	2.4e+00	3.64060e+04	5.7e+02
3.8094e+03	2.4e+00	4.32760e+04	9.2e+02
3.8131e+03	2.4e+00	5.79134e+04	9.2e+02
3.8168e+03	2.4e+00	7.35879e+04	1.7e+03
3.8205e+03	2.4e+00	8.92098e+04	2.0e+03
3.8242e+03	2.4e+00	1.00289e+05	6.5e+02
3.8279e+03	2.4e+00	1.09604e+05	1.2e+02
3.8315e+03	2.4e+00	1.14105e+05	1.3e+03
3.8352e+03	2.4e+00	1.19650e+05	1.4e+03
3.8389e+03	2.4e+00	1.23607e+05	1.2e+03
3.8426e+03	2.4e+00	1.23309e+05	2.4e+02
3.8463e+03	2.4e+00	1.19549e+05	5.9e+02
3.8500e+03	2.4e+00	1.07722e+05	1.5e+03
3.8537e+03	2.4e+00	9.59000e+04	9.9e+02
3.8574e+03	2.4e+00	7.92319e+04	1.4e+03
3.8611e+03	2.4e+00	6.34542e+04	7.9e+02
3.8648e+03	2.4e+00	6.38232e+04	1.2e+03
3.8685e+03	2.4e+00	8.29732e+04	1.3e+03
3.8722e+03	2.4e+00	1.07274e+05	1.3e+03
3.8759e+03	2.4e+00	1.27152e+05	1.6e+03
3.8795e+03	2.4e+00	1.46602e+05	1.9e+03
3.8832e+03	2.4e+00	1.62714e+05	1.7e+03
3.8869e+03	2.4e+00	1.70365e+05	1.6e+03
3.8906e+03	2.4e+00	1.77269e+05	2.6e+03
3.8943e+03	2.4e+00	1.82561e+05	2.3e+03
3.8980e+03	2.4e+00	1.84879e+05	1.9e+03
3.9017e+03	2.4e+00	1.87365e+05	1.5e+03
3.9054e+03	2.4e+00	1.85769e+05	1.9e+03
3.9090e+03	2.4e+00	1.83275e+05	2.7e+03
3.9127e+03	2.4e+00	1.81834e+05	2.9e+03
3.9164e+03	2.4e+00	1.85855e+05	2.4e+03
3.9201e+03	2.4e+00	1.89512e+05	2.8e+03
3.9238e+03	2.4e+00	1.89106e+05	3.2e+03
3.9275e+03	2.4e+00	1.83296e+05	3.1e+03
3.9312e+03	2.4e+00	1.70662e+05	3.6e+03
3.9348e+03	2.4e+00	1.55492e+05	2.6e+03
3.9385e+03	2.4e+00	1.34387e+05	2.1e+03
3.9422e+03	2.4e+00	1.07910e+05	2.3e+03
3.9459e+03	2.4e+00	8.48494e+04	1.7e+03
3.9496e+03	2.4e+00	8.01421e+04	1.6e+03
3.9532e+03	2.4e+00	9.63306e+04	1.9e+03
3.9569e+03	2.4e+00	1.21663e+05	1.7e+03
3.9606e+03	2.4e+00	1.49740e+05	1.2e+03
3.9643e+03	2.4e+00	1.71983e+05	1.5e+03
3.9680e+03	2.4e+00	1.84533e+05	2.0e+03
3.9716e+03	2.4e+00	1.94828e+05	1.6e+03
3.9753e+03	2.4e+00	2.03861e+05	2.3e+03
3.9790e+03	2.4e+00	2.07793e+05	2.8e+03
3.9827e+03	2.4e+00	2.08773e+05	2.4e+03
3.9864e+03	2.4e+00	2.11612e+05	3.3e+03
3.9900e+03	2.4e+00	2.14343e+05	4.1e+03
3.9937e+03	2.4e+00	2.15230e+05	4.5e+03
3.9974e+03	2.4e+00	2.14005e+05	3.5e+03
4.0011e+03	2.4e+00	2.15709e+05	3.8e+03
4.0047e+03	2.4e+00	2.14737e+05	4.4e+03
4.0084e+03	2.4e+00	2.10909e+05	5.2e+03
4.0121e+03	2.4e+00	2.09030e+05	4.3e+03
4.0158e+03	2.4e+00	2.09652e+05	3.3e+03
4.0194e+03	2.4e+00	2.09361e+05	2.3e+03
4.0231e+03	2.4e+00	2.05754e+05	3.3e+03
4.0268e+03	2.4e+00	2.03606e+05	4.4e+03
4.0304e+03	2.4e+00	2.02806e+05	4.9e+03
4.0341e+03	2.4e+00	2.01468e+05	4.7e+03
4.0378e+03	2.4e+00	1.99223e+05	3.7e+03
4.0415e+03	2.4e+00	1.95808e+05	3.6e+03
4.0451e+03	2.4e+00	1.92899e+05	3.8e+03
4.0488e+03	2.4e+00	1.90017e+05	4.5e+03
4.0525e+03	2.4e+00	1.85283e+05	4.3e+03
4.0561e+03	2.4e+00	1.79182e+05	3.6e+03
4.0598e+03	2.4e+00	1.74730e+05	3.3e+03
4.0635e+03	2.4e+00	1.70064e+05	3.7e+03
4.0671e+03	2.4e+00	1.62030e+05	3.9e+03
4.0708e+03	2.4e+00	1.47078e+05	3.1e+03
4.0745e+03	2.4e+00	1.29712e+05	2.6e+03
4.0781e+03	2.4e+00	1.08701e+05	2.5e+03
4.0818e+03	2.4e+00	8.54898e+04	1.8e+03
4.0855e+03	2.4e+00	7.09814e+04	1.9e+03
4.0891e+03	2.4e+00	7.34425e+04	1.9e+03
4.0928e+03	2.4e+00	9.33770e+04	2.1e+03
4.0965e+03	2.4e+00	1.17108e+05	3.1e+03
4.1001e+03	2.4e+00	1.35357e+05	3.7e+03
4.1038e+03	2.4e+00	1.47234e+05	3.4e+03
4.1075e+03	2.4e+00	1.53714e+05	3.1e+03
4.1111e+03	2.4e+00	1.57466e+05	2.5e+03
4.1148e+03	2.4e+00	1.61268e+05	2.7e+03
4.1184e+03	2.4e+00	1.63686e+05	3.3e+03
4.1221e+03	2.4e+00	1.66918e+05	3.7e+03
4.1258e+03	2.4e+00	1.68236e+05	4.3e+03
4.1294e+03	2.4e+00	1.67608e+05	3.4e+03
4.1331e+03	2.4e+00	1.68927e+05	3.4e+03
4.1367e+03	2.4e+00	1.69875e+05	4.4e+03
4.1404e+03	2.4e+00	1.67469e+05	4.3e+03
4.1441e+03	2.4e+00	1.66850e+05	4.5e+03
4.1477e+03	2.4e+00	1.69101e+05	3.7e+03
4.1514e+03	2.4e+00	1.69626e+05	3.8e+03
4.1550e+03	2.4e+00	1.68570e+05	4.0e+03
4.1587e+03	2.4e+00	1.67746e+05	4.1e+03
4.1623e+03	2.4e+00	1.69235e+05	4.6e+03
4.1660e+03	2.4e+00	1.68491e+05	4.1e+03
4.1697e+03	2.4e+00	1.65717e+05	3.9e+03
4.1733e+03	2.4e+00	1.66719e+05	5.0e+03
4.1770e+03	2.4e+00	1.65949e+05	4.6e+03
4.1806e+03	2.4e+00	1.65045e+05	4.2e+03
4.1843e+03	2.4e+00	1.65751e+05	4.8e+03
4.1879e+03	2.4e+00	1.65005e+05	4.7e+03
4.1916e+03	2.4e+00	1.64253e+05	4.5e+03
4.1952e+03	2.4e+00	1.64181e+05	5.3e+03
4.1989e+03	2.4e+00	1.64037e+05	5.5e+03
4.2025e+03	2.4e+00	1.63187e+05	4.6e+03
4.2062e+03	2.4e+00	1.61162e+05	4.3e+03
4.2098e+03	2.4e+00	1.58913e+05	5.3e+03
4.2135e+03	2.4e+00	1.58202e+05	5.6e+03
4.2171e+03	2.4e+00	1.57554e+05	4.8e+03
4.2208e+03	2.4e+00	1.56135e+05	4.5e+03
4.2244e+03	2.4e+00	1.56224e+05	4.5e+03
4.2281e+03	2.4e+00	1.57276e+05	5.2e+03
4.2317e+03	2.4e+00	1.56027e+05	4.6e+03
4.2354e+03	2.4e+00	1.55103e+05	4.5e+03
4.2390e+03	2.4e+00	1.54658e+05	4.7e+03
4.2427e+03	2.4e+00	1.53084e+05	4.2e+03
4.2463e+03	2.4e+00	1.51128e+05	4.1e+03
4.2500e+03	2.4e+00	1.51278e+05	4.1e+03
4.2536e+03	2.4e+00	1.52164e+05	4.1e+03
4.2572e+03	2.4e+00	1.48983e+05	4.2e+03
4.2609e+03	2.4e+00	1.47924e+05	4.7e+03
4.2645e+03	2.4e+00	1.49226e+05	4.5e+03
4.2682e+03	2.4e+00	1.48271e+05	4.1e+03
4.2718e+03	2.4e+00	1.47358e+05	4.1e+03
4.2755e+03	2.4e+00	1.46520e+05	4.3e+03
4.2791e+03	2.4e+00	1.45073e+05	4.2e+03
4.2827e+03	2.4e+00	1.45093e+05	4.3e+03
4.2864e+03	2.4e+00	1.43666e+05	4.1e+03
4.2900e+03	2.4e+00	1.41595e+05	4.1e+03
4.2937e+03	2.4e+00	1.40389e+05	4.1e+03
4.2973e+03	2.4e+00	1.38715e+05	4.1e+03
4.3010e+03	2.4e+00	1.36584e+05	4.4e+03
4.3046e+03	2.4e+00	1.33018e+05	4.1e+03
4.3082e+03	2.4e+00	1.29048e+05	3.6e+03
4.3119e+03	2.4e+00	1.25742e+05	3.5e+03
4.3155e+03	2.4e+00	1.17520e+05	3.1e+03
4.3191e+03	2.4e+00	1.06747e+05	2.7e+03
4.3228e+03	2.4e+00	9.50276e+04	2.8e+03
4.3264e+03	2.4e+00	8.00019e+04	2.5e+03
4.3301e+03	2.4e+00	6.44414e+04	2.0e+03
4.3337e+03	2.4e+00	5.83354e+04	1.9e+03
4.3373e+03	2.4e+00	6.51259e+04	2.1e+03
4.3410e+03	2.4e+00	8.01841e+04	2.6e+03
4.3446e+03	2.4e+00	9.47315e+04	3.1e+03
4.3482e+03	2.4e+00	1.06895e+05	3.8e+03
4.3519e+03	2.4e+00	1.16009e+05	3.4e+03
4.3555e+03	2.4e+00	1.21140e+05	3.5e+03
4.3591e+03	2.4e+00	1.25543e+05	3.9e+03
4.3628e+03	2.4e+00	1.27555e+05	4.1e+03
4.3664e+03	2.4e+00	1.27954e+05	4.2e+03
4.3700e+03	2.4e+00	1.29508e+05	3.9e+03
4.3737e+03	2.4e+00	1.29591e+05	4.3e+03
4.3773e+03	2.4e+00	1.28943e+05	4.5e+03
4.3809e+03	2.4e+00	1.29126e+05	4.6e+03
4.3845e+03	2.4e+00	1.27522e+05	4.2e+03
4.3882e+03	2.4e+00	1.26744e+05	4.5e+03
4.3918e+03	2.4e+00	1.27570e+05	4.6e+03
4.3954e+03	2.4e+00	1.27558e+05	4.3e+03
4.3991e+03	2.4e+00	1.27156e+05	4.3e+03
4.4027e+03	2.4e+00	1.26873e+05	4.5e+03
4.4063e+03	2.4e+00	1.24850e+05	4.3e+03
4.4099e+03	2.4e+00	1.24103e+05	4.0e+03
4.4136e+03	2.4e+00	1.23610e+05	3.8e+03
4.4172e+03	2.4e+00	1.23091e+05	3.9e+03
4.4208e+03	2.4e+00	1.22652e+05	4.2e+03
4.4244e+03	2.4e+00	1.22362e+05	4.3e+03
4.4281e+03	2.4e+00	1.22812e+05	4.3e+03
4.4317e+03	2.4e+00	1.21290e+05	4.1e+03
4.4353e+03	2.4e+00	1.20757e+05	4.0e+03
4.4389e+03	2.4e+00	1.19290e+05	4.2e+03
4.4426e+03	2.4e+00	1.19069e+05	4.0e+03
4.4462e+03	2.4e+00	1.19380e+05	3.9e+03
4.4498e+03	2.4e+00	1.18924e+05	3.6e+03
4.4534e+03	2.4e+00	1.18241e+05	4.1e+03
4.4570e+03	2.4e+00	1.17675e+05	4.1e+03
4.4607e+03	2.4e+00	1.17322e+05	3.7e+03
4.4643e+03	2.4e+00	1.15545e+05	3.9e+03
4.4679e+03	2.4e+00	1.15942e+05	4.3e+03
4.4715e+03	2.4e+00	1.15201e+05	4.2e+03
4.4751e+03	2.4e+00	1.12517e+05	4.0e+03
4.4788e+03	2.4e+00	1.11410e+05	4.2e+03
4.4824e+03	2.4e+00	1.11293e+05	4.0e+03
4.4860e+03	2.4e+00	1.12056e+05	4.2e+03
4.4896e+03	2.4e+00	1.12044e+05	4.4e+03
4.4932e+03	2.4e+00	1.12238e+05	4.1e+03
4.4968e+03	2.4e+00	1.11599e+05	4.3e+03
4.5005e+03	2.4e+00	1.10469e+05	4.1e+03
4.5041e+03	2.4e+00	1.10356e+05	3.7e+03
4.5077e+03	2.4e+00	1.10793e+05	4.4e+03
4.5113e+03	2.4e+00	1.10187e+05	4.9e+03
4.5149e+03	2.4e+00	1.08704e+05	4.8e+03
4.5185e+03	2.4e+00	1.07074e+05	4.6e+03
4.5221e+03	2.4e+00	1.05901e+05	4.7e+03
4.5258e+03	2.4e+00	1.05554e+05	4.4e+03
4.5294e+03	2.4e+00	1.05502e+05	4.2e+03
4.5330e+03	2.4e+00	1.05073e+05	4.1e+03
4.5366e+03	2.4e+00	1.06072e+05	4.2e+03
4.5402e+03	2.4e+00	1.05662e+05	4.3e+03
4.5438e+03	2.4e+00	1.03129e+05	4.1e+03
4.5474e+03	2.4e+00	1.01579e+05	4.1e+03
4.5510e+03	2.4e+00	9.98307e+04	4.0e+03
4.5546e+03	2.4e+00	9.86703e+04	3.8e+03
4.5582e+03	2.4e+00	9.89016e+04	3.7e+03
4.5619e+03	2.4e+00	9.83793e+04	3.8e+03
4.5655e+03	2.4e+00	9.84673e+04	4.0e+03
4.5691e+03	2.4e+00	9.76582e+04	3.9e+03
4.5727e+03	2.4e+00	9.66453e+04	3.8e+03
4.5763e+03	2.4e+00	9.62397e+04	3.7e+03
4.5799e+03	2.4e+00	9.56181e+04	3.7e+03
4.5835e+03	2.4e+00	9.38204e+04	3.7e+03
4.5871e+03	2.4e+00	9.30514e+04	3.7e+03
4.5907e+03	2.4e+00	9.37657e+04	3.6e+03
4.5943e+03	2.4e+00	9.30792e+04	3.5e+03
4.5979e+03	2.4e+00	9.24339e+04	3.7e+03
4.6015e+03	2.4e+00	9.16758e+04	3.5e+03
4.6051e+03	2.4e+00	9.18726e+04	3.4e+03
4.6087e+03	2.4e+00	9.23050e+04	3.9e+03
4.6123e+03	2.4e+00	9.13263e+04	3.8e+03
4.6159e+03	2.4e+00	8.96165e+04	3.7e+03
4.6195e+03	2.4e+00	8.88201e+04	3.7e+03
4.6231e+03	2.4e+00	8.86609e+04	3.6e+03
4.6267e+03	2.4e+00	8.90199e+04	3.8e+03
4.6303e+03	2.4e+00	8.90070e+04	3.9e+03
4.6339e+03	2.4e+00	8.76875e+04	3.6e+03
4.6375e+03	2.4e+00	8.68497e+04	3.4e+03
4.6411e+03	2.4e+00	8.64442e+04	3.6e+03
4.6447e+03	2.4e+00	8.67256e+04	3.6e+03
4.6483e+03	2.4e+00	8.65294e+04	3.5e+03
4.6519e+03	2.4e+00	8.59345e+04	3.4e+03
4.6555e+03	2.4e+00	8.68225e+04	3.6e+03
4.6591e+03	2.4e+00	8.57455e+04	3.6e+03
4.6627e+03	2.4e+00	8.45693e+04	3.4e+03
4.6663e+03	2.4e+00	8.48025e+04	3.8e+03
4.6699e+03	2.4e+00	8.43248e+04	4.0e+03
4.6735e+03	2.4e+00	8.33677e+04	3.9e+03
4.6771e+03	2.4e+00	8.34833e+04	4.0e+03
4.6807e+03	2.4e+00	8.23928e+04	4.0e+03
4.6843e+03	2.4e+00	8.23532e+04	3.7e+03
4.6879e+03	2.4e+00	8.15949e+04	3.5e+03
4.6915e+03	2.4e+00	8.08048e+04	3.5e+03
4.6950e+03	2.4e+00	8.07727e+04	3.5e+03
4.6986e+03	2.4e+00	8.03692e+04	3.7e+03
4.7022e+03	2.4e+00	7.96623e+04	3.5e+03
4.7058e+03	2.4e+00	7.87813e+04	3.3e+03
4.7094e+03	2.4e+00	7.79155e+04	3.1e+03
4.7130e+03	2.4e+00	7.75199e+04	3.1e+03
4.7166e+03	2.4e+00	7.69023e+04	3.2e+03
4.7202e+03	2.4e+00	7.63441e+04	3.5e+03
4.7238e+03	2.4e+00	7.58113e+04	3.3e+03
4.7274e+03	2.4e+00	7.50309e+04	3.2e+03
4.7309e+03	2.4e+00	7.44684e+04	3.0e+03
4.7345e+03	2.4e+00	7.41518e+04	3.1e+03
4.7381e+03	2.4e+00	7.35585e+04	2.9e+03
4.7417e+03	2.4e+00	7.32475e+04	3.1e+03
4.7453e+03	2.4e+00	7.19517e+04	3.2e+03
4.7489e+03	2.4e+00	7.10943e+04	3.0e+03
4.7525e+03	2.4e+00	7.11280e+04	2.9e+03
4.7560e+03	2.4e+00	7.08632e+04	3.0e+03
4.7596e+03	2.4e+00	7.02594e+04	2.8e+03
4.7632e+03	2.4e+00	6.96721e+04	2.7e+03
4.7668e+03	2.4e+00	6.88396e+04	2.8e+03
4.7704e+03	2.4e+00	6.79776e+04	2.8e+03
4.7740e+03	2.4e+00	6.76672e+04	3.0e+03
4.7775e+03	2.4e+00	6.76856e+04	2.8e+03
4.7811e+03	2.4e+00	6.70880e+04	3.0e+03
4.7847e+03	2.4e+00	6.64058e+04	2.9e+03
4.7883e+03	2.4e+00	6.54754e+04	2.8e+03
4.7919e+03	2.4e+00	6.50491e+04	3.0e+03
4.7954e+03	2.4e+00	6.46580e+04	2.9e+03
4.7990e+03	2.4e+00	6.42625e+04	2.8e+03
4.8026e+03	2.4e+00	6.40395e+04	2.8e+03
4.8062e+03	2.4e+00	6.33875e+04	2.8e+03
4.8098e+03	2.4e+00	6.30474e+04	3.0e+03
4.8133e+03	2.4e+00	6.34864e+04	3.0e+03
4.8169e+03	2.4e+00	6.23399e+04	2.8e+03
4.8205e+03	2.4e+00	6.17348e+04	2.8e+03
4.8241e+03	2.4e+00	6.11293e+04	2.8e+03
4.8276e+03	2.4e+00	6.00435e+04	2.7e+03
4.8312e+03	2.4e+00	5.98174e+04	2.9e+03
4.8348e+03	2.4e+00	5.87773e+04	2.7e+03
4.8384e+03	2.4e+00	5.74385e+04	2.8e+03
4.8419e+03	2.4e+00	5.52481e+04	3.0e+03
4.8455e+03	2.4e+00	5.22483e+04	2.8e+03
4.8491e+03	2.4e+00	4.83436e+04	2.6e+03
4.8527e+03	2.4e+00	4.31463e+04	2.4e+03
4.8562e+03	2.4e+00	3.74836e+04	2.1e+03
4.8598e+03	2.4e+00	3.14920e+04	1.7e+03
4.8634e+03	2.4e+00	2.76956e+04	1.4e+03
4.8669e+03	2.4e+00	2.92284e+04	1.4e+03
4.8705e+03	2.4e+00	3.43385e+04	1.8e+03
4.8741e+03	2.4e+00	4.06090e+04	2.1e+03
4.8777e+03	2.4e+00	4.50529e+04	2.5e+03
4.8812e+03	2.4e+00	4.82525e+04	2.5e+03
4.8848e+03	2.4e+00	5.10243e+04	2.6e+03
4.8884e+03	2.4e+00	5.31060e+04	2.5e+03
4.8919e+03	2.4e+00	5.33632e+04	2.5e+03
4.8955e+03	2.4e+00	5.37687e+04	2.6e+03
4.8991e+03	2.4e+00	5.47815e+04	2.6e+03
4.9026e+03	2.4e+00	5.53361e+04	2.6e+03
4.9062e+03	2.4e+00	5.42190e+04	2.6e+03
4.9098e+03	2.4e+00	5.43004e+04	2.5e+03
4.9133e+03	2.4e+00	5.43344e+04	2.4e+03
4.9169e+03	2.4e+00	5.36194e+04	2.4e+03
4.9205e+03	2.4e+00	5.36982e+04	2.4e+03
4.9240e+03	2.4e+00	5.36206e+04	2.5e+03
4.9276e+03	2.4e+00	5.28959e+04	2.4e+03
4.9312e+03	2.4e+00	5.30003e+04	2.3e+03
4.9347e+03	2.4e+00	5.34643e+04	2.5e+03
4.9383e+03	2.4e+00	5.35013e+04	2.6e+03
4.9418e+03	2.4e+00	5.32784e+04	2.5e+03
4.9454e+03	2.4e+00	5.29033e+04	2.4e+03
4.9490e+03	2.4e+00	5.26230e+04	2.4e+03
4.9525e+03	2.4e+00	5.24098e+04	2.6e+03
4.9561e+03	2.4e+00	5.25293e+04	2.6e+03
4.9596e+03	2.4e+00	5.20591e+04	2.5e+03
4.9632e+03	2.4e+00	5.13338e+04	2.6e+03
4.9668e+03	2.4e+00	5.12510e+04	2.7e+03
4.9703e+03	2.4e+00	5.07451e+04	2.5e+03
4.9739e+03	2.4e+00	5.09940e+04	2.5e+03
4.9774e+03	2.4e+00	5.13672e+04	2.7e+03
4.9810e+03	2.4e+00	5.06352e+04	2.5e+03
4.9845e+03	2.4e+00	5.02927e+04	2.6e+03
4.9881e+03	2.4e+00	5.04249e+04	2.7e+03
4.9917e+03	2.4e+00	5.01296e+04	2.7e+03
4.9952e+03	2.4e+00	5.03645e+04	2.5e+03
4.9988e+03	2.4e+00	5.02889e+04	2.6e+03
5.0023e+03	2.4e+00	4.96039e+04	2.8e+03
5.0059e+03	2.4e+00	4.91272e+04	2.8e+03
5.0094e+03	2.4e+00	4.91289e+04	2.6e+03
5.0130e+03	2.4e+00	4.87072e+04	2.5e+03
5.0165e+03	2.4e+00	4.85116e+04	2.9e+03
5.0201e+03	2.4e+00	4.86400e+04	2.9e+03
5.0236e+03	2.4e+00	4.75204e+04	2.8e+03
5.0272e+03	2.4e+00	4.74111e+04	2.8e+03
5.0307e+03	2.4e+00	4.76582e+04	2.9e+03
5.0343e+03	2.4e+00	4.70372e+04	2.7e+03
5.0378e+03	2.4e+00	4.63977e+04	2.5e+03
5.0414e+03	2.4e+00	4.59565e+04	2.4e+03
5.0449e+03	2.4e+00	4.59957e+04	2.4e+03
5.0485e+03	2.4e+00	4.62493e+04	2.4e+03
5.0520e+03	2.4e+00	4.54854e+04	2.4e+03
5.0556e+03	2.4e+00	4.50130e+04	2.5e+03
5.0591e+03	2.4e+00	4.50264e+04	2.5e+03
5.0627e+03	2.4e+00	4.45449e+04	2.3e+03
5.0662e+03	2.4e+00	4.42397e+04	2.4e+03
5.0698e+03	2.4e+00	4.39545e+04	2.4e+03
5.0733e+03	2.4e+00	4.38721e+04	2.2e+03
5.0769e+03	2.4e+00	4.36784e+04	2.2e+03
5.0804e+03	2.4e+00	4.36830e+04	2.2e+03
5.0840e+03	2.4e+00	4.39091e+04	2.1e+03
5.0875e+03	2.4e+00	4.29072e+04	2.1e+03
5.0910e+03	2.4e+00	4.23423e+04	2.2e+03
5.0946e+03	2.4e+00	4.24624e+04	2.2e+03
5.0981e+03	2.4e+00	4.20361e+04	2.1e+03
5.1017e+03	2.4e+00	4.19234e+04	2.2e+03
5.1052e+03	2.4e+00	4.21247e+04	2.2e+03
5.1088e+03	2.4e+00	4.20179e+04	2.2e+03
5.1123e+03	2.4e+00	4.15775e+04	2.2e+03
5.1158e+03	2.4e+00	4.14748e+04	2.2e+03
5.1194e+03	2.4e+00	4.16923e+04	2.0e+03
5.1229e+03	2.4e+00	4.10793e+04	1.8e+03
5.1265e+03	2.4e+00	4.03776e+04	1.8e+03
5.1300e+03	2.4e+00	4.05432e+04	2.0e+03
5.1335e+03	2.4e+00	4.04898e+04	2.1e+03
5.1371e+03	2.4e+00	3.97496e+04	2.0e+03
5.1406e+03	2.4e+00	3.96510e+04	1.9e+03
5.1441e+03	2.4e+00	3.96283e+04	2.1e+03
5.1477e+03	2.4e+00	3.93479e+04	2.1e+03
5.1512e+03	2.4e+00	3.93673e+04	2.2e+03
5.1548e+03	2.4e+00	3.93460e+04	2.2e+03
5.1583e+03	2.4e+00	3.92712e+04	2.1e+03
5.1618e+03	2.4e+00	3.88805e+04	2.1e+03
5.1654e+03	2.4e+00	3.85780e+04	2.0e+03
5.1689e+03	2.4e+00	3.78818e+04	2.2e+03
5.1724e+03	2.4e+00	3.71236e+04	2.2e+03
5.1760e+03	2.4e+00	3.71549e+04	2.0e+03
5.1795e+03	2.4e+00	3.74079e+04	2.1e+03
5.1830e+03	2.4e+00	3.72763e+04	2.2e+03
5.1866e+03	2.4e+00	3.71403e+04	2.3e+03
5.1901e+03	2.4e+00	3.71868e+04	2.2e+03
5.1936e+03	2.4e+00	3.68637e+04	2.2e+03
5.1971e+03	2.4e+00	3.70914e+04	2.2e+03
5.2007e+03	2.4e+00	3.66288e+04	2.1e+03
5.2042e+03	2.4e+00	3.61310e+04	2.1e+03
5.2077e+03	2.4e+00	3.58363e+04	2.1e+03
5.2113e+03	2.4e+00	3.63431e+04	2.1e+03
5.2148e+03	2.4e+00	3.60611e+04	2.2e+03
5.2183e+03	2.4e+00	3.56341e+04	2.1e+03
5.2219e+03	2.4e+00	3.53636e+04	1.9e+03
5.2254e+03	2.4e+00	3.51013e+04	1.7e+03
5.2289e+03	2.4e+00	3.45828e+04	1.8e+03
5.2324e+03	2.4e+00	3.44640e+04	1.8e+03
5.2360e+03	2.4e+00	3.42699e+04	1.9e+03
5.2395e+03	2.4e+00	3.41980e+04	1.9e+03
5.2430e+03	2.4e+00	3.40789e+04	1.8e+03
5.2465e+03	2.4e+00	3.36715e+04	1.8e+03
5.2501e+03	2.4e+00	3.37133e+04	1.9e+03
5.2536e+03	2.4e+00	3.33778e+04	1.8e+03
5.2571e+03	2.4e+00	3.30643e+04	1.7e+03
5.2606e+03	2.4e+00	3.26496e+04	1.7e+03
5.2641e+03	2.4e+00	3.24902e+04	1.7e+03
5.2677e+03	2.4e+00	3.22610e+04	1.7e+03
5.2712e+03	2.4e+00	3.19436e+04	1.7e+03
5.2747e+03	2.4e+00	3.16658e+04	1.7e+03
5.2782e+03	2.4e+00	3.12789e+04	1.7e+03
5.2817e+03	2.4e+00	3.12820e+04	1.7e+03
5.2853e+03	2.4e+00	3.11443e+04	1.6e+03
5.2888e+03	2.4e+00	3.13342e+04	1.6e+03
5.2923e+03	2.4e+00	3.11731e+04	1.7e+03
5.2958e+03	2.4e+00	3.08897e+04	1.6e+03
5.2993e+03	2.4e+00	3.07094e+04	1.6e+03
5.3029e+03	2.4e+00	3.04986e+04	1.7e+03
5.3064e+03	2.4e+00	3.05801e+04	1.7e+03
5.3099e+03	2.4e+00	3.05871e+04	1.7e+03
5.3134e+03	2.4e+00	3.01802e+04	1.7e+03
5.3169e+03	2.4e+00	3.01825e+04	1.6e+03
5.3204e+03	2.4e+00	2.99697e+04	1.6e+03
5.3240e+03	2.4e+00	2.99461e+04	1.5e+03
5.3275e+03	2.4e+00	2.98419e+04	1.6e+03
5.3310e+03	2.4e+00	2.93039e+04	1.9e+03
5.3345e+03	2.4e+00	2.95430e+04	1.8e+03
5.3380e+03	2.4e+00	2.97148e+04	1.7e+03
5.3415e+03	2.4e+00	2.95498e+04	1.6e+03
5.3450e+03	2.4e+00	2.93925e+04	1.8e+03
5.3485e+03	2.4e+00	2.92899e+04	1.9e+03
5.3521e+03	2.4e+00	2.95813e+04	2.0e+03
5.3556e+03	2.4e+00	2.98146e+04	2.0e+03
5.3591e+03	2.4e+00	2.93016e+04	1.8e+03
5.3626e+03	2.4e+00	2.91496e+04	1.9e+03
5.3661e+03	2.4e+00	2.89771e+04	1.8e+03
5.3696e+03	2.4e+00	2.89023e+04	1.6e+03
5.3731e+03	2.4e+00	2.86852e+04	1.6e+03
5.3766e+03	2.4e+00	2.86538e+04	1.6e+03
5.3801e+03	2.4e+00	2.87459e+04	1.7e+03
5.3836e+03	2.4e+00	2.85840e+04	1.6e+03
5.3871e+03	2.4e+00	2.80283e+04	1.6e+03
5.3907e+03	2.4e+00	2.76299e+04	1.7e+03
5.3942e+03	2.4e+00	2.74468e+04	1.6e+03
5.3977e+03	2.4e+00	2.73401e+04	1.5e+03
5.4012e+03	2.4e+00	2.71159e+04	1.7e+03
5.4047e+03	2.4e+00	2.72442e+04	1.7e+03
5.4082e+03	2.4e+00	2.68225e+04	1.5e+03
5.4117e+03	2.4e+00	2.64702e+04	1.5e+03
5.4152e+03	2.4e+00	2.62817e+04	1.4e+03
5.4187e+03	2.4e+00	2.62974e+04	1.4e+03
5.4222e+03	2.4e+00	2.62216e+04	1.5e+03
5.4257e+03	2.4e+00	2.57632e+04	1.4e+03
5.4292e+03	2.4e+00	2.58013e+04	1.4e+03
5.4327e+03	2.4e+00	2.58346e+04	1.3e+03
5.4362e+03	2.4e+00	2.55375e+04	1.4e+03
5.4397e+03	2.4e+00	2.53963e+04	1.5e+03
5.4432e+03	2.4e+00	2.54291e+04	1.4e+03
5.4467e+03	2.4e+00	2.53047e+04	1.4e+03
5.4502e+03	2.4e+00	2.49741e+04	1.5e+03
5.4537e+03	2.4e+00	2.48069e+04	1.4e+03
5.4572e+03	2.4e+00	2.49501e+04	1.4e+03
5.4607e+03	2.4e+00	2.47176e+04	1.3e+03
5.4642e+03	2.4e+00	2.47944e+04	1.4e+03
5.4677e+03	2.4e+00	2.48889e+04	1.4e+03
5.4712e+03	2.4e+00	2.45414e+04	1.3e+03
5.4747e+03	2.4e+00	2.43593e+04	1.3e+03
5.4782e+03	2.4e+00	2.44886e+04	1.3e+03
5.4817e+03	2.4e+00	2.44564e+04	1.3e+03
5.4852e+03	2.4e+00	2.45542e+04	1.4e+03
5.4887e+03	2.4e+00	2.44317e+04	1.3e+03
5.4922e+03	2.4e+00	2.42492e+04	1.4e+03
5.4956e+03	2.4e+00	2.41340e+04	1.4e+03
5.4991e+03	2.4e+00	2.38920e+04	1.4e+03
5.5026e+03	2.4e+00	2.37916e+04	1.4e+03
5.5061e+03	2.4e+00	2.38740e+04	1.4e+03
5.5096e+03	2.4e+00	2.37410e+04	1.4e+03
5.5131e+03	2.4e+00	2.39412e+04	1.3e+03
5.5166e+03	2.4e+00	2.38747e+04	1.2e+03
5.5201e+03	2.4e+00	2.36542e+04	1.3e+03
5.5236e+03	2.4e+00	2.34983e+04	1.5e+03
5.5271e+03	2.4e+00	2.35074e+04	1.5e+03
5.5306e+03	2.4e+00	2.31535e+04	1.5e+03
5.5340e+03	2.4e+00	2.30583e+04	1.4e+03
5.5375e+03	2.4e+00	2.29322e+04	1.4e+03
5.5410e+03	2.4e+00	2.26246e+04	1.4e+03
5.5445e+03	2.4e+00	2.27292e+04	1.4e+03
5.5480e+03	2.4e+00	2.25340e+04	1.3e+03
5.5515e+03	2.4e+00	2.22287e+04	1.3e+03
5.5550e+03	2.4e+00	2.19817e+04	1.3e+03
5.5585e+03	2.4e+00	2.21526e+04	1.3e+03
5.5619e+03	2.4e+00	2.22769e+04	1.3e+03
5.5654e+03	2.4e+00	2.21544e+04	1.3e+03
5.5689e+03	2.4e+00	2.15986e+04	1.2e+03
5.5724e+03	2.4e+00	2.14955e+04	1.2e+03
5.5759e+03	2.4e+00	2.12603e+04	1.2e+03
5.5794e+03	2.4e+00	2.13865e+04	1.2e+03
5.5828e+03	2.4e+00	2.14324e+04	1.2e+03
5.5863e+03	2.4e+00	2.11036e+04	1.2e+03
5.5898e+03	2.4e+00	2.11169e+04	1.2e+03
5.5933e+03	2.4e+00	2.08759e+04	1.2e+03
5.5968e+03	2.4e+00	2.09288e+04	1.2e+03
5.6002e+03	2.4e+00	2.10798e+04	1.2e+03
5.6037e+03	2.4e+00	2.09755e+04	1.1e+03
5.6072e+03	2.4e+00	2.08634e+04	1.1e+03
5.6107e+03	2.4e+00	2.03814e+04	1.2e+03
5.6142e+03	2.4e+00	2.04542e+04	1.1e+03
5.6176e+03	2.4e+00	2.04135e+04	1.1e+03
5.6211e+03	2.4e+00	2.01860e+04	1.1e+03
5.6246e+03	2.4e+00	2.00983e+04	1.1e+03
5.6281e+03	2.4e+00	2.02367e+04	1.1e+03
5.6315e+03	2.4e+00	2.03617e+04	1.1e+03
5.6350e+03	2.4e+00	2.02194e+04	1.1e+03
5.6385e+03	2.4e+00	2.01593e+04	1.1e+03
5.6420e+03	2.4e+00	2.01610e+04	1.1e+03
5.6454e+03	2.4e+00	2.00260e+04	1.0e+03
5.6489e+03	2.4e+00	1.99236e+04	1.0e+03
5.6524e+03	2.4e+00	2.00284e+04	1.0e+03
5.6559e+03	2.4e+00	1.98276e+04	1.0e+03
5.6593e+03	2.4e+00	1.96727e+04	1.2e+03
5.6628e+03	2.4e+00	1.98688e+04	1.2e+03
5.6663e+03	2.4e+00	1.98706e+04	1.1e+03
5.6698e+03	2.4e+00	1.98560e+04	1.0e+03
5.6732e+03	2.4e+00	1.97978e+04	1.1e+03
5.6767e+03	2.4e+00	1.96566e+04	1.1e+03
5.6802e+03	2.4e+00	1.94757e+04	1.2e+03
5.6836e+03	2.4e+00	1.93314e+04	1.3e+03
5.6871e+03	2.4e+00	1.94984e+04	1.2e+03
5.6906e+03	2.4e+00	1.94177e+04	1.2e+03
5.6940e+03	2.4e+00	1.90979e+04	1.2e+03
5.6975e+03	2.4e+00	1.91720e+04	1.2e+03
5.7010e+03	2.4e+00	1.90390e+04	1.3e+03
5.7045e+03	2.4e+00	1.89914e+04	1.2e+03
5.7079e+03	2.4e+00	1.89944e+04	1.2e+03
5.7114e+03	2.4e+00	1.89060e+04	1.2e+03
5.7149e+03	2.4e+00	1.88582e+04	1.1e+03
5.7183e+03	2.4e+00	1.84219e+04	1.1e+03
5.7218e+03	2.4e+00	1.83632e+04	1.1e+03
5.7252e+03	2.4e+00	1.83426e+04	1.1e+03
5.7287e+03	2.4e+00	1.84601e+04	1.2e+03
5.7322e+03	2.4e+00	1.83801e+04	1.0e+03
5.7356e+03	2.4e+00	1.79245e+04	9.4e+02
5.7391e+03	2.4e+00	1.78837e+04	1.0e+03
5.7426e+03	2.4e+00	1.79696e+04	1.0e+03
5.7460e+03	2.4e+00	1.78942e+04	9.1e+02
5.7495e+03	2.4e+00	1.76462e+04	9.5e+02
5.7529e+03	2.4e+00	1.74843e+04	9.8e+02
5.7564e+03	2.4e+00	1.74933e+04	1.0e+03
5.7599e+03	2.4e+00	1.75266e+04	1.0e+03
5.7633e+03	2.4e+00	1.77449e+04	9.9e+02
5.7668e+03	2.4e+00	1.76495e+04	9.5e+02
5.7702e+03	2.4e+00	1.74510e+04	9.2e+02
5.7737e+03	2.4e+00	1.75622e+04	9.2e+02
5.7772e+03	2.4e+00	1.74034e+04	9.5e+02
5.7806e+03	2.4e+00	1.72027e+04	9.5e+02
5.7841e+03	2.4e+00	1.69835e+04	9.0e+02
5.7875e+03	2.4e+00	1.71166e+04	9.2e+02
5.7910e+03	2.4e+00	1.73804e+04	9.6e+02
5.7944e+03	2.4e+00	1.72606e+04	9.3e+02
5.7979e+03	2.4e+00	1.71095e+04	8.9e+02
5.8014e+03	2.4e+00	1.73826e+04	8.9e+02
5.8048e+03	2.4e+00	1.72527e+04	9.2e+02
5.8083e+03	2.4e+00	1.71855e+04	9.1e+02
5.8117e+03	2.4e+00	1.70534e+04	9.4e+02
5.8152e+03	2.4e+00	1.70989e+04	9.9e+02
5.8186e+03	2.4e+00	1.70409e+04	9.5e+02
5.8221e+03	2.4e+00	1.69146e+04	9.8e+02
5.8255e+03	2.4e+00	1.71263e+04	1.0e+03
5.8290e+03	2.4e+00	1.72757e+04	1.0e+03
5.8324e+03	2.4e+00	1.71631e+04	9.9e+02
5.8359e+03	2.4e+00	1.70882e+04	9.3e+02
5.8393e+03	2.4e+00	1.68873e+04	1.0e+03
5.8428e+03	2.4e+00	1.68270e+04	1.1e+03
5.8462e+03	2.4e+00	1.66692e+04	1.0e+03
5.8497e+03	2.4e+00	1.66580e+04	1.0e+03
5.8531e+03	2.4e+00	1.69847e+04	1.0e+03
5.8566e+03	2.4e+00	1.69730e+04	1.1e+03
5.8600e+03	2.4e+00	1.69642e+04	1.0e+03
5.8635e+03	2.4e+00	1.67321e+04	9.9e+02
5.8669e+03	2.4e+00	1.64946e+04	9.8e+02
5.8704e+03	2.4e+00	1.65403e+04	8.6e+02
5.8738e+03	2.4e+00	1.64204e+04	8.8e+02
5.8773e+03	2.4e+00	1.64967e+04	9.3e+02
5.8807e+03	2.4e+00	1.62867e+04	9.3e+02
5.8841e+03	2.4e+00	1.58907e+04	9.2e+02
5.8876e+03	2.4e+00	1.58098e+04	9.6e+02
5.8910e+03	2.4e+00	1.57149e+04	9.3e+02
5.8945e+03	2.4e+00	1.56442e+04	8.3e+02
5.8979e+03	2.4e+00	1.55359e+04	7.6e+02
5.9014e+03	2.4e+00	1.56532e+04	7.9e+02
5.9048e+03	2.4e+00	1.59229e+04	8.6e+02
5.9082e+03	2.4e+00	1.56106e+04	8.9e+02
5.9117e+03	2.4e+00	1.54571e+04	8.7e+02
5.9151e+03	2.4e+00	1.53669e+04	8.4e+02
5.9186e+03	2.4e+00	1.53710e+04	7.4e+02
5.9220e+03	2.4e+00	1.53662e+04	7.7e+02
5.9254e+03	2.4e+00	1.53957e+04	7.5e+02
5.9289e+03	2.4e+00	1.52451e+04	7.9e+02
5.9323e+03	2.4e+00	1.51872e+04	7.9e+02
5.9358e+03	2.4e+00	1.54259e+04	7.9e+02
5.9392e+03	2.4e+00	1.53296e+04	7.6e+02
5.9426e+03	2.4e+00	1.51311e+04	7.9e+02
5.9461e+03	2.4e+00	1.49641e+04	7.3e+02
5.9495e+03	2.4e+00	1.49333e+04	7.2e+02
5.9529e+03	2.4e+00	1.49766e+04	8.3e+02
5.9564e+03	2.4e+00	1.51711e+04	8.0e+02
5.9598e+03	2.4e+00	1.51273e+04	7.7e+02
5.9633e+03	2.4e+00	1.51723e+04	7.8e+02
5.9667e+03	2.4e+00	1.50619e+04	8.0e+02
5.9701e+03	2.4e+00	1.50167e+04	7.6e+02
5.9736e+03	2.4e+00	1.50259e+04	8.5e+02
5.9770e+03	2.4e+00	1.50107e+04	8.4e+02
5.9804e+03	2.4e+00	1.49060e+04	8.4e+02
5.9838e+03	2.4e+00	1.50212e+04	9.1e+02
5.9873e+03	2.4e+00	1.50328e+04	8.3e+02
5.9907e+03	2.4e+00	1.50837e+04	8.4e+02
5.9941e+03	2.4e+00	1.50319e+04	8.7e+02
5.9976e+03	2.4e+00	1.47769e+04	8.2e+02
6.0010e+03	2.4e+00	1.47528e+04	8.3e+02
6.0044e+03	2.4e+00	1.50686e+04	7.8e+02
6.0079e+03	2.4e+00	1.49018e+04	8.2e+02
6.0113e+03	2.4e+00	1.49714e+04	9.0e+02
6.0147e+03	2.4e+00	1.49779e+04	8.7e+02
6.0181e+03	2.4e+00	1.47376e+04	8.9e+02
6.0216e+03	2.4e+00	1.44465e+04	7.8e+02
6.0250e+03	2.4e+00	1.44720e+04	7.3e+02
6.0284e+03	2.4e+00	1.45204e+04	8.0e+02
6.0318e+03	2.4e+00	1.45554e+04	7.8e+02
6.0353e+03	2.4e+00	1.45719e+04	7.9e+02
6.0387e+03	2.4e+00	1.44247e+04	7.4e+02
6.0421e+03	2.4e+00	1.43929e+04	7.5e+02
6.0455e+03	2.4e+00	1.43658e+04	6.6e+02
6.0490e+03	2.4e+00	1.42037e+04	7.9e+02
6.0524e+03	2.4e+00	1.39706e+04	8.0e+02
6.0558e+03	2.4e+00	1.41036e+04	7.2e+02
6.0592e+03	2.4e+00	1.40938e+04	6.7e+02
6.0627e+03	2.4e+00	1.39315e+04	7.2e+02
6.0661e+03	2.4e+00	1.39045e+04	7.0e+02
6.0695e+03	2.4e+00	1.38518e+04	6.4e+02
6.0729e+03	2.4e+00	1.38426e+04	6.1e+02
6.0763e+03	2.4e+00	1.38568e+04	6.3e+02
6.0798e+03	2.4e+00	1.36561e+04	6.6e+02
6.0832e+03	2.4e+00	1.35391e+04	6.3e+02
6.0866e+03	2.4e+00	1.36849e+04	6.0e+02
6.0900e+03	2.4e+00	1.36457e+04	6.2e+02
6.0934e+03	2.4e+00	1.33997e+04	5.5e+02
6.0969e+03	2.4e+00	1.33766e+04	5.7e+02
6.1003e+03	2.4e+00	1.34296e+04	5.9e+02
6.1037e+03	2.4e+00	1.34878e+04	6.6e+02
6.1071e+03	2.4e+00	1.34092e+04	6.5e+02
6.1105e+03	2.4e+00	1.35239e+04	6.9e+02
6.1139e+03	2.4e+00	1.35479e+04	6.8e+02
6.1174e+03	2.4e+00	1.32933e+04	6.2e+02
6.1208e+03	2.4e+00	1.32533e+04	5.8e+02
6.1242e+03	2.4e+00	1.33217e+04	6.8e+02
6.1276e+03	2.4e+00	1.33713e+04	6.4e+02
6.1310e+03	2.4e+00	1.32667e+04	6.1e+02
6.1344e+03	2.4e+00	1.32311e+04	7.1e+02
6.1378e+03	2.4e+00	1.32469e+04	6.8e+02
6.1412e+03	2.4e+00	1.31630e+04	6.7e+02
6.1447e+03	2.4e+00	1.33253e+04	6.1e+02
6.1481e+03	2.4e+00	1.31858e+04	6.1e+02
6.1515e+03	2.4e+00	1.29926e+04	6.6e+02
6.1549e+03	2.4e+00	1.31304e+04	6.9e+02
6.1583e+03	2.4e+00	1.28660e+04	6.2e+02
6.1617e+03	2.4e+00	1.30394e+04	6.6e+02
6.1651e+03	2.4e+00	1.32128e+04	6.6e+02
6.1685e+03	2.4e+00	1.31084e+04	6.0e+02
6.1719e+03	2.4e+00	1.33206e+04	7.1e+02
6.1753e+03	2.4e+00	1.33325e+04	7.5e+02
6.1787e+03	2.4e+00	1.31266e+04	7.1e+02
6.1822e+03	2.4e+00	1.30861e+04	6.8e+02
6.1856e+03	2.4e+00	1.30308e+04	6.3e+02
6.1890e+03	2.4e+00	1.28635e+04	8.0e+02
6.1924e+03	2.4e+00	1.28535e+04	6.2e+02
6.1958e+03	2.4e+00	1.29051e+04	6.4e+02
6.1992e+03	2.4e+00	1.27941e+04	6.8e+02
6.2026e+03	2.4e+00	1.28091e+04	6.8e+02
6.2060e+03	2.4e+00	1.28170e+04	6.9e+02
6.2094e+03	2.4e+00	1.28136e+04	6.8e+02
6.2128e+03	2.4e+00	1.26225e+04	6.4e+02
6.2162e+03	2.4e+00	1.25796e+04	7.1e+02
6.2196e+03	2.4e+00	1.24569e+04	5.7e+02
6.2230e+03	2.4e+00	1.22872e+04	5.3e+02
6.2264e+03	2.4e+00	1.22714e+04	5.6e+02
6.2298e+03	2.4e+00	1.22636e+04	4.8e+02
6.2332e+03	2.4e+00	1.21829e+04	5.2e+02
6.2366e+03	2.4e+00	1.21743e+04	5.8e+02
6.2400e+03	2.4e+00	1.21481e+04	5.5e+02
6.2434e+03	2.4e+00	1.21334e+04	5.2e+02
6.2468e+03	2.4e+00	1.21008e+04	4.6e+02
6.2502e+03	2.4e+00	1.20759e+04	5.1e+02
6.2536e+03	2.4e+00	1.21788e+04	5.3e+02
6.2570e+03	2.4e+00	1.22951e+04	5.4e+02
6.2604e+03	2.4e+00	1.19304e+04	4.7e+02
6.2638e+03	2.4e+00	1.19404e+04	4.6e+02
6.2672e+03	2.4e+00	1.17116e+04	5.0e+02
6.2706e+03	2.4e+00	1.17832e+04	5.0e+02
6.2740e+03	2.4e+00	1.16202e+04	5.3e+02
6.2774e+03	2.4e+00	1.12945e+04	5.3e+02
6.2808e+03	2.4e+00	1.12662e+04	5.4e+02
6.2841e+03	2.4e+00	1.15481e+04	5.2e+02
6.2875e+03	2.4e+00	1.16729e+04	4.8e+02
6.2909e+03	2.4e+00	1.14807e+04	4.9e+02
6.2943e+03	2.4e+00	1.14457e+04	5.3e+02
6.2977e+03	2.4e+00	1.15316e+04	4.9e+02
6.3011e+03	2.4e+00	1.15911e+04	5.4e+02
6.3045e+03	2.4e+00	1.15174e+04	5.9e+02
6.3079e+03	2.4e+00	1.15751e+04	5.5e+02
6.3113e+03	2.4e+00	1.15932e+04	5.1e+02
6.3147e+03	2.4e+00	1.15702e+04	5.6e+02
6.3181e+03	2.4e+00	1.15341e+04	5.3e+02
6.3214e+03	2.4e+00	1.16050e+04	5.3e+02
6.3248e+03	2.4e+00	1.15580e+04	6.2e+02
6.3282e+03	2.4e+00	1.16819e+04	6.0e+02
6.3316e+03	2.4e+00	1.16062e+04	5.9e+02
6.3350e+03	2.4e+00	1.14597e+04	6.0e+02
6.3384e+03	2.4e+00	1.13083e+04	6.5e+02
6.3418e+03	2.4e+00	1.14956e+04	6.2e+02
6.3452e+03	2.4e+00	1.12620e+04	6.4e+02
6.3485e+03	2.4e+00	1.12616e+04	5.6e+02
6.3519e+03	2.4e+00	1.12214e+04	6.3e+02
6.3553e+03	2.4e+00	1.10855e+04	5.0e+02
6.3587e+03	2.4e+00	1.13074e+04	5.4e+02
6.3621e+03	2.4e+00	1.12477e+04	6.1e+02
6.3655e+03	2.4e+00	1.11541e+04	5.9e+02
6.3688e+03	2.4e+00	1.11272e+04	5.7e+02
6.3722e+03	2.4e+00	1.10685e+04	5.0e+02
6.3756e+03	2.4e+00	1.12755e+04	5.2e+02
6.3790e+03	2.4e+00	1.13484e+04	5.3e+02
6.3824e+03	2.4e+00	1.11910e+04	5.5e+02
6.3857e+03	2.4e+00	1.10590e+04	4.6e+02
6.3891e+03	2.4e+00	1.11510e+04	4.5e+02
6.3925e+03	2.4e+00	1.10401e+04	4.4e+02
6.3959e+03	2.4e+00	1.10345e+04	4.7e+02
6.3993e+03	2.4e+00	1.09740e+04	4.2e+02
6.4026e+03	2.4e+00	1.10106e+04	4.7e+02
6.4060e+03	2.4e+00	1.11133e+04	4.4e+02
6.4094e+03	2.4e+00	1.10538e+04	4.4e+02
6.4128e+03	2.4e+00	1.09188e+04	4.1e+02
6.4162e+03	2.4e+00	1.07314e+04	3.6e+02
6.4195e+03	2.4e+00	1.07622e+04	3.7e+02
6.4229e+03	2.4e+00	1.09316e+04	4.1e+02
6.4263e+03	2.4e+00	1.08868e+04	3.8e+02
6.4297e+03	2.4e+00	1.07521e+04	4.0e+02
6.4330e+03	2.4e+00	1.08328e+04	4.4e+02
6.4364e+03	2.4e+00	1.08030e+04	3.8e+02
6.4398e+03	2.4e+00	1.08876e+04	4.5e+02
6.4432e+03	2.4e+00	1.06920e+04	4.1e+02
6.4465e+03	2.4e+00	1.05499e+04	4.2e+02
6.4499e+03	2.4e+00	1.06514e+04	4.4e+02
6.4533e+03	2.4e+00	1.06120e+04	4.1e+02
6.4566e+03	2.4e+00	1.05747e+04	4.3e+02
6.4600e+03	2.4e+00	1.04056e+04	4.4e+02
6.4634e+03	2.4e+00	1.05842e+04	5.3e+02
6.4667e+03	2.4e+00	1.05350e+04	5.3e+02
6.4701e+03	2.4e+00	1.05082e+04	4.7e+02
6.4735e+03	2.4e+00	1.05674e+04	4.2e+02
6.4769e+03	2.4e+00	1.03002e+04	4.0e+02
6.4802e+03	2.4e+00	1.03346e+04	5.1e+02
6.4836e+03	2.4e+00	1.03838e+04	5.4e+02
6.4870e+03	2.4e+00	1.04018e+04	5.4e+02
6.4903e+03	2.4e+00	1.03953e+04	5.8e+02
6.4937e+03	2.4e+00	1.02886e+04	5.8e+02
6.4971e+03	2.4e+00	1.02684e+04	4.5e+02
6.5004e+03	2.4e+00	1.03295e+04	3.8e+02
6.5038e+03	2.4e+00	1.02617e+04	4.4e+02
6.5072e+03	2.4e+00	1.00449e+04	5.5e+02
6.5105e+03	2.4e+00	9.86189e+03	5.8e+02
6.5139e+03	2.4e+00	1.00003e+04	4.6e+02
6.5172e+03	2.4e+00	9.83065e+03	4.8e+02
6.5206e+03	2.4e+00	9.74380e+03	4.2e+02
6.5240e+03	2.4e+00	9.90978e+03	4.3e+02
6.5273e+03	2.4e+00	9.60887e+03	3.5e+02
6.5307e+03	2.4e+00	9.53420e+03	4.5e+02
6.5341e+03	2.4e+00	9.35478e+03	4.1e+02
6.5374e+03	2.4e+00	9.12389e+03	3.6e+02
6.5408e+03	2.4e+00	8.93194e+03	3.5e+02
6.5441e+03	2.4e+00	8.59359e+03	3.2e+02
6.5475e+03	2.4e+00	8.05927e+03	3.2e+02
6.5509e+03	2.4e+00	7.58843e+03	2.8e+02
6.5542e+03	2.4e+00	6.79402e+03	2.3e+02
6.5576e+03	2.4e+00	6.03454e+03	2.2e+02
6.5609e+03	2.4e+00	5.69340e+03	2.4e+02
6.5643e+03	2.4e+00	6.13358e+03	2.5e+02
6.5676e+03	2.4e+00	6.98889e+03	3.2e+02
6.5710e+03	2.4e+00	7.61238e+03	3.5e+02
6.5744e+03	2.4e+00	8.04215e+03	3.2e+02
6.5777e+03	2.4e+00	8.35032e+03	3.0e+02
6.5811e+03	2.4e+00	8.61863e+03	2.9e+02
6.5844e+03	2.4e+00	8.94724e+03	3.2e+02
6.5878e+03	2.4e+00	9.13242e+03	3.5e+02
6.5911e+03	2.4e+00	9.34854e+03	3.7e+02
6.5945e+03	2.4e+00	9.32830e+03	3.4e+02
6.5978e+03	2.4e+00	9.40460e+03	3.7e+02
6.6012e+03	2.4e+00	9.48634e+03	4.8e+02
6.6045e+03	2.4e+00	9.46827e+03	4.1e+02
6.6079e+03	2.4e+00	9.47036e+03	3.9e+02
6.6112e+03	2.4e+00	9.39145e+03	3.7e+02
6.6146e+03	2.4e+00	9.39477e+03	4.1e+02
6.6179e+03	2.4e+00	9.34969e+03	3.8e+02
6.6213e+03	2.4e+00	9.49805e+03	4.0e+02
6.6246e+03	2.4e+00	9.57215e+03	5.2e+02
6.6280e+03	2.4e+00	9.47167e+03	4.1e+02
6.6313e+03	2.4e+00	9.52774e+03	3.8e+02
6.6347e+03	2.4e+00	9.54761e+03	2.8e+02
6.6380e+03	2.4e+00	9.51647e+03	3.0e+02
6.6414e+03	2.4e+00	9.44375e+03	4.5e+02
6.6447e+03	2.4e+00	9.51207e+03	3.9e+02
6.6481e+03	2.4e+00	9.55662e+03	4.6e+02
6.6514e+03	2.4e+00	9.63878e+03	4.1e+02
6.6548e+03	2.4e+00	9.52411e+03	4.1e+02
6.6581e+03	2.4e+00	9.56815e+03	5.0e+02
6.6615e+03	2.4e+00	9.49958e+03	3.7e+02
6.6648e+03	2.4e+00	9.58091e+03	3.2e+02
6.6681e+03	2.4e+00	9.63158e+03	4.0e+02
6.6715e+03	2.4e+00	9.59751e+03	5.7e+02
6.6748e+03	2.4e+00	9.44718e+03	4.9e+02
6.6782e+03	2.4e+00	9.44498e+03	3.8e+02
6.6815e+03	2.4e+00	9.29202e+03	5.4e+02
6.6849e+03	2.4e+00	9.27863e+03	4.9e+02
6.6882e+03	2.4e+00	9.34130e+03	4.6e+02
6.6915e+03	2.4e+00	9.37147e+03	4.2e+02
6.6949e+03	2.4e+00	9.26763e+03	3.3e+02
6.6982e+03	2.4e+00	9.33646e+03	4.1e+02
6.7016e+03	2.4e+00	9.08608e+03	4.4e+02
6.7049e+03	2.4e+00	8.90224e+03	3.7e+02
6.7082e+03	2.4e+00	8.99687e+03	3.9e+02
6.7116e+03	2.4e+00	9.18942e+03	3.8e+02
6.7149e+03	2.4e+00	8.95406e+03	3.5e+02
6.7183e+03	2.4e+00	8.91696e+03	4.2e+02
6.7216e+03	2.4e+00	8.94550e+03	4.6e+02
6.7249e+03	2.4e+00	9.03561e+03	4.5e+02
6.7283e+03	2.4e+00	8.94264e+03	4.2e+02
6.7316e+03	2.4e+00	8.85614e+03	3.7e+02
6.7349e+03	2.4e+00	8.75937e+03	3.8e+02
6.7383e+03	2.4e+00	8.80488e+03	3.5e+02
6.7416e+03	2.4e+00	8.72043e+03	3.3e+02
6.7449e+03	2.4e+00	8.82248e+03	3.9e+02
6.7483e+03	2.4e+00	8.88746e+03	4.2e+02
6.7516e+03	2.4e+00	8.64089e+03	3.4e+02
6.7549e+03	2.4e+00	8.84752e+03	3.7e+02
6.7583e+03	2.4e+00	8.74126e+03	3.2e+02
6.7616e+03	2.4e+00	8.57375e+03	3.1e+02
6.7649e+03	2.4e+00	8.54565e+03	3.0e+02
6.7683e+03	2.4e+00	8.56942e+03	3.4e+02
6.7716e+03	2.4e+00	8.61302e+03	3.6e+02
6.7749e+03	2.4e+00	8.70549e+03	4.1e+02
6.7782e+03	2.4e+00	8.70185e+03	3.5e+02
6.7816e+03	2.4e+00	8.51442e+03	3.1e+02
6.7849e+03	2.4e+00	8.47170e+03	2.7e+02
6.7882e+03	2.4e+00	8.63213e+03	3.2e+02
6.7916e+03	2.4e+00	8.43238e+03	3.4e+02
6.7949e+03	2.4e+00	8.51576e+03	1.9e+02
6.7982e+03	2.4e+00	8.48714e+03	2.7e+02
6.8015e+03	2.4e+00	8.49804e+03	4.0e+02
6.8049e+03	2.4e+00	8.52772e+03	2.6e+02
6.8082e+03	2.4e+00	8.51255e+03	3.5e+02
6.8115e+03	2.4e+00	8.34976e+03	3.7e+02
6.8148e+03	2.4e+00	8.43440e+03	3.4e+02
6.8182e+03	2.4e+00	8.46438e+03	2.9e+02
6.8215e+03	2.4e+00	8.49619e+03	2.9e+02
6.8248e+03	2.4e+00	8.48095e+03	3.6e+02
6.8281e+03	2.4e+00	8.36426e+03	3.9e+02
6.8315e+03	2.4e+00	8.34790e+03	3.3e+02
6.8348e+03	2.4e+00	8.38481e+03	2.1e+02
6.8381e+03	2.4e+00	8.23717e+03	1.7e+02
6.8414e+03	2.4e+00	8.08510e+03	2.7e+02
6.8447e+03	2.4e+00	8.19374e+03	3.5e+02
6.8481e+03	2.4e+00	8.20586e+03	3.6e+02
6.8514e+03	2.4e+00	8.14612e+03	4.0e+02
6.8547e+03	2.4e+00	8.11629e+03	3.6e+02
6.8580e+03	2.4e+00	8.05749e+03	3.7e+02
6.8613e+03	2.4e+00	7.44118e+03	3.0e+02
6.8647e+03	2.4e+00	6.42020e+03	2.5e+02
6.8680e+03	2.4e+00	5.74986e+03	2.9e+02
6.8713e+03	2.4e+00	5.89804e+03	2.8e+02
6.8746e+03	2.4e+00	6.52994e+03	3.2e+02
6.8779e+03	2.4e+00	6.95826e+03	2.8e+02
6.8812e+03	2.4e+00	7.03953e+03	3.3e+02
6.8846e+03	2.4e+00	6.78098e+03	2.9e+02
6.8879e+03	2.4e+00	6.68951e+03	3.0e+02
6.8912e+03	2.4e+00	6.75409e+03	3.0e+02
6.8945e+03	2.4e+00	6.92228e+03	3.0e+02
6.8978e+03	2.4e+00	6.86637e+03	2.9e+02
6.9011e+03	2.4e+00	6.77084e+03	2.7e+02
6.9044e+03	2.4e+00	7.07225e+03	2.9e+02
6.9078e+03	2.4e+00	7.32767e+03	3.3e+02
6.9111e+03	2.4e+00	7.30603e+03	3.2e+02
6.9144e+03	2.4e+00	7.33971e+03	3.1e+02
6.9177e+03	2.4e+00	7.41200e+03	2.5e+02
6.9210e+03	2.4e+00	7.35406e+03	3.0e+02
6.9243e+03	2.4e+00	7.25691e+03	2.6e+02
6.9276e+03	2.4e+00	7.48264e+03	2.6e+02
6.9309e+03	2.4e+00	7.41142e+03	2.8e+02
6.9342e+03	2.4e+00	7.36131e+03	2.6e+02
6.9375e+03	2.4e+00	7.34660e+03	1.5e+02
6.9409e+03	2.4e+00	7.09348e+03	2.3e+02
6.9442e+03	2.4e+00	7.19987e+03	2.0e+02
6.9475e+03	2.4e+00	7.12651e+03	2.0e+02
6.9508e+03	2.4e+00	7.30315e+03	2.6e+02
6.9541e+03	2.4e+00	7.25868e+03	3.1e+02
6.9574e+03	2.4e+00	7.20589e+03	2.9e+02
6.9607e+03	2.4e+00	7.23843e+03	3.6e+02
6.9640e+03	2.4e+00	7.35438e+03	2.7e+02
6.9673e+03	2.4e+00	7.37258e+03	2.4e+02
6.9706e+03	2.4e+00	7.36004e+03	2.4e+02
6.9739e+03	2.4e+00	7.33521e+03	2.8e+02
6.9772e+03	2.4e+00	7.22249e+03	2.4e+02
6.9805e+03	2.4e+00	7.10183e+03	4.0e+02
6.9838e+03	2.4e+00	7.08059e+03	3.7e+02
6.9871e+03	2.4e+00	7.04172e+03	3.5e+02
6.9904e+03	2.4e+00	7.10273e+03	4.1e+02
6.9937e+03	2.4e+00	6.92493e+03	3.9e+02
6.9970e+03	2.4e+00	6.98634e+03	2.8e+02
7.0003e+03	2.4e+00	6.88438e+03	3.4e+02
7.0036e+03	2.4e+00	6.94781e+03	4.2e+02
7.0069e+03	2.4e+00	6.83793e+03	4.5e+02
7.0102e+03	2.4e+00	6.65000e+03	3.8e+02
7.0135e+03	2.4e+00	6.67325e+03	2.7e+02
7.0168e+03	2.4e+00	6.55514e+03	2.7e+02
7.0201e+03	2.4e+00	6.60027e+03	2.9e+02
7.0234e+03	2.4e+00	6.79294e+03	2.9e+02
7.0267e+03	2.4e+00	6.50306e+03	3.0e+02
7.0300e+03	2.4e+00	6.44840e+03	3.3e+02
7.0333e+03	2.4e+00	6.55354e+03	3.6e+02
7.0366e+03	2.4e+00	6.72317e+03	3.9e+02
7.0399e+03	2.4e+00	6.63191e+03	3.0e+02
7.0432e+03	2.4e+00	6.41379e+03	2.6e+02
7.0465e+03	2.4e+00	6.57783e+03	2.9e+02
7.0498e+03	2.4e+00	6.26466e+03	2.6e+02
7.0531e+03	2.4e+00	6.30940e+03	2.4e+02
7.0564e+03	2.4e+00	6.40753e+03	2.2e+02
7.0597e+03	2.4e+00	6.46654e+03	2.9e+02
7.0629e+03	2.4e+00	6.51708e+03	2.6e+02
7.0662e+03	2.4e+00	6.34031e+03	2.3e+02
7.0695e+03	2.4e+00	6.36245e+03	1.7e+02
7.0728e+03	2.4e+00	6.38730e+03	2.5e+02
7.0761e+03	2.4e+00	6.43081e+03	2.3e+02
7.0794e+03	2.4e+00	6.49980e+03	2.1e+02
7.0827e+03	2.4e+00	6.42011e+03	2.4e+02
7.0860e+03	2.4e+00	6.19380e+03	2.2e+02
7.0893e+03	2.4e+00	6.33471e+03	1.9e+02
7.0926e+03	2.4e+00	6.42288e+03	2.0e+02
7.0958e+03	2.4e+00	6.27745e+03	2.5e+02
7.0991e+03	2.4e+00	6.31837e+03	2.8e+02
7.1024e+03	2.4e+00	6.29665e+03	2.4e+02
7.1057e+03	2.4e+00	6.20476e+03	2.2e+02
7.1090e+03	2.4e+00	6.48711e+03	2.8e+02
7.1123e+03	2.4e+00	6.32940e+03	3.3e+02
7.1156e+03	2.4e+00	6.26066e+03	3.7e+02
7.1188e+03	2.4e+00	6.46790e+03	2.8e+02
7.1221e+03	2.4e+00	6.16556e+03	2.8e+02
7.1254e+03	2.4e+00	6.19644e+03	4.6e+02
7.1287e+03	2.4e+00	6.31729e+03	3.6e+02
7.1320e+03	2.4e+00	6.07858e+03	2.8e+02
7.1353e+03	2.4e+00	6.24540e+03	2.7e+02
7.1385e+03	2.4e+00	6.34206e+03	3.5e+02
7.1418e+03	2.4e+00	6.25520e+03	3.2e+02
7.1451e+03	2.4e+00	6.10772e+03	4.2e+02
7.1484e+03	2.4e+00	6.00858e+03	3.9e+02
7.1517e+03	2.4e+00	6.02080e+03	3.3e+02
7.1549e+03	2.4e+00	6.01100e+03	3.3e+02
7.1582e+03	2.4e+00	5.98496e+03	3.6e+02
7.1615e+03	2.4e+00	5.78563e+03	3.3e+02
7.1648e+03	2.4e+00	5.74301e+03	3.1e+02
7.1681e+03	2.4e+00	5.61983e+03	3.2e+02
7.1713e+03	2.4e+00	5.40780e+03	3.2e+02
7.1746e+03	2.4e+00	5.37690e+03	3.3e+02
7.1779e+03	2.4e+00	5.42162e+03	3.1e+02
7.1812e+03	2.4e+00	5.16253e+03	2.5e+02
7.1844e+03	2.4e+00	5.13016e+03	2.5e+02
7.1877e+03	2.4e+00	5.19886e+03	2.8e+02
7.1910e+03	2.4e+00	5.18418e+03	2.6e+02
7.1943e+03	2.4e+00	5.23398e+03	2.5e+02
7.1975e+03	2.4e+00	5.20926e+03	2.3e+02
7.2008e+03	2.4e+00	5.14534e+03	2.8e+02
7.2041e+03	2.4e+00	5.09193e+03	2.5e+02
7.2074e+03	2.4e+00	5.35599e+03	2.6e+02
7.2106e+03	2.4e+00	5.51466e+03	1.9e+02
7.2139e+03	2.4e+00	5.45329e+03	1.9e+02
7.2172e+03	2.4e+00	5.31789e+03	2.2e+02
7.2204e+03	2.4e+00	5.47183e+03	2.6e+02
7.2237e+03	2.4e+00	5.36581e+03	2.4e+02
7.2270e+03	2.4e+00	5.25866e+03	2.7e+02
7.2303e+03	2.4e+00	4.87606e+03	3.0e+02
7.2335e+03	2.4e+00	4.80118e+03	2.4e+02
7.2368e+03	2.4e+00	5.05082e+03	1.9e+02
7.2401e+03	2.4e+00	4.90184e+03	2.0e+02
7.2433e+03	2.4e+00	4.90715e+03	2.7e+02
7.2466e+03	2.4e+00	5.04615e+03	2.5e+02
7.2499e+03	2.4e+00	4.93543e+03	2.5e+02
7.2531e+03	2.4e+00	4.94383e+03	3.6e+02
7.2564e+03	2.4e+00	5.00920e+03	3.3e+02
7.2597e+03	2.4e+00	5.01170e+03	2.3e+02
7.2629e+03	2.4e+00	4.73388e+03	3.3e+02
7.2662e+03	2.4e+00	4.87121e+03	3.0e+02
7.2695e+03	2.4e+00	4.88643e+03	3.6e+02
7.2727e+03	2.4e+00	4.74002e+03	3.5e+02
7.2760e+03	2.4e+00	4.74318e+03	2.7e+02
7.2792e+03	2.4e+00	4.83102e+03	3.3e+02
7.2825e+03	2.4e+00	4.87479e+03	2.6e+02
7.2858e+03	2.4e+00	4.64455e+03	4.2e+02
7.2890e+03	2.4e+00	4.67647e+03	3.8e+02
7.2923e+03	2.4e+00	4.80229e+03	3.3e+02
7.2956e+03	2.4e+00	4.79386e+03	2.2e+02
7.2988e+03	2.4e+00	4.57705e+03	2.5e+02
7.3021e+03	2.4e+00	4.58898e+03	2.7e+02
7.3053e+03	2.4e+00	4.90061e+03	2.0e+02
7.3086e+03	2.4e+00	4.77856e+03	2.3e+02
7.3119e+03	2.4e+00	4.55525e+03	2.3e+02
7.3151e+03	2.4e+00	4.53670e+03	2.1e+02
7.3184e+03	2.4e+00	4.54566e+03	2.2e+02
7.3216e+03	2.4e+00	4.82459e+03	2.7e+02
7.3249e+03	2.4e+00	4.58778e+03	2.7e+02
7.3281e+03	2.4e+00	4.45172e+03	2.7e+02
7.3314e+03	2.4e+00	4.56383e+03	2.3e+02
7.3346e+03	2.4e+00	4.54770e+03	2.1e+02
7.3379e+03	2.4e+00	4.62303e+03	2.5e+02
7.3412e+03	2.4e+00	4.57255e+03	2.5e+02
7.3444e+03	2.4e+00	4.46723e+03	2.0e+02
7.3477e+03	2.4e+00	4.42862e+03	1.8e+02
7.3509e+03	2.4e+00	4.51500e+03	2.3e+02
7.3542e+03	2.4e+00	4.40170e+03	2.6e+02
7.3574e+03	2.4e+00	4.60882e+03	2.6e+02
7.3607e+03	2.4e+00	4.45957e+03	1.7e+02
7.3639e+03	2.4e+00	4.49774e+03	2.2e+02
7.3672e+03	2.4e+00	4.49094e+03	2.2e+02
7.3704e+03	2.4e+00	4.39843e+03	2.3e+02
7.3737e+03	2.4e+00	4.45473e+03	2.6e+02
7.3769e+03	2.4e+00	4.32685e+03	2.2e+02
7.3802e+03	2.4e+00	4.25162e+03	2.2e+02
7.3834e+03	2.4e+00	4.27016e+03	2.2e+02
7.3867e+03	2.4e+00	4.41809e+03	2.4e+02
7.3899e+03	2.4e+00	4.58733e+03	2.5e+02
7.3932e+03	2.4e+00	4.48850e+03	2.6e+02
7.3964e+03	2.4e+00	4.47741e+03	2.9e+02
7.3997e+03	2.4e+00	4.39200e+03	2.6e+02
7.4029e+03	2.4e+00	4.41607e+03	2.2e+02
7.4062e+03	2.4e+00	4.15893e+03	2.3e+02
7.4094e+03	2.4e+00	4.21237e+03	2.9e+02
7.4127e+03	2.4e+00	4.13165e+03	2.7e+02
7.4159e+03	2.4e+00	4.34420e+03	2.8e+02
7.4191e+03	2.4e+00	4.43107e+03	3.2e+02
7.4224e+03	2.4e+00	4.32630e+03	3.8e+02
7.4256e+03	2.4e+00	4.26628e+03	3.1e+02
7.4289e+03	2.4e+00	4.30286e+03	2.9e+02
7.4321e+03	2.4e+00	4.36538e+03	3.0e+02
7.4354e+03	2.4e+00	4.30698e+03	2.9e+02
7.4386e+03	2.4e+00	4.08762e+03	3.0e+02
7.4418e+03	2.4e+00	4.09363e+03	2.8e+02
7.4451e+03	2.4e+00	4.23254e+03	2.7e+02
7.4483e+03	2.4e+00	4.23444e+03	2.6e+02
7.4516e+03	2.4e+00	4.23385e+03	3.1e+02
7.4548e+03	2.4e+00	4.20548e+03	2.7e+02
7.4580e+03	2.4e+00	4.04525e+03	2.5e+02
7.4613e+03	2.4e+00	4.13478e+03	3.2e+02
7.4645e+03	2.4e+00	3.99645e+03	3.4e+02
7.4678e+03	2.4e+00	4.05586e+03	3.0e+02
7.4710e+03	2.4e+00	4.06097e+03	2.8e+02
7.4742e+03	2.4e+00	4.06938e+03	3.2e+02
7.4775e+03	2.4e+00	4.02755e+03	2.8e+02
7.4807e+03	2.4e+00	4.05673e+03	2.7e+02
7.4839e+03	2.4e+00	3.92302e+03	3.0e+02
7.4872e+03	2.4e+00	4.15074e+03	3.1e+02
7.4904e+03	2.4e+00	3.89938e+03	3.0e+02
7.4936e+03	2.4e+00	3.76667e+03	2.5e+02
7.4969e+03	2.4e+00	3.60815e+03	2.5e+02
7.5001e+03	2.4e+00	3.66109e+03	2.8e+02
7.5033e+03	2.4e+00	3.60530e+03	2.9e+02
7.5066e+03	2.4e+00	3.72300e+03	2.7e+02
7.5098e+03	2.4e+00	3.86565e+03	2.9e+02
7.5130e+03	2.4e+00	3.77895e+03	3.1e+02
7.5163e+03	2.4e+00	3.69617e+03	3.0e+02
7.5195e+03	2.4e+00	3.51628e+03	2.5e+02
7.5227e+03	2.4e+00	3.52354e+03	3.1e+02
7.5260e+03	2.4e+00	3.67386e+03	2.9e+02
7.5292e+03	2.4e+00	3.60638e+03	3.1e+02
7.5324e+03	2.4e+00	3.64909e+03	3.0e+02
7.5356e+03	2.4e+00	3.60636e+03	2.6e+02
7.5389e+03	2.4e+00	3.68500e+03	3.0e+02
7.5421e+03	2.4e+00	3.52781e+03	2.4e+02
7.5453e+03	2.4e+00	3.43925e+03	2.5e+02
7.5486e+03	2.4e+00	3.63436e+03	2.4e+02
7.5518e+03	2.4e+00	3.59206e+03	2.4e+02
7.5550e+03	2.4e+00	3.52877e+03	2.9e+02
7.5582e+03	2.4e+00	3.38728e+03	3.0e+02
7.5615e+03	2.4e+00	3.66061e+03	3.3e+02
7.5647e+03	2.4e+00	3.58322e+03	3.2e+02
7.5679e+03	2.4e+00	3.55775e+03	3.1e+02
7.5711e+03	2.4e+00	3.47586e+03	3.4e+02
7.5744e+03	2.4e+00	3.55905e+03	3.1e+02
7.5776e+03	2.4e+00	3.49321e+03	2.7e+02
7.5808e+03	2.4e+00	3.35731e+03	3.6e+02
7.5840e+03	2.4e+00	3.22201e+03	3.1e+02
7.5872e+03	2.4e+00	3.16888e+03	3.1e+02
7.5905e+03	2.4e+00	2.87972e+03	2.8e+02
7.5937e+03	2.4e+00	2.41782e+03	2.6e+02
7.5969e+03	2.4e+00	1.61104e+03	1.9e+02
7.6001e+03	2.4e+00	1.11075e+03	1.4e+02
7.6033e+03	2.4e+00	9.41940e+02	1.2e+02
7.6066e+03	2.4e+00	8.56696e+02	1.1e+02
7.6098e+03	2.4e+00	1.05239e+03	9.8e+01
7.6130e+03	2.4e+00	1.44952e+03	1.6e+02
7.6162e+03	2.4e+00	2.00275e+03	2.2e+02
7.6194e+03	2.4e+00	2.17822e+03	1.9e+02
7.6227e+03	2.4e+00	1.97522e+03	1.6e+02
7.6259e+03	2.4e+00	1.85595e+03	2.0e+02
7.6291e+03	2.4e+00	1.63443e+03	1.3e+02
7.6323e+03	2.4e+00	1.50867e+03	1.4e+02
7.6355e+03	2.4e+00	1.64072e+03	1.9e+02
7.6387e+03	2.4e+00	1.81252e+03	2.2e+02
7.6419e+03	2.4e+00	1.83121e+03	2.1e+02
7.6452e+03	2.4e+00	1.92648e+03	2.1e+02
7.6484e+03	2.4e+00	1.99290e+03	1.6e+02
7.6516e+03	2.4e+00	2.13731e+03	1.9e+02
7.6548e+03	2.4e+00	2.18557e+03	2.3e+02
7.6580e+03	2.4e+00	2.47259e+03	2.3e+02
7.6612e+03	2.4e+00	2.49410e+03	2.6e+02
7.6644e+03	2.4e+00	2.70241e+03	2.8e+02
7.6676e+03	2.4e+00	2.65043e+03	2.8e+02
7.6709e+03	2.4e+00	2.70910e+03	2.9e+02
7.6741e+03	2.4e+00	2.72183e+03	3.2e+02
7.6773e+03	2.4e+00	2.55984e+03	2.7e+02
7.6805e+03	2.4e+00	2.66513e+03	2.6e+02
7.6837e+03	2.4e+00	2.80471e+03	3.1e+02
7.6869e+03	2.4e+00	2.80139e+03	2.8e+02
7.6901e+03	2.4e+00	2.78533e+03	3.2e+02
7.6933e+03	2.4e+00	3.56657e+03	4.2e+02
