# lambda [A]	Dlambda [A]	specval [counts]	Dspecval [counts]
3.6834e+03	2.4e+00	7.51671e+03	1.7e+02
3.6871e+03	2.4e+00	8.61732e+03	3.1e+02
3.6908e+03	2.4e+00	8.51493e+03	3.4e+02
3.6945e+03	2.4e+00	8.38490e+03	3.8e+02
3.6982e+03	2.4e+00	1.00211e+04	1.1e+02
3.7019e+03	2.4e+00	1.11533e+04	1.8e+02
3.7057e+03	2.4e+00	1.19765e+04	4.5e+02
3.7094e+03	2.4e+00	1.27598e+04	2.4e+02
3.7131e+03	2.4e+00	1.28457e+04	2.1e+02
3.7168e+03	2.4e+00	1.43942e+04	3.6e+02
3.7205e+03	2.4e+00	1.62636e+04	5.0e+02
3.7242e+03	2.4e+00	1.93407e+04	6.1e+02
3.7279e+03	2.4e+00	2.10086e+04	5.1e+02
3.7316e+03	2.4e+00	1.96279e+04	3.2e+02
3.7353e+03	2.4e+00	1.88441e+04	4.2e+02
3.7390e+03	2.4e+00	2.08209e+04	3.8e+02
3.7427e+03	2.4e+00	2.63585e+04	1.0e+03
3.7464e+03	2.4e+00	3.20679e+04	8.4e+02
3.7501e+03	2.4e+00	3.65972e+04	1.4e+03
3.7539e+03	2.4e+00	3.83096e+04	1.5e+03
3.7576e+03	2.4e+00	3.52884e+04	1.2e+03
3.7613e+03	2.4e+00	2.98880e+04	6.9e+02
3.7650e+03	2.4e+00	2.67736e+04	6.6e+02
3.7687e+03	2.4e+00	3.08396e+04	8.0e+02
3.7724e+03	2.4e+00	3.98549e+04	1.0e+03
3.7761e+03	2.4e+00	5.04665e+04	1.4e+03
3.7798e+03	2.4e+00	6.14613e+04	2.5e+03
3.7835e+03	2.4e+00	6.89254e+04	2.6e+03
3.7872e+03	2.4e+00	7.05300e+04	1.8e+03
3.7909e+03	2.4e+00	7.19456e+04	2.4e+03
3.7946e+03	2.4e+00	6.85711e+04	3.3e+03
3.7983e+03	2.4e+00	5.69957e+04	2.6e+03
3.8020e+03	2.4e+00	4.65526e+04	1.4e+03
3.8057e+03	2.4e+00	4.45581e+04	1.3e+03
3.8094e+03	2.4e+00	5.24523e+04	1.9e+03
3.8131e+03	2.4e+00	6.87225e+04	2.9e+03
3.8168e+03	2.4e+00	8.81769e+04	3.5e+03
3.8205e+03	2.4e+00	1.05655e+05	3.7e+03
3.8242e+03	2.4e+00	1.19914e+05	4.3e+03
3.8279e+03	2.4e+00	1.28433e+05	4.6e+03
3.8315e+03	2.4e+00	1.33810e+05	6.3e+03
3.8352e+03	2.4e+00	1.40407e+05	7.3e+03
3.8389e+03	2.4e+00	1.46079e+05	7.6e+03
3.8426e+03	2.4e+00	1.48926e+05	7.7e+03
3.8463e+03	2.4e+00	1.43189e+05	5.9e+03
3.8500e+03	2.4e+00	1.27033e+05	5.7e+03
3.8537e+03	2.4e+00	1.09574e+05	5.2e+03
3.8574e+03	2.4e+00	9.19784e+04	3.3e+03
3.8611e+03	2.4e+00	7.70258e+04	2.9e+03
3.8648e+03	2.4e+00	7.92181e+04	4.0e+03
3.8685e+03	2.4e+00	1.01463e+05	4.7e+03
3.8722e+03	2.4e+00	1.30585e+05	5.3e+03
3.8759e+03	2.4e+00	1.53421e+05	6.1e+03
3.8795e+03	2.4e+00	1.73393e+05	6.8e+03
3.8832e+03	2.4e+00	1.88985e+05	6.7e+03
3.8869e+03	2.4e+00	1.98215e+05	6.8e+03
3.8906e+03	2.4e+00	2.08179e+05	7.1e+03
3.8943e+03	2.4e+00	2.14878e+05	7.2e+03
3.8980e+03	2.4e+00	2.14941e+05	8.7e+03
3.9017e+03	2.4e+00	2.16011e+05	8.3e+03
3.9054e+03	2.4e+00	2.15160e+05	6.4e+03
3.9090e+03	2.4e+00	2.10132e+05	7.9e+03
3.9127e+03	2.4e+00	2.09966e+05	8.9e+03
3.9164e+03	2.4e+00	2.15109e+05	7.5e+03
3.9201e+03	2.4e+00	2.19752e+05	6.7e+03
3.9238e+03	2.4e+00	2.16880e+05	7.9e+03
3.9275e+03	2.4e+00	2.09069e+05	8.2e+03
3.9312e+03	2.4e+00	1.94856e+05	7.4e+03
3.9348e+03	2.4e+00	1.78819e+05	5.9e+03
3.9385e+03	2.4e+00	1.53062e+05	5.4e+03
3.9422e+03	2.4e+00	1.21343e+05	5.1e+03
3.9459e+03	2.4e+00	9.97173e+04	4.3e+03
3.9496e+03	2.4e+00	9.60070e+04	4.0e+03
3.9532e+03	2.4e+00	1.15035e+05	5.1e+03
3.9569e+03	2.4e+00	1.45606e+05	5.9e+03
3.9606e+03	2.4e+00	1.77127e+05	7.4e+03
3.9643e+03	2.4e+00	2.00833e+05	8.8e+03
3.9680e+03	2.4e+00	2.15624e+05	9.0e+03
3.9716e+03	2.4e+00	2.29146e+05	8.3e+03
3.9753e+03	2.4e+00	2.36575e+05	9.5e+03
3.9790e+03	2.4e+00	2.39752e+05	1.1e+04
3.9827e+03	2.4e+00	2.41000e+05	1.1e+04
3.9864e+03	2.4e+00	2.46495e+05	1.1e+04
3.9900e+03	2.4e+00	2.52447e+05	1.1e+04
3.9937e+03	2.4e+00	2.53358e+05	1.2e+04
3.9974e+03	2.4e+00	2.50241e+05	1.1e+04
4.0011e+03	2.4e+00	2.51557e+05	1.1e+04
4.0047e+03	2.4e+00	2.52181e+05	1.4e+04
4.0084e+03	2.4e+00	2.50545e+05	1.4e+04
4.0121e+03	2.4e+00	2.47356e+05	1.3e+04
4.0158e+03	2.4e+00	2.45839e+05	1.2e+04
4.0194e+03	2.4e+00	2.44475e+05	1.2e+04
4.0231e+03	2.4e+00	2.39938e+05	1.2e+04
4.0268e+03	2.4e+00	2.37467e+05	1.2e+04
4.0304e+03	2.4e+00	2.40185e+05	1.3e+04
4.0341e+03	2.4e+00	2.40095e+05	1.3e+04
4.0378e+03	2.4e+00	2.33428e+05	1.1e+04
4.0415e+03	2.4e+00	2.26714e+05	1.1e+04
4.0451e+03	2.4e+00	2.26091e+05	1.1e+04
4.0488e+03	2.4e+00	2.25499e+05	1.1e+04
4.0525e+03	2.4e+00	2.20203e+05	9.7e+03
4.0561e+03	2.4e+00	2.11657e+05	9.2e+03
4.0598e+03	2.4e+00	2.04397e+05	8.5e+03
4.0635e+03	2.4e+00	1.95128e+05	7.8e+03
4.0671e+03	2.4e+00	1.84857e+05	7.5e+03
4.0708e+03	2.4e+00	1.68604e+05	6.5e+03
4.0745e+03	2.4e+00	1.46692e+05	6.3e+03
4.0781e+03	2.4e+00	1.22065e+05	5.3e+03
4.0818e+03	2.4e+00	9.61291e+04	4.2e+03
4.0855e+03	2.4e+00	8.25485e+04	4.0e+03
4.0891e+03	2.4e+00	8.89940e+04	3.7e+03
4.0928e+03	2.4e+00	1.12068e+05	5.1e+03
4.0965e+03	2.4e+00	1.36835e+05	6.1e+03
4.1001e+03	2.4e+00	1.56561e+05	6.8e+03
4.1038e+03	2.4e+00	1.71216e+05	8.2e+03
4.1075e+03	2.4e+00	1.79994e+05	8.5e+03
4.1111e+03	2.4e+00	1.83794e+05	7.7e+03
4.1148e+03	2.4e+00	1.87362e+05	7.5e+03
4.1184e+03	2.4e+00	1.89574e+05	8.5e+03
4.1221e+03	2.4e+00	1.93225e+05	8.9e+03
4.1258e+03	2.4e+00	1.98068e+05	9.4e+03
4.1294e+03	2.4e+00	1.97367e+05	9.1e+03
4.1331e+03	2.4e+00	1.97630e+05	9.1e+03
4.1367e+03	2.4e+00	1.98810e+05	9.2e+03
4.1404e+03	2.4e+00	1.96199e+05	9.5e+03
4.1441e+03	2.4e+00	1.95170e+05	1.1e+04
4.1477e+03	2.4e+00	1.97442e+05	1.1e+04
4.1514e+03	2.4e+00	1.98624e+05	9.6e+03
4.1550e+03	2.4e+00	1.98523e+05	9.8e+03
4.1587e+03	2.4e+00	1.96444e+05	1.1e+04
4.1623e+03	2.4e+00	1.95606e+05	1.0e+04
4.1660e+03	2.4e+00	1.97016e+05	1.1e+04
4.1697e+03	2.4e+00	1.98863e+05	1.2e+04
4.1733e+03	2.4e+00	1.99756e+05	1.1e+04
4.1770e+03	2.4e+00	1.99660e+05	1.1e+04
4.1806e+03	2.4e+00	1.98144e+05	1.2e+04
4.1843e+03	2.4e+00	1.98106e+05	1.2e+04
4.1879e+03	2.4e+00	1.99049e+05	1.2e+04
4.1916e+03	2.4e+00	1.96753e+05	1.1e+04
4.1952e+03	2.4e+00	1.93588e+05	1.1e+04
4.1989e+03	2.4e+00	1.92657e+05	1.0e+04
4.2025e+03	2.4e+00	1.92530e+05	1.0e+04
4.2062e+03	2.4e+00	1.91837e+05	1.0e+04
4.2098e+03	2.4e+00	1.89539e+05	9.0e+03
4.2135e+03	2.4e+00	1.87622e+05	8.7e+03
4.2171e+03	2.4e+00	1.85427e+05	8.8e+03
4.2208e+03	2.4e+00	1.84665e+05	9.5e+03
4.2244e+03	2.4e+00	1.84471e+05	9.7e+03
4.2281e+03	2.4e+00	1.83208e+05	9.3e+03
4.2317e+03	2.4e+00	1.82904e+05	9.9e+03
4.2354e+03	2.4e+00	1.80633e+05	9.6e+03
4.2390e+03	2.4e+00	1.79679e+05	9.4e+03
4.2427e+03	2.4e+00	1.79383e+05	9.8e+03
4.2463e+03	2.4e+00	1.78022e+05	9.3e+03
4.2500e+03	2.4e+00	1.76654e+05	8.5e+03
4.2536e+03	2.4e+00	1.75714e+05	8.4e+03
4.2572e+03	2.4e+00	1.73779e+05	9.1e+03
4.2609e+03	2.4e+00	1.73126e+05	9.4e+03
4.2645e+03	2.4e+00	1.74062e+05	8.9e+03
4.2682e+03	2.4e+00	1.73422e+05	8.5e+03
4.2718e+03	2.4e+00	1.73143e+05	8.7e+03
4.2755e+03	2.4e+00	1.72340e+05	8.7e+03
4.2791e+03	2.4e+00	1.69663e+05	9.0e+03
4.2827e+03	2.4e+00	1.68164e+05	8.9e+03
4.2864e+03	2.4e+00	1.67779e+05	8.4e+03
4.2900e+03	2.4e+00	1.65004e+05	8.6e+03
4.2937e+03	2.4e+00	1.62676e+05	8.8e+03
4.2973e+03	2.4e+00	1.61845e+05	9.1e+03
4.3010e+03	2.4e+00	1.59407e+05	9.2e+03
4.3046e+03	2.4e+00	1.55487e+05	8.5e+03
4.3082e+03	2.4e+00	1.49777e+05	7.8e+03
4.3119e+03	2.4e+00	1.42854e+05	7.1e+03
4.3155e+03	2.4e+00	1.34204e+05	6.6e+03
4.3191e+03	2.4e+00	1.23470e+05	6.4e+03
4.3228e+03	2.4e+00	1.08748e+05	5.5e+03
4.3264e+03	2.4e+00	8.95867e+04	4.4e+03
4.3301e+03	2.4e+00	7.31657e+04	4.2e+03
4.3337e+03	2.4e+00	6.81085e+04	4.4e+03
4.3373e+03	2.4e+00	7.68090e+04	4.9e+03
4.3410e+03	2.4e+00	9.46064e+04	6.1e+03
4.3446e+03	2.4e+00	1.12463e+05	7.1e+03
4.3482e+03	2.4e+00	1.26505e+05	8.1e+03
4.3519e+03	2.4e+00	1.37862e+05	8.9e+03
4.3555e+03	2.4e+00	1.45079e+05	9.3e+03
4.3591e+03	2.4e+00	1.48382e+05	9.8e+03
4.3628e+03	2.4e+00	1.50850e+05	9.9e+03
4.3664e+03	2.4e+00	1.51533e+05	9.7e+03
4.3700e+03	2.4e+00	1.51596e+05	9.0e+03
4.3737e+03	2.4e+00	1.52685e+05	9.2e+03
4.3773e+03	2.4e+00	1.53460e+05	8.7e+03
4.3809e+03	2.4e+00	1.51981e+05	8.5e+03
4.3845e+03	2.4e+00	1.50192e+05	9.2e+03
4.3882e+03	2.4e+00	1.48770e+05	8.5e+03
4.3918e+03	2.4e+00	1.48518e+05	8.2e+03
4.3954e+03	2.4e+00	1.48253e+05	8.2e+03
4.3991e+03	2.4e+00	1.48007e+05	8.6e+03
4.4027e+03	2.4e+00	1.47245e+05	8.4e+03
4.4063e+03	2.4e+00	1.44484e+05	8.1e+03
4.4099e+03	2.4e+00	1.44281e+05	8.3e+03
4.4136e+03	2.4e+00	1.45288e+05	8.3e+03
4.4172e+03	2.4e+00	1.43414e+05	8.0e+03
4.4208e+03	2.4e+00	1.41952e+05	7.9e+03
4.4244e+03	2.4e+00	1.41657e+05	8.0e+03
4.4281e+03	2.4e+00	1.42193e+05	8.3e+03
4.4317e+03	2.4e+00	1.40614e+05	8.1e+03
4.4353e+03	2.4e+00	1.39379e+05	7.4e+03
4.4389e+03	2.4e+00	1.38432e+05	7.6e+03
4.4426e+03	2.4e+00	1.37500e+05	7.8e+03
4.4462e+03	2.4e+00	1.37880e+05	7.3e+03
4.4498e+03	2.4e+00	1.37685e+05	7.3e+03
4.4534e+03	2.4e+00	1.36192e+05	7.7e+03
4.4570e+03	2.4e+00	1.35931e+05	7.9e+03
4.4607e+03	2.4e+00	1.35246e+05	7.4e+03
4.4643e+03	2.4e+00	1.31821e+05	7.2e+03
4.4679e+03	2.4e+00	1.32377e+05	7.4e+03
4.4715e+03	2.4e+00	1.32860e+05	7.4e+03
4.4751e+03	2.4e+00	1.29891e+05	7.6e+03
4.4788e+03	2.4e+00	1.28549e+05	7.8e+03
4.4824e+03	2.4e+00	1.28453e+05	7.3e+03
4.4860e+03	2.4e+00	1.29087e+05	7.4e+03
4.4896e+03	2.4e+00	1.28634e+05	7.8e+03
4.4932e+03	2.4e+00	1.29757e+05	8.2e+03
4.4968e+03	2.4e+00	1.30030e+05	8.4e+03
4.5005e+03	2.4e+00	1.28614e+05	7.8e+03
4.5041e+03	2.4e+00	1.28744e+05	7.8e+03
4.5077e+03	2.4e+00	1.28709e+05	8.5e+03
4.5113e+03	2.4e+00	1.28673e+05	9.3e+03
4.5149e+03	2.4e+00	1.28256e+05	9.1e+03
4.5185e+03	2.4e+00	1.26184e+05	8.4e+03
4.5221e+03	2.4e+00	1.25262e+05	8.3e+03
4.5258e+03	2.4e+00	1.24032e+05	8.2e+03
4.5294e+03	2.4e+00	1.23432e+05	8.3e+03
4.5330e+03	2.4e+00	1.23045e+05	8.4e+03
4.5366e+03	2.4e+00	1.22584e+05	8.4e+03
4.5402e+03	2.4e+00	1.22632e+05	8.5e+03
4.5438e+03	2.4e+00	1.20970e+05	8.3e+03
4.5474e+03	2.4e+00	1.19058e+05	7.9e+03
4.5510e+03	2.4e+00	1.16991e+05	7.4e+03
4.5546e+03	2.4e+00	1.16283e+05	7.1e+03
4.5582e+03	2.4e+00	1.15900e+05	7.2e+03
4.5619e+03	2.4e+00	1.15330e+05	7.3e+03
4.5655e+03	2.4e+00	1.15952e+05	7.5e+03
4.5691e+03	2.4e+00	1.13970e+05	7.2e+03
4.5727e+03	2.4e+00	1.11916e+05	7.0e+03
4.5763e+03	2.4e+00	1.10292e+05	6.5e+03
4.5799e+03	2.4e+00	1.10300e+05	6.5e+03
4.5835e+03	2.4e+00	1.09227e+05	6.7e+03
4.5871e+03	2.4e+00	1.08524e+05	6.6e+03
4.5907e+03	2.4e+00	1.07971e+05	6.6e+03
4.5943e+03	2.4e+00	1.07345e+05	6.6e+03
4.5979e+03	2.4e+00	1.06823e+05	6.6e+03
4.6015e+03	2.4e+00	1.05990e+05	6.3e+03
4.6051e+03	2.4e+00	1.05776e+05	6.4e+03
4.6087e+03	2.4e+00	1.05608e+05	6.5e+03
4.6123e+03	2.4e+00	1.04071e+05	6.3e+03
4.6159e+03	2.4e+00	1.03130e+05	6.4e+03
4.6195e+03	2.4e+00	1.02784e+05	6.5e+03
4.6231e+03	2.4e+00	1.02222e+05	6.6e+03
4.6267e+03	2.4e+00	1.02280e+05	6.6e+03
4.6303e+03	2.4e+00	1.01650e+05	6.5e+03
4.6339e+03	2.4e+00	1.00293e+05	6.4e+03
4.6375e+03	2.4e+00	9.94638e+04	6.0e+03
4.6411e+03	2.4e+00	9.89646e+04	6.3e+03
4.6447e+03	2.4e+00	9.95006e+04	6.6e+03
4.6483e+03	2.4e+00	9.97062e+04	6.4e+03
4.6519e+03	2.4e+00	9.85098e+04	6.3e+03
4.6555e+03	2.4e+00	9.81041e+04	6.4e+03
4.6591e+03	2.4e+00	9.74581e+04	6.3e+03
4.6627e+03	2.4e+00	9.67801e+04	6.3e+03
4.6663e+03	2.4e+00	9.76844e+04	6.6e+03
4.6699e+03	2.4e+00	9.68690e+04	6.4e+03
4.6735e+03	2.4e+00	9.54131e+04	6.4e+03
4.6771e+03	2.4e+00	9.57393e+04	6.5e+03
4.6807e+03	2.4e+00	9.48157e+04	6.7e+03
4.6843e+03	2.4e+00	9.48187e+04	6.9e+03
4.6879e+03	2.4e+00	9.43635e+04	6.8e+03
4.6915e+03	2.4e+00	9.27996e+04	6.7e+03
4.6950e+03	2.4e+00	9.38867e+04	6.9e+03
4.6986e+03	2.4e+00	9.38193e+04	7.2e+03
4.7022e+03	2.4e+00	9.27247e+04	7.0e+03
4.7058e+03	2.4e+00	9.26369e+04	6.9e+03
4.7094e+03	2.4e+00	9.18816e+04	6.6e+03
4.7130e+03	2.4e+00	9.00806e+04	6.1e+03
4.7166e+03	2.4e+00	8.91839e+04	5.9e+03
4.7202e+03	2.4e+00	8.92978e+04	5.8e+03
4.7238e+03	2.4e+00	8.86322e+04	5.7e+03
4.7274e+03	2.4e+00	8.85634e+04	5.7e+03
4.7309e+03	2.4e+00	8.71899e+04	5.5e+03
4.7345e+03	2.4e+00	8.49408e+04	5.7e+03
4.7381e+03	2.4e+00	8.47456e+04	5.5e+03
4.7417e+03	2.4e+00	8.52001e+04	5.3e+03
4.7453e+03	2.4e+00	8.42595e+04	5.5e+03
4.7489e+03	2.4e+00	8.38396e+04	5.4e+03
4.7525e+03	2.4e+00	8.29480e+04	5.3e+03
4.7560e+03	2.4e+00	8.15151e+04	5.3e+03
4.7596e+03	2.4e+00	8.10493e+04	5.0e+03
4.7632e+03	2.4e+00	8.10545e+04	4.8e+03
4.7668e+03	2.4e+00	7.98191e+04	4.8e+03
4.7704e+03	2.4e+00	7.90409e+04	4.8e+03
4.7740e+03	2.4e+00	7.80280e+04	4.8e+03
4.7775e+03	2.4e+00	7.73503e+04	4.7e+03
4.7811e+03	2.4e+00	7.71955e+04	4.7e+03
4.7847e+03	2.4e+00	7.66661e+04	5.0e+03
4.7883e+03	2.4e+00	7.55659e+04	4.8e+03
4.7919e+03	2.4e+00	7.47886e+04	4.6e+03
4.7954e+03	2.4e+00	7.47700e+04	4.5e+03
4.7990e+03	2.4e+00	7.41660e+04	4.5e+03
4.8026e+03	2.4e+00	7.34391e+04	4.5e+03
4.8062e+03	2.4e+00	7.30783e+04	4.7e+03
4.8098e+03	2.4e+00	7.29630e+04	4.9e+03
4.8133e+03	2.4e+00	7.25400e+04	4.8e+03
4.8169e+03	2.4e+00	7.20283e+04	4.7e+03
4.8205e+03	2.4e+00	7.11476e+04	4.5e+03
4.8241e+03	2.4e+00	6.97141e+04	4.5e+03
4.8276e+03	2.4e+00	6.87851e+04	4.6e+03
4.8312e+03	2.4e+00	6.83087e+04	4.7e+03
4.8348e+03	2.4e+00	6.66450e+04	4.5e+03
4.8384e+03	2.4e+00	6.49918e+04	4.6e+03
4.8419e+03	2.4e+00	6.24018e+04	4.7e+03
4.8455e+03	2.4e+00	5.94999e+04	4.2e+03
4.8491e+03	2.4e+00	5.48573e+04	3.8e+03
4.8527e+03	2.4e+00	4.85753e+04	3.4e+03
4.8562e+03	2.4e+00	4.19054e+04	2.8e+03
4.8598e+03	2.4e+00	3.56356e+04	2.5e+03
4.8634e+03	2.4e+00	3.30928e+04	2.6e+03
4.8669e+03	2.4e+00	3.53892e+04	2.7e+03
4.8705e+03	2.4e+00	4.15551e+04	3.1e+03
4.8741e+03	2.4e+00	4.82717e+04	3.6e+03
4.8777e+03	2.4e+00	5.34513e+04	4.1e+03
4.8812e+03	2.4e+00	5.71515e+04	4.2e+03
4.8848e+03	2.4e+00	5.93944e+04	4.2e+03
4.8884e+03	2.4e+00	6.11898e+04	4.3e+03
4.8919e+03	2.4e+00	6.27160e+04	4.4e+03
4.8955e+03	2.4e+00	6.33749e+04	4.3e+03
4.8991e+03	2.4e+00	6.38640e+04	4.3e+03
4.9026e+03	2.4e+00	6.38616e+04	4.4e+03
4.9062e+03	2.4e+00	6.33570e+04	4.3e+03
4.9098e+03	2.4e+00	6.34750e+04	4.2e+03
4.9133e+03	2.4e+00	6.34942e+04	4.1e+03
4.9169e+03	2.4e+00	6.25487e+04	4.1e+03
4.9205e+03	2.4e+00	6.19578e+04	3.8e+03
4.9240e+03	2.4e+00	6.15784e+04	3.8e+03
4.9276e+03	2.4e+00	6.14996e+04	4.1e+03
4.9312e+03	2.4e+00	6.15872e+04	4.2e+03
4.9347e+03	2.4e+00	6.16724e+04	4.1e+03
4.9383e+03	2.4e+00	6.13600e+04	4.0e+03
4.9418e+03	2.4e+00	6.13443e+04	4.0e+03
4.9454e+03	2.4e+00	6.08379e+04	3.9e+03
4.9490e+03	2.4e+00	6.09136e+04	3.8e+03
4.9525e+03	2.4e+00	6.04858e+04	3.8e+03
4.9561e+03	2.4e+00	6.02129e+04	3.8e+03
4.9596e+03	2.4e+00	6.00139e+04	4.0e+03
4.9632e+03	2.4e+00	5.93340e+04	3.9e+03
4.9668e+03	2.4e+00	5.92870e+04	3.9e+03
4.9703e+03	2.4e+00	5.86369e+04	3.9e+03
4.9739e+03	2.4e+00	5.86504e+04	3.9e+03
4.9774e+03	2.4e+00	5.84182e+04	4.0e+03
4.9810e+03	2.4e+00	5.78123e+04	4.1e+03
4.9845e+03	2.4e+00	5.74871e+04	4.0e+03
4.9881e+03	2.4e+00	5.75594e+04	3.9e+03
4.9917e+03	2.4e+00	5.71200e+04	3.9e+03
4.9952e+03	2.4e+00	5.65787e+04	4.1e+03
4.9988e+03	2.4e+00	5.70013e+04	4.0e+03
5.0023e+03	2.4e+00	5.70733e+04	4.1e+03
5.0059e+03	2.4e+00	5.67299e+04	4.1e+03
5.0094e+03	2.4e+00	5.61984e+04	4.0e+03
5.0130e+03	2.4e+00	5.56818e+04	4.1e+03
5.0165e+03	2.4e+00	5.56645e+04	4.2e+03
5.0201e+03	2.4e+00	5.50752e+04	4.3e+03
5.0236e+03	2.4e+00	5.46456e+04	4.3e+03
5.0272e+03	2.4e+00	5.42015e+04	4.2e+03
5.0307e+03	2.4e+00	5.42952e+04	4.1e+03
5.0343e+03	2.4e+00	5.43462e+04	4.0e+03
5.0378e+03	2.4e+00	5.42115e+04	3.9e+03
5.0414e+03	2.4e+00	5.34451e+04	3.9e+03
5.0449e+03	2.4e+00	5.30215e+04	3.8e+03
5.0485e+03	2.4e+00	5.33026e+04	3.8e+03
5.0520e+03	2.4e+00	5.31829e+04	3.8e+03
5.0556e+03	2.4e+00	5.25708e+04	3.7e+03
5.0591e+03	2.4e+00	5.23984e+04	3.6e+03
5.0627e+03	2.4e+00	5.19081e+04	3.5e+03
5.0662e+03	2.4e+00	5.15298e+04	3.5e+03
5.0698e+03	2.4e+00	5.13212e+04	3.6e+03
5.0733e+03	2.4e+00	5.09546e+04	3.5e+03
5.0769e+03	2.4e+00	5.05513e+04	3.4e+03
5.0804e+03	2.4e+00	5.03700e+04	3.4e+03
5.0840e+03	2.4e+00	5.02694e+04	3.5e+03
5.0875e+03	2.4e+00	4.94657e+04	3.4e+03
5.0910e+03	2.4e+00	4.93068e+04	3.4e+03
5.0946e+03	2.4e+00	4.92538e+04	3.3e+03
5.0981e+03	2.4e+00	4.89160e+04	3.2e+03
5.1017e+03	2.4e+00	4.87213e+04	3.3e+03
5.1052e+03	2.4e+00	4.85582e+04	3.3e+03
5.1088e+03	2.4e+00	4.80143e+04	3.3e+03
5.1123e+03	2.4e+00	4.77487e+04	3.3e+03
5.1158e+03	2.4e+00	4.76696e+04	3.2e+03
5.1194e+03	2.4e+00	4.74241e+04	3.3e+03
5.1229e+03	2.4e+00	4.68899e+04	3.2e+03
5.1265e+03	2.4e+00	4.62763e+04	3.1e+03
5.1300e+03	2.4e+00	4.60214e+04	3.0e+03
5.1335e+03	2.4e+00	4.62685e+04	3.1e+03
5.1371e+03	2.4e+00	4.63068e+04	3.2e+03
5.1406e+03	2.4e+00	4.56603e+04	3.1e+03
5.1441e+03	2.4e+00	4.50298e+04	3.1e+03
5.1477e+03	2.4e+00	4.48103e+04	3.2e+03
5.1512e+03	2.4e+00	4.46614e+04	3.2e+03
5.1548e+03	2.4e+00	4.46017e+04	3.3e+03
5.1583e+03	2.4e+00	4.44736e+04	3.2e+03
5.1618e+03	2.4e+00	4.43803e+04	3.1e+03
5.1654e+03	2.4e+00	4.39530e+04	3.2e+03
5.1689e+03	2.4e+00	4.35284e+04	3.4e+03
5.1724e+03	2.4e+00	4.29386e+04	3.2e+03
5.1760e+03	2.4e+00	4.27255e+04	3.1e+03
5.1795e+03	2.4e+00	4.28711e+04	3.2e+03
5.1830e+03	2.4e+00	4.29773e+04	3.2e+03
5.1866e+03	2.4e+00	4.29865e+04	3.3e+03
5.1901e+03	2.4e+00	4.25834e+04	3.3e+03
5.1936e+03	2.4e+00	4.28576e+04	3.3e+03
5.1971e+03	2.4e+00	4.26692e+04	3.3e+03
5.2007e+03	2.4e+00	4.25007e+04	3.4e+03
5.2042e+03	2.4e+00	4.27928e+04	3.4e+03
5.2077e+03	2.4e+00	4.21848e+04	3.3e+03
5.2113e+03	2.4e+00	4.20136e+04	3.1e+03
5.2148e+03	2.4e+00	4.21178e+04	3.3e+03
5.2183e+03	2.4e+00	4.20377e+04	3.1e+03
5.2219e+03	2.4e+00	4.13988e+04	2.9e+03
5.2254e+03	2.4e+00	4.07692e+04	2.8e+03
5.2289e+03	2.4e+00	4.01993e+04	2.7e+03
5.2324e+03	2.4e+00	3.99697e+04	2.7e+03
5.2360e+03	2.4e+00	3.96514e+04	2.7e+03
5.2395e+03	2.4e+00	3.96155e+04	2.8e+03
5.2430e+03	2.4e+00	3.94410e+04	2.8e+03
5.2465e+03	2.4e+00	3.93750e+04	2.8e+03
5.2501e+03	2.4e+00	3.89720e+04	2.7e+03
5.2536e+03	2.4e+00	3.87166e+04	2.7e+03
5.2571e+03	2.4e+00	3.81983e+04	2.7e+03
5.2606e+03	2.4e+00	3.81539e+04	2.6e+03
5.2641e+03	2.4e+00	3.79642e+04	2.6e+03
5.2677e+03	2.4e+00	3.77236e+04	2.6e+03
5.2712e+03	2.4e+00	3.73294e+04	2.6e+03
5.2747e+03	2.4e+00	3.69989e+04	2.6e+03
5.2782e+03	2.4e+00	3.65240e+04	2.6e+03
5.2817e+03	2.4e+00	3.65738e+04	2.6e+03
5.2853e+03	2.4e+00	3.62231e+04	2.5e+03
5.2888e+03	2.4e+00	3.63683e+04	2.5e+03
5.2923e+03	2.4e+00	3.62336e+04	2.4e+03
5.2958e+03	2.4e+00	3.54450e+04	2.4e+03
5.2993e+03	2.4e+00	3.50689e+04	2.5e+03
5.3029e+03	2.4e+00	3.48916e+04	2.5e+03
5.3064e+03	2.4e+00	3.50471e+04	2.4e+03
5.3099e+03	2.4e+00	3.53745e+04	2.4e+03
5.3134e+03	2.4e+00	3.51547e+04	2.5e+03
5.3169e+03	2.4e+00	3.45470e+04	2.6e+03
5.3204e+03	2.4e+00	3.41888e+04	2.5e+03
5.3240e+03	2.4e+00	3.45882e+04	2.6e+03
5.3275e+03	2.4e+00	3.44510e+04	2.6e+03
5.3310e+03	2.4e+00	3.40126e+04	2.5e+03
5.3345e+03	2.4e+00	3.44676e+04	2.6e+03
5.3380e+03	2.4e+00	3.44665e+04	2.6e+03
5.3415e+03	2.4e+00	3.39519e+04	2.5e+03
5.3450e+03	2.4e+00	3.44184e+04	2.5e+03
5.3485e+03	2.4e+00	3.46693e+04	2.6e+03
5.3521e+03	2.4e+00	3.40659e+04	2.8e+03
5.3556e+03	2.4e+00	3.37797e+04	2.7e+03
5.3591e+03	2.4e+00	3.40028e+04	2.8e+03
5.3626e+03	2.4e+00	3.37851e+04	2.8e+03
5.3661e+03	2.4e+00	3.36834e+04	2.6e+03
5.3696e+03	2.4e+00	3.32473e+04	2.6e+03
5.3731e+03	2.4e+00	3.30638e+04	2.5e+03
5.3766e+03	2.4e+00	3.29855e+04	2.4e+03
5.3801e+03	2.4e+00	3.30211e+04	2.4e+03
5.3836e+03	2.4e+00	3.31880e+04	2.5e+03
5.3871e+03	2.4e+00	3.31767e+04	2.4e+03
5.3907e+03	2.4e+00	3.25187e+04	2.3e+03
5.3942e+03	2.4e+00	3.25159e+04	2.4e+03
5.3977e+03	2.4e+00	3.22970e+04	2.4e+03
5.4012e+03	2.4e+00	3.18220e+04	2.3e+03
5.4047e+03	2.4e+00	3.18369e+04	2.3e+03
5.4082e+03	2.4e+00	3.16131e+04	2.3e+03
5.4117e+03	2.4e+00	3.12577e+04	2.3e+03
5.4152e+03	2.4e+00	3.12103e+04	2.2e+03
5.4187e+03	2.4e+00	3.08949e+04	2.2e+03
5.4222e+03	2.4e+00	3.05304e+04	2.2e+03
5.4257e+03	2.4e+00	3.05422e+04	2.1e+03
5.4292e+03	2.4e+00	3.02805e+04	2.0e+03
5.4327e+03	2.4e+00	3.00795e+04	2.1e+03
5.4362e+03	2.4e+00	3.01154e+04	2.0e+03
5.4397e+03	2.4e+00	3.00222e+04	2.0e+03
5.4432e+03	2.4e+00	2.96144e+04	2.1e+03
5.4467e+03	2.4e+00	2.93248e+04	2.0e+03
5.4502e+03	2.4e+00	2.95223e+04	2.1e+03
5.4537e+03	2.4e+00	2.94707e+04	2.0e+03
5.4572e+03	2.4e+00	2.92038e+04	2.1e+03
5.4607e+03	2.4e+00	2.91763e+04	2.1e+03
5.4642e+03	2.4e+00	2.89761e+04	2.0e+03
5.4677e+03	2.4e+00	2.86887e+04	2.0e+03
5.4712e+03	2.4e+00	2.86012e+04	2.0e+03
5.4747e+03	2.4e+00	2.85684e+04	2.0e+03
5.4782e+03	2.4e+00	2.85094e+04	2.1e+03
5.4817e+03	2.4e+00	2.84130e+04	2.1e+03
5.4852e+03	2.4e+00	2.83010e+04	2.2e+03
5.4887e+03	2.4e+00	2.80590e+04	2.2e+03
5.4922e+03	2.4e+00	2.78204e+04	2.1e+03
5.4956e+03	2.4e+00	2.77763e+04	2.1e+03
5.4991e+03	2.4e+00	2.77156e+04	2.2e+03
5.5026e+03	2.4e+00	2.76474e+04	2.2e+03
5.5061e+03	2.4e+00	2.77168e+04	2.1e+03
5.5096e+03	2.4e+00	2.76740e+04	2.1e+03
5.5131e+03	2.4e+00	2.78934e+04	2.3e+03
5.5166e+03	2.4e+00	2.77170e+04	2.2e+03
5.5201e+03	2.4e+00	2.73557e+04	2.1e+03
5.5236e+03	2.4e+00	2.72313e+04	2.0e+03
5.5271e+03	2.4e+00	2.72008e+04	2.1e+03
5.5306e+03	2.4e+00	2.70774e+04	2.1e+03
5.5340e+03	2.4e+00	2.73327e+04	2.1e+03
5.5375e+03	2.4e+00	2.73908e+04	2.1e+03
5.5410e+03	2.4e+00	2.72271e+04	2.1e+03
5.5445e+03	2.4e+00	2.70442e+04	2.0e+03
5.5480e+03	2.4e+00	2.68080e+04	1.9e+03
5.5515e+03	2.4e+00	2.63417e+04	2.1e+03
5.5550e+03	2.4e+00	2.59247e+04	2.1e+03
5.5585e+03	2.4e+00	2.59964e+04	1.9e+03
5.5619e+03	2.4e+00	2.61306e+04	1.8e+03
5.5654e+03	2.4e+00	2.59826e+04	1.8e+03
5.5689e+03	2.4e+00	2.60034e+04	1.7e+03
5.5724e+03	2.4e+00	2.56850e+04	1.8e+03
5.5759e+03	2.4e+00	2.52810e+04	1.7e+03
5.5794e+03	2.4e+00	2.52803e+04	1.8e+03
5.5828e+03	2.4e+00	2.53088e+04	1.8e+03
5.5863e+03	2.4e+00	2.51116e+04	1.8e+03
5.5898e+03	2.4e+00	2.47635e+04	1.8e+03
5.5933e+03	2.4e+00	2.46611e+04	1.8e+03
5.5968e+03	2.4e+00	2.47953e+04	1.7e+03
5.6002e+03	2.4e+00	2.46916e+04	1.7e+03
5.6037e+03	2.4e+00	2.46502e+04	1.7e+03
5.6072e+03	2.4e+00	2.47416e+04	1.6e+03
5.6107e+03	2.4e+00	2.45272e+04	1.7e+03
5.6142e+03	2.4e+00	2.43200e+04	1.7e+03
5.6176e+03	2.4e+00	2.42846e+04	1.7e+03
5.6211e+03	2.4e+00	2.42409e+04	1.7e+03
5.6246e+03	2.4e+00	2.39342e+04	1.7e+03
5.6281e+03	2.4e+00	2.38661e+04	1.7e+03
5.6315e+03	2.4e+00	2.39039e+04	1.7e+03
5.6350e+03	2.4e+00	2.38995e+04	1.7e+03
5.6385e+03	2.4e+00	2.36283e+04	1.7e+03
5.6420e+03	2.4e+00	2.34759e+04	1.7e+03
5.6454e+03	2.4e+00	2.35585e+04	1.8e+03
5.6489e+03	2.4e+00	2.38681e+04	1.8e+03
5.6524e+03	2.4e+00	2.37780e+04	1.7e+03
5.6559e+03	2.4e+00	2.36891e+04	1.6e+03
5.6593e+03	2.4e+00	2.35912e+04	1.8e+03
5.6628e+03	2.4e+00	2.35483e+04	1.9e+03
5.6663e+03	2.4e+00	2.36075e+04	1.8e+03
5.6698e+03	2.4e+00	2.36467e+04	1.8e+03
5.6732e+03	2.4e+00	2.33536e+04	1.9e+03
5.6767e+03	2.4e+00	2.32367e+04	2.0e+03
5.6802e+03	2.4e+00	2.31707e+04	1.9e+03
5.6836e+03	2.4e+00	2.29503e+04	1.8e+03
5.6871e+03	2.4e+00	2.31804e+04	1.7e+03
5.6906e+03	2.4e+00	2.28554e+04	1.8e+03
5.6940e+03	2.4e+00	2.26821e+04	1.9e+03
5.6975e+03	2.4e+00	2.26553e+04	1.7e+03
5.7010e+03	2.4e+00	2.22986e+04	1.6e+03
5.7045e+03	2.4e+00	2.22707e+04	1.7e+03
5.7079e+03	2.4e+00	2.23957e+04	1.7e+03
5.7114e+03	2.4e+00	2.23126e+04	1.7e+03
5.7149e+03	2.4e+00	2.21346e+04	1.8e+03
5.7183e+03	2.4e+00	2.21603e+04	1.7e+03
5.7218e+03	2.4e+00	2.19809e+04	1.7e+03
5.7252e+03	2.4e+00	2.17051e+04	1.6e+03
5.7287e+03	2.4e+00	2.17694e+04	1.5e+03
5.7322e+03	2.4e+00	2.14933e+04	1.4e+03
5.7356e+03	2.4e+00	2.15974e+04	1.5e+03
5.7391e+03	2.4e+00	2.17881e+04	1.5e+03
5.7426e+03	2.4e+00	2.15974e+04	1.5e+03
5.7460e+03	2.4e+00	2.13641e+04	1.5e+03
5.7495e+03	2.4e+00	2.13106e+04	1.4e+03
5.7529e+03	2.4e+00	2.07705e+04	1.4e+03
5.7564e+03	2.4e+00	2.08468e+04	1.4e+03
5.7599e+03	2.4e+00	2.08091e+04	1.5e+03
5.7633e+03	2.4e+00	2.07647e+04	1.5e+03
5.7668e+03	2.4e+00	2.07322e+04	1.5e+03
5.7702e+03	2.4e+00	2.08409e+04	1.5e+03
5.7737e+03	2.4e+00	2.09538e+04	1.5e+03
5.7772e+03	2.4e+00	2.05704e+04	1.5e+03
5.7806e+03	2.4e+00	2.08283e+04	1.5e+03
5.7841e+03	2.4e+00	2.06039e+04	1.6e+03
5.7875e+03	2.4e+00	2.04739e+04	1.5e+03
5.7910e+03	2.4e+00	2.02535e+04	1.4e+03
5.7944e+03	2.4e+00	2.00526e+04	1.5e+03
5.7979e+03	2.4e+00	2.04541e+04	1.5e+03
5.8014e+03	2.4e+00	2.03909e+04	1.5e+03
5.8048e+03	2.4e+00	2.03944e+04	1.4e+03
5.8083e+03	2.4e+00	2.00514e+04	1.4e+03
5.8117e+03	2.4e+00	2.01449e+04	1.5e+03
5.8152e+03	2.4e+00	2.02021e+04	1.6e+03
5.8186e+03	2.4e+00	2.01355e+04	1.5e+03
5.8221e+03	2.4e+00	2.02367e+04	1.5e+03
5.8255e+03	2.4e+00	2.02092e+04	1.6e+03
5.8290e+03	2.4e+00	2.03585e+04	1.6e+03
5.8324e+03	2.4e+00	2.02176e+04	1.6e+03
5.8359e+03	2.4e+00	2.03283e+04	1.6e+03
5.8393e+03	2.4e+00	2.04485e+04	1.6e+03
5.8428e+03	2.4e+00	2.05597e+04	1.6e+03
5.8462e+03	2.4e+00	2.04940e+04	1.6e+03
5.8497e+03	2.4e+00	2.03803e+04	1.6e+03
5.8531e+03	2.4e+00	2.01965e+04	1.6e+03
5.8566e+03	2.4e+00	2.00636e+04	1.6e+03
5.8600e+03	2.4e+00	1.99909e+04	1.5e+03
5.8635e+03	2.4e+00	1.98332e+04	1.6e+03
5.8669e+03	2.4e+00	1.96730e+04	1.5e+03
5.8704e+03	2.4e+00	1.96881e+04	1.4e+03
5.8738e+03	2.4e+00	1.98193e+04	1.4e+03
5.8773e+03	2.4e+00	1.95864e+04	1.4e+03
5.8807e+03	2.4e+00	1.93975e+04	1.4e+03
5.8841e+03	2.4e+00	1.91197e+04	1.4e+03
5.8876e+03	2.4e+00	1.89267e+04	1.4e+03
5.8910e+03	2.4e+00	1.88334e+04	1.4e+03
5.8945e+03	2.4e+00	1.87224e+04	1.4e+03
5.8979e+03	2.4e+00	1.83999e+04	1.3e+03
5.9014e+03	2.4e+00	1.85630e+04	1.4e+03
5.9048e+03	2.4e+00	1.87625e+04	1.3e+03
5.9082e+03	2.4e+00	1.85977e+04	1.3e+03
5.9117e+03	2.4e+00	1.84481e+04	1.3e+03
5.9151e+03	2.4e+00	1.85335e+04	1.3e+03
5.9186e+03	2.4e+00	1.83162e+04	1.3e+03
5.9220e+03	2.4e+00	1.84181e+04	1.2e+03
5.9254e+03	2.4e+00	1.82447e+04	1.3e+03
5.9289e+03	2.4e+00	1.81762e+04	1.3e+03
5.9323e+03	2.4e+00	1.80505e+04	1.2e+03
5.9358e+03	2.4e+00	1.83033e+04	1.2e+03
5.9392e+03	2.4e+00	1.82336e+04	1.2e+03
5.9426e+03	2.4e+00	1.84434e+04	1.2e+03
5.9461e+03	2.4e+00	1.82069e+04	1.3e+03
5.9495e+03	2.4e+00	1.82702e+04	1.3e+03
5.9529e+03	2.4e+00	1.82254e+04	1.3e+03
5.9564e+03	2.4e+00	1.81610e+04	1.3e+03
5.9598e+03	2.4e+00	1.80202e+04	1.3e+03
5.9633e+03	2.4e+00	1.78871e+04	1.3e+03
5.9667e+03	2.4e+00	1.78990e+04	1.3e+03
5.9701e+03	2.4e+00	1.79412e+04	1.3e+03
5.9736e+03	2.4e+00	1.80529e+04	1.3e+03
5.9770e+03	2.4e+00	1.78749e+04	1.3e+03
5.9804e+03	2.4e+00	1.75866e+04	1.4e+03
5.9838e+03	2.4e+00	1.78781e+04	1.3e+03
5.9873e+03	2.4e+00	1.80215e+04	1.4e+03
5.9907e+03	2.4e+00	1.79690e+04	1.4e+03
5.9941e+03	2.4e+00	1.79256e+04	1.4e+03
5.9976e+03	2.4e+00	1.76662e+04	1.3e+03
6.0010e+03	2.4e+00	1.76802e+04	1.4e+03
6.0044e+03	2.4e+00	1.75745e+04	1.4e+03
6.0079e+03	2.4e+00	1.76484e+04	1.4e+03
6.0113e+03	2.4e+00	1.77911e+04	1.4e+03
6.0147e+03	2.4e+00	1.75975e+04	1.4e+03
6.0181e+03	2.4e+00	1.74570e+04	1.4e+03
6.0216e+03	2.4e+00	1.73716e+04	1.2e+03
6.0250e+03	2.4e+00	1.73457e+04	1.3e+03
6.0284e+03	2.4e+00	1.74598e+04	1.3e+03
6.0318e+03	2.4e+00	1.74936e+04	1.3e+03
6.0353e+03	2.4e+00	1.73688e+04	1.2e+03
6.0387e+03	2.4e+00	1.72028e+04	1.2e+03
6.0421e+03	2.4e+00	1.72587e+04	1.2e+03
6.0455e+03	2.4e+00	1.72064e+04	1.1e+03
6.0490e+03	2.4e+00	1.71022e+04	1.1e+03
6.0524e+03	2.4e+00	1.70815e+04	1.2e+03
6.0558e+03	2.4e+00	1.69499e+04	1.2e+03
6.0592e+03	2.4e+00	1.68946e+04	1.2e+03
6.0627e+03	2.4e+00	1.69719e+04	1.2e+03
6.0661e+03	2.4e+00	1.67693e+04	1.1e+03
6.0695e+03	2.4e+00	1.65969e+04	1.0e+03
6.0729e+03	2.4e+00	1.65016e+04	1.1e+03
6.0763e+03	2.4e+00	1.64514e+04	1.1e+03
6.0798e+03	2.4e+00	1.65856e+04	1.2e+03
6.0832e+03	2.4e+00	1.65608e+04	1.0e+03
6.0866e+03	2.4e+00	1.64927e+04	9.9e+02
6.0900e+03	2.4e+00	1.65547e+04	1.1e+03
6.0934e+03	2.4e+00	1.65767e+04	1.1e+03
6.0969e+03	2.4e+00	1.62165e+04	1.1e+03
6.1003e+03	2.4e+00	1.62372e+04	1.1e+03
6.1037e+03	2.4e+00	1.62092e+04	1.1e+03
6.1071e+03	2.4e+00	1.61447e+04	1.1e+03
6.1105e+03	2.4e+00	1.61007e+04	1.2e+03
6.1139e+03	2.4e+00	1.61341e+04	1.2e+03
6.1174e+03	2.4e+00	1.61441e+04	1.1e+03
6.1208e+03	2.4e+00	1.63107e+04	1.1e+03
6.1242e+03	2.4e+00	1.62567e+04	1.2e+03
6.1276e+03	2.4e+00	1.63483e+04	1.2e+03
6.1310e+03	2.4e+00	1.60736e+04	1.1e+03
6.1344e+03	2.4e+00	1.61249e+04	1.1e+03
6.1378e+03	2.4e+00	1.61929e+04	9.9e+02
6.1412e+03	2.4e+00	1.61630e+04	1.0e+03
6.1447e+03	2.4e+00	1.61738e+04	1.2e+03
6.1481e+03	2.4e+00	1.60919e+04	1.2e+03
6.1515e+03	2.4e+00	1.60599e+04	1.1e+03
6.1549e+03	2.4e+00	1.58924e+04	1.1e+03
6.1583e+03	2.4e+00	1.57966e+04	1.2e+03
6.1617e+03	2.4e+00	1.58211e+04	1.2e+03
6.1651e+03	2.4e+00	1.59074e+04	1.1e+03
6.1685e+03	2.4e+00	1.59188e+04	1.1e+03
6.1719e+03	2.4e+00	1.60132e+04	1.1e+03
6.1753e+03	2.4e+00	1.59581e+04	1.1e+03
6.1787e+03	2.4e+00	1.58417e+04	1.2e+03
6.1822e+03	2.4e+00	1.60285e+04	1.2e+03
6.1856e+03	2.4e+00	1.56462e+04	1.1e+03
6.1890e+03	2.4e+00	1.55956e+04	1.0e+03
6.1924e+03	2.4e+00	1.55363e+04	1.0e+03
6.1958e+03	2.4e+00	1.54145e+04	1.0e+03
6.1992e+03	2.4e+00	1.53726e+04	1.0e+03
6.2026e+03	2.4e+00	1.54542e+04	1.0e+03
6.2060e+03	2.4e+00	1.52714e+04	9.7e+02
6.2094e+03	2.4e+00	1.51351e+04	9.8e+02
6.2128e+03	2.4e+00	1.52565e+04	1.0e+03
6.2162e+03	2.4e+00	1.52010e+04	1.0e+03
6.2196e+03	2.4e+00	1.51009e+04	9.3e+02
6.2230e+03	2.4e+00	1.49922e+04	9.1e+02
6.2264e+03	2.4e+00	1.50711e+04	9.6e+02
6.2298e+03	2.4e+00	1.50172e+04	9.9e+02
6.2332e+03	2.4e+00	1.50718e+04	1.0e+03
6.2366e+03	2.4e+00	1.49101e+04	9.8e+02
6.2400e+03	2.4e+00	1.49251e+04	9.7e+02
6.2434e+03	2.4e+00	1.47193e+04	9.0e+02
6.2468e+03	2.4e+00	1.48629e+04	9.0e+02
6.2502e+03	2.4e+00	1.48278e+04	9.7e+02
6.2536e+03	2.4e+00	1.48552e+04	9.2e+02
6.2570e+03	2.4e+00	1.48224e+04	9.2e+02
6.2604e+03	2.4e+00	1.47412e+04	9.0e+02
6.2638e+03	2.4e+00	1.46328e+04	9.7e+02
6.2672e+03	2.4e+00	1.48140e+04	9.8e+02
6.2706e+03	2.4e+00	1.45152e+04	8.9e+02
6.2740e+03	2.4e+00	1.44144e+04	9.1e+02
6.2774e+03	2.4e+00	1.39872e+04	8.9e+02
6.2808e+03	2.4e+00	1.38519e+04	9.0e+02
6.2841e+03	2.4e+00	1.40297e+04	8.3e+02
6.2875e+03	2.4e+00	1.39129e+04	8.6e+02
6.2909e+03	2.4e+00	1.38911e+04	8.8e+02
6.2943e+03	2.4e+00	1.41039e+04	8.9e+02
6.2977e+03	2.4e+00	1.41761e+04	9.8e+02
6.3011e+03	2.4e+00	1.41316e+04	9.4e+02
6.3045e+03	2.4e+00	1.43048e+04	1.0e+03
6.3079e+03	2.4e+00	1.42568e+04	1.0e+03
6.3113e+03	2.4e+00	1.42609e+04	9.8e+02
6.3147e+03	2.4e+00	1.43250e+04	9.6e+02
6.3181e+03	2.4e+00	1.42549e+04	9.5e+02
6.3214e+03	2.4e+00	1.42978e+04	1.1e+03
6.3248e+03	2.4e+00	1.40669e+04	1.0e+03
6.3282e+03	2.4e+00	1.41275e+04	1.0e+03
6.3316e+03	2.4e+00	1.42075e+04	9.8e+02
6.3350e+03	2.4e+00	1.42406e+04	8.6e+02
6.3384e+03	2.4e+00	1.41415e+04	9.1e+02
6.3418e+03	2.4e+00	1.39198e+04	9.9e+02
6.3452e+03	2.4e+00	1.37936e+04	9.2e+02
6.3485e+03	2.4e+00	1.39984e+04	9.1e+02
6.3519e+03	2.4e+00	1.40390e+04	9.3e+02
6.3553e+03	2.4e+00	1.40006e+04	9.5e+02
6.3587e+03	2.4e+00	1.40382e+04	8.8e+02
6.3621e+03	2.4e+00	1.40601e+04	8.3e+02
6.3655e+03	2.4e+00	1.38129e+04	9.3e+02
6.3688e+03	2.4e+00	1.37362e+04	9.0e+02
6.3722e+03	2.4e+00	1.36263e+04	8.2e+02
6.3756e+03	2.4e+00	1.36765e+04	8.5e+02
6.3790e+03	2.4e+00	1.38635e+04	8.5e+02
6.3824e+03	2.4e+00	1.39048e+04	8.6e+02
6.3857e+03	2.4e+00	1.38054e+04	8.6e+02
6.3891e+03	2.4e+00	1.37769e+04	8.9e+02
6.3925e+03	2.4e+00	1.38458e+04	8.0e+02
6.3959e+03	2.4e+00	1.36480e+04	8.1e+02
6.3993e+03	2.4e+00	1.36185e+04	7.8e+02
6.4026e+03	2.4e+00	1.36307e+04	7.8e+02
6.4060e+03	2.4e+00	1.35767e+04	7.9e+02
6.4094e+03	2.4e+00	1.33963e+04	8.0e+02
6.4128e+03	2.4e+00	1.34630e+04	7.6e+02
6.4162e+03	2.4e+00	1.35597e+04	8.4e+02
6.4195e+03	2.4e+00	1.35564e+04	8.1e+02
6.4229e+03	2.4e+00	1.34357e+04	8.0e+02
6.4263e+03	2.4e+00	1.35082e+04	8.0e+02
6.4297e+03	2.4e+00	1.33307e+04	8.1e+02
6.4330e+03	2.4e+00	1.33434e+04	8.2e+02
6.4364e+03	2.4e+00	1.34528e+04	8.3e+02
6.4398e+03	2.4e+00	1.34345e+04	7.6e+02
6.4432e+03	2.4e+00	1.33077e+04	7.7e+02
6.4465e+03	2.4e+00	1.30748e+04	7.7e+02
6.4499e+03	2.4e+00	1.30526e+04	7.6e+02
6.4533e+03	2.4e+00	1.29649e+04	7.7e+02
6.4566e+03	2.4e+00	1.30676e+04	7.8e+02
6.4600e+03	2.4e+00	1.31978e+04	8.6e+02
6.4634e+03	2.4e+00	1.32082e+04	8.3e+02
6.4667e+03	2.4e+00	1.32381e+04	8.1e+02
6.4701e+03	2.4e+00	1.32508e+04	8.2e+02
6.4735e+03	2.4e+00	1.31227e+04	8.7e+02
6.4769e+03	2.4e+00	1.31293e+04	9.2e+02
6.4802e+03	2.4e+00	1.30562e+04	8.1e+02
6.4836e+03	2.4e+00	1.30977e+04	8.9e+02
6.4870e+03	2.4e+00	1.31267e+04	8.4e+02
6.4903e+03	2.4e+00	1.28523e+04	7.1e+02
6.4937e+03	2.4e+00	1.26484e+04	7.5e+02
6.4971e+03	2.4e+00	1.26905e+04	7.1e+02
6.5004e+03	2.4e+00	1.30229e+04	7.2e+02
6.5038e+03	2.4e+00	1.28917e+04	6.6e+02
6.5072e+03	2.4e+00	1.26111e+04	7.4e+02
6.5105e+03	2.4e+00	1.24427e+04	7.1e+02
6.5139e+03	2.4e+00	1.23519e+04	6.5e+02
6.5172e+03	2.4e+00	1.22081e+04	6.6e+02
6.5206e+03	2.4e+00	1.21827e+04	6.9e+02
6.5240e+03	2.4e+00	1.22901e+04	7.5e+02
6.5273e+03	2.4e+00	1.21739e+04	7.2e+02
6.5307e+03	2.4e+00	1.19534e+04	6.6e+02
6.5341e+03	2.4e+00	1.17418e+04	6.4e+02
6.5374e+03	2.4e+00	1.13857e+04	6.1e+02
6.5408e+03	2.4e+00	1.10759e+04	6.1e+02
6.5441e+03	2.4e+00	1.07911e+04	6.0e+02
6.5475e+03	2.4e+00	1.01431e+04	5.2e+02
6.5509e+03	2.4e+00	9.42276e+03	5.2e+02
6.5542e+03	2.4e+00	8.51921e+03	4.6e+02
6.5576e+03	2.4e+00	7.48479e+03	3.7e+02
6.5609e+03	2.4e+00	7.01278e+03	3.3e+02
6.5643e+03	2.4e+00	7.33853e+03	3.6e+02
6.5676e+03	2.4e+00	8.50696e+03	4.2e+02
6.5710e+03	2.4e+00	9.60953e+03	4.8e+02
6.5744e+03	2.4e+00	1.01560e+04	4.8e+02
6.5777e+03	2.4e+00	1.05387e+04	5.2e+02
6.5811e+03	2.4e+00	1.09420e+04	5.8e+02
6.5844e+03	2.4e+00	1.11945e+04	5.5e+02
6.5878e+03	2.4e+00	1.13857e+04	6.3e+02
6.5911e+03	2.4e+00	1.16568e+04	6.4e+02
6.5945e+03	2.4e+00	1.19795e+04	6.3e+02
6.5978e+03	2.4e+00	1.19080e+04	6.0e+02
6.6012e+03	2.4e+00	1.17869e+04	6.8e+02
6.6045e+03	2.4e+00	1.19172e+04	6.7e+02
6.6079e+03	2.4e+00	1.19645e+04	6.5e+02
6.6112e+03	2.4e+00	1.18346e+04	5.9e+02
6.6146e+03	2.4e+00	1.19738e+04	5.3e+02
6.6179e+03	2.4e+00	1.20903e+04	6.7e+02
6.6213e+03	2.4e+00	1.21093e+04	6.6e+02
6.6246e+03	2.4e+00	1.19679e+04	7.3e+02
6.6280e+03	2.4e+00	1.20757e+04	6.8e+02
6.6313e+03	2.4e+00	1.21134e+04	6.2e+02
6.6347e+03	2.4e+00	1.20544e+04	6.2e+02
6.6380e+03	2.4e+00	1.21931e+04	6.6e+02
6.6414e+03	2.4e+00	1.21934e+04	7.1e+02
6.6447e+03	2.4e+00	1.21388e+04	7.0e+02
6.6481e+03	2.4e+00	1.22042e+04	6.4e+02
6.6514e+03	2.4e+00	1.20933e+04	6.2e+02
6.6548e+03	2.4e+00	1.20875e+04	5.9e+02
6.6581e+03	2.4e+00	1.18774e+04	6.0e+02
6.6615e+03	2.4e+00	1.20845e+04	6.6e+02
6.6648e+03	2.4e+00	1.20407e+04	6.9e+02
6.6681e+03	2.4e+00	1.20030e+04	5.7e+02
6.6715e+03	2.4e+00	1.20018e+04	6.0e+02
6.6748e+03	2.4e+00	1.18635e+04	6.4e+02
6.6782e+03	2.4e+00	1.16191e+04	5.6e+02
6.6815e+03	2.4e+00	1.15893e+04	5.2e+02
6.6849e+03	2.4e+00	1.16621e+04	5.1e+02
6.6882e+03	2.4e+00	1.18734e+04	5.4e+02
6.6915e+03	2.4e+00	1.17758e+04	5.8e+02
6.6949e+03	2.4e+00	1.16542e+04	5.3e+02
6.6982e+03	2.4e+00	1.15484e+04	5.5e+02
6.7016e+03	2.4e+00	1.14854e+04	5.3e+02
6.7049e+03	2.4e+00	1.16031e+04	5.0e+02
6.7082e+03	2.4e+00	1.13616e+04	5.3e+02
6.7116e+03	2.4e+00	1.11758e+04	5.1e+02
6.7149e+03	2.4e+00	1.13930e+04	5.6e+02
6.7183e+03	2.4e+00	1.11531e+04	4.8e+02
6.7216e+03	2.4e+00	1.13984e+04	5.0e+02
6.7249e+03	2.4e+00	1.14659e+04	4.8e+02
6.7283e+03	2.4e+00	1.12550e+04	4.6e+02
6.7316e+03	2.4e+00	1.13778e+04	4.9e+02
6.7349e+03	2.4e+00	1.14788e+04	4.6e+02
6.7383e+03	2.4e+00	1.14331e+04	5.3e+02
6.7416e+03	2.4e+00	1.13483e+04	5.5e+02
6.7449e+03	2.4e+00	1.12554e+04	4.8e+02
6.7483e+03	2.4e+00	1.10947e+04	5.0e+02
6.7516e+03	2.4e+00	1.12708e+04	5.2e+02
6.7549e+03	2.4e+00	1.10856e+04	5.1e+02
6.7583e+03	2.4e+00	1.13188e+04	4.9e+02
6.7616e+03	2.4e+00	1.11877e+04	4.6e+02
6.7649e+03	2.4e+00	1.12611e+04	4.7e+02
6.7683e+03	2.4e+00	1.11947e+04	4.8e+02
6.7716e+03	2.4e+00	1.10102e+04	4.4e+02
6.7749e+03	2.4e+00	1.11885e+04	4.6e+02
6.7782e+03	2.4e+00	1.11814e+04	5.1e+02
6.7816e+03	2.4e+00	1.11852e+04	5.1e+02
6.7849e+03	2.4e+00	1.13569e+04	5.4e+02
6.7882e+03	2.4e+00	1.13369e+04	5.1e+02
6.7916e+03	2.4e+00	1.11504e+04	5.4e+02
6.7949e+03	2.4e+00	1.11980e+04	5.7e+02
6.7982e+03	2.4e+00	1.09989e+04	5.0e+02
6.8015e+03	2.4e+00	1.07401e+04	4.6e+02
6.8049e+03	2.4e+00	1.09474e+04	4.9e+02
6.8082e+03	2.4e+00	1.09721e+04	5.0e+02
6.8115e+03	2.4e+00	1.08246e+04	4.5e+02
6.8148e+03	2.4e+00	1.08914e+04	3.9e+02
6.8182e+03	2.4e+00	1.09290e+04	4.3e+02
6.8215e+03	2.4e+00	1.07577e+04	4.2e+02
6.8248e+03	2.4e+00	1.08077e+04	3.9e+02
6.8281e+03	2.4e+00	1.07813e+04	4.3e+02
6.8315e+03	2.4e+00	1.07212e+04	4.0e+02
6.8348e+03	2.4e+00	1.08228e+04	4.7e+02
6.8381e+03	2.4e+00	1.07552e+04	4.6e+02
6.8414e+03	2.4e+00	1.04326e+04	4.8e+02
6.8447e+03	2.4e+00	1.06528e+04	5.4e+02
6.8481e+03	2.4e+00	1.05634e+04	4.8e+02
6.8514e+03	2.4e+00	1.03478e+04	3.6e+02
6.8547e+03	2.4e+00	1.00913e+04	3.0e+02
6.8580e+03	2.4e+00	1.01170e+04	3.8e+02
6.8613e+03	2.4e+00	9.63019e+03	3.9e+02
6.8647e+03	2.4e+00	8.58529e+03	2.9e+02
6.8680e+03	2.4e+00	7.65159e+03	3.4e+02
6.8713e+03	2.4e+00	7.47081e+03	3.2e+02
6.8746e+03	2.4e+00	8.13149e+03	3.0e+02
6.8779e+03	2.4e+00	8.90107e+03	3.2e+02
6.8812e+03	2.4e+00	9.07602e+03	3.6e+02
6.8846e+03	2.4e+00	8.80796e+03	3.3e+02
6.8879e+03	2.4e+00	8.87053e+03	2.8e+02
6.8912e+03	2.4e+00	8.66969e+03	2.5e+02
6.8945e+03	2.4e+00	8.72104e+03	2.9e+02
6.8978e+03	2.4e+00	8.97963e+03	3.3e+02
6.9011e+03	2.4e+00	9.07154e+03	3.2e+02
6.9044e+03	2.4e+00	9.24644e+03	3.7e+02
6.9078e+03	2.4e+00	9.38892e+03	3.3e+02
6.9111e+03	2.4e+00	9.36491e+03	2.6e+02
6.9144e+03	2.4e+00	9.75247e+03	2.9e+02
6.9177e+03	2.4e+00	9.70578e+03	2.8e+02
6.9210e+03	2.4e+00	9.70265e+03	3.3e+02
6.9243e+03	2.4e+00	9.64439e+03	3.4e+02
6.9276e+03	2.4e+00	9.77842e+03	4.2e+02
6.9309e+03	2.4e+00	9.81721e+03	3.2e+02
6.9342e+03	2.4e+00	9.60651e+03	3.3e+02
6.9375e+03	2.4e+00	9.54969e+03	3.1e+02
6.9409e+03	2.4e+00	9.48461e+03	3.5e+02
6.9442e+03	2.4e+00	9.48639e+03	2.8e+02
6.9475e+03	2.4e+00	9.69631e+03	3.9e+02
6.9508e+03	2.4e+00	9.68706e+03	4.5e+02
6.9541e+03	2.4e+00	9.73677e+03	4.0e+02
6.9574e+03	2.4e+00	9.71533e+03	3.9e+02
6.9607e+03	2.4e+00	9.54677e+03	4.7e+02
6.9640e+03	2.4e+00	9.57796e+03	5.4e+02
6.9673e+03	2.4e+00	9.59418e+03	4.5e+02
6.9706e+03	2.4e+00	9.62807e+03	5.1e+02
6.9739e+03	2.4e+00	9.44839e+03	4.4e+02
6.9772e+03	2.4e+00	9.35505e+03	4.3e+02
6.9805e+03	2.4e+00	9.26430e+03	4.4e+02
6.9838e+03	2.4e+00	9.32072e+03	5.0e+02
6.9871e+03	2.4e+00	9.14887e+03	4.6e+02
6.9904e+03	2.4e+00	9.26590e+03	5.0e+02
6.9937e+03	2.4e+00	9.05203e+03	5.1e+02
6.9970e+03	2.4e+00	8.98031e+03	4.9e+02
7.0003e+03	2.4e+00	8.97907e+03	4.9e+02
7.0036e+03	2.4e+00	8.92107e+03	5.0e+02
7.0069e+03	2.4e+00	9.01535e+03	5.1e+02
7.0102e+03	2.4e+00	9.00463e+03	4.6e+02
7.0135e+03	2.4e+00	8.78842e+03	4.6e+02
7.0168e+03	2.4e+00	8.89780e+03	4.8e+02
7.0201e+03	2.4e+00	8.99393e+03	4.6e+02
7.0234e+03	2.4e+00	8.73900e+03	4.4e+02
7.0267e+03	2.4e+00	8.70526e+03	3.9e+02
7.0300e+03	2.4e+00	8.75269e+03	4.7e+02
7.0333e+03	2.4e+00	8.82235e+03	4.9e+02
7.0366e+03	2.4e+00	8.68377e+03	4.5e+02
7.0399e+03	2.4e+00	8.64964e+03	4.0e+02
7.0432e+03	2.4e+00	8.66806e+03	3.5e+02
7.0465e+03	2.4e+00	8.65598e+03	3.3e+02
7.0498e+03	2.4e+00	8.61728e+03	3.3e+02
7.0531e+03	2.4e+00	8.50453e+03	3.2e+02
7.0564e+03	2.4e+00	8.30241e+03	2.6e+02
7.0597e+03	2.4e+00	8.46301e+03	3.4e+02
7.0629e+03	2.4e+00	8.61146e+03	3.1e+02
7.0662e+03	2.4e+00	8.49528e+03	3.3e+02
7.0695e+03	2.4e+00	8.69599e+03	4.0e+02
7.0728e+03	2.4e+00	8.44402e+03	3.1e+02
7.0761e+03	2.4e+00	8.46749e+03	3.7e+02
7.0794e+03	2.4e+00	8.50961e+03	4.0e+02
7.0827e+03	2.4e+00	8.28829e+03	3.4e+02
7.0860e+03	2.4e+00	8.49183e+03	3.7e+02
7.0893e+03	2.4e+00	8.45810e+03	3.1e+02
7.0926e+03	2.4e+00	8.36684e+03	4.1e+02
7.0958e+03	2.4e+00	8.78374e+03	5.4e+02
7.0991e+03	2.4e+00	8.82391e+03	4.8e+02
7.1024e+03	2.4e+00	8.70363e+03	5.7e+02
7.1057e+03	2.4e+00	8.44455e+03	5.5e+02
7.1090e+03	2.4e+00	8.41854e+03	5.4e+02
7.1123e+03	2.4e+00	8.43659e+03	5.2e+02
7.1156e+03	2.4e+00	8.50052e+03	5.2e+02
7.1188e+03	2.4e+00	8.46983e+03	6.3e+02
7.1221e+03	2.4e+00	8.41599e+03	6.1e+02
7.1254e+03	2.4e+00	8.09680e+03	5.6e+02
7.1287e+03	2.4e+00	8.13930e+03	4.9e+02
7.1320e+03	2.4e+00	8.11715e+03	5.5e+02
7.1353e+03	2.4e+00	8.18805e+03	7.5e+02
7.1385e+03	2.4e+00	8.29549e+03	6.6e+02
7.1418e+03	2.4e+00	8.01439e+03	5.5e+02
7.1451e+03	2.4e+00	7.98412e+03	5.7e+02
7.1484e+03	2.4e+00	8.11510e+03	5.0e+02
7.1517e+03	2.4e+00	8.05843e+03	4.7e+02
7.1549e+03	2.4e+00	7.84412e+03	4.7e+02
7.1582e+03	2.4e+00	7.92516e+03	5.2e+02
7.1615e+03	2.4e+00	7.62824e+03	4.7e+02
7.1648e+03	2.4e+00	7.36708e+03	4.2e+02
7.1681e+03	2.4e+00	7.11103e+03	4.5e+02
7.1713e+03	2.4e+00	7.06545e+03	3.7e+02
7.1746e+03	2.4e+00	7.14700e+03	4.3e+02
7.1779e+03	2.4e+00	6.99914e+03	3.8e+02
7.1812e+03	2.4e+00	6.88353e+03	3.5e+02
7.1844e+03	2.4e+00	6.95375e+03	3.5e+02
7.1877e+03	2.4e+00	6.88465e+03	3.4e+02
7.1910e+03	2.4e+00	6.73203e+03	3.4e+02
7.1943e+03	2.4e+00	6.83460e+03	3.5e+02
7.1975e+03	2.4e+00	6.97740e+03	2.9e+02
7.2008e+03	2.4e+00	6.79986e+03	3.0e+02
7.2041e+03	2.4e+00	6.69638e+03	2.9e+02
7.2074e+03	2.4e+00	6.99028e+03	2.8e+02
7.2106e+03	2.4e+00	7.18007e+03	3.0e+02
7.2139e+03	2.4e+00	7.61246e+03	3.9e+02
7.2172e+03	2.4e+00	7.50324e+03	4.4e+02
7.2204e+03	2.4e+00	7.34997e+03	4.7e+02
7.2237e+03	2.4e+00	7.23348e+03	4.7e+02
7.2270e+03	2.4e+00	7.00863e+03	5.0e+02
7.2303e+03	2.4e+00	6.74677e+03	5.1e+02
7.2335e+03	2.4e+00	6.70009e+03	5.3e+02
7.2368e+03	2.4e+00	6.90833e+03	4.2e+02
7.2401e+03	2.4e+00	6.88510e+03	4.6e+02
7.2433e+03	2.4e+00	6.70638e+03	5.0e+02
7.2466e+03	2.4e+00	6.67136e+03	5.6e+02
7.2499e+03	2.4e+00	6.60804e+03	5.6e+02
7.2531e+03	2.4e+00	6.75934e+03	6.4e+02
7.2564e+03	2.4e+00	6.76203e+03	5.7e+02
7.2597e+03	2.4e+00	6.65543e+03	5.5e+02
7.2629e+03	2.4e+00	6.63348e+03	5.4e+02
7.2662e+03	2.4e+00	6.69794e+03	6.8e+02
7.2695e+03	2.4e+00	6.62061e+03	6.5e+02
7.2727e+03	2.4e+00	6.39142e+03	6.0e+02
7.2760e+03	2.4e+00	6.55905e+03	6.0e+02
7.2792e+03	2.4e+00	6.59573e+03	5.5e+02
7.2825e+03	2.4e+00	6.67010e+03	5.3e+02
7.2858e+03	2.4e+00	6.37320e+03	5.7e+02
7.2890e+03	2.4e+00	6.28652e+03	5.4e+02
7.2923e+03	2.4e+00	6.36959e+03	5.2e+02
7.2956e+03	2.4e+00	6.67195e+03	5.3e+02
7.2988e+03	2.4e+00	6.62205e+03	4.8e+02
7.3021e+03	2.4e+00	6.44785e+03	4.7e+02
7.3053e+03	2.4e+00	6.34920e+03	4.3e+02
7.3086e+03	2.4e+00	6.35203e+03	3.7e+02
7.3119e+03	2.4e+00	6.45103e+03	4.0e+02
7.3151e+03	2.4e+00	6.10123e+03	3.9e+02
7.3184e+03	2.4e+00	6.01105e+03	3.5e+02
7.3216e+03	2.4e+00	6.22159e+03	3.4e+02
7.3249e+03	2.4e+00	6.47657e+03	3.8e+02
7.3281e+03	2.4e+00	6.20529e+03	3.7e+02
7.3314e+03	2.4e+00	6.09275e+03	3.4e+02
7.3346e+03	2.4e+00	6.32395e+03	3.9e+02
7.3379e+03	2.4e+00	6.27324e+03	3.9e+02
7.3412e+03	2.4e+00	6.27801e+03	3.8e+02
7.3444e+03	2.4e+00	6.14226e+03	4.0e+02
7.3477e+03	2.4e+00	6.07907e+03	3.5e+02
7.3509e+03	2.4e+00	6.17168e+03	3.5e+02
7.3542e+03	2.4e+00	6.15943e+03	3.6e+02
7.3574e+03	2.4e+00	6.20396e+03	3.5e+02
7.3607e+03	2.4e+00	6.07035e+03	3.5e+02
7.3639e+03	2.4e+00	6.13175e+03	3.8e+02
7.3672e+03	2.4e+00	6.19537e+03	4.2e+02
7.3704e+03	2.4e+00	6.22627e+03	3.9e+02
7.3737e+03	2.4e+00	6.31273e+03	5.1e+02
7.3769e+03	2.4e+00	5.99001e+03	3.8e+02
7.3802e+03	2.4e+00	6.05718e+03	4.4e+02
7.3834e+03	2.4e+00	6.08695e+03	5.0e+02
7.3867e+03	2.4e+00	5.80879e+03	4.4e+02
7.3899e+03	2.4e+00	6.16495e+03	5.5e+02
7.3932e+03	2.4e+00	6.10533e+03	5.4e+02
7.3964e+03	2.4e+00	6.23279e+03	4.9e+02
7.3997e+03	2.4e+00	6.14340e+03	5.6e+02
7.4029e+03	2.4e+00	5.90019e+03	6.0e+02
7.4062e+03	2.4e+00	5.82606e+03	6.0e+02
7.4094e+03	2.4e+00	5.91551e+03	5.3e+02
7.4127e+03	2.4e+00	6.03503e+03	5.1e+02
7.4159e+03	2.4e+00	6.06163e+03	5.7e+02
7.4191e+03	2.4e+00	5.86518e+03	5.1e+02
7.4224e+03	2.4e+00	5.72122e+03	3.8e+02
7.4256e+03	2.4e+00	5.85762e+03	6.8e+02
7.4289e+03	2.4e+00	5.80653e+03	6.4e+02
7.4321e+03	2.4e+00	5.73476e+03	4.6e+02
7.4354e+03	2.4e+00	5.68950e+03	5.2e+02
7.4386e+03	2.4e+00	5.72361e+03	5.9e+02
7.4418e+03	2.4e+00	5.88445e+03	4.8e+02
7.4451e+03	2.4e+00	5.62178e+03	4.5e+02
7.4483e+03	2.4e+00	5.75253e+03	5.0e+02
7.4516e+03	2.4e+00	5.55459e+03	4.0e+02
7.4548e+03	2.4e+00	5.57801e+03	3.5e+02
7.4580e+03	2.4e+00	5.58450e+03	3.6e+02
7.4613e+03	2.4e+00	5.48815e+03	3.5e+02
7.4645e+03	2.4e+00	5.49031e+03	3.7e+02
7.4678e+03	2.4e+00	5.58150e+03	3.3e+02
7.4710e+03	2.4e+00	5.31983e+03	3.5e+02
7.4742e+03	2.4e+00	5.48506e+03	3.3e+02
7.4775e+03	2.4e+00	5.48189e+03	3.5e+02
7.4807e+03	2.4e+00	5.37562e+03	3.5e+02
7.4839e+03	2.4e+00	5.36396e+03	3.0e+02
7.4872e+03	2.4e+00	5.31649e+03	3.0e+02
7.4904e+03	2.4e+00	5.28412e+03	3.6e+02
7.4936e+03	2.4e+00	5.38145e+03	3.6e+02
7.4969e+03	2.4e+00	5.22100e+03	3.3e+02
7.5001e+03	2.4e+00	5.15305e+03	2.9e+02
7.5033e+03	2.4e+00	5.10382e+03	2.9e+02
7.5066e+03	2.4e+00	5.01593e+03	3.3e+02
7.5098e+03	2.4e+00	5.00938e+03	3.5e+02
7.5130e+03	2.4e+00	5.05098e+03	2.9e+02
7.5163e+03	2.4e+00	5.19792e+03	3.5e+02
7.5195e+03	2.4e+00	5.26827e+03	3.7e+02
7.5227e+03	2.4e+00	5.09093e+03	3.1e+02
7.5260e+03	2.4e+00	5.07714e+03	3.0e+02
7.5292e+03	2.4e+00	4.98751e+03	3.6e+02
7.5324e+03	2.4e+00	5.21537e+03	4.3e+02
7.5356e+03	2.4e+00	5.13450e+03	3.9e+02
7.5389e+03	2.4e+00	5.19584e+03	4.8e+02
7.5421e+03	2.4e+00	5.02299e+03	4.2e+02
7.5453e+03	2.4e+00	5.02231e+03	4.4e+02
7.5486e+03	2.4e+00	5.10477e+03	4.4e+02
7.5518e+03	2.4e+00	5.01924e+03	4.2e+02
7.5550e+03	2.4e+00	4.98141e+03	4.4e+02
7.5582e+03	2.4e+00	5.01400e+03	4.8e+02
7.5615e+03	2.4e+00	5.02576e+03	4.1e+02
7.5647e+03	2.4e+00	5.03691e+03	3.9e+02
7.5679e+03	2.4e+00	5.05454e+03	4.2e+02
7.5711e+03	2.4e+00	4.87491e+03	5.8e+02
7.5744e+03	2.4e+00	4.67367e+03	3.4e+02
7.5776e+03	2.4e+00	4.79172e+03	4.0e+02
7.5808e+03	2.4e+00	4.70950e+03	4.0e+02
7.5840e+03	2.4e+00	4.64136e+03	3.5e+02
7.5872e+03	2.4e+00	4.61031e+03	4.0e+02
7.5905e+03	2.4e+00	4.03176e+03	3.6e+02
7.5937e+03	2.4e+00	3.27330e+03	2.7e+02
7.5969e+03	2.4e+00	2.55421e+03	2.1e+02
7.6001e+03	2.4e+00	1.87139e+03	1.7e+02
7.6033e+03	2.4e+00	1.40928e+03	9.2e+01
7.6066e+03	2.4e+00	1.26341e+03	8.0e+01
7.6098e+03	2.4e+00	1.33823e+03	9.4e+01
7.6130e+03	2.4e+00	1.72222e+03	1.6e+02
7.6162e+03	2.4e+00	2.34583e+03	2.0e+02
7.6194e+03	2.4e+00	2.74480e+03	2.2e+02
7.6227e+03	2.4e+00	2.88434e+03	2.9e+02
7.6259e+03	2.4e+00	2.53163e+03	2.7e+02
7.6291e+03	2.4e+00	2.31161e+03	2.3e+02
7.6323e+03	2.4e+00	2.27773e+03	2.0e+02
7.6355e+03	2.4e+00	2.16715e+03	2.0e+02
7.6387e+03	2.4e+00	2.23627e+03	2.1e+02
7.6419e+03	2.4e+00	2.47934e+03	2.0e+02
7.6452e+03	2.4e+00	2.65505e+03	2.2e+02
7.6484e+03	2.4e+00	2.93743e+03	2.2e+02
7.6516e+03	2.4e+00	3.06724e+03	2.5e+02
7.6548e+03	2.4e+00	3.04257e+03	2.8e+02
7.6580e+03	2.4e+00	3.42791e+03	2.8e+02
7.6612e+03	2.4e+00	3.42863e+03	3.2e+02
7.6644e+03	2.4e+00	3.44569e+03	3.1e+02
7.6676e+03	2.4e+00	3.54495e+03	3.7e+02
7.6709e+03	2.4e+00	3.79859e+03	3.1e+02
7.6741e+03	2.4e+00	3.93116e+03	3.5e+02
7.6773e+03	2.4e+00	3.81336e+03	3.0e+02
7.6805e+03	2.4e+00	3.89741e+03	3.3e+02
7.6837e+03	2.4e+00	4.02347e+03	3.7e+02
7.6869e+03	2.4e+00	3.92579e+03	3.9e+02
7.6901e+03	2.4e+00	3.90680e+03	4.8e+02
7.6933e+03	2.4e+00	4.35866e+03	5.8e+02
