# lambda [A]	Dlambda [A]	specval [counts]	Dspecval [counts]
3.6871e+03	2.4e+00	6.96424e+03	3.2e+02
3.6908e+03	2.4e+00	7.46932e+03	3.3e+02
3.6945e+03	2.4e+00	8.26264e+03	2.3e+02
3.6982e+03	2.4e+00	8.32486e+03	1.6e+02
3.7019e+03	2.4e+00	9.13632e+03	2.0e+02
3.7057e+03	2.4e+00	1.03172e+04	2.6e+02
3.7094e+03	2.4e+00	1.05471e+04	2.4e+02
3.7131e+03	2.4e+00	1.08658e+04	7.1e+02
3.7168e+03	2.4e+00	1.24165e+04	3.2e+02
3.7205e+03	2.4e+00	1.45527e+04	4.9e+02
3.7242e+03	2.4e+00	1.63803e+04	7.3e+02
3.7279e+03	2.4e+00	1.77897e+04	7.6e+02
3.7316e+03	2.4e+00	1.76072e+04	8.0e+02
3.7353e+03	2.4e+00	1.66305e+04	4.0e+02
3.7390e+03	2.4e+00	1.75130e+04	3.2e+02
3.7427e+03	2.4e+00	2.12670e+04	5.7e+02
3.7464e+03	2.4e+00	2.80732e+04	7.0e+02
3.7501e+03	2.4e+00	3.31084e+04	5.3e+02
3.7539e+03	2.4e+00	3.30516e+04	3.6e+02
3.7576e+03	2.4e+00	3.03965e+04	5.7e+02
3.7613e+03	2.4e+00	2.70023e+04	4.8e+02
3.7650e+03	2.4e+00	2.42733e+04	3.5e+02
3.7687e+03	2.4e+00	2.68873e+04	5.0e+02
3.7724e+03	2.4e+00	3.31202e+04	4.9e+02
3.7761e+03	2.4e+00	4.12771e+04	4.7e+02
3.7798e+03	2.4e+00	5.18866e+04	9.3e+02
3.7835e+03	2.4e+00	5.96352e+04	1.2e+03
3.7872e+03	2.4e+00	6.30372e+04	1.1e+03
3.7909e+03	2.4e+00	6.31016e+04	1.3e+03
3.7946e+03	2.4e+00	5.76609e+04	1.3e+03
3.7983e+03	2.4e+00	5.09615e+04	9.0e+02
3.8020e+03	2.4e+00	4.25660e+04	7.2e+02
3.8057e+03	2.4e+00	3.71672e+04	8.3e+02
3.8094e+03	2.4e+00	4.32029e+04	1.8e+03
3.8131e+03	2.4e+00	5.72014e+04	2.3e+03
3.8168e+03	2.4e+00	7.60648e+04	2.5e+03
3.8205e+03	2.4e+00	8.98165e+04	2.6e+03
3.8242e+03	2.4e+00	1.00480e+05	3.2e+03
3.8279e+03	2.4e+00	1.08163e+05	5.3e+03
3.8315e+03	2.4e+00	1.13758e+05	4.7e+03
3.8352e+03	2.4e+00	1.18148e+05	3.7e+03
3.8389e+03	2.4e+00	1.20798e+05	3.5e+03
3.8426e+03	2.4e+00	1.23833e+05	3.4e+03
3.8463e+03	2.4e+00	1.18305e+05	4.0e+03
3.8500e+03	2.4e+00	1.06324e+05	3.2e+03
3.8537e+03	2.4e+00	9.12462e+04	2.6e+03
3.8574e+03	2.4e+00	7.68317e+04	2.7e+03
3.8611e+03	2.4e+00	6.51198e+04	1.9e+03
3.8648e+03	2.4e+00	6.56957e+04	1.9e+03
3.8685e+03	2.4e+00	8.35584e+04	3.8e+03
3.8722e+03	2.4e+00	1.07870e+05	4.5e+03
3.8759e+03	2.4e+00	1.27743e+05	4.1e+03
3.8795e+03	2.4e+00	1.48115e+05	4.3e+03
3.8832e+03	2.4e+00	1.65784e+05	4.5e+03
3.8869e+03	2.4e+00	1.74002e+05	4.2e+03
3.8906e+03	2.4e+00	1.79563e+05	4.2e+03
3.8943e+03	2.4e+00	1.87398e+05	5.2e+03
3.8980e+03	2.4e+00	1.90590e+05	5.7e+03
3.9017e+03	2.4e+00	1.90305e+05	4.4e+03
3.9054e+03	2.4e+00	1.87987e+05	4.7e+03
3.9090e+03	2.4e+00	1.84858e+05	3.7e+03
3.9127e+03	2.4e+00	1.84405e+05	2.7e+03
3.9164e+03	2.4e+00	1.87069e+05	3.2e+03
3.9201e+03	2.4e+00	1.91679e+05	4.1e+03
3.9238e+03	2.4e+00	1.90851e+05	4.6e+03
3.9275e+03	2.4e+00	1.86970e+05	4.6e+03
3.9312e+03	2.4e+00	1.76356e+05	3.9e+03
3.9348e+03	2.4e+00	1.59864e+05	2.5e+03
3.9385e+03	2.4e+00	1.34848e+05	2.3e+03
3.9422e+03	2.4e+00	1.07191e+05	1.5e+03
3.9459e+03	2.4e+00	8.56279e+04	1.4e+03
3.9496e+03	2.4e+00	8.01745e+04	1.5e+03
3.9532e+03	2.4e+00	9.82450e+04	1.5e+03
3.9569e+03	2.4e+00	1.27372e+05	1.5e+03
3.9606e+03	2.4e+00	1.53047e+05	3.8e+03
3.9643e+03	2.4e+00	1.73522e+05	5.2e+03
3.9680e+03	2.4e+00	1.86642e+05	4.7e+03
3.9716e+03	2.4e+00	1.95883e+05	5.8e+03
3.9753e+03	2.4e+00	2.03610e+05	5.0e+03
3.9790e+03	2.4e+00	2.06992e+05	4.6e+03
3.9827e+03	2.4e+00	2.05724e+05	5.3e+03
3.9864e+03	2.4e+00	2.08752e+05	6.0e+03
3.9900e+03	2.4e+00	2.15016e+05	5.5e+03
3.9937e+03	2.4e+00	2.15474e+05	5.6e+03
3.9974e+03	2.4e+00	2.12891e+05	6.2e+03
4.0011e+03	2.4e+00	2.13258e+05	6.4e+03
4.0047e+03	2.4e+00	2.10348e+05	7.4e+03
4.0084e+03	2.4e+00	2.07086e+05	7.5e+03
4.0121e+03	2.4e+00	2.07757e+05	8.1e+03
4.0158e+03	2.4e+00	2.09628e+05	8.3e+03
4.0194e+03	2.4e+00	2.12160e+05	8.5e+03
4.0231e+03	2.4e+00	2.10628e+05	6.8e+03
4.0268e+03	2.4e+00	2.06820e+05	6.0e+03
4.0304e+03	2.4e+00	2.05668e+05	5.9e+03
4.0341e+03	2.4e+00	2.00995e+05	4.8e+03
4.0378e+03	2.4e+00	1.97645e+05	5.0e+03
4.0415e+03	2.4e+00	1.95574e+05	4.8e+03
4.0451e+03	2.4e+00	1.94536e+05	4.3e+03
4.0488e+03	2.4e+00	1.92912e+05	3.9e+03
4.0525e+03	2.4e+00	1.88608e+05	3.8e+03
4.0561e+03	2.4e+00	1.84840e+05	4.9e+03
4.0598e+03	2.4e+00	1.78037e+05	4.3e+03
4.0635e+03	2.4e+00	1.70413e+05	2.9e+03
4.0671e+03	2.4e+00	1.62074e+05	2.9e+03
4.0708e+03	2.4e+00	1.46526e+05	2.6e+03
4.0745e+03	2.4e+00	1.29537e+05	2.0e+03
4.0781e+03	2.4e+00	1.07772e+05	1.7e+03
4.0818e+03	2.4e+00	8.37245e+04	1.2e+03
4.0855e+03	2.4e+00	7.07845e+04	8.2e+02
4.0891e+03	2.4e+00	7.59052e+04	9.2e+02
4.0928e+03	2.4e+00	9.54721e+04	1.6e+03
4.0965e+03	2.4e+00	1.18370e+05	2.3e+03
4.1001e+03	2.4e+00	1.34894e+05	2.5e+03
4.1038e+03	2.4e+00	1.45882e+05	2.1e+03
4.1075e+03	2.4e+00	1.54343e+05	1.7e+03
4.1111e+03	2.4e+00	1.59716e+05	2.2e+03
4.1148e+03	2.4e+00	1.62908e+05	2.9e+03
4.1184e+03	2.4e+00	1.64478e+05	3.3e+03
4.1221e+03	2.4e+00	1.67593e+05	3.6e+03
4.1258e+03	2.4e+00	1.68532e+05	3.1e+03
4.1294e+03	2.4e+00	1.67698e+05	3.0e+03
4.1331e+03	2.4e+00	1.67970e+05	2.9e+03
4.1367e+03	2.4e+00	1.68852e+05	3.5e+03
4.1404e+03	2.4e+00	1.69105e+05	4.0e+03
4.1441e+03	2.4e+00	1.67613e+05	3.8e+03
4.1477e+03	2.4e+00	1.67087e+05	3.8e+03
4.1514e+03	2.4e+00	1.68621e+05	4.6e+03
4.1550e+03	2.4e+00	1.66415e+05	4.0e+03
4.1587e+03	2.4e+00	1.64698e+05	3.8e+03
4.1623e+03	2.4e+00	1.66340e+05	5.6e+03
4.1660e+03	2.4e+00	1.65954e+05	6.7e+03
4.1697e+03	2.4e+00	1.65734e+05	5.7e+03
4.1733e+03	2.4e+00	1.66172e+05	5.5e+03
4.1770e+03	2.4e+00	1.66259e+05	6.2e+03
4.1806e+03	2.4e+00	1.64041e+05	8.0e+03
4.1843e+03	2.4e+00	1.63863e+05	6.9e+03
4.1879e+03	2.4e+00	1.65001e+05	6.9e+03
4.1916e+03	2.4e+00	1.65321e+05	7.6e+03
4.1952e+03	2.4e+00	1.64298e+05	6.5e+03
4.1989e+03	2.4e+00	1.63131e+05	6.0e+03
4.2025e+03	2.4e+00	1.64126e+05	6.2e+03
4.2062e+03	2.4e+00	1.61390e+05	5.8e+03
4.2098e+03	2.4e+00	1.59514e+05	5.8e+03
4.2135e+03	2.4e+00	1.60333e+05	5.5e+03
4.2171e+03	2.4e+00	1.58811e+05	5.3e+03
4.2208e+03	2.4e+00	1.58585e+05	5.1e+03
4.2244e+03	2.4e+00	1.58916e+05	4.1e+03
4.2281e+03	2.4e+00	1.57997e+05	3.2e+03
4.2317e+03	2.4e+00	1.57486e+05	3.2e+03
4.2354e+03	2.4e+00	1.56153e+05	2.7e+03
4.2390e+03	2.4e+00	1.55321e+05	2.1e+03
4.2427e+03	2.4e+00	1.55037e+05	2.1e+03
4.2463e+03	2.4e+00	1.53716e+05	2.8e+03
4.2500e+03	2.4e+00	1.53037e+05	2.8e+03
4.2536e+03	2.4e+00	1.53119e+05	2.5e+03
4.2572e+03	2.4e+00	1.51316e+05	2.3e+03
4.2609e+03	2.4e+00	1.49091e+05	2.4e+03
4.2645e+03	2.4e+00	1.50622e+05	2.6e+03
4.2682e+03	2.4e+00	1.50533e+05	2.9e+03
4.2718e+03	2.4e+00	1.49133e+05	2.9e+03
4.2755e+03	2.4e+00	1.47394e+05	2.6e+03
4.2791e+03	2.4e+00	1.45726e+05	2.7e+03
4.2827e+03	2.4e+00	1.43546e+05	2.8e+03
4.2864e+03	2.4e+00	1.42184e+05	3.0e+03
4.2900e+03	2.4e+00	1.41031e+05	3.3e+03
4.2937e+03	2.4e+00	1.40704e+05	3.4e+03
4.2973e+03	2.4e+00	1.38954e+05	3.0e+03
4.3010e+03	2.4e+00	1.35866e+05	2.9e+03
4.3046e+03	2.4e+00	1.33491e+05	3.5e+03
4.3082e+03	2.4e+00	1.30134e+05	3.9e+03
4.3119e+03	2.4e+00	1.23638e+05	3.5e+03
4.3155e+03	2.4e+00	1.16291e+05	3.6e+03
4.3191e+03	2.4e+00	1.07737e+05	4.1e+03
4.3228e+03	2.4e+00	9.34528e+04	3.3e+03
4.3264e+03	2.4e+00	7.78687e+04	2.6e+03
4.3301e+03	2.4e+00	6.29746e+04	2.6e+03
4.3337e+03	2.4e+00	5.65047e+04	2.3e+03
4.3373e+03	2.4e+00	6.31095e+04	2.4e+03
4.3410e+03	2.4e+00	7.81505e+04	3.2e+03
4.3446e+03	2.4e+00	9.27133e+04	4.0e+03
4.3482e+03	2.4e+00	1.04401e+05	4.4e+03
4.3519e+03	2.4e+00	1.13641e+05	5.7e+03
4.3555e+03	2.4e+00	1.18717e+05	5.2e+03
4.3591e+03	2.4e+00	1.23476e+05	5.0e+03
4.3628e+03	2.4e+00	1.26618e+05	4.4e+03
4.3664e+03	2.4e+00	1.27249e+05	4.3e+03
4.3700e+03	2.4e+00	1.28759e+05	4.8e+03
4.3737e+03	2.4e+00	1.29749e+05	4.7e+03
4.3773e+03	2.4e+00	1.28491e+05	5.1e+03
4.3809e+03	2.4e+00	1.28579e+05	4.7e+03
4.3845e+03	2.4e+00	1.27799e+05	4.4e+03
4.3882e+03	2.4e+00	1.27046e+05	4.3e+03
4.3918e+03	2.4e+00	1.27078e+05	4.1e+03
4.3954e+03	2.4e+00	1.27344e+05	3.8e+03
4.3991e+03	2.4e+00	1.28206e+05	3.2e+03
4.4027e+03	2.4e+00	1.27222e+05	2.7e+03
4.4063e+03	2.4e+00	1.23723e+05	3.2e+03
4.4099e+03	2.4e+00	1.24376e+05	3.2e+03
4.4136e+03	2.4e+00	1.25029e+05	3.0e+03
4.4172e+03	2.4e+00	1.23745e+05	3.0e+03
4.4208e+03	2.4e+00	1.23470e+05	2.7e+03
4.4244e+03	2.4e+00	1.22623e+05	2.2e+03
4.4281e+03	2.4e+00	1.22748e+05	2.2e+03
4.4317e+03	2.4e+00	1.21569e+05	2.4e+03
4.4353e+03	2.4e+00	1.20674e+05	2.4e+03
4.4389e+03	2.4e+00	1.19838e+05	2.3e+03
4.4426e+03	2.4e+00	1.19541e+05	2.5e+03
4.4462e+03	2.4e+00	1.20005e+05	2.9e+03
4.4498e+03	2.4e+00	1.19551e+05	2.9e+03
4.4534e+03	2.4e+00	1.17155e+05	2.7e+03
4.4570e+03	2.4e+00	1.16733e+05	2.6e+03
4.4607e+03	2.4e+00	1.17553e+05	2.7e+03
4.4643e+03	2.4e+00	1.14483e+05	2.4e+03
4.4679e+03	2.4e+00	1.14787e+05	2.7e+03
4.4715e+03	2.4e+00	1.15187e+05	3.2e+03
4.4751e+03	2.4e+00	1.12445e+05	3.2e+03
4.4788e+03	2.4e+00	1.10810e+05	3.2e+03
4.4824e+03	2.4e+00	1.10804e+05	3.6e+03
4.4860e+03	2.4e+00	1.11794e+05	4.1e+03
4.4896e+03	2.4e+00	1.11146e+05	3.5e+03
4.4932e+03	2.4e+00	1.11030e+05	3.6e+03
4.4968e+03	2.4e+00	1.09627e+05	4.1e+03
4.5005e+03	2.4e+00	1.09794e+05	4.1e+03
4.5041e+03	2.4e+00	1.09316e+05	4.7e+03
4.5077e+03	2.4e+00	1.07310e+05	4.4e+03
4.5113e+03	2.4e+00	1.06813e+05	3.7e+03
4.5149e+03	2.4e+00	1.06910e+05	3.4e+03
4.5185e+03	2.4e+00	1.05866e+05	4.1e+03
4.5221e+03	2.4e+00	1.03952e+05	4.6e+03
4.5258e+03	2.4e+00	1.03344e+05	4.7e+03
4.5294e+03	2.4e+00	1.04084e+05	4.9e+03
4.5330e+03	2.4e+00	1.04346e+05	4.6e+03
4.5366e+03	2.4e+00	1.02937e+05	4.1e+03
4.5402e+03	2.4e+00	1.02119e+05	4.5e+03
4.5438e+03	2.4e+00	1.01854e+05	4.2e+03
4.5474e+03	2.4e+00	1.00933e+05	3.9e+03
4.5510e+03	2.4e+00	1.01144e+05	3.8e+03
4.5546e+03	2.4e+00	9.98243e+04	3.6e+03
4.5582e+03	2.4e+00	9.94131e+04	3.6e+03
4.5619e+03	2.4e+00	9.91468e+04	3.7e+03
4.5655e+03	2.4e+00	9.84482e+04	3.4e+03
4.5691e+03	2.4e+00	9.72294e+04	2.7e+03
4.5727e+03	2.4e+00	9.56482e+04	2.2e+03
4.5763e+03	2.4e+00	9.54059e+04	2.3e+03
4.5799e+03	2.4e+00	9.44276e+04	2.3e+03
4.5835e+03	2.4e+00	9.40591e+04	2.5e+03
4.5871e+03	2.4e+00	9.37083e+04	2.4e+03
4.5907e+03	2.4e+00	9.31625e+04	2.3e+03
4.5943e+03	2.4e+00	9.29765e+04	2.4e+03
4.5979e+03	2.4e+00	9.28548e+04	1.9e+03
4.6015e+03	2.4e+00	9.20295e+04	1.9e+03
4.6051e+03	2.4e+00	9.17130e+04	2.1e+03
4.6087e+03	2.4e+00	9.18111e+04	2.0e+03
4.6123e+03	2.4e+00	9.09994e+04	2.0e+03
4.6159e+03	2.4e+00	8.92432e+04	1.9e+03
4.6195e+03	2.4e+00	8.85670e+04	1.9e+03
4.6231e+03	2.4e+00	8.78945e+04	2.0e+03
4.6267e+03	2.4e+00	8.79898e+04	2.0e+03
4.6303e+03	2.4e+00	8.84878e+04	2.2e+03
4.6339e+03	2.4e+00	8.80600e+04	2.2e+03
4.6375e+03	2.4e+00	8.80845e+04	2.9e+03
4.6411e+03	2.4e+00	8.65741e+04	2.7e+03
4.6447e+03	2.4e+00	8.59892e+04	2.3e+03
4.6483e+03	2.4e+00	8.58266e+04	2.3e+03
4.6519e+03	2.4e+00	8.49941e+04	2.8e+03
4.6555e+03	2.4e+00	8.47857e+04	2.9e+03
4.6591e+03	2.4e+00	8.48368e+04	2.7e+03
4.6627e+03	2.4e+00	8.34743e+04	3.1e+03
4.6663e+03	2.4e+00	8.28523e+04	3.3e+03
4.6699e+03	2.4e+00	8.18961e+04	3.0e+03
4.6735e+03	2.4e+00	8.12202e+04	3.0e+03
4.6771e+03	2.4e+00	8.12879e+04	2.9e+03
4.6807e+03	2.4e+00	8.03316e+04	3.1e+03
4.6843e+03	2.4e+00	8.00859e+04	3.0e+03
4.6879e+03	2.4e+00	8.05280e+04	3.3e+03
4.6915e+03	2.4e+00	7.94181e+04	3.7e+03
4.6950e+03	2.4e+00	7.88389e+04	3.7e+03
4.6986e+03	2.4e+00	7.77514e+04	3.8e+03
4.7022e+03	2.4e+00	7.76720e+04	3.6e+03
4.7058e+03	2.4e+00	7.75631e+04	3.6e+03
4.7094e+03	2.4e+00	7.70614e+04	3.2e+03
4.7130e+03	2.4e+00	7.65499e+04	3.2e+03
4.7166e+03	2.4e+00	7.65085e+04	2.8e+03
4.7202e+03	2.4e+00	7.57816e+04	2.4e+03
4.7238e+03	2.4e+00	7.42981e+04	2.7e+03
4.7274e+03	2.4e+00	7.36394e+04	2.5e+03
4.7309e+03	2.4e+00	7.36259e+04	2.4e+03
4.7345e+03	2.4e+00	7.27878e+04	2.4e+03
4.7381e+03	2.4e+00	7.22983e+04	2.4e+03
4.7417e+03	2.4e+00	7.22211e+04	2.4e+03
4.7453e+03	2.4e+00	7.16771e+04	1.9e+03
4.7489e+03	2.4e+00	7.18870e+04	2.0e+03
4.7525e+03	2.4e+00	7.14627e+04	1.9e+03
4.7560e+03	2.4e+00	7.05010e+04	1.8e+03
4.7596e+03	2.4e+00	7.05348e+04	1.5e+03
4.7632e+03	2.4e+00	6.94142e+04	1.5e+03
4.7668e+03	2.4e+00	6.83361e+04	1.8e+03
4.7704e+03	2.4e+00	6.78752e+04	1.7e+03
4.7740e+03	2.4e+00	6.71485e+04	1.7e+03
4.7775e+03	2.4e+00	6.74219e+04	1.7e+03
4.7811e+03	2.4e+00	6.77262e+04	1.7e+03
4.7847e+03	2.4e+00	6.66898e+04	1.7e+03
4.7883e+03	2.4e+00	6.60508e+04	1.6e+03
4.7919e+03	2.4e+00	6.56839e+04	1.7e+03
4.7954e+03	2.4e+00	6.49437e+04	1.6e+03
4.7990e+03	2.4e+00	6.49195e+04	1.8e+03
4.8026e+03	2.4e+00	6.44612e+04	1.9e+03
4.8062e+03	2.4e+00	6.39931e+04	1.7e+03
4.8098e+03	2.4e+00	6.22477e+04	1.5e+03
4.8133e+03	2.4e+00	6.22267e+04	1.5e+03
4.8169e+03	2.4e+00	6.22236e+04	1.9e+03
4.8205e+03	2.4e+00	6.15104e+04	1.9e+03
4.8241e+03	2.4e+00	6.02047e+04	2.1e+03
4.8276e+03	2.4e+00	5.98593e+04	2.2e+03
4.8312e+03	2.4e+00	5.92337e+04	2.0e+03
4.8348e+03	2.4e+00	5.87220e+04	2.0e+03
4.8384e+03	2.4e+00	5.64128e+04	2.2e+03
4.8419e+03	2.4e+00	5.35215e+04	2.0e+03
4.8455e+03	2.4e+00	5.13662e+04	2.2e+03
4.8491e+03	2.4e+00	4.77016e+04	2.0e+03
4.8527e+03	2.4e+00	4.24432e+04	2.0e+03
4.8562e+03	2.4e+00	3.70249e+04	1.8e+03
4.8598e+03	2.4e+00	3.12068e+04	1.0e+03
4.8634e+03	2.4e+00	2.75084e+04	1.2e+03
4.8669e+03	2.4e+00	2.91492e+04	1.4e+03
4.8705e+03	2.4e+00	3.39943e+04	1.5e+03
4.8741e+03	2.4e+00	3.98599e+04	1.7e+03
4.8777e+03	2.4e+00	4.44632e+04	1.3e+03
4.8812e+03	2.4e+00	4.82550e+04	1.4e+03
4.8848e+03	2.4e+00	5.05338e+04	1.9e+03
4.8884e+03	2.4e+00	5.19244e+04	2.0e+03
4.8919e+03	2.4e+00	5.32182e+04	1.9e+03
4.8955e+03	2.4e+00	5.44506e+04	1.8e+03
4.8991e+03	2.4e+00	5.48193e+04	1.9e+03
4.9026e+03	2.4e+00	5.48446e+04	1.7e+03
4.9062e+03	2.4e+00	5.47319e+04	1.4e+03
4.9098e+03	2.4e+00	5.47882e+04	1.6e+03
4.9133e+03	2.4e+00	5.46830e+04	1.8e+03
4.9169e+03	2.4e+00	5.42706e+04	1.7e+03
4.9205e+03	2.4e+00	5.38583e+04	1.6e+03
4.9240e+03	2.4e+00	5.34476e+04	1.4e+03
4.9276e+03	2.4e+00	5.33260e+04	1.5e+03
4.9312e+03	2.4e+00	5.33784e+04	1.5e+03
4.9347e+03	2.4e+00	5.35641e+04	1.5e+03
4.9383e+03	2.4e+00	5.33303e+04	1.4e+03
4.9418e+03	2.4e+00	5.27997e+04	1.5e+03
4.9454e+03	2.4e+00	5.22153e+04	1.4e+03
4.9490e+03	2.4e+00	5.26341e+04	1.4e+03
4.9525e+03	2.4e+00	5.24863e+04	1.5e+03
4.9561e+03	2.4e+00	5.16176e+04	1.4e+03
4.9596e+03	2.4e+00	5.17563e+04	1.4e+03
4.9632e+03	2.4e+00	5.16192e+04	1.4e+03
4.9668e+03	2.4e+00	5.15884e+04	1.5e+03
4.9703e+03	2.4e+00	5.16961e+04	1.7e+03
4.9739e+03	2.4e+00	5.11641e+04	1.7e+03
4.9774e+03	2.4e+00	5.07717e+04	1.6e+03
4.9810e+03	2.4e+00	5.05887e+04	1.7e+03
4.9845e+03	2.4e+00	5.00940e+04	1.6e+03
4.9881e+03	2.4e+00	4.96911e+04	1.5e+03
4.9917e+03	2.4e+00	4.93214e+04	1.5e+03
4.9952e+03	2.4e+00	4.91717e+04	1.7e+03
4.9988e+03	2.4e+00	4.87734e+04	1.7e+03
5.0023e+03	2.4e+00	4.83009e+04	1.6e+03
5.0059e+03	2.4e+00	4.85761e+04	1.7e+03
5.0094e+03	2.4e+00	4.89662e+04	2.0e+03
5.0130e+03	2.4e+00	4.84726e+04	2.4e+03
5.0165e+03	2.4e+00	4.82253e+04	2.1e+03
5.0201e+03	2.4e+00	4.73370e+04	2.0e+03
5.0236e+03	2.4e+00	4.66962e+04	2.1e+03
5.0272e+03	2.4e+00	4.67461e+04	2.3e+03
5.0307e+03	2.4e+00	4.67860e+04	2.2e+03
5.0343e+03	2.4e+00	4.67824e+04	2.1e+03
5.0378e+03	2.4e+00	4.62057e+04	1.8e+03
5.0414e+03	2.4e+00	4.56837e+04	1.4e+03
5.0449e+03	2.4e+00	4.58642e+04	1.5e+03
5.0485e+03	2.4e+00	4.57026e+04	1.8e+03
5.0520e+03	2.4e+00	4.52261e+04	1.7e+03
5.0556e+03	2.4e+00	4.45661e+04	1.5e+03
5.0591e+03	2.4e+00	4.47980e+04	1.5e+03
5.0627e+03	2.4e+00	4.51921e+04	1.8e+03
5.0662e+03	2.4e+00	4.51069e+04	1.9e+03
5.0698e+03	2.4e+00	4.43897e+04	1.5e+03
5.0733e+03	2.4e+00	4.40045e+04	1.3e+03
5.0769e+03	2.4e+00	4.36500e+04	1.3e+03
5.0804e+03	2.4e+00	4.36924e+04	1.3e+03
5.0840e+03	2.4e+00	4.40295e+04	1.3e+03
5.0875e+03	2.4e+00	4.35622e+04	1.2e+03
5.0910e+03	2.4e+00	4.29599e+04	1.2e+03
5.0946e+03	2.4e+00	4.26976e+04	1.2e+03
5.0981e+03	2.4e+00	4.25860e+04	1.2e+03
5.1017e+03	2.4e+00	4.23996e+04	1.2e+03
5.1052e+03	2.4e+00	4.23660e+04	1.2e+03
5.1088e+03	2.4e+00	4.22626e+04	1.2e+03
5.1123e+03	2.4e+00	4.24772e+04	1.2e+03
5.1158e+03	2.4e+00	4.18427e+04	1.1e+03
5.1194e+03	2.4e+00	4.13848e+04	1.1e+03
5.1229e+03	2.4e+00	4.15322e+04	1.1e+03
5.1265e+03	2.4e+00	4.07490e+04	1.2e+03
5.1300e+03	2.4e+00	4.03920e+04	1.3e+03
5.1335e+03	2.4e+00	4.00858e+04	1.1e+03
5.1371e+03	2.4e+00	3.99437e+04	1.2e+03
5.1406e+03	2.4e+00	4.00952e+04	1.2e+03
5.1441e+03	2.4e+00	3.96825e+04	1.2e+03
5.1477e+03	2.4e+00	3.93665e+04	1.2e+03
5.1512e+03	2.4e+00	3.94226e+04	1.3e+03
5.1548e+03	2.4e+00	3.94916e+04	1.3e+03
5.1583e+03	2.4e+00	3.92248e+04	1.3e+03
5.1618e+03	2.4e+00	3.87819e+04	1.4e+03
5.1654e+03	2.4e+00	3.83923e+04	1.4e+03
5.1689e+03	2.4e+00	3.78567e+04	1.3e+03
5.1724e+03	2.4e+00	3.71839e+04	1.5e+03
5.1760e+03	2.4e+00	3.68640e+04	1.6e+03
5.1795e+03	2.4e+00	3.75490e+04	1.9e+03
5.1830e+03	2.4e+00	3.75647e+04	1.7e+03
5.1866e+03	2.4e+00	3.70102e+04	1.6e+03
5.1901e+03	2.4e+00	3.68759e+04	1.7e+03
5.1936e+03	2.4e+00	3.67949e+04	2.1e+03
5.1971e+03	2.4e+00	3.62344e+04	1.8e+03
5.2007e+03	2.4e+00	3.60414e+04	1.7e+03
5.2042e+03	2.4e+00	3.61390e+04	1.5e+03
5.2077e+03	2.4e+00	3.61914e+04	1.4e+03
5.2113e+03	2.4e+00	3.65142e+04	1.2e+03
5.2148e+03	2.4e+00	3.58149e+04	1.2e+03
5.2183e+03	2.4e+00	3.56402e+04	1.4e+03
5.2219e+03	2.4e+00	3.55414e+04	1.2e+03
5.2254e+03	2.4e+00	3.55247e+04	1.2e+03
5.2289e+03	2.4e+00	3.54002e+04	1.4e+03
5.2324e+03	2.4e+00	3.48099e+04	1.2e+03
5.2360e+03	2.4e+00	3.45685e+04	1.1e+03
5.2395e+03	2.4e+00	3.47028e+04	1.1e+03
5.2430e+03	2.4e+00	3.43674e+04	9.3e+02
5.2465e+03	2.4e+00	3.43164e+04	1.0e+03
5.2501e+03	2.4e+00	3.42149e+04	1.1e+03
5.2536e+03	2.4e+00	3.36007e+04	9.6e+02
5.2571e+03	2.4e+00	3.32640e+04	1.0e+03
5.2606e+03	2.4e+00	3.30416e+04	9.8e+02
5.2641e+03	2.4e+00	3.27884e+04	1.0e+03
5.2677e+03	2.4e+00	3.25851e+04	1.1e+03
5.2712e+03	2.4e+00	3.28709e+04	1.0e+03
5.2747e+03	2.4e+00	3.23745e+04	9.6e+02
5.2782e+03	2.4e+00	3.17530e+04	9.2e+02
5.2817e+03	2.4e+00	3.20278e+04	9.8e+02
5.2853e+03	2.4e+00	3.20641e+04	9.4e+02
5.2888e+03	2.4e+00	3.20680e+04	8.6e+02
5.2923e+03	2.4e+00	3.17934e+04	1.0e+03
5.2958e+03	2.4e+00	3.15100e+04	1.0e+03
5.2993e+03	2.4e+00	3.14516e+04	9.4e+02
5.3029e+03	2.4e+00	3.13805e+04	1.0e+03
5.3064e+03	2.4e+00	3.09855e+04	9.6e+02
5.3099e+03	2.4e+00	3.09803e+04	8.8e+02
5.3134e+03	2.4e+00	3.10066e+04	1.0e+03
5.3169e+03	2.4e+00	3.04164e+04	9.4e+02
5.3204e+03	2.4e+00	3.03476e+04	1.1e+03
5.3240e+03	2.4e+00	3.01408e+04	1.1e+03
5.3275e+03	2.4e+00	3.00364e+04	1.1e+03
5.3310e+03	2.4e+00	2.98903e+04	1.1e+03
5.3345e+03	2.4e+00	2.99822e+04	1.0e+03
5.3380e+03	2.4e+00	3.00753e+04	1.2e+03
5.3415e+03	2.4e+00	3.00082e+04	1.3e+03
5.3450e+03	2.4e+00	2.97221e+04	9.9e+02
5.3485e+03	2.4e+00	2.98095e+04	1.2e+03
5.3521e+03	2.4e+00	2.98152e+04	1.3e+03
5.3556e+03	2.4e+00	2.97197e+04	1.2e+03
5.3591e+03	2.4e+00	2.92489e+04	1.3e+03
5.3626e+03	2.4e+00	2.87313e+04	1.5e+03
5.3661e+03	2.4e+00	2.89309e+04	1.5e+03
5.3696e+03	2.4e+00	2.90738e+04	1.2e+03
5.3731e+03	2.4e+00	2.86474e+04	1.3e+03
5.3766e+03	2.4e+00	2.86718e+04	1.1e+03
5.3801e+03	2.4e+00	2.85945e+04	1.1e+03
5.3836e+03	2.4e+00	2.84106e+04	9.5e+02
5.3871e+03	2.4e+00	2.82492e+04	1.0e+03
5.3907e+03	2.4e+00	2.80563e+04	1.0e+03
5.3942e+03	2.4e+00	2.80771e+04	1.0e+03
5.3977e+03	2.4e+00	2.80027e+04	9.3e+02
5.4012e+03	2.4e+00	2.77854e+04	9.6e+02
5.4047e+03	2.4e+00	2.74805e+04	9.4e+02
5.4082e+03	2.4e+00	2.69628e+04	8.8e+02
5.4117e+03	2.4e+00	2.72096e+04	8.7e+02
5.4152e+03	2.4e+00	2.73079e+04	8.5e+02
5.4187e+03	2.4e+00	2.69182e+04	8.4e+02
5.4222e+03	2.4e+00	2.67494e+04	8.2e+02
5.4257e+03	2.4e+00	2.63332e+04	7.7e+02
5.4292e+03	2.4e+00	2.64437e+04	7.5e+02
5.4327e+03	2.4e+00	2.61697e+04	7.2e+02
5.4362e+03	2.4e+00	2.61125e+04	7.4e+02
5.4397e+03	2.4e+00	2.60134e+04	7.4e+02
5.4432e+03	2.4e+00	2.57221e+04	7.2e+02
5.4467e+03	2.4e+00	2.56154e+04	8.1e+02
5.4502e+03	2.4e+00	2.55919e+04	8.6e+02
5.4537e+03	2.4e+00	2.56924e+04	8.1e+02
5.4572e+03	2.4e+00	2.55853e+04	7.1e+02
5.4607e+03	2.4e+00	2.56904e+04	7.7e+02
5.4642e+03	2.4e+00	2.53678e+04	8.7e+02
5.4677e+03	2.4e+00	2.50151e+04	7.4e+02
5.4712e+03	2.4e+00	2.50532e+04	7.3e+02
5.4747e+03	2.4e+00	2.47224e+04	7.1e+02
5.4782e+03	2.4e+00	2.44486e+04	6.7e+02
5.4817e+03	2.4e+00	2.44013e+04	8.4e+02
5.4852e+03	2.4e+00	2.48927e+04	9.5e+02
5.4887e+03	2.4e+00	2.47794e+04	8.5e+02
5.4922e+03	2.4e+00	2.45442e+04	6.5e+02
5.4956e+03	2.4e+00	2.45414e+04	8.3e+02
5.4991e+03	2.4e+00	2.45337e+04	1.1e+03
5.5026e+03	2.4e+00	2.40587e+04	9.4e+02
5.5061e+03	2.4e+00	2.39847e+04	9.9e+02
5.5096e+03	2.4e+00	2.37870e+04	8.2e+02
5.5131e+03	2.4e+00	2.38846e+04	1.0e+03
5.5166e+03	2.4e+00	2.38066e+04	1.0e+03
5.5201e+03	2.4e+00	2.33193e+04	9.2e+02
5.5236e+03	2.4e+00	2.34861e+04	1.2e+03
5.5271e+03	2.4e+00	2.37590e+04	1.2e+03
5.5306e+03	2.4e+00	2.34913e+04	1.0e+03
5.5340e+03	2.4e+00	2.34423e+04	1.1e+03
5.5375e+03	2.4e+00	2.36341e+04	8.4e+02
5.5410e+03	2.4e+00	2.33979e+04	8.2e+02
5.5445e+03	2.4e+00	2.31086e+04	8.7e+02
5.5480e+03	2.4e+00	2.31114e+04	7.0e+02
5.5515e+03	2.4e+00	2.30898e+04	8.7e+02
5.5550e+03	2.4e+00	2.27504e+04	9.6e+02
5.5585e+03	2.4e+00	2.27253e+04	8.1e+02
5.5619e+03	2.4e+00	2.24355e+04	7.2e+02
5.5654e+03	2.4e+00	2.25682e+04	6.4e+02
5.5689e+03	2.4e+00	2.21886e+04	6.3e+02
5.5724e+03	2.4e+00	2.21714e+04	6.9e+02
5.5759e+03	2.4e+00	2.22063e+04	6.9e+02
5.5794e+03	2.4e+00	2.19927e+04	6.1e+02
5.5828e+03	2.4e+00	2.17784e+04	6.3e+02
5.5863e+03	2.4e+00	2.13046e+04	6.0e+02
5.5898e+03	2.4e+00	2.13740e+04	6.1e+02
5.5933e+03	2.4e+00	2.11980e+04	7.0e+02
5.5968e+03	2.4e+00	2.13163e+04	6.5e+02
5.6002e+03	2.4e+00	2.14228e+04	6.1e+02
5.6037e+03	2.4e+00	2.11070e+04	6.7e+02
5.6072e+03	2.4e+00	2.11075e+04	6.4e+02
5.6107e+03	2.4e+00	2.08794e+04	5.6e+02
5.6142e+03	2.4e+00	2.11407e+04	5.7e+02
5.6176e+03	2.4e+00	2.10995e+04	5.4e+02
5.6211e+03	2.4e+00	2.10185e+04	6.0e+02
5.6246e+03	2.4e+00	2.10885e+04	6.2e+02
5.6281e+03	2.4e+00	2.07785e+04	5.6e+02
5.6315e+03	2.4e+00	2.08569e+04	5.8e+02
5.6350e+03	2.4e+00	2.10021e+04	6.9e+02
5.6385e+03	2.4e+00	2.06890e+04	7.4e+02
5.6420e+03	2.4e+00	2.05804e+04	8.1e+02
5.6454e+03	2.4e+00	2.04769e+04	6.4e+02
5.6489e+03	2.4e+00	2.06735e+04	6.6e+02
5.6524e+03	2.4e+00	2.05850e+04	8.1e+02
5.6559e+03	2.4e+00	2.05891e+04	7.1e+02
5.6593e+03	2.4e+00	2.03315e+04	6.9e+02
5.6628e+03	2.4e+00	2.03578e+04	8.3e+02
5.6663e+03	2.4e+00	2.03817e+04	8.2e+02
5.6698e+03	2.4e+00	2.03884e+04	7.2e+02
5.6732e+03	2.4e+00	1.99674e+04	9.2e+02
5.6767e+03	2.4e+00	1.99521e+04	8.9e+02
5.6802e+03	2.4e+00	1.99474e+04	9.3e+02
5.6836e+03	2.4e+00	1.98824e+04	1.0e+03
5.6871e+03	2.4e+00	1.99087e+04	9.8e+02
5.6906e+03	2.4e+00	1.96611e+04	7.3e+02
5.6940e+03	2.4e+00	1.94545e+04	7.2e+02
5.6975e+03	2.4e+00	1.94304e+04	8.3e+02
5.7010e+03	2.4e+00	1.95582e+04	9.0e+02
5.7045e+03	2.4e+00	1.94732e+04	7.9e+02
5.7079e+03	2.4e+00	1.92528e+04	8.2e+02
5.7114e+03	2.4e+00	1.93113e+04	7.4e+02
5.7149e+03	2.4e+00	1.93581e+04	5.6e+02
5.7183e+03	2.4e+00	1.89295e+04	4.8e+02
5.7218e+03	2.4e+00	1.87497e+04	5.1e+02
5.7252e+03	2.4e+00	1.87495e+04	5.0e+02
5.7287e+03	2.4e+00	1.86393e+04	4.9e+02
5.7322e+03	2.4e+00	1.84944e+04	6.2e+02
5.7356e+03	2.4e+00	1.85970e+04	5.3e+02
5.7391e+03	2.4e+00	1.85386e+04	5.0e+02
5.7426e+03	2.4e+00	1.83547e+04	5.0e+02
5.7460e+03	2.4e+00	1.84028e+04	4.7e+02
5.7495e+03	2.4e+00	1.83360e+04	4.8e+02
5.7529e+03	2.4e+00	1.81808e+04	4.8e+02
5.7564e+03	2.4e+00	1.78847e+04	5.2e+02
5.7599e+03	2.4e+00	1.79346e+04	5.3e+02
5.7633e+03	2.4e+00	1.80200e+04	5.5e+02
5.7668e+03	2.4e+00	1.80809e+04	5.7e+02
5.7702e+03	2.4e+00	1.79754e+04	5.6e+02
5.7737e+03	2.4e+00	1.78672e+04	5.1e+02
5.7772e+03	2.4e+00	1.76244e+04	5.7e+02
5.7806e+03	2.4e+00	1.76595e+04	5.9e+02
5.7841e+03	2.4e+00	1.77773e+04	5.1e+02
5.7875e+03	2.4e+00	1.74373e+04	5.4e+02
5.7910e+03	2.4e+00	1.74428e+04	6.2e+02
5.7944e+03	2.4e+00	1.74961e+04	5.6e+02
5.7979e+03	2.4e+00	1.76111e+04	5.3e+02
5.8014e+03	2.4e+00	1.77050e+04	5.4e+02
5.8048e+03	2.4e+00	1.76433e+04	6.6e+02
5.8083e+03	2.4e+00	1.75435e+04	6.6e+02
5.8117e+03	2.4e+00	1.75533e+04	5.9e+02
5.8152e+03	2.4e+00	1.75806e+04	5.7e+02
5.8186e+03	2.4e+00	1.73783e+04	6.2e+02
5.8221e+03	2.4e+00	1.73365e+04	7.0e+02
5.8255e+03	2.4e+00	1.72583e+04	5.3e+02
5.8290e+03	2.4e+00	1.74975e+04	6.9e+02
5.8324e+03	2.4e+00	1.75257e+04	7.0e+02
5.8359e+03	2.4e+00	1.77182e+04	6.9e+02
5.8393e+03	2.4e+00	1.74577e+04	7.5e+02
5.8428e+03	2.4e+00	1.71553e+04	7.6e+02
5.8462e+03	2.4e+00	1.71494e+04	7.1e+02
5.8497e+03	2.4e+00	1.73661e+04	8.0e+02
5.8531e+03	2.4e+00	1.72807e+04	6.7e+02
5.8566e+03	2.4e+00	1.73644e+04	6.8e+02
5.8600e+03	2.4e+00	1.70602e+04	8.0e+02
5.8635e+03	2.4e+00	1.67930e+04	6.9e+02
5.8669e+03	2.4e+00	1.68370e+04	6.5e+02
5.8704e+03	2.4e+00	1.68568e+04	5.9e+02
5.8738e+03	2.4e+00	1.67775e+04	5.4e+02
5.8773e+03	2.4e+00	1.64916e+04	4.7e+02
5.8807e+03	2.4e+00	1.66113e+04	5.9e+02
5.8841e+03	2.4e+00	1.64327e+04	5.5e+02
5.8876e+03	2.4e+00	1.63717e+04	5.6e+02
5.8910e+03	2.4e+00	1.58993e+04	4.7e+02
5.8945e+03	2.4e+00	1.60157e+04	4.6e+02
5.8979e+03	2.4e+00	1.60295e+04	4.7e+02
5.9014e+03	2.4e+00	1.59830e+04	4.4e+02
5.9048e+03	2.4e+00	1.59097e+04	4.6e+02
5.9082e+03	2.4e+00	1.58669e+04	4.4e+02
5.9117e+03	2.4e+00	1.59211e+04	4.1e+02
5.9151e+03	2.4e+00	1.60443e+04	4.6e+02
5.9186e+03	2.4e+00	1.60688e+04	4.6e+02
5.9220e+03	2.4e+00	1.58933e+04	4.3e+02
5.9254e+03	2.4e+00	1.59087e+04	4.6e+02
5.9289e+03	2.4e+00	1.58870e+04	5.1e+02
5.9323e+03	2.4e+00	1.58478e+04	4.6e+02
5.9358e+03	2.4e+00	1.57275e+04	4.7e+02
5.9392e+03	2.4e+00	1.58233e+04	4.9e+02
5.9426e+03	2.4e+00	1.56600e+04	5.1e+02
5.9461e+03	2.4e+00	1.55431e+04	4.7e+02
5.9495e+03	2.4e+00	1.55653e+04	5.1e+02
5.9529e+03	2.4e+00	1.55934e+04	4.7e+02
5.9564e+03	2.4e+00	1.53740e+04	3.9e+02
5.9598e+03	2.4e+00	1.55787e+04	4.7e+02
5.9633e+03	2.4e+00	1.56394e+04	4.7e+02
5.9667e+03	2.4e+00	1.53605e+04	5.2e+02
5.9701e+03	2.4e+00	1.53007e+04	5.6e+02
5.9736e+03	2.4e+00	1.52493e+04	5.4e+02
5.9770e+03	2.4e+00	1.54210e+04	6.3e+02
5.9804e+03	2.4e+00	1.53236e+04	5.9e+02
5.9838e+03	2.4e+00	1.55209e+04	5.9e+02
5.9873e+03	2.4e+00	1.54183e+04	5.5e+02
5.9907e+03	2.4e+00	1.52750e+04	5.6e+02
5.9941e+03	2.4e+00	1.52933e+04	6.4e+02
5.9976e+03	2.4e+00	1.53112e+04	7.4e+02
6.0010e+03	2.4e+00	1.53818e+04	7.3e+02
6.0044e+03	2.4e+00	1.51384e+04	6.3e+02
6.0079e+03	2.4e+00	1.51853e+04	5.3e+02
6.0113e+03	2.4e+00	1.51531e+04	5.7e+02
6.0147e+03	2.4e+00	1.52457e+04	6.8e+02
6.0181e+03	2.4e+00	1.50625e+04	6.6e+02
6.0216e+03	2.4e+00	1.48586e+04	5.0e+02
6.0250e+03	2.4e+00	1.50344e+04	4.4e+02
6.0284e+03	2.4e+00	1.47489e+04	5.2e+02
6.0318e+03	2.4e+00	1.48398e+04	5.3e+02
6.0353e+03	2.4e+00	1.47913e+04	5.8e+02
6.0387e+03	2.4e+00	1.48757e+04	5.3e+02
6.0421e+03	2.4e+00	1.46735e+04	4.6e+02
6.0455e+03	2.4e+00	1.46376e+04	4.9e+02
6.0490e+03	2.4e+00	1.46150e+04	5.2e+02
6.0524e+03	2.4e+00	1.43810e+04	3.7e+02
6.0558e+03	2.4e+00	1.44612e+04	4.4e+02
6.0592e+03	2.4e+00	1.42489e+04	3.8e+02
6.0627e+03	2.4e+00	1.42091e+04	3.9e+02
6.0661e+03	2.4e+00	1.43655e+04	4.2e+02
6.0695e+03	2.4e+00	1.42200e+04	4.5e+02
6.0729e+03	2.4e+00	1.43046e+04	4.7e+02
6.0763e+03	2.4e+00	1.41762e+04	4.0e+02
6.0798e+03	2.4e+00	1.40752e+04	3.4e+02
6.0832e+03	2.4e+00	1.40973e+04	3.7e+02
6.0866e+03	2.4e+00	1.42641e+04	4.2e+02
6.0900e+03	2.4e+00	1.40846e+04	4.0e+02
6.0934e+03	2.4e+00	1.41119e+04	3.8e+02
6.0969e+03	2.4e+00	1.40352e+04	3.8e+02
6.1003e+03	2.4e+00	1.40480e+04	4.0e+02
6.1037e+03	2.4e+00	1.40385e+04	4.4e+02
6.1071e+03	2.4e+00	1.40463e+04	4.4e+02
6.1105e+03	2.4e+00	1.37235e+04	3.8e+02
6.1139e+03	2.4e+00	1.37024e+04	4.5e+02
6.1174e+03	2.4e+00	1.38018e+04	4.2e+02
6.1208e+03	2.4e+00	1.38018e+04	4.6e+02
6.1242e+03	2.4e+00	1.37404e+04	3.6e+02
6.1276e+03	2.4e+00	1.36478e+04	4.0e+02
6.1310e+03	2.4e+00	1.37117e+04	5.0e+02
6.1344e+03	2.4e+00	1.37817e+04	5.6e+02
6.1378e+03	2.4e+00	1.37558e+04	5.1e+02
6.1412e+03	2.4e+00	1.37603e+04	5.0e+02
6.1447e+03	2.4e+00	1.37499e+04	5.5e+02
6.1481e+03	2.4e+00	1.37700e+04	5.1e+02
6.1515e+03	2.4e+00	1.35857e+04	6.3e+02
6.1549e+03	2.4e+00	1.35081e+04	5.8e+02
6.1583e+03	2.4e+00	1.33688e+04	5.4e+02
6.1617e+03	2.4e+00	1.34796e+04	5.7e+02
6.1651e+03	2.4e+00	1.35421e+04	3.9e+02
6.1685e+03	2.4e+00	1.35348e+04	5.1e+02
6.1719e+03	2.4e+00	1.36307e+04	5.2e+02
6.1753e+03	2.4e+00	1.37548e+04	5.2e+02
6.1787e+03	2.4e+00	1.34793e+04	3.2e+02
6.1822e+03	2.4e+00	1.32397e+04	3.9e+02
6.1856e+03	2.4e+00	1.33944e+04	4.9e+02
6.1890e+03	2.4e+00	1.33876e+04	3.7e+02
6.1924e+03	2.4e+00	1.32915e+04	4.3e+02
6.1958e+03	2.4e+00	1.31191e+04	3.7e+02
6.1992e+03	2.4e+00	1.32783e+04	4.3e+02
6.2026e+03	2.4e+00	1.30500e+04	3.4e+02
6.2060e+03	2.4e+00	1.29883e+04	3.6e+02
6.2094e+03	2.4e+00	1.30141e+04	3.7e+02
6.2128e+03	2.4e+00	1.28313e+04	3.0e+02
6.2162e+03	2.4e+00	1.29032e+04	2.5e+02
6.2196e+03	2.4e+00	1.28594e+04	2.9e+02
6.2230e+03	2.4e+00	1.29229e+04	3.4e+02
6.2264e+03	2.4e+00	1.28618e+04	3.7e+02
6.2298e+03	2.4e+00	1.27495e+04	3.4e+02
6.2332e+03	2.4e+00	1.24959e+04	3.0e+02
6.2366e+03	2.4e+00	1.23805e+04	2.9e+02
6.2400e+03	2.4e+00	1.24721e+04	3.7e+02
6.2434e+03	2.4e+00	1.24466e+04	3.2e+02
6.2468e+03	2.4e+00	1.24807e+04	3.0e+02
6.2502e+03	2.4e+00	1.26897e+04	3.4e+02
6.2536e+03	2.4e+00	1.26523e+04	3.5e+02
6.2570e+03	2.4e+00	1.26445e+04	3.4e+02
6.2604e+03	2.4e+00	1.24121e+04	3.7e+02
6.2638e+03	2.4e+00	1.25572e+04	3.6e+02
6.2672e+03	2.4e+00	1.25240e+04	4.1e+02
6.2706e+03	2.4e+00	1.23424e+04	3.9e+02
6.2740e+03	2.4e+00	1.19040e+04	4.0e+02
6.2774e+03	2.4e+00	1.17310e+04	3.5e+02
6.2808e+03	2.4e+00	1.16527e+04	4.2e+02
6.2841e+03	2.4e+00	1.17872e+04	4.4e+02
6.2875e+03	2.4e+00	1.20752e+04	5.1e+02
6.2909e+03	2.4e+00	1.19831e+04	5.4e+02
6.2943e+03	2.4e+00	1.18757e+04	4.9e+02
6.2977e+03	2.4e+00	1.19169e+04	3.9e+02
6.3011e+03	2.4e+00	1.18548e+04	4.4e+02
6.3045e+03	2.4e+00	1.17556e+04	3.9e+02
6.3079e+03	2.4e+00	1.19083e+04	4.8e+02
6.3113e+03	2.4e+00	1.20013e+04	4.2e+02
6.3147e+03	2.4e+00	1.19977e+04	4.4e+02
6.3181e+03	2.4e+00	1.18228e+04	6.1e+02
6.3214e+03	2.4e+00	1.17204e+04	3.2e+02
6.3248e+03	2.4e+00	1.17730e+04	5.1e+02
6.3282e+03	2.4e+00	1.20511e+04	5.0e+02
6.3316e+03	2.4e+00	1.22716e+04	3.2e+02
6.3350e+03	2.4e+00	1.20125e+04	3.7e+02
6.3384e+03	2.4e+00	1.20012e+04	4.0e+02
6.3418e+03	2.4e+00	1.19432e+04	2.4e+02
6.3452e+03	2.4e+00	1.16004e+04	2.4e+02
6.3485e+03	2.4e+00	1.14757e+04	1.8e+02
6.3519e+03	2.4e+00	1.18069e+04	2.1e+02
6.3553e+03	2.4e+00	1.16907e+04	3.0e+02
6.3587e+03	2.4e+00	1.15675e+04	2.8e+02
6.3621e+03	2.4e+00	1.14798e+04	2.3e+02
6.3655e+03	2.4e+00	1.13838e+04	2.1e+02
6.3688e+03	2.4e+00	1.15164e+04	3.1e+02
6.3722e+03	2.4e+00	1.14307e+04	3.6e+02
6.3756e+03	2.4e+00	1.14560e+04	2.6e+02
6.3790e+03	2.4e+00	1.15430e+04	2.4e+02
6.3824e+03	2.4e+00	1.16050e+04	3.7e+02
6.3857e+03	2.4e+00	1.15314e+04	4.0e+02
6.3891e+03	2.4e+00	1.14313e+04	3.8e+02
6.3925e+03	2.4e+00	1.14883e+04	3.1e+02
6.3959e+03	2.4e+00	1.16309e+04	3.1e+02
6.3993e+03	2.4e+00	1.15681e+04	3.6e+02
6.4026e+03	2.4e+00	1.13952e+04	3.5e+02
6.4060e+03	2.4e+00	1.14213e+04	3.1e+02
6.4094e+03	2.4e+00	1.14942e+04	3.2e+02
6.4128e+03	2.4e+00	1.13635e+04	3.1e+02
6.4162e+03	2.4e+00	1.13495e+04	2.9e+02
6.4195e+03	2.4e+00	1.13498e+04	3.5e+02
6.4229e+03	2.4e+00	1.13658e+04	3.3e+02
6.4263e+03	2.4e+00	1.12712e+04	3.5e+02
6.4297e+03	2.4e+00	1.12484e+04	3.4e+02
6.4330e+03	2.4e+00	1.12306e+04	3.2e+02
6.4364e+03	2.4e+00	1.14395e+04	3.2e+02
6.4398e+03	2.4e+00	1.13100e+04	3.9e+02
6.4432e+03	2.4e+00	1.12624e+04	4.5e+02
6.4465e+03	2.4e+00	1.11554e+04	4.1e+02
6.4499e+03	2.4e+00	1.10898e+04	3.3e+02
6.4533e+03	2.4e+00	1.09382e+04	3.9e+02
6.4566e+03	2.4e+00	1.09511e+04	4.6e+02
6.4600e+03	2.4e+00	1.09612e+04	2.3e+02
6.4634e+03	2.4e+00	1.10564e+04	2.8e+02
6.4667e+03	2.4e+00	1.09670e+04	3.4e+02
6.4701e+03	2.4e+00	1.09214e+04	2.1e+02
6.4735e+03	2.4e+00	1.09637e+04	1.6e+02
6.4769e+03	2.4e+00	1.06985e+04	3.9e+02
6.4802e+03	2.4e+00	1.08444e+04	4.4e+02
6.4836e+03	2.4e+00	1.08693e+04	4.6e+02
6.4870e+03	2.4e+00	1.09270e+04	2.3e+02
6.4903e+03	2.4e+00	1.07726e+04	2.8e+02
6.4937e+03	2.4e+00	1.06191e+04	3.0e+02
6.4971e+03	2.4e+00	1.04842e+04	3.4e+02
6.5004e+03	2.4e+00	1.03943e+04	2.5e+02
6.5038e+03	2.4e+00	1.05389e+04	3.0e+02
6.5072e+03	2.4e+00	1.06238e+04	2.3e+02
6.5105e+03	2.4e+00	1.04410e+04	3.1e+02
6.5139e+03	2.4e+00	1.02328e+04	3.0e+02
6.5172e+03	2.4e+00	1.01322e+04	2.3e+02
6.5206e+03	2.4e+00	1.00630e+04	2.1e+02
6.5240e+03	2.4e+00	1.01204e+04	2.5e+02
6.5273e+03	2.4e+00	1.02009e+04	2.3e+02
6.5307e+03	2.4e+00	9.93088e+03	2.9e+02
6.5341e+03	2.4e+00	9.62722e+03	2.4e+02
6.5374e+03	2.4e+00	9.55414e+03	2.4e+02
6.5408e+03	2.4e+00	9.18243e+03	2.2e+02
6.5441e+03	2.4e+00	8.93142e+03	2.3e+02
6.5475e+03	2.4e+00	8.57592e+03	2.4e+02
6.5509e+03	2.4e+00	7.93217e+03	2.9e+02
6.5542e+03	2.4e+00	7.15078e+03	2.1e+02
6.5576e+03	2.4e+00	6.21445e+03	1.7e+02
6.5609e+03	2.4e+00	5.79227e+03	1.8e+02
6.5643e+03	2.4e+00	6.40467e+03	1.8e+02
6.5676e+03	2.4e+00	7.20161e+03	2.1e+02
6.5710e+03	2.4e+00	7.78781e+03	2.0e+02
6.5744e+03	2.4e+00	8.42158e+03	2.7e+02
6.5777e+03	2.4e+00	8.79103e+03	2.7e+02
6.5811e+03	2.4e+00	9.01726e+03	2.7e+02
6.5844e+03	2.4e+00	9.32475e+03	3.1e+02
6.5878e+03	2.4e+00	9.54948e+03	2.9e+02
6.5911e+03	2.4e+00	9.62354e+03	2.9e+02
6.5945e+03	2.4e+00	9.65798e+03	3.1e+02
6.5978e+03	2.4e+00	9.93807e+03	3.6e+02
6.6012e+03	2.4e+00	9.77235e+03	3.4e+02
6.6045e+03	2.4e+00	9.86919e+03	3.1e+02
6.6079e+03	2.4e+00	9.68464e+03	2.6e+02
6.6112e+03	2.4e+00	9.91402e+03	2.5e+02
6.6146e+03	2.4e+00	9.84756e+03	3.0e+02
6.6179e+03	2.4e+00	9.63139e+03	3.5e+02
6.6213e+03	2.4e+00	9.81059e+03	4.6e+02
6.6246e+03	2.4e+00	9.87337e+03	4.0e+02
6.6280e+03	2.4e+00	9.80436e+03	2.0e+02
6.6313e+03	2.4e+00	9.75410e+03	2.3e+02
6.6347e+03	2.4e+00	9.94600e+03	3.6e+02
6.6380e+03	2.4e+00	9.98720e+03	3.9e+02
6.6414e+03	2.4e+00	9.91503e+03	2.2e+02
6.6447e+03	2.4e+00	9.68777e+03	2.5e+02
6.6481e+03	2.4e+00	9.96450e+03	2.2e+02
6.6514e+03	2.4e+00	9.83991e+03	1.5e+02
6.6548e+03	2.4e+00	9.86769e+03	1.3e+02
6.6581e+03	2.4e+00	9.82465e+03	2.5e+02
6.6615e+03	2.4e+00	9.61040e+03	1.9e+02
6.6648e+03	2.4e+00	9.65623e+03	2.4e+02
6.6681e+03	2.4e+00	9.74426e+03	2.6e+02
6.6715e+03	2.4e+00	9.66765e+03	2.9e+02
6.6748e+03	2.4e+00	9.63740e+03	3.6e+02
6.6782e+03	2.4e+00	9.68124e+03	3.0e+02
6.6815e+03	2.4e+00	9.73600e+03	2.1e+02
6.6849e+03	2.4e+00	9.66244e+03	2.2e+02
6.6882e+03	2.4e+00	9.64149e+03	2.9e+02
6.6915e+03	2.4e+00	9.73699e+03	2.5e+02
6.6949e+03	2.4e+00	9.64435e+03	2.6e+02
6.6982e+03	2.4e+00	9.70544e+03	3.1e+02
6.7016e+03	2.4e+00	9.41322e+03	2.9e+02
6.7049e+03	2.4e+00	9.45304e+03	2.8e+02
6.7082e+03	2.4e+00	9.28694e+03	2.6e+02
6.7116e+03	2.4e+00	9.38509e+03	2.7e+02
6.7149e+03	2.4e+00	9.38526e+03	2.6e+02
6.7183e+03	2.4e+00	9.32522e+03	2.6e+02
6.7216e+03	2.4e+00	9.27007e+03	2.0e+02
6.7249e+03	2.4e+00	9.12879e+03	2.0e+02
6.7283e+03	2.4e+00	9.25687e+03	2.1e+02
6.7316e+03	2.4e+00	9.10589e+03	2.4e+02
6.7349e+03	2.4e+00	9.12274e+03	1.6e+02
6.7383e+03	2.4e+00	9.31877e+03	2.3e+02
6.7416e+03	2.4e+00	9.05297e+03	2.3e+02
6.7449e+03	2.4e+00	8.87489e+03	2.4e+02
6.7483e+03	2.4e+00	9.03699e+03	1.7e+02
6.7516e+03	2.4e+00	9.07066e+03	2.1e+02
6.7549e+03	2.4e+00	9.19739e+03	2.7e+02
6.7583e+03	2.4e+00	9.12402e+03	2.6e+02
6.7616e+03	2.4e+00	9.05799e+03	2.5e+02
6.7649e+03	2.4e+00	9.08964e+03	2.7e+02
6.7683e+03	2.4e+00	8.99106e+03	2.5e+02
6.7716e+03	2.4e+00	9.04312e+03	2.8e+02
6.7749e+03	2.4e+00	8.92703e+03	3.1e+02
6.7782e+03	2.4e+00	8.96805e+03	1.5e+02
6.7816e+03	2.4e+00	8.91924e+03	1.7e+02
6.7849e+03	2.4e+00	8.99920e+03	2.8e+02
6.7882e+03	2.4e+00	9.05397e+03	1.8e+02
6.7916e+03	2.4e+00	8.97898e+03	1.9e+02
6.7949e+03	2.4e+00	8.70780e+03	2.3e+02
6.7982e+03	2.4e+00	8.98601e+03	1.5e+02
6.8015e+03	2.4e+00	8.86316e+03	2.5e+02
6.8049e+03	2.4e+00	8.83057e+03	2.0e+02
6.8082e+03	2.4e+00	8.89377e+03	3.0e+02
6.8115e+03	2.4e+00	8.70384e+03	2.7e+02
6.8148e+03	2.4e+00	8.75419e+03	2.0e+02
6.8182e+03	2.4e+00	8.84598e+03	2.6e+02
6.8215e+03	2.4e+00	8.90105e+03	2.6e+02
6.8248e+03	2.4e+00	8.73908e+03	3.0e+02
6.8281e+03	2.4e+00	8.68458e+03	2.8e+02
6.8315e+03	2.4e+00	8.64023e+03	2.6e+02
6.8348e+03	2.4e+00	8.46565e+03	2.2e+02
6.8381e+03	2.4e+00	8.67915e+03	1.9e+02
6.8414e+03	2.4e+00	8.60209e+03	2.6e+02
6.8447e+03	2.4e+00	8.53118e+03	2.3e+02
6.8481e+03	2.4e+00	8.55801e+03	1.7e+02
6.8514e+03	2.4e+00	8.50892e+03	2.0e+02
6.8547e+03	2.4e+00	8.34517e+03	2.4e+02
6.8580e+03	2.4e+00	8.26733e+03	2.2e+02
6.8613e+03	2.4e+00	7.72711e+03	1.7e+02
6.8647e+03	2.4e+00	6.88323e+03	1.8e+02
6.8680e+03	2.4e+00	6.14481e+03	1.5e+02
6.8713e+03	2.4e+00	5.94974e+03	1.5e+02
6.8746e+03	2.4e+00	6.60918e+03	1.6e+02
6.8779e+03	2.4e+00	7.37486e+03	1.8e+02
6.8812e+03	2.4e+00	7.40688e+03	1.6e+02
6.8846e+03	2.4e+00	7.05722e+03	1.5e+02
6.8879e+03	2.4e+00	6.99235e+03	1.9e+02
6.8912e+03	2.4e+00	7.02935e+03	1.5e+02
6.8945e+03	2.4e+00	7.32633e+03	2.3e+02
6.8978e+03	2.4e+00	7.27671e+03	2.3e+02
6.9011e+03	2.4e+00	7.36410e+03	1.8e+02
6.9044e+03	2.4e+00	7.29946e+03	1.9e+02
6.9078e+03	2.4e+00	7.76327e+03	1.4e+02
6.9111e+03	2.4e+00	7.72358e+03	1.7e+02
6.9144e+03	2.4e+00	7.70344e+03	2.2e+02
6.9177e+03	2.4e+00	7.85083e+03	2.2e+02
6.9210e+03	2.4e+00	7.83076e+03	1.8e+02
6.9243e+03	2.4e+00	7.84866e+03	1.2e+02
6.9276e+03	2.4e+00	7.80670e+03	1.2e+02
6.9309e+03	2.4e+00	7.69390e+03	1.8e+02
6.9342e+03	2.4e+00	7.67804e+03	2.7e+02
6.9375e+03	2.4e+00	7.77722e+03	1.2e+02
6.9409e+03	2.4e+00	7.76878e+03	2.1e+02
6.9442e+03	2.4e+00	7.63729e+03	3.1e+02
6.9475e+03	2.4e+00	7.59831e+03	3.3e+02
6.9508e+03	2.4e+00	7.45503e+03	1.5e+02
6.9541e+03	2.4e+00	7.68255e+03	1.8e+02
6.9574e+03	2.4e+00	7.67130e+03	2.4e+02
6.9607e+03	2.4e+00	7.54560e+03	2.4e+02
6.9640e+03	2.4e+00	7.65851e+03	2.0e+02
6.9673e+03	2.4e+00	7.51306e+03	2.4e+02
6.9706e+03	2.4e+00	7.36622e+03	6.4e+01
6.9739e+03	2.4e+00	7.51483e+03	1.3e+02
6.9772e+03	2.4e+00	7.57632e+03	8.8e+01
6.9805e+03	2.4e+00	7.44767e+03	1.2e+02
6.9838e+03	2.4e+00	7.45368e+03	2.0e+02
6.9871e+03	2.4e+00	7.38675e+03	1.3e+02
6.9904e+03	2.4e+00	7.30903e+03	1.5e+02
6.9937e+03	2.4e+00	7.31321e+03	1.7e+02
6.9970e+03	2.4e+00	7.20719e+03	1.1e+02
7.0003e+03	2.4e+00	7.28438e+03	1.5e+02
7.0036e+03	2.4e+00	7.19286e+03	4.3e+01
7.0069e+03	2.4e+00	7.09009e+03	4.7e+01
7.0102e+03	2.4e+00	7.01746e+03	2.3e+01
7.0135e+03	2.4e+00	7.08140e+03	7.3e+01
7.0168e+03	2.4e+00	7.05670e+03	8.6e+01
7.0201e+03	2.4e+00	7.08503e+03	9.3e+01
7.0234e+03	2.4e+00	6.83652e+03	5.6e+01
7.0267e+03	2.4e+00	6.99336e+03	1.0e+02
7.0300e+03	2.4e+00	6.95725e+03	1.1e+02
7.0333e+03	2.4e+00	7.02586e+03	1.1e+02
7.0366e+03	2.4e+00	6.97919e+03	7.2e+01
7.0399e+03	2.4e+00	6.88514e+03	1.1e+02
7.0432e+03	2.4e+00	6.74988e+03	1.2e+02
7.0465e+03	2.4e+00	6.80819e+03	7.8e+01
7.0498e+03	2.4e+00	6.78043e+03	1.0e+02
7.0531e+03	2.4e+00	6.77607e+03	2.0e+02
7.0564e+03	2.4e+00	6.84019e+03	1.7e+02
7.0597e+03	2.4e+00	6.84146e+03	1.3e+02
7.0629e+03	2.4e+00	6.77632e+03	1.5e+02
7.0662e+03	2.4e+00	6.87963e+03	1.3e+02
7.0695e+03	2.4e+00	6.67807e+03	1.9e+02
7.0728e+03	2.4e+00	6.63406e+03	1.6e+02
7.0761e+03	2.4e+00	6.75600e+03	9.1e+01
7.0794e+03	2.4e+00	6.71879e+03	1.9e+02
7.0827e+03	2.4e+00	6.75998e+03	1.7e+02
7.0860e+03	2.4e+00	6.85012e+03	1.6e+02
7.0893e+03	2.4e+00	6.83966e+03	2.6e+02
7.0926e+03	2.4e+00	6.76415e+03	1.7e+02
7.0958e+03	2.4e+00	6.79055e+03	1.3e+02
7.0991e+03	2.4e+00	6.61834e+03	1.1e+02
7.1024e+03	2.4e+00	6.63279e+03	1.3e+02
7.1057e+03	2.4e+00	6.73695e+03	1.5e+02
7.1090e+03	2.4e+00	6.42382e+03	7.8e+01
7.1123e+03	2.4e+00	6.52628e+03	1.5e+02
7.1156e+03	2.4e+00	6.65857e+03	1.5e+02
7.1188e+03	2.4e+00	6.67259e+03	1.1e+02
7.1221e+03	2.4e+00	6.62258e+03	1.1e+02
7.1254e+03	2.4e+00	6.60637e+03	1.3e+02
7.1287e+03	2.4e+00	6.49800e+03	4.5e+01
7.1320e+03	2.4e+00	6.56052e+03	1.5e+02
7.1353e+03	2.4e+00	6.59940e+03	1.0e+02
7.1385e+03	2.4e+00	6.38642e+03	1.4e+02
7.1418e+03	2.4e+00	6.49382e+03	6.8e+01
7.1451e+03	2.4e+00	6.53839e+03	9.0e+01
7.1484e+03	2.4e+00	6.52596e+03	8.6e+01
7.1517e+03	2.4e+00	6.25777e+03	1.6e+02
7.1549e+03	2.4e+00	6.26841e+03	1.1e+02
7.1582e+03	2.4e+00	6.29345e+03	1.3e+02
7.1615e+03	2.4e+00	6.03196e+03	6.7e+01
7.1648e+03	2.4e+00	5.99583e+03	1.0e+02
7.1681e+03	2.4e+00	6.08645e+03	1.0e+02
7.1713e+03	2.4e+00	5.84880e+03	5.6e+01
7.1746e+03	2.4e+00	5.68403e+03	6.2e+01
7.1779e+03	2.4e+00	5.64819e+03	9.2e+01
7.1812e+03	2.4e+00	5.37976e+03	8.4e+01
7.1844e+03	2.4e+00	5.42539e+03	8.0e+01
7.1877e+03	2.4e+00	5.48703e+03	8.0e+01
7.1910e+03	2.4e+00	5.43405e+03	1.1e+02
7.1943e+03	2.4e+00	5.46028e+03	1.1e+02
7.1975e+03	2.4e+00	5.67924e+03	1.2e+02
7.2008e+03	2.4e+00	5.34026e+03	4.3e+01
7.2041e+03	2.4e+00	5.67276e+03	1.0e+02
7.2074e+03	2.4e+00	5.78958e+03	1.3e+02
7.2106e+03	2.4e+00	5.80876e+03	1.5e+02
7.2139e+03	2.4e+00	5.89421e+03	1.3e+02
7.2172e+03	2.4e+00	5.89462e+03	1.3e+02
7.2204e+03	2.4e+00	5.73346e+03	1.1e+02
7.2237e+03	2.4e+00	5.73134e+03	1.5e+02
7.2270e+03	2.4e+00	5.71133e+03	1.1e+02
7.2303e+03	2.4e+00	5.56778e+03	1.1e+02
7.2335e+03	2.4e+00	5.57065e+03	2.0e+02
7.2368e+03	2.4e+00	5.44131e+03	2.2e+02
7.2401e+03	2.4e+00	5.36122e+03	8.0e+01
7.2433e+03	2.4e+00	5.55078e+03	1.2e+02
7.2466e+03	2.4e+00	5.56867e+03	2.1e+02
7.2499e+03	2.4e+00	5.47211e+03	1.1e+02
7.2531e+03	2.4e+00	5.51208e+03	7.1e+01
7.2564e+03	2.4e+00	5.43778e+03	1.8e+02
7.2597e+03	2.4e+00	5.42025e+03	1.3e+02
7.2629e+03	2.4e+00	5.38668e+03	1.6e+02
7.2662e+03	2.4e+00	5.34706e+03	1.7e+02
7.2695e+03	2.4e+00	5.35251e+03	1.1e+02
7.2727e+03	2.4e+00	5.26718e+03	4.8e+01
7.2760e+03	2.4e+00	5.25143e+03	8.7e+01
7.2792e+03	2.4e+00	5.13657e+03	9.6e+01
7.2825e+03	2.4e+00	5.20593e+03	1.1e+02
7.2858e+03	2.4e+00	5.37754e+03	8.8e+01
7.2890e+03	2.4e+00	5.05319e+03	7.6e+01
7.2923e+03	2.4e+00	5.15329e+03	9.5e+01
7.2956e+03	2.4e+00	5.19960e+03	9.9e+01
7.2988e+03	2.4e+00	5.24112e+03	8.0e+01
7.3021e+03	2.4e+00	5.29899e+03	1.0e+02
7.3053e+03	2.4e+00	5.01647e+03	8.9e+01
7.3086e+03	2.4e+00	4.90203e+03	7.1e+01
7.3119e+03	2.4e+00	4.87678e+03	6.5e+01
7.3151e+03	2.4e+00	4.91856e+03	9.1e+01
7.3184e+03	2.4e+00	5.17650e+03	9.9e+01
7.3216e+03	2.4e+00	5.17545e+03	1.3e+02
7.3249e+03	2.4e+00	5.03001e+03	9.6e+01
7.3281e+03	2.4e+00	5.04203e+03	1.1e+02
7.3314e+03	2.4e+00	4.91769e+03	1.4e+02
7.3346e+03	2.4e+00	4.94882e+03	1.7e+02
7.3379e+03	2.4e+00	5.15319e+03	1.2e+02
7.3412e+03	2.4e+00	5.12744e+03	7.9e+01
7.3444e+03	2.4e+00	4.98045e+03	9.9e+01
7.3477e+03	2.4e+00	4.98542e+03	1.3e+02
7.3509e+03	2.4e+00	5.05248e+03	7.9e+01
7.3542e+03	2.4e+00	5.15356e+03	1.1e+02
7.3574e+03	2.4e+00	4.98540e+03	1.5e+02
7.3607e+03	2.4e+00	4.95939e+03	1.2e+02
7.3639e+03	2.4e+00	5.21730e+03	1.7e+02
7.3672e+03	2.4e+00	5.16180e+03	1.8e+02
7.3704e+03	2.4e+00	5.07376e+03	1.7e+02
7.3737e+03	2.4e+00	4.97488e+03	1.6e+02
7.3769e+03	2.4e+00	5.07339e+03	2.5e+02
7.3802e+03	2.4e+00	5.10477e+03	1.6e+02
7.3834e+03	2.4e+00	5.03295e+03	1.4e+02
7.3867e+03	2.4e+00	5.15061e+03	1.3e+02
7.3899e+03	2.4e+00	4.95405e+03	1.3e+02
7.3932e+03	2.4e+00	4.91088e+03	1.3e+02
7.3964e+03	2.4e+00	4.83285e+03	9.8e+01
7.3997e+03	2.4e+00	4.92313e+03	1.3e+02
7.4029e+03	2.4e+00	4.93344e+03	1.7e+02
7.4062e+03	2.4e+00	4.73256e+03	1.6e+02
7.4094e+03	2.4e+00	4.90748e+03	1.3e+02
7.4127e+03	2.4e+00	4.84574e+03	6.7e+01
7.4159e+03	2.4e+00	4.74813e+03	4.7e+01
7.4191e+03	2.4e+00	4.75515e+03	5.3e+01
7.4224e+03	2.4e+00	4.75897e+03	1.5e+02
7.4256e+03	2.4e+00	4.69340e+03	1.5e+02
7.4289e+03	2.4e+00	4.79967e+03	1.7e+02
7.4321e+03	2.4e+00	4.78103e+03	1.3e+02
7.4354e+03	2.4e+00	4.82846e+03	1.2e+02
7.4386e+03	2.4e+00	4.75042e+03	8.9e+01
7.4418e+03	2.4e+00	4.75335e+03	1.6e+02
7.4451e+03	2.4e+00	4.68823e+03	1.5e+02
7.4483e+03	2.4e+00	4.77424e+03	9.6e+01
7.4516e+03	2.4e+00	4.72574e+03	1.3e+02
7.4548e+03	2.4e+00	4.60804e+03	9.1e+01
7.4580e+03	2.4e+00	4.68341e+03	1.2e+02
7.4613e+03	2.4e+00	4.58271e+03	1.2e+02
7.4645e+03	2.4e+00	4.59245e+03	1.2e+02
7.4678e+03	2.4e+00	4.72762e+03	1.5e+02
7.4710e+03	2.4e+00	4.66632e+03	9.5e+01
7.4742e+03	2.4e+00	4.50635e+03	7.3e+01
7.4775e+03	2.4e+00	4.55225e+03	1.4e+02
7.4807e+03	2.4e+00	4.69267e+03	1.3e+02
7.4839e+03	2.4e+00	4.53323e+03	1.2e+02
7.4872e+03	2.4e+00	4.55823e+03	1.6e+02
7.4904e+03	2.4e+00	4.50708e+03	1.4e+02
7.4936e+03	2.4e+00	4.54053e+03	1.7e+02
7.4969e+03	2.4e+00	4.42810e+03	1.3e+02
7.5001e+03	2.4e+00	4.41412e+03	1.1e+02
7.5033e+03	2.4e+00	4.30909e+03	7.7e+01
7.5066e+03	2.4e+00	4.27202e+03	1.4e+02
7.5098e+03	2.4e+00	4.12679e+03	1.4e+02
7.5130e+03	2.4e+00	4.32090e+03	1.4e+02
7.5163e+03	2.4e+00	4.25567e+03	1.2e+02
7.5195e+03	2.4e+00	4.26850e+03	8.6e+01
7.5227e+03	2.4e+00	4.21979e+03	1.1e+02
7.5260e+03	2.4e+00	4.34878e+03	1.5e+02
7.5292e+03	2.4e+00	4.41032e+03	9.4e+01
7.5324e+03	2.4e+00	4.34124e+03	1.4e+02
7.5356e+03	2.4e+00	4.21888e+03	1.8e+02
7.5389e+03	2.4e+00	4.28331e+03	1.7e+02
7.5421e+03	2.4e+00	4.30768e+03	1.2e+02
7.5453e+03	2.4e+00	4.34331e+03	2.3e+02
7.5486e+03	2.4e+00	4.28889e+03	1.9e+02
7.5518e+03	2.4e+00	4.15371e+03	1.4e+02
7.5550e+03	2.4e+00	4.18278e+03	1.5e+02
7.5582e+03	2.4e+00	4.27683e+03	2.3e+02
7.5615e+03	2.4e+00	4.22511e+03	1.8e+02
7.5647e+03	2.4e+00	4.22635e+03	1.6e+02
7.5679e+03	2.4e+00	4.30738e+03	1.6e+02
7.5711e+03	2.4e+00	3.99728e+03	6.4e+01
7.5744e+03	2.4e+00	3.97593e+03	9.8e+01
7.5776e+03	2.4e+00	3.96255e+03	1.1e+02
7.5808e+03	2.4e+00	4.11968e+03	1.6e+02
7.5840e+03	2.4e+00	3.97310e+03	1.5e+02
7.5872e+03	2.4e+00	3.93378e+03	1.5e+02
7.5905e+03	2.4e+00	3.68848e+03	1.8e+02
7.5937e+03	2.4e+00	2.91767e+03	1.2e+02
7.5969e+03	2.4e+00	2.23390e+03	1.2e+02
7.6001e+03	2.4e+00	1.61138e+03	6.9e+01
7.6033e+03	2.4e+00	1.20449e+03	4.1e+01
7.6066e+03	2.4e+00	1.20858e+03	3.9e+01
7.6098e+03	2.4e+00	1.26269e+03	6.0e+01
7.6130e+03	2.4e+00	1.67538e+03	4.3e+01
7.6162e+03	2.4e+00	2.24681e+03	7.4e+01
7.6194e+03	2.4e+00	2.46943e+03	1.3e+02
7.6227e+03	2.4e+00	2.35451e+03	1.1e+02
7.6259e+03	2.4e+00	2.21435e+03	1.2e+02
7.6291e+03	2.4e+00	2.00176e+03	9.9e+01
7.6323e+03	2.4e+00	1.90900e+03	5.1e+01
7.6355e+03	2.4e+00	1.99310e+03	7.7e+01
7.6387e+03	2.4e+00	2.11694e+03	7.9e+01
7.6419e+03	2.4e+00	2.26583e+03	9.4e+01
7.6452e+03	2.4e+00	2.36223e+03	8.4e+01
7.6484e+03	2.4e+00	2.44804e+03	1.1e+02
7.6516e+03	2.4e+00	2.60292e+03	1.3e+02
7.6548e+03	2.4e+00	2.77408e+03	1.1e+02
7.6580e+03	2.4e+00	2.89161e+03	9.1e+01
7.6612e+03	2.4e+00	3.04322e+03	1.3e+02
7.6644e+03	2.4e+00	3.14896e+03	1.1e+02
7.6676e+03	2.4e+00	3.22545e+03	1.3e+02
7.6709e+03	2.4e+00	3.33082e+03	1.7e+02
7.6741e+03	2.4e+00	3.41958e+03	1.4e+02
7.6773e+03	2.4e+00	3.31885e+03	1.2e+02
7.6805e+03	2.4e+00	3.44739e+03	1.3e+02
7.6837e+03	2.4e+00	3.35576e+03	1.1e+02
7.6869e+03	2.4e+00	3.28317e+03	1.4e+02
7.6901e+03	2.4e+00	3.42240e+03	7.3e+01
7.6933e+03	2.4e+00	3.30299e+03	2.2e+02
