# lambda [A]	Dlambda [A]	specval [counts]	Dspecval [counts]
4.1877e+03	3.7e+00	5.08105e+02	1.0e+01
4.1912e+03	3.7e+00	7.44539e+02	2.3e+01
4.1947e+03	3.7e+00	9.75807e+02	1.1e+01
4.1982e+03	3.7e+00	9.59639e+02	2.2e+01
4.2017e+03	3.7e+00	6.92004e+02	2.5e+01
4.2052e+03	3.7e+00	3.68004e+02	1.4e+01
4.2087e+03	3.6e+00	2.67490e+02	1.0e+01
4.2123e+03	3.6e+00	2.67803e+02	1.2e+01
4.2158e+03	3.6e+00	2.64605e+02	1.3e+01
4.2193e+03	3.6e+00	3.46050e+02	1.2e+01
4.2228e+03	3.6e+00	3.25967e+02	8.7e+00
4.2263e+03	3.6e+00	3.37375e+02	1.2e+01
4.2298e+03	3.6e+00	2.98279e+02	1.1e+01
4.2334e+03	3.6e+00	2.58098e+02	7.7e+00
4.2369e+03	3.6e+00	2.53144e+02	1.2e+01
4.2404e+03	3.6e+00	2.04069e+02	8.5e+00
4.2439e+03	3.6e+00	1.94020e+02	8.6e+00
4.2474e+03	3.6e+00	2.31992e+02	1.4e+01
4.2510e+03	3.6e+00	3.45573e+02	1.2e+01
4.2545e+03	3.6e+00	5.14396e+02	1.6e+01
4.2580e+03	3.6e+00	5.53317e+02	9.0e+00
4.2615e+03	3.6e+00	5.18157e+02	1.5e+01
4.2650e+03	3.5e+00	4.00378e+02	1.2e+01
4.2686e+03	3.5e+00	4.85100e+02	1.5e+01
4.2721e+03	3.5e+00	6.22814e+02	3.1e+01
4.2756e+03	3.5e+00	5.63133e+02	1.5e+01
4.2791e+03	3.5e+00	4.26676e+02	1.9e+01
4.2827e+03	3.5e+00	2.32233e+02	1.5e+01
4.2862e+03	3.5e+00	1.62838e+02	3.4e+00
4.2897e+03	3.5e+00	1.89910e+02	1.9e+01
4.2932e+03	3.5e+00	2.43444e+02	1.9e+01
4.2968e+03	3.5e+00	2.90038e+02	1.3e+01
4.3003e+03	3.5e+00	2.68046e+02	1.5e+01
4.3038e+03	3.5e+00	2.29952e+02	1.1e+01
4.3074e+03	3.5e+00	2.03757e+02	1.1e+01
4.3109e+03	3.5e+00	2.16600e+02	1.5e+01
4.3144e+03	3.4e+00	1.80720e+02	1.2e+01
4.3179e+03	3.4e+00	1.71113e+02	8.4e+00
4.3215e+03	3.4e+00	2.03465e+02	7.6e+00
4.3250e+03	3.4e+00	2.85004e+02	6.8e+00
4.3285e+03	3.4e+00	4.11189e+02	1.1e+01
4.3321e+03	3.4e+00	4.40985e+02	1.3e+01
4.3356e+03	3.4e+00	3.76442e+02	1.5e+01
4.3391e+03	3.4e+00	3.71528e+02	7.7e+00
4.3427e+03	3.4e+00	4.52323e+02	1.8e+01
4.3462e+03	3.4e+00	4.38356e+02	1.1e+01
4.3497e+03	3.4e+00	3.64755e+02	7.1e+00
4.3533e+03	3.4e+00	2.35678e+02	1.0e+01
4.3568e+03	3.4e+00	2.27774e+02	7.5e+00
4.3603e+03	3.3e+00	2.57766e+02	9.7e+00
4.3639e+03	3.3e+00	3.17592e+02	6.8e+00
4.3674e+03	3.3e+00	3.99629e+02	1.6e+01
4.3709e+03	3.3e+00	4.17210e+02	9.5e+00
4.3745e+03	3.3e+00	4.06872e+02	1.1e+01
4.3780e+03	3.3e+00	3.31840e+02	1.1e+01
4.3815e+03	3.3e+00	2.68175e+02	1.2e+01
4.3851e+03	3.3e+00	2.09881e+02	9.6e+00
4.3886e+03	3.3e+00	1.69285e+02	6.6e+00
4.3922e+03	3.3e+00	1.98505e+02	1.2e+01
4.3957e+03	3.3e+00	2.15794e+02	1.1e+01
4.3992e+03	3.3e+00	2.23373e+02	7.5e+00
4.4028e+03	3.2e+00	1.98491e+02	9.1e+00
4.4063e+03	3.2e+00	1.58586e+02	8.0e+00
4.4099e+03	3.2e+00	1.33899e+02	8.0e+00
4.4134e+03	3.2e+00	1.47144e+02	4.4e+00
4.4169e+03	3.2e+00	1.97219e+02	5.9e+00
4.4205e+03	3.2e+00	2.86454e+02	1.2e+01
4.4240e+03	3.2e+00	3.26606e+02	5.2e+00
4.4276e+03	3.2e+00	3.17550e+02	1.2e+01
4.4311e+03	3.2e+00	2.45467e+02	1.2e+01
4.4346e+03	3.2e+00	1.82574e+02	8.3e+00
4.4382e+03	3.1e+00	1.79411e+02	7.9e+00
4.4417e+03	3.1e+00	1.73185e+02	9.5e+00
4.4453e+03	3.1e+00	1.79133e+02	6.0e+00
4.4488e+03	3.1e+00	1.64837e+02	1.5e+01
4.4524e+03	3.1e+00	1.46569e+02	1.2e+01
4.4559e+03	3.1e+00	1.43494e+02	5.8e+00
4.4595e+03	3.1e+00	1.33404e+02	7.9e+00
4.4630e+03	3.1e+00	1.65359e+02	7.3e+00
4.4665e+03	3.1e+00	2.04894e+02	7.4e+00
4.4701e+03	3.1e+00	2.08401e+02	2.5e+00
4.4736e+03	3.1e+00	2.37639e+02	9.1e+00
4.4772e+03	3.0e+00	2.37341e+02	9.4e+00
4.4807e+03	3.0e+00	2.48965e+02	9.1e+00
4.4843e+03	3.0e+00	2.15268e+02	1.0e+01
4.4878e+03	3.0e+00	1.84178e+02	7.7e+00
4.4914e+03	3.0e+00	2.31792e+02	5.2e+00
4.4949e+03	3.0e+00	2.45560e+02	3.7e+00
4.4985e+03	3.0e+00	2.84854e+02	8.1e+00
4.5020e+03	3.0e+00	3.51402e+02	1.3e+01
4.5056e+03	3.0e+00	3.95688e+02	1.0e+01
4.5091e+03	3.0e+00	3.55904e+02	9.1e+00
4.5127e+03	3.0e+00	2.66428e+02	1.0e+01
4.5162e+03	2.9e+00	1.84522e+02	8.8e+00
4.5198e+03	2.9e+00	1.63703e+02	6.2e+00
4.5233e+03	2.9e+00	1.68999e+02	6.7e+00
4.5269e+03	2.9e+00	1.69864e+02	4.7e+00
4.5304e+03	2.9e+00	1.59181e+02	7.7e+00
4.5340e+03	2.9e+00	1.80398e+02	6.1e+00
4.5375e+03	2.9e+00	2.65649e+02	1.1e+01
4.5411e+03	2.9e+00	3.52630e+02	1.5e+01
4.5446e+03	2.9e+00	3.22881e+02	6.2e+00
4.5482e+03	2.9e+00	2.34720e+02	5.1e+00
4.5517e+03	2.9e+00	1.41546e+02	1.0e+01
4.5553e+03	2.8e+00	1.36734e+02	5.0e+00
4.5588e+03	2.8e+00	1.39136e+02	6.5e+00
4.5624e+03	2.8e+00	1.33402e+02	9.7e+00
4.5659e+03	2.8e+00	1.25454e+02	7.3e+00
4.5695e+03	2.8e+00	1.52934e+02	7.6e+00
4.5730e+03	2.8e+00	1.89865e+02	7.0e+00
4.5766e+03	2.8e+00	2.32699e+02	4.3e+00
4.5801e+03	2.8e+00	2.35833e+02	9.0e+00
4.5837e+03	2.8e+00	2.35362e+02	1.1e+01
4.5873e+03	2.8e+00	2.25254e+02	1.2e+01
4.5908e+03	2.8e+00	2.21870e+02	1.2e+01
4.5944e+03	2.7e+00	1.68717e+02	5.2e+00
4.5979e+03	2.7e+00	1.65736e+02	6.5e+00
4.6015e+03	2.7e+00	2.15845e+02	9.1e+00
4.6050e+03	2.7e+00	2.89326e+02	1.2e+01
4.6086e+03	2.7e+00	2.78276e+02	1.5e+01
4.6121e+03	2.7e+00	2.21120e+02	9.0e+00
4.6157e+03	2.7e+00	1.29478e+02	5.6e+00
4.6193e+03	2.7e+00	1.02643e+02	5.2e+00
4.6228e+03	2.7e+00	8.96640e+01	4.5e+00
4.6264e+03	2.7e+00	9.39408e+01	5.3e+00
4.6299e+03	2.7e+00	1.06690e+02	5.1e+00
4.6335e+03	2.7e+00	1.02813e+02	7.2e+00
4.6370e+03	2.7e+00	1.06667e+02	7.8e+00
4.6406e+03	2.7e+00	9.77289e+01	7.5e+00
4.6441e+03	2.6e+00	1.03017e+02	5.6e+00
4.6477e+03	2.6e+00	1.23377e+02	3.6e+00
4.6513e+03	2.6e+00	2.01139e+02	8.6e+00
4.6548e+03	2.6e+00	2.51588e+02	5.8e+00
4.6584e+03	2.6e+00	2.15040e+02	4.6e+00
4.6619e+03	2.6e+00	1.57080e+02	5.0e+00
4.6655e+03	2.6e+00	1.12733e+02	4.1e+00
4.6691e+03	2.6e+00	9.74550e+01	7.2e+00
4.6726e+03	2.6e+00	1.04295e+02	7.8e+00
4.6762e+03	2.6e+00	1.15200e+02	4.0e+00
4.6797e+03	2.6e+00	1.04521e+02	4.4e+00
4.6833e+03	2.6e+00	1.08176e+02	5.3e+00
4.6869e+03	2.6e+00	1.06075e+02	5.7e+00
4.6904e+03	2.6e+00	9.39588e+01	6.0e+00
4.6940e+03	2.6e+00	9.88490e+01	6.6e+00
4.6975e+03	2.6e+00	1.02446e+02	6.4e+00
4.7011e+03	2.6e+00	1.05162e+02	3.6e+00
4.7047e+03	2.6e+00	1.07554e+02	4.1e+00
4.7082e+03	2.6e+00	1.00229e+02	7.1e+00
4.7118e+03	2.6e+00	9.93619e+01	7.7e+00
4.7153e+03	2.6e+00	1.04298e+02	5.1e+00
4.7189e+03	2.6e+00	1.14629e+02	5.4e+00
4.7225e+03	2.6e+00	1.61355e+02	7.9e+00
4.7260e+03	2.6e+00	1.97153e+02	6.4e+00
4.7296e+03	2.6e+00	1.91239e+02	1.2e+01
4.7331e+03	2.5e+00	1.58577e+02	6.1e+00
4.7367e+03	2.5e+00	1.33633e+02	5.6e+00
4.7403e+03	2.5e+00	1.01831e+02	4.7e+00
4.7438e+03	2.5e+00	8.23778e+01	3.7e+00
4.7474e+03	2.5e+00	8.06806e+01	5.2e+00
4.7509e+03	2.5e+00	8.86214e+01	5.0e+00
4.7545e+03	2.5e+00	1.10946e+02	5.6e+00
4.7581e+03	2.5e+00	1.91834e+02	1.3e+01
4.7616e+03	2.5e+00	2.86199e+02	8.2e+00
4.7652e+03	2.5e+00	2.63356e+02	7.6e+00
4.7688e+03	2.5e+00	1.79867e+02	1.0e+01
4.7723e+03	2.6e+00	9.62231e+01	3.7e+00
4.7759e+03	2.6e+00	8.26081e+01	9.5e+00
4.7794e+03	2.6e+00	7.01258e+01	5.0e+00
4.7830e+03	2.6e+00	7.73649e+01	6.1e+00
4.7866e+03	2.6e+00	8.43474e+01	8.6e+00
4.7901e+03	2.6e+00	9.44906e+01	4.8e+00
4.7937e+03	2.6e+00	9.69612e+01	6.0e+00
4.7972e+03	2.6e+00	1.15306e+02	5.0e+00
4.8008e+03	2.6e+00	1.56010e+02	8.8e+00
4.8044e+03	2.6e+00	1.87585e+02	3.3e+00
4.8079e+03	2.6e+00	1.84448e+02	6.4e+00
4.8115e+03	2.6e+00	1.67895e+02	7.0e+00
4.8151e+03	2.6e+00	1.67859e+02	5.1e+00
4.8186e+03	2.6e+00	1.90577e+02	5.8e+00
4.8222e+03	2.6e+00	2.24106e+02	8.2e+00
4.8258e+03	2.6e+00	2.59609e+02	4.7e+00
4.8293e+03	2.6e+00	2.53334e+02	5.5e+00
4.8329e+03	2.6e+00	2.14141e+02	4.1e+00
4.8364e+03	2.6e+00	1.51863e+02	6.2e+00
4.8400e+03	2.6e+00	1.03577e+02	6.9e+00
4.8436e+03	2.6e+00	1.04518e+02	4.4e+00
4.8471e+03	2.6e+00	9.72177e+01	6.1e+00
4.8507e+03	2.6e+00	1.05749e+02	5.6e+00
4.8543e+03	2.7e+00	1.27602e+02	7.2e+00
4.8578e+03	2.7e+00	1.87950e+02	8.1e+00
4.8614e+03	2.7e+00	2.09956e+02	6.5e+00
4.8649e+03	2.7e+00	1.66826e+02	7.4e+00
4.8685e+03	2.7e+00	1.21345e+02	4.9e+00
4.8721e+03	2.7e+00	1.27245e+02	6.8e+00
4.8756e+03	2.7e+00	1.73411e+02	8.2e+00
4.8792e+03	2.7e+00	1.94474e+02	4.6e+00
4.8828e+03	2.7e+00	1.82586e+02	3.1e+00
4.8863e+03	2.7e+00	1.31327e+02	6.0e+00
4.8899e+03	2.7e+00	1.00241e+02	1.8e+00
4.8934e+03	2.8e+00	9.59799e+01	4.9e+00
4.8970e+03	2.8e+00	8.37080e+01	3.9e+00
4.9006e+03	2.8e+00	7.65646e+01	3.0e+00
4.9041e+03	2.8e+00	8.20999e+01	4.4e+00
4.9077e+03	2.8e+00	8.68435e+01	4.7e+00
4.9113e+03	2.8e+00	8.23728e+01	7.2e+00
4.9148e+03	2.8e+00	7.01944e+01	2.4e+00
4.9184e+03	2.8e+00	7.60972e+01	9.1e+00
4.9220e+03	2.8e+00	8.25124e+01	4.5e+00
4.9255e+03	2.9e+00	7.16634e+01	6.0e+00
4.9291e+03	2.9e+00	7.62877e+01	2.5e+00
4.9326e+03	2.9e+00	8.56400e+01	6.5e+00
4.9362e+03	2.9e+00	7.11219e+01	6.9e+00
4.9398e+03	2.9e+00	6.26616e+01	2.8e+00
4.9433e+03	2.9e+00	6.01604e+01	2.4e+00
4.9469e+03	2.9e+00	5.52169e+01	2.4e+00
4.9505e+03	3.0e+00	6.24690e+01	5.5e+00
4.9540e+03	3.0e+00	6.09908e+01	4.6e+00
4.9576e+03	3.0e+00	7.36391e+01	4.5e+00
4.9611e+03	3.0e+00	9.39621e+01	3.5e+00
4.9647e+03	3.0e+00	1.00647e+02	4.7e+00
4.9683e+03	3.0e+00	1.03393e+02	4.1e+00
4.9718e+03	3.0e+00	7.78893e+01	3.0e+00
4.9754e+03	3.1e+00	6.55180e+01	3.7e+00
4.9789e+03	3.1e+00	6.10810e+01	4.4e+00
4.9825e+03	3.1e+00	5.27331e+01	3.9e+00
4.9861e+03	3.1e+00	5.81071e+01	3.0e+00
4.9896e+03	3.1e+00	6.02327e+01	2.4e+00
4.9932e+03	3.1e+00	5.65514e+01	2.5e+00
4.9968e+03	3.2e+00	6.61856e+01	3.4e+00
5.0003e+03	3.2e+00	6.69724e+01	4.4e+00
5.0039e+03	3.2e+00	6.93158e+01	3.3e+00
5.0074e+03	3.2e+00	7.53716e+01	4.3e+00
5.0110e+03	3.2e+00	7.64427e+01	5.8e+00
5.0146e+03	3.2e+00	1.00622e+02	2.3e+00
5.0181e+03	3.3e+00	1.00096e+02	6.3e+00
5.0217e+03	3.3e+00	7.55990e+01	5.1e+00
5.0252e+03	3.3e+00	5.54556e+01	2.4e+00
5.0288e+03	3.3e+00	5.10180e+01	4.3e+00
5.0324e+03	3.3e+00	5.80326e+01	3.4e+00
5.0359e+03	3.3e+00	5.77932e+01	3.4e+00
5.0395e+03	3.4e+00	7.07344e+01	5.1e+00
5.0430e+03	3.4e+00	6.21735e+01	1.6e+00
5.0466e+03	3.4e+00	6.25519e+01	4.6e+00
5.0502e+03	3.4e+00	6.60788e+01	4.4e+00
5.0537e+03	3.4e+00	6.96218e+01	2.2e+00
5.0573e+03	3.5e+00	7.11703e+01	2.7e+00
5.0608e+03	3.5e+00	7.14200e+01	4.6e+00
5.0644e+03	3.5e+00	7.06298e+01	4.8e+00
5.0680e+03	3.5e+00	7.11459e+01	6.0e+00
5.0715e+03	3.5e+00	6.80438e+01	5.3e+00
5.0751e+03	3.5e+00	7.29028e+01	3.0e+00
5.0786e+03	3.6e+00	6.54603e+01	1.8e+00
5.0822e+03	3.6e+00	6.28237e+01	3.9e+00
5.0858e+03	3.6e+00	6.11733e+01	2.6e+00
5.0893e+03	3.6e+00	5.79800e+01	2.2e+00
5.0929e+03	3.6e+00	5.63340e+01	1.5e+00
5.0964e+03	3.7e+00	5.14309e+01	3.7e+00
5.1000e+03	3.7e+00	5.21074e+01	5.1e+00
5.1035e+03	3.7e+00	4.46860e+01	3.4e+00
5.1071e+03	3.7e+00	4.32862e+01	2.2e+00
5.1107e+03	3.7e+00	4.48822e+01	1.5e+00
5.1142e+03	3.8e+00	5.01834e+01	2.2e+00
5.1178e+03	3.8e+00	4.65867e+01	3.3e+00
5.1213e+03	3.8e+00	5.06558e+01	2.7e+00
5.1249e+03	3.8e+00	6.27834e+01	1.8e+00
5.1284e+03	3.8e+00	5.87387e+01	2.1e+00
5.1320e+03	3.9e+00	5.51096e+01	4.9e+00
5.1356e+03	3.9e+00	6.20057e+01	2.7e+00
5.1391e+03	3.9e+00	6.78261e+01	4.3e+00
5.1427e+03	3.9e+00	7.20997e+01	2.6e+00
5.1462e+03	4.0e+00	7.32043e+01	3.4e+00
5.1498e+03	4.0e+00	7.08763e+01	3.8e+00
5.1533e+03	4.0e+00	6.92858e+01	3.7e+00
5.1569e+03	4.0e+00	7.51939e+01	2.8e+00
5.1604e+03	4.0e+00	7.80344e+01	4.1e+00
5.1640e+03	4.1e+00	8.63236e+01	5.9e+00
5.1676e+03	4.1e+00	8.24233e+01	3.6e+00
5.1711e+03	4.1e+00	8.51093e+01	4.0e+00
5.1747e+03	4.1e+00	9.47857e+01	5.3e+00
5.1782e+03	4.1e+00	1.05798e+02	3.9e+00
5.1818e+03	4.2e+00	1.15480e+02	7.2e+00
5.1853e+03	4.2e+00	1.37813e+02	3.8e+00
5.1889e+03	4.2e+00	1.54341e+02	3.7e+00
5.1924e+03	4.2e+00	1.67597e+02	3.5e+00
5.1960e+03	4.2e+00	1.54059e+02	5.5e+00
5.1995e+03	4.3e+00	1.18073e+02	5.3e+00
5.2031e+03	4.3e+00	7.56071e+01	4.4e+00
5.2066e+03	4.3e+00	4.75310e+01	2.8e+00
5.2102e+03	4.3e+00	3.52840e+01	2.6e+00
5.2137e+03	4.4e+00	3.79532e+01	2.8e+00
5.2173e+03	4.4e+00	4.44813e+01	3.7e+00
5.2208e+03	4.4e+00	4.33144e+01	2.2e+00
5.2244e+03	4.4e+00	4.82190e+01	3.7e+00
5.2279e+03	4.4e+00	4.02503e+01	1.8e+00
5.2315e+03	4.5e+00	3.44247e+01	2.8e+00
5.2350e+03	4.5e+00	3.99058e+01	3.2e+00
5.2386e+03	4.5e+00	4.19901e+01	3.0e+00
5.2421e+03	4.5e+00	3.88651e+01	2.5e+00
5.2457e+03	4.5e+00	4.56717e+01	3.0e+00
5.2492e+03	4.6e+00	4.24904e+01	2.2e+00
5.2528e+03	4.6e+00	4.57802e+01	3.4e+00
5.2563e+03	4.6e+00	4.58563e+01	3.3e+00
5.2599e+03	4.6e+00	4.65047e+01	2.2e+00
5.2634e+03	4.7e+00	4.52514e+01	2.0e+00
5.2670e+03	4.7e+00	4.55939e+01	2.5e+00
5.2705e+03	4.7e+00	4.12038e+01	3.6e+00
5.2741e+03	4.7e+00	3.40611e+01	3.5e+00
5.2776e+03	4.7e+00	4.18491e+01	1.8e+00
5.2812e+03	4.8e+00	4.16365e+01	2.2e+00
5.2847e+03	4.8e+00	3.98646e+01	1.9e+00
5.2883e+03	4.8e+00	4.07848e+01	2.9e+00
5.2918e+03	4.8e+00	3.82492e+01	2.6e+00
5.2953e+03	4.8e+00	3.40407e+01	1.4e+00
5.2989e+03	4.9e+00	3.92966e+01	2.7e+00
5.3024e+03	4.9e+00	3.68266e+01	3.3e+00
5.3060e+03	4.9e+00	3.99093e+01	2.4e+00
5.3095e+03	4.9e+00	3.58048e+01	2.2e+00
5.3131e+03	4.9e+00	3.48813e+01	2.4e+00
5.3166e+03	5.0e+00	4.06390e+01	1.5e+00
5.3202e+03	5.0e+00	3.82185e+01	1.8e+00
5.3237e+03	5.0e+00	3.76804e+01	1.3e+00
5.3272e+03	5.0e+00	3.57702e+01	3.2e+00
5.3308e+03	5.1e+00	4.31519e+01	3.5e+00
5.3343e+03	5.1e+00	4.03688e+01	2.1e+00
5.3379e+03	5.1e+00	4.52995e+01	2.6e+00
5.3414e+03	5.1e+00	4.37333e+01	2.3e+00
5.3449e+03	5.1e+00	4.50924e+01	2.6e+00
5.3485e+03	5.2e+00	4.25818e+01	2.1e+00
5.3520e+03	5.2e+00	3.80269e+01	2.9e+00
5.3556e+03	5.2e+00	3.73055e+01	3.1e+00
5.3591e+03	5.2e+00	3.78375e+01	2.3e+00
5.3626e+03	5.2e+00	3.71147e+01	4.9e+00
5.3662e+03	5.3e+00	2.76701e+01	2.7e+00
5.3697e+03	5.3e+00	3.13592e+01	1.9e+00
5.3733e+03	5.3e+00	3.19185e+01	2.3e+00
5.3768e+03	5.3e+00	3.37888e+01	3.7e+00
5.3803e+03	5.3e+00	3.30958e+01	2.1e+00
5.3839e+03	5.4e+00	2.82341e+01	1.9e+00
5.3874e+03	5.4e+00	2.73642e+01	2.2e+00
5.3909e+03	5.4e+00	2.83455e+01	2.7e+00
5.3945e+03	5.4e+00	3.03550e+01	3.0e+00
5.3980e+03	5.4e+00	3.92485e+01	4.3e+00
5.4015e+03	5.5e+00	5.16871e+01	1.3e+00
5.4051e+03	5.5e+00	5.08538e+01	3.0e+00
5.4086e+03	5.5e+00	4.09186e+01	2.0e+00
5.4122e+03	5.5e+00	2.60886e+01	2.0e+00
5.4157e+03	5.5e+00	2.98281e+01	2.2e+00
5.4192e+03	5.5e+00	2.94816e+01	1.5e+00
5.4227e+03	5.6e+00	3.00455e+01	2.3e+00
5.4263e+03	5.6e+00	2.99629e+01	2.0e+00
5.4298e+03	5.6e+00	3.13516e+01	1.6e+00
5.4333e+03	5.6e+00	2.63554e+01	1.6e+00
5.4369e+03	5.6e+00	2.45998e+01	1.2e+00
5.4404e+03	5.7e+00	3.23809e+01	1.8e+00
5.4439e+03	5.7e+00	2.55965e+01	2.2e+00
5.4475e+03	5.7e+00	2.59425e+01	3.1e+00
5.4510e+03	5.7e+00	2.79629e+01	1.4e+00
5.4545e+03	5.7e+00	2.88643e+01	3.0e+00
5.4581e+03	5.8e+00	3.17699e+01	2.7e+00
5.4616e+03	5.8e+00	2.94215e+01	3.3e+00
5.4651e+03	5.8e+00	2.62557e+01	1.8e+00
5.4686e+03	5.8e+00	2.81706e+01	1.6e+00
5.4722e+03	5.8e+00	2.58392e+01	1.5e+00
5.4757e+03	5.8e+00	2.24203e+01	1.9e+00
5.4792e+03	5.9e+00	2.74608e+01	2.3e+00
5.4827e+03	5.9e+00	2.74956e+01	1.8e+00
5.4863e+03	5.9e+00	2.04664e+01	1.8e+00
5.4898e+03	5.9e+00	2.60754e+01	2.1e+00
5.4933e+03	5.9e+00	3.32419e+01	3.2e+00
5.4968e+03	5.9e+00	4.17791e+01	2.0e+00
5.5004e+03	6.0e+00	4.13975e+01	3.8e+00
5.5039e+03	6.0e+00	3.69446e+01	5.6e+00
5.5074e+03	6.0e+00	2.96278e+01	2.4e+00
5.5109e+03	6.0e+00	2.44936e+01	1.8e+00
5.5145e+03	6.0e+00	1.97368e+01	1.6e+00
5.5180e+03	6.0e+00	1.92484e+01	3.3e+00
5.5215e+03	6.1e+00	2.21489e+01	2.6e+00
5.5250e+03	6.1e+00	2.10378e+01	2.1e+00
5.5285e+03	6.1e+00	2.18754e+01	2.4e+00
5.5321e+03	6.1e+00	2.60274e+01	3.0e+00
5.5356e+03	6.1e+00	2.25061e+01	1.3e+00
5.5391e+03	6.1e+00	2.37966e+01	2.0e+00
5.5426e+03	6.1e+00	2.51778e+01	1.4e+00
5.5461e+03	6.2e+00	2.85835e+01	1.6e+00
5.5497e+03	6.2e+00	2.59594e+01	5.4e+00
5.5532e+03	6.2e+00	2.98171e+01	2.8e+00
5.5567e+03	6.2e+00	4.00083e+01	3.2e+00
5.5602e+03	6.2e+00	4.70354e+01	3.1e+00
5.5637e+03	6.2e+00	4.84510e+01	1.4e+00
5.5672e+03	6.3e+00	4.50990e+01	1.5e+00
5.5707e+03	6.3e+00	3.92334e+01	1.7e+00
5.5743e+03	6.3e+00	4.13966e+01	3.7e+00
5.5778e+03	6.3e+00	4.05316e+01	2.1e+00
5.5813e+03	6.3e+00	4.30761e+01	1.5e+00
5.5848e+03	6.3e+00	3.96828e+01	2.3e+00
5.5883e+03	6.3e+00	4.18382e+01	2.9e+00
5.5918e+03	6.3e+00	4.78462e+01	2.6e+00
5.5953e+03	6.4e+00	5.32896e+01	2.8e+00
5.5988e+03	6.4e+00	5.99790e+01	1.3e+00
5.6024e+03	6.4e+00	6.74661e+01	1.6e+00
5.6059e+03	6.4e+00	8.14062e+01	2.5e+00
5.6094e+03	6.4e+00	8.45425e+01	3.0e+00
5.6129e+03	6.4e+00	7.32767e+01	3.1e+00
5.6164e+03	6.4e+00	4.89209e+01	2.7e+00
5.6199e+03	6.4e+00	3.10922e+01	3.7e+00
5.6234e+03	6.5e+00	2.26900e+01	2.2e+00
5.6269e+03	6.5e+00	2.49578e+01	2.7e+00
5.6304e+03	6.5e+00	2.47038e+01	2.0e+00
5.6339e+03	6.5e+00	2.56459e+01	1.5e+00
5.6374e+03	6.5e+00	2.91548e+01	2.4e+00
5.6409e+03	6.5e+00	2.55613e+01	2.0e+00
5.6444e+03	6.5e+00	2.99071e+01	2.2e+00
5.6479e+03	6.5e+00	3.22560e+01	2.7e+00
5.6514e+03	6.6e+00	3.56385e+01	2.1e+00
5.6549e+03	6.6e+00	3.66540e+01	1.2e+00
5.6584e+03	6.6e+00	3.53308e+01	1.3e+00
5.6619e+03	6.6e+00	3.93018e+01	3.7e+00
5.6654e+03	6.6e+00	3.62553e+01	2.1e+00
5.6689e+03	6.6e+00	3.50587e+01	1.6e+00
5.6724e+03	6.6e+00	3.27817e+01	2.4e+00
5.6759e+03	6.6e+00	4.44264e+01	2.5e+00
5.6794e+03	6.6e+00	4.60396e+01	2.2e+00
5.6829e+03	6.6e+00	3.76396e+01	2.4e+00
5.6864e+03	6.6e+00	4.29777e+01	2.5e+00
5.6899e+03	6.7e+00	4.39656e+01	4.2e+00
5.6934e+03	6.7e+00	3.92358e+01	1.5e+00
5.6969e+03	6.7e+00	4.07975e+01	2.9e+00
5.7004e+03	6.7e+00	3.61768e+01	2.2e+00
5.7039e+03	6.7e+00	3.47085e+01	2.0e+00
5.7074e+03	6.7e+00	3.25742e+01	2.6e+00
5.7109e+03	6.7e+00	3.21892e+01	1.5e+00
5.7144e+03	6.7e+00	3.27083e+01	1.8e+00
5.7179e+03	6.7e+00	2.59939e+01	1.3e+00
5.7214e+03	6.7e+00	2.73892e+01	1.8e+00
5.7249e+03	6.7e+00	2.58943e+01	1.4e+00
5.7284e+03	6.7e+00	2.70735e+01	1.7e+00
5.7319e+03	6.7e+00	2.68015e+01	1.7e+00
5.7353e+03	6.8e+00	2.75895e+01	2.3e+00
5.7388e+03	6.8e+00	2.76300e+01	1.7e+00
5.7423e+03	6.8e+00	2.84275e+01	2.1e+00
5.7458e+03	6.8e+00	3.24050e+01	1.6e+00
5.7493e+03	6.8e+00	2.78277e+01	1.1e+00
5.7528e+03	6.8e+00	2.58959e+01	2.7e+00
5.7563e+03	6.8e+00	2.65682e+01	2.4e+00
5.7597e+03	6.8e+00	2.67998e+01	1.9e+00
5.7632e+03	6.8e+00	3.21660e+01	1.2e+00
5.7667e+03	6.8e+00	4.00833e+01	1.8e+00
5.7702e+03	6.8e+00	4.05234e+01	3.1e+00
5.7737e+03	6.8e+00	3.53952e+01	1.3e+00
5.7772e+03	6.8e+00	3.00256e+01	2.8e+00
5.7806e+03	6.8e+00	2.60443e+01	2.5e+00
5.7841e+03	6.8e+00	2.56086e+01	2.6e+00
5.7876e+03	6.8e+00	2.45276e+01	7.4e-01
5.7911e+03	6.8e+00	2.37318e+01	1.5e+00
5.7946e+03	6.8e+00	2.57736e+01	3.0e+00
5.7980e+03	6.8e+00	2.44919e+01	2.7e+00
5.8015e+03	6.8e+00	2.49935e+01	2.6e+00
5.8050e+03	6.8e+00	2.80997e+01	1.2e+00
5.8085e+03	6.8e+00	2.66630e+01	1.7e+00
5.8120e+03	6.8e+00	2.88228e+01	1.3e+00
5.8154e+03	6.9e+00	2.56713e+01	2.9e+00
5.8189e+03	6.9e+00	2.82361e+01	2.1e+00
5.8224e+03	6.9e+00	3.19110e+01	2.7e+00
5.8258e+03	6.9e+00	3.03653e+01	1.3e+00
5.8293e+03	6.9e+00	2.85518e+01	1.6e+00
5.8328e+03	6.9e+00	2.65457e+01	1.4e+00
5.8363e+03	6.9e+00	2.82615e+01	2.6e+00
5.8397e+03	6.9e+00	3.43275e+01	3.7e+00
5.8432e+03	6.9e+00	5.53874e+01	2.8e+00
5.8467e+03	6.9e+00	1.24741e+02	6.7e+00
5.8501e+03	6.9e+00	3.66014e+02	3.6e+01
5.8536e+03	6.9e+00	9.74265e+02	5.7e+01
5.8571e+03	6.9e+00	1.23717e+03	9.0e+00
5.8605e+03	6.9e+00	1.01288e+03	3.2e+01
5.8640e+03	6.9e+00	4.63052e+02	4.1e+01
5.8675e+03	6.9e+00	4.51469e+01	1.2e+01
5.8709e+03	6.9e+00	3.69020e+01	3.7e+00
5.8744e+03	6.9e+00	3.86826e+01	2.2e+00
5.8779e+03	6.8e+00	5.89855e+01	3.7e+00
5.8813e+03	6.8e+00	7.57670e+01	4.4e+00
5.8848e+03	6.8e+00	9.32108e+01	1.9e+00
5.8883e+03	6.8e+00	8.12488e+01	4.3e+00
5.8917e+03	6.8e+00	6.81122e+01	3.8e+00
5.8952e+03	6.8e+00	3.88736e+01	2.9e+00
5.8986e+03	6.8e+00	3.04125e+01	1.1e+00
5.9021e+03	6.8e+00	2.94011e+01	1.3e+00
5.9055e+03	6.8e+00	2.89083e+01	1.8e+00
5.9090e+03	6.8e+00	2.74550e+01	3.0e+00
5.9125e+03	6.8e+00	3.70239e+01	1.6e+00
5.9159e+03	6.8e+00	4.12557e+01	2.7e+00
5.9194e+03	6.8e+00	3.83106e+01	2.3e+00
5.9228e+03	6.8e+00	2.83267e+01	1.6e+00
5.9263e+03	6.8e+00	2.51821e+01	1.8e+00
5.9297e+03	6.8e+00	2.24566e+01	1.7e+00
5.9332e+03	6.8e+00	2.76292e+01	1.8e+00
5.9366e+03	6.8e+00	2.66393e+01	1.7e+00
5.9401e+03	6.8e+00	3.00469e+01	2.4e+00
5.9435e+03	6.8e+00	5.33621e+01	3.3e+00
5.9470e+03	6.8e+00	9.17907e+01	3.8e+00
5.9504e+03	6.8e+00	9.56621e+01	3.2e+00
5.9539e+03	6.7e+00	7.66154e+01	5.7e+00
5.9573e+03	6.7e+00	3.87866e+01	4.6e+00
5.9608e+03	6.7e+00	1.72574e+01	1.7e+00
5.9642e+03	6.7e+00	2.07312e+01	1.7e+00
5.9677e+03	6.7e+00	1.80260e+01	1.6e+00
5.9711e+03	6.7e+00	2.23987e+01	2.3e+00
5.9746e+03	6.7e+00	3.29952e+01	2.4e+00
5.9780e+03	6.7e+00	3.91023e+01	1.7e+00
5.9814e+03	6.7e+00	4.12432e+01	2.0e+00
5.9849e+03	6.7e+00	3.31161e+01	3.5e+00
5.9883e+03	6.7e+00	2.71302e+01	2.5e+00
5.9918e+03	6.7e+00	2.47405e+01	1.2e+00
5.9952e+03	6.6e+00	2.54580e+01	1.8e+00
5.9986e+03	6.6e+00	2.68002e+01	1.4e+00
6.0021e+03	6.6e+00	2.79135e+01	2.0e+00
6.0055e+03	6.6e+00	2.66578e+01	1.1e+00
6.0090e+03	6.6e+00	2.54796e+01	1.3e+00
6.0124e+03	6.6e+00	2.71658e+01	2.1e+00
6.0158e+03	6.6e+00	2.61172e+01	2.3e+00
6.0193e+03	6.6e+00	3.10362e+01	2.3e+00
6.0227e+03	6.6e+00	2.92845e+01	2.7e+00
6.0261e+03	6.5e+00	3.45344e+01	2.6e+00
6.0296e+03	6.5e+00	5.35120e+01	2.5e+00
6.0330e+03	6.5e+00	7.86346e+01	3.5e+00
6.0364e+03	6.5e+00	8.72042e+01	2.4e+00
6.0398e+03	6.5e+00	7.30235e+01	3.4e+00
6.0433e+03	6.5e+00	5.13697e+01	4.0e+00
6.0467e+03	6.5e+00	4.40075e+01	2.5e+00
6.0501e+03	6.4e+00	4.27764e+01	1.5e+00
6.0536e+03	6.4e+00	4.12836e+01	2.6e+00
6.0570e+03	6.4e+00	3.80990e+01	1.9e+00
6.0604e+03	6.4e+00	3.85327e+01	2.7e+00
6.0638e+03	6.4e+00	3.74419e+01	2.9e+00
6.0672e+03	6.4e+00	4.53875e+01	1.9e+00
6.0707e+03	6.4e+00	4.99023e+01	2.9e+00
6.0741e+03	6.3e+00	8.36948e+01	2.8e+00
6.0775e+03	6.3e+00	1.16642e+02	3.0e+00
6.0809e+03	6.3e+00	1.04517e+02	4.2e+00
6.0844e+03	6.3e+00	6.89123e+01	4.7e+00
6.0878e+03	6.3e+00	3.47668e+01	2.7e+00
6.0912e+03	6.3e+00	3.87320e+01	2.4e+00
6.0946e+03	6.2e+00	6.98467e+01	6.9e+00
6.0980e+03	6.2e+00	1.32999e+02	4.8e+00
6.1014e+03	6.2e+00	1.35125e+02	4.8e+00
6.1048e+03	6.2e+00	1.02960e+02	5.2e+00
6.1083e+03	6.2e+00	5.02519e+01	4.5e+00
6.1117e+03	6.2e+00	2.49557e+01	1.2e+00
6.1151e+03	6.1e+00	2.58933e+01	2.0e+00
6.1185e+03	6.1e+00	2.59814e+01	1.7e+00
6.1219e+03	6.1e+00	2.74190e+01	2.6e+00
6.1253e+03	6.1e+00	2.26261e+01	2.5e+00
6.1287e+03	6.1e+00	2.28526e+01	2.0e+00
6.1321e+03	6.0e+00	2.43642e+01	1.3e+00
6.1355e+03	6.0e+00	3.27102e+01	2.9e+00
6.1389e+03	6.0e+00	4.97721e+01	3.8e+00
6.1423e+03	6.0e+00	1.15050e+02	9.8e+00
6.1458e+03	6.0e+00	1.71007e+02	4.9e+00
6.1492e+03	5.9e+00	1.67330e+02	4.3e+00
6.1526e+03	5.9e+00	1.08912e+02	5.4e+00
6.1560e+03	5.9e+00	3.65437e+01	3.9e+00
6.1594e+03	5.9e+00	2.95570e+01	2.1e+00
6.1628e+03	5.8e+00	5.50981e+01	3.4e+00
6.1662e+03	5.8e+00	7.10218e+01	3.9e+00
6.1696e+03	5.8e+00	6.99782e+01	2.4e+00
6.1730e+03	5.8e+00	5.68486e+01	3.5e+00
6.1764e+03	5.7e+00	3.23143e+01	1.9e+00
6.1797e+03	5.7e+00	2.62021e+01	2.0e+00
6.1831e+03	5.7e+00	2.18463e+01	1.6e+00
6.1865e+03	5.7e+00	1.70278e+01	1.8e+00
6.1899e+03	5.6e+00	1.91527e+01	1.2e+00
6.1933e+03	5.6e+00	1.39237e+01	1.4e+00
6.1967e+03	5.6e+00	1.39351e+01	1.6e+00
6.2001e+03	5.6e+00	1.77998e+01	9.1e-01
6.2035e+03	5.5e+00	1.47896e+01	7.8e-01
6.2069e+03	5.5e+00	1.82350e+01	1.3e+00
6.2103e+03	5.5e+00	1.76984e+01	1.3e+00
6.2137e+03	5.5e+00	2.39775e+01	1.3e+00
6.2170e+03	5.4e+00	3.54289e+01	2.0e+00
6.2204e+03	5.4e+00	3.82061e+01	2.9e+00
6.2238e+03	5.4e+00	3.23284e+01	2.8e+00
6.2272e+03	5.4e+00	2.59966e+01	2.4e+00
6.2306e+03	5.3e+00	1.29587e+01	1.4e+00
6.2340e+03	5.3e+00	1.20149e+01	1.4e+00
6.2373e+03	5.3e+00	1.38933e+01	2.0e+00
6.2407e+03	5.2e+00	1.00060e+01	2.2e+00
6.2441e+03	5.2e+00	1.26549e+01	2.0e+00
6.2475e+03	5.2e+00	1.37794e+01	2.1e+00
6.2509e+03	5.2e+00	2.08919e+01	2.5e+00
6.2542e+03	5.1e+00	1.82698e+01	1.4e+00
6.2576e+03	5.1e+00	2.38011e+01	1.3e+00
6.2610e+03	5.1e+00	3.14800e+01	3.3e+00
6.2644e+03	5.0e+00	6.76951e+01	6.3e+00
6.2677e+03	5.0e+00	1.07949e+02	4.4e+00
6.2711e+03	5.0e+00	1.01399e+02	2.5e+00
6.2745e+03	4.9e+00	6.89544e+01	3.2e+00
6.2778e+03	4.9e+00	2.38502e+01	2.4e+00
6.2812e+03	4.9e+00	1.29540e+01	2.6e+00
6.2846e+03	4.9e+00	1.26504e+01	1.2e+00
6.2879e+03	4.8e+00	1.46283e+01	2.5e+00
6.2913e+03	4.8e+00	1.62060e+01	1.8e+00
6.2947e+03	4.8e+00	1.61219e+01	2.1e+00
6.2980e+03	4.7e+00	2.19107e+01	1.0e+00
6.3014e+03	4.7e+00	2.47409e+01	2.0e+00
6.3048e+03	4.7e+00	3.72362e+01	1.9e+00
6.3081e+03	4.6e+00	3.77066e+01	2.1e+00
6.3115e+03	4.6e+00	3.22377e+01	2.8e+00
6.3149e+03	4.6e+00	1.88346e+01	2.6e+00
6.3182e+03	4.5e+00	1.30336e+01	1.9e+00
6.3216e+03	4.5e+00	1.46514e+01	1.6e+00
6.3249e+03	4.5e+00	1.60102e+01	2.1e+00
6.3283e+03	4.4e+00	2.44727e+01	2.2e+00
6.3316e+03	4.4e+00	4.99217e+01	3.4e+00
6.3350e+03	4.3e+00	7.05030e+01	2.8e+00
6.3383e+03	4.3e+00	6.51121e+01	4.5e+00
6.3417e+03	4.3e+00	4.76789e+01	3.4e+00
6.3450e+03	4.2e+00	1.50190e+01	8.5e-01
6.3484e+03	4.2e+00	9.92017e+00	2.2e+00
6.3517e+03	4.2e+00	1.17785e+01	2.4e+00
6.3551e+03	4.1e+00	1.18850e+01	1.7e+00
6.3584e+03	4.1e+00	1.39630e+01	1.5e+00
6.3618e+03	4.1e+00	1.41150e+01	1.2e+00
6.3651e+03	4.0e+00	1.51388e+01	1.7e+00
6.3685e+03	4.0e+00	1.82832e+01	1.6e+00
6.3718e+03	4.0e+00	2.00282e+01	2.3e+00
6.3752e+03	3.9e+00	3.23597e+01	2.0e+00
6.3785e+03	3.9e+00	6.07759e+01	4.2e+00
6.3818e+03	3.9e+00	1.01658e+02	4.2e+00
6.3852e+03	3.8e+00	1.07442e+02	3.4e+00
6.3885e+03	3.8e+00	9.14247e+01	3.2e+00
6.3919e+03	3.7e+00	5.73647e+01	3.3e+00
6.3952e+03	3.7e+00	5.75645e+01	5.7e+00
6.3985e+03	3.7e+00	1.51204e+02	9.2e+00
6.4019e+03	3.6e+00	2.19069e+02	5.9e+00
6.4052e+03	3.6e+00	2.09338e+02	6.3e+00
6.4085e+03	3.6e+00	1.44382e+02	1.0e+01
6.4119e+03	3.5e+00	4.85512e+01	6.3e+00
6.4152e+03	3.5e+00	3.65813e+01	1.4e+00
6.4185e+03	3.5e+00	3.28314e+01	2.1e+00
6.4219e+03	3.4e+00	3.12766e+01	1.9e+00
6.4252e+03	3.4e+00	1.92108e+01	2.8e+00
6.4285e+03	3.3e+00	1.88028e+01	1.7e+00
6.4318e+03	3.3e+00	1.63863e+01	1.7e+00
6.4352e+03	3.3e+00	1.76511e+01	1.2e+00
6.4385e+03	3.2e+00	2.13373e+01	2.5e+00
6.4418e+03	3.2e+00	1.95399e+01	1.3e+00
6.4451e+03	3.2e+00	1.80651e+01	2.4e+00
6.4485e+03	3.1e+00	1.64950e+01	1.8e+00
6.4518e+03	3.1e+00	1.74056e+01	1.5e+00
6.4551e+03	3.1e+00	1.61620e+01	1.9e+00
6.4584e+03	3.0e+00	1.76668e+01	1.7e+00
6.4617e+03	3.0e+00	1.97858e+01	1.2e+00
6.4650e+03	3.0e+00	2.02646e+01	2.0e+00
6.4684e+03	2.9e+00	1.86577e+01	2.9e+00
6.4717e+03	2.9e+00	1.85703e+01	2.3e+00
6.4750e+03	2.9e+00	1.80023e+01	1.9e+00
6.4783e+03	2.9e+00	1.93090e+01	1.1e+00
6.4816e+03	2.8e+00	1.62749e+01	1.8e+00
6.4849e+03	2.8e+00	1.70902e+01	2.5e+00
6.4882e+03	2.8e+00	1.91972e+01	4.0e+00
6.4915e+03	2.7e+00	1.67396e+01	1.9e+00
6.4948e+03	2.7e+00	2.54204e+01	2.4e+00
6.4981e+03	2.7e+00	3.67636e+01	1.8e+00
6.5014e+03	2.7e+00	8.23914e+01	6.3e+00
6.5048e+03	2.7e+00	1.09837e+02	4.3e+00
6.5081e+03	2.6e+00	9.68498e+01	3.6e+00
6.5114e+03	2.6e+00	5.99286e+01	3.5e+00
6.5147e+03	2.6e+00	2.04479e+01	3.1e+00
6.5180e+03	2.6e+00	1.87203e+01	2.8e+00
6.5213e+03	2.6e+00	2.55328e+01	2.0e+00
6.5245e+03	2.5e+00	2.91522e+01	3.0e+00
6.5278e+03	2.5e+00	4.01572e+01	2.7e+00
6.5311e+03	2.5e+00	4.46316e+01	2.5e+00
6.5344e+03	2.5e+00	4.21242e+01	1.9e+00
6.5377e+03	2.5e+00	3.07447e+01	4.1e+00
6.5410e+03	2.5e+00	2.02560e+01	3.0e+00
6.5443e+03	2.5e+00	2.26771e+01	2.1e+00
6.5476e+03	2.5e+00	4.33758e+01	2.3e+00
6.5509e+03	2.5e+00	6.27499e+01	1.4e+00
6.5542e+03	2.5e+00	1.21346e+02	7.7e+00
6.5575e+03	2.5e+00	2.40347e+02	8.0e+00
6.5607e+03	2.5e+00	2.70874e+02	4.1e+00
6.5640e+03	2.5e+00	2.30764e+02	8.4e+00
6.5673e+03	2.5e+00	1.17456e+02	1.2e+01
6.5706e+03	2.5e+00	2.97716e+01	2.3e+00
6.5739e+03	2.5e+00	1.97219e+01	1.7e+00
6.5772e+03	2.5e+00	2.15169e+01	1.4e+00
6.5804e+03	2.6e+00	1.92631e+01	1.2e+00
6.5837e+03	2.6e+00	2.32730e+01	1.9e+00
6.5870e+03	2.6e+00	3.22913e+01	2.5e+00
6.5903e+03	2.6e+00	5.17770e+01	4.3e+00
6.5935e+03	2.6e+00	8.16120e+01	1.7e+00
6.5968e+03	2.7e+00	8.38633e+01	4.6e+00
6.6001e+03	2.7e+00	7.15414e+01	2.9e+00
6.6034e+03	2.7e+00	3.75014e+01	2.9e+00
6.6066e+03	2.8e+00	2.20476e+01	1.3e+00
6.6099e+03	2.8e+00	2.12710e+01	1.1e+00
6.6132e+03	2.8e+00	2.26692e+01	1.9e+00
6.6164e+03	2.9e+00	1.89638e+01	1.9e+00
6.6197e+03	2.9e+00	1.46414e+01	2.7e+00
6.6230e+03	2.9e+00	1.56286e+01	1.7e+00
6.6262e+03	3.0e+00	1.13011e+01	2.4e+00
6.6295e+03	3.0e+00	1.79636e+01	1.5e+00
6.6328e+03	3.1e+00	2.04041e+01	2.4e+00
6.6360e+03	3.1e+00	2.17007e+01	2.0e+00
6.6393e+03	3.2e+00	2.10873e+01	2.0e+00
6.6425e+03	3.2e+00	1.45971e+01	2.3e+00
6.6458e+03	3.3e+00	1.57645e+01	5.0e-01
6.6490e+03	3.3e+00	1.48848e+01	2.6e+00
6.6523e+03	3.4e+00	1.97295e+01	2.8e+00
6.6555e+03	3.4e+00	1.88021e+01	1.2e+00
6.6588e+03	3.5e+00	3.24109e+01	2.1e+00
6.6621e+03	3.5e+00	4.74473e+01	3.8e+00
6.6653e+03	3.6e+00	7.58108e+01	5.2e+00
6.6686e+03	3.6e+00	1.53243e+02	8.7e+00
6.6718e+03	3.7e+00	2.03752e+02	3.3e+00
6.6750e+03	3.8e+00	1.84874e+02	6.0e+00
6.6783e+03	3.8e+00	1.23134e+02	9.0e+00
6.6815e+03	3.9e+00	3.06856e+01	5.0e+00
6.6848e+03	4.0e+00	1.49634e+01	2.1e+00
6.6880e+03	4.0e+00	1.17362e+01	2.2e+00
6.6913e+03	4.1e+00	1.64916e+01	1.5e+00
6.6945e+03	4.2e+00	1.32490e+01	2.0e+00
6.6977e+03	4.2e+00	1.95828e+01	1.2e+00
6.7010e+03	4.3e+00	2.76274e+01	1.7e+00
6.7042e+03	4.4e+00	3.38131e+01	2.7e+00
6.7075e+03	4.4e+00	6.47650e+01	2.4e+00
6.7107e+03	4.5e+00	7.53839e+01	2.0e+00
6.7139e+03	4.6e+00	6.17866e+01	3.5e+00
6.7172e+03	4.7e+00	4.05370e+01	3.4e+00
6.7204e+03	4.7e+00	1.05274e+01	1.7e+00
6.7236e+03	4.8e+00	1.28482e+01	1.8e+00
6.7268e+03	4.9e+00	1.30270e+01	2.3e+00
6.7301e+03	5.0e+00	1.64202e+01	2.1e+00
6.7333e+03	5.1e+00	1.75254e+01	1.7e+00
6.7365e+03	5.1e+00	2.23542e+01	1.4e+00
6.7397e+03	5.2e+00	3.13762e+01	3.7e+00
6.7430e+03	5.3e+00	5.29663e+01	3.3e+00
6.7462e+03	5.4e+00	5.77162e+01	1.4e+00
6.7494e+03	5.5e+00	5.26487e+01	2.6e+00
6.7526e+03	5.5e+00	3.11427e+01	3.1e+00
6.7558e+03	5.6e+00	1.36084e+01	1.5e+00
6.7591e+03	5.7e+00	1.52253e+01	1.5e+00
6.7623e+03	5.8e+00	1.19862e+01	1.9e+00
6.7655e+03	5.9e+00	1.42795e+01	2.1e+00
6.7687e+03	6.0e+00	9.81464e+00	2.8e+00
6.7719e+03	6.1e+00	1.37879e+01	2.3e+00
6.7751e+03	6.1e+00	1.19622e+01	1.3e+00
6.7783e+03	6.2e+00	1.19804e+01	2.8e+00
6.7815e+03	6.3e+00	1.22001e+01	1.7e+00
6.7847e+03	6.4e+00	1.15521e+01	3.2e+00
6.7880e+03	6.5e+00	1.44306e+01	2.0e+00
6.7912e+03	6.6e+00	1.16108e+01	2.2e+00
6.7944e+03	6.7e+00	1.26157e+01	1.5e+00
6.7976e+03	6.8e+00	1.18550e+01	9.7e-01
6.8008e+03	6.9e+00	1.54061e+01	1.7e+00
6.8040e+03	7.0e+00	1.42502e+01	1.5e+00
6.8072e+03	7.1e+00	1.17148e+01	3.1e+00
6.8104e+03	7.2e+00	1.64598e+01	2.4e+00
6.8136e+03	7.3e+00	1.33017e+01	2.0e+00
6.8168e+03	7.4e+00	1.56370e+01	1.5e+00
6.8199e+03	7.5e+00	1.98180e+01	2.6e+00
6.8231e+03	7.6e+00	1.75606e+01	2.0e+00
6.8263e+03	7.7e+00	1.80768e+01	2.6e+00
6.8295e+03	7.7e+00	1.24701e+01	2.5e+00
6.8327e+03	7.8e+00	1.50607e+01	2.6e+00
6.8359e+03	7.9e+00	1.27964e+01	2.2e+00
6.8391e+03	8.1e+00	1.55147e+01	1.7e+00
6.8423e+03	8.2e+00	1.52506e+01	2.2e+00
6.8455e+03	8.3e+00	1.92830e+01	2.6e+00
6.8486e+03	8.4e+00	2.29031e+01	1.7e+00
6.8518e+03	8.5e+00	2.81782e+01	3.6e+00
6.8550e+03	8.6e+00	3.85417e+01	2.3e+00
6.8582e+03	8.7e+00	4.72817e+01	3.2e+00
6.8614e+03	8.8e+00	5.16068e+01	2.6e+00
6.8645e+03	8.9e+00	4.17051e+01	2.2e+00
6.8677e+03	9.0e+00	2.01759e+01	3.1e+00
6.8709e+03	9.1e+00	1.60439e+01	2.7e+00
6.8741e+03	9.2e+00	1.61713e+01	1.6e+00
6.8772e+03	9.3e+00	1.33724e+01	2.3e+00
6.8804e+03	9.4e+00	1.59108e+01	1.9e+00
6.8836e+03	9.5e+00	1.44243e+01	1.4e+00
6.8867e+03	9.6e+00	1.07031e+01	1.8e+00
6.8899e+03	9.7e+00	1.39096e+01	1.4e+00
6.8931e+03	9.9e+00	1.51718e+01	1.5e+00
6.8962e+03	1.0e+01	1.32818e+01	2.0e+00
6.8994e+03	1.0e+01	1.84685e+01	1.6e+00
6.9026e+03	1.0e+01	2.75935e+01	3.0e+00
6.9057e+03	1.0e+01	2.96750e+01	1.9e+00
6.9089e+03	1.0e+01	4.22670e+01	2.5e+00
6.9120e+03	1.1e+01	6.21302e+01	4.4e+00
6.9152e+03	1.1e+01	7.52826e+01	3.6e+00
6.9183e+03	1.1e+01	7.22262e+01	3.6e+00
6.9215e+03	1.1e+01	5.96111e+01	3.1e+00
6.9247e+03	1.1e+01	3.27125e+01	2.3e+00
6.9278e+03	1.1e+01	3.00761e+01	1.2e+00
6.9310e+03	1.1e+01	3.31886e+01	2.7e+00
6.9341e+03	1.1e+01	7.25279e+01	5.9e+00
6.9373e+03	1.1e+01	1.44131e+02	8.7e+00
6.9404e+03	1.2e+01	2.42523e+02	9.3e+00
6.9435e+03	1.2e+01	4.29261e+02	2.0e+01
6.9467e+03	1.2e+01	6.99406e+02	3.1e+01
6.9498e+03	1.2e+01	8.12162e+02	9.9e+00
6.9530e+03	1.2e+01	6.85354e+02	2.5e+01
6.9561e+03	1.2e+01	3.52158e+02	3.8e+01
6.9593e+03	1.2e+01	4.34700e+01	7.2e+00
6.9624e+03	1.2e+01	1.98861e+01	2.2e+00
6.9655e+03	1.3e+01	1.53024e+01	2.6e+00
6.9687e+03	1.3e+01	1.54138e+01	2.7e+00
6.9718e+03	1.3e+01	1.53674e+01	1.8e+00
6.9749e+03	1.3e+01	1.60825e+01	1.0e+00
6.9781e+03	1.3e+01	1.79727e+01	2.2e+00
6.9812e+03	1.3e+01	1.73061e+01	2.1e+00
6.9843e+03	1.3e+01	1.62292e+01	1.6e+00
6.9874e+03	1.3e+01	1.90677e+01	1.0e+00
6.9906e+03	1.4e+01	1.77946e+01	2.6e+00
6.9937e+03	1.4e+01	1.80077e+01	1.2e+00
6.9968e+03	1.4e+01	2.30047e+01	3.0e+00
6.9999e+03	1.4e+01	3.38056e+01	3.2e+00
7.0031e+03	1.4e+01	4.26635e+01	3.5e+00
7.0062e+03	1.4e+01	6.95777e+01	2.7e+00
7.0093e+03	1.4e+01	9.27790e+01	5.2e+00
7.0124e+03	1.4e+01	1.08018e+02	2.7e+00
7.0155e+03	1.5e+01	9.30444e+01	2.7e+00
7.0186e+03	1.5e+01	6.06236e+01	3.0e+00
7.0218e+03	1.5e+01	2.96983e+01	1.8e+00
7.0249e+03	1.5e+01	2.39045e+01	2.1e+00
7.0280e+03	1.5e+01	2.68210e+01	2.2e+00
7.0311e+03	1.5e+01	5.33738e+01	3.5e+00
7.0342e+03	1.5e+01	1.05156e+02	8.0e+00
7.0373e+03	1.6e+01	1.70515e+02	9.4e+00
7.0404e+03	1.6e+01	2.80603e+02	1.6e+01
7.0435e+03	1.6e+01	4.39638e+02	2.0e+01
7.0466e+03	1.6e+01	5.03884e+02	1.1e+01
7.0497e+03	1.6e+01	4.40828e+02	1.0e+01
7.0528e+03	1.6e+01	2.53740e+02	2.1e+01
7.0559e+03	1.6e+01	3.82482e+01	6.7e+00
7.0590e+03	1.6e+01	1.90927e+01	3.5e+00
7.0621e+03	1.7e+01	1.31636e+01	1.8e+00
7.0652e+03	1.7e+01	1.97135e+01	1.8e+00
7.0683e+03	1.7e+01	1.40504e+01	2.4e+00
7.0714e+03	1.7e+01	1.90469e+01	2.5e+00
7.0745e+03	1.7e+01	1.77864e+01	1.0e+00
7.0776e+03	1.7e+01	2.05690e+01	1.7e+00
7.0807e+03	1.7e+01	1.73335e+01	2.7e+00
7.0837e+03	1.8e+01	1.82459e+01	3.0e+00
7.0868e+03	1.8e+01	2.45671e+01	2.0e+00
7.0899e+03	1.8e+01	1.91597e+01	1.1e+00
7.0930e+03	1.8e+01	1.95147e+01	2.7e+00
7.0961e+03	1.8e+01	1.65170e+01	2.0e+00
7.0991e+03	1.8e+01	2.05260e+01	2.3e+00
7.1022e+03	1.9e+01	2.08126e+01	7.2e-01
7.1053e+03	1.9e+01	2.26679e+01	1.5e+00
7.1084e+03	1.9e+01	2.26830e+01	1.1e+00
7.1115e+03	1.9e+01	3.07196e+01	3.0e+00
7.1145e+03	1.9e+01	4.17054e+01	3.5e+00
7.1176e+03	1.9e+01	5.78842e+01	3.8e+00
7.1207e+03	1.9e+01	6.71907e+01	2.6e+00
7.1237e+03	2.0e+01	7.07328e+01	4.5e+00
7.1268e+03	2.0e+01	5.89341e+01	3.2e+00
7.1299e+03	2.0e+01	2.91094e+01	3.1e+00
7.1329e+03	2.0e+01	1.66532e+01	1.8e+00
7.1360e+03	2.0e+01	1.82673e+01	1.8e+00
7.1391e+03	2.0e+01	2.07075e+01	2.3e+00
7.1421e+03	2.0e+01	1.67531e+01	2.8e+00
7.1452e+03	2.1e+01	1.68235e+01	2.2e+00
7.1482e+03	2.1e+01	2.12154e+01	1.7e+00
7.1513e+03	2.1e+01	2.49587e+01	1.8e+00
7.1543e+03	2.1e+01	1.94068e+01	2.5e+00
7.1574e+03	2.1e+01	1.66350e+01	3.3e+00
7.1605e+03	2.1e+01	1.15141e+01	2.8e+00
7.1635e+03	2.2e+01	1.88906e+01	2.3e+00
7.1666e+03	2.2e+01	1.57708e+01	1.4e+00
7.1696e+03	2.2e+01	2.36810e+01	3.3e+00
7.1726e+03	2.2e+01	3.22344e+01	3.9e+00
7.1757e+03	2.2e+01	2.82935e+01	3.2e+00
7.1787e+03	2.2e+01	2.98629e+01	2.6e+00
7.1818e+03	2.3e+01	2.87436e+01	1.5e+00
7.1848e+03	2.3e+01	2.56553e+01	3.6e+00
7.1879e+03	2.3e+01	2.20451e+01	2.0e+00
7.1909e+03	2.3e+01	1.59794e+01	2.3e+00
7.1939e+03	2.3e+01	2.32021e+01	1.5e+00
7.1970e+03	2.3e+01	2.51768e+01	2.1e+00
7.2000e+03	2.3e+01	2.00162e+01	1.2e+00
7.2030e+03	2.4e+01	3.01595e+01	2.6e+00
7.2061e+03	2.4e+01	4.02666e+01	2.4e+00
7.2091e+03	2.4e+01	3.75971e+01	2.8e+00
7.2121e+03	2.4e+01	3.51955e+01	2.9e+00
7.2152e+03	2.4e+01	4.06539e+01	2.2e+00
7.2182e+03	2.4e+01	3.41431e+01	3.3e+00
7.2212e+03	2.5e+01	2.92203e+01	2.6e+00
7.2242e+03	2.5e+01	3.62964e+01	3.0e+00
7.2272e+03	2.5e+01	5.67005e+01	3.7e+00
7.2303e+03	2.5e+01	7.88872e+01	5.1e+00
7.2333e+03	2.5e+01	1.18984e+02	6.0e+00
7.2363e+03	2.6e+01	1.64067e+02	5.1e+00
7.2393e+03	2.6e+01	1.88928e+02	4.5e+00
7.2423e+03	2.6e+01	1.70695e+02	6.7e+00
7.2453e+03	2.6e+01	1.17798e+02	6.7e+00
7.2484e+03	2.6e+01	4.44356e+01	5.7e+00
7.2514e+03	2.6e+01	2.52414e+01	2.3e+00
7.2544e+03	2.7e+01	2.26088e+01	1.9e+00
7.2574e+03	2.7e+01	2.33473e+01	1.7e+00
7.2604e+03	2.7e+01	2.49271e+01	2.3e+00
7.2634e+03	2.7e+01	2.25381e+01	2.0e+00
7.2664e+03	2.7e+01	2.27110e+01	1.3e+00
7.2694e+03	2.7e+01	2.90925e+01	2.3e+00
7.2724e+03	2.8e+01	2.70901e+01	2.0e+00
7.2754e+03	2.8e+01	3.43712e+01	3.4e+00
7.2784e+03	2.8e+01	2.88632e+01	3.2e+00
7.2814e+03	2.8e+01	2.75223e+01	3.2e+00
7.2844e+03	2.8e+01	2.15593e+01	2.4e+00
7.2874e+03	2.9e+01	2.27976e+01	3.4e+00
7.2904e+03	2.9e+01	1.94648e+01	1.9e+00
7.2933e+03	2.9e+01	2.33956e+01	3.5e+00
7.2963e+03	2.9e+01	2.30724e+01	2.4e+00
7.2993e+03	2.9e+01	2.32529e+01	2.4e+00
7.3023e+03	2.9e+01	2.64982e+01	2.3e+00
7.3053e+03	3.0e+01	3.06881e+01	3.4e+00
7.3083e+03	3.0e+01	3.56068e+01	2.5e+00
7.3113e+03	3.0e+01	2.92594e+01	2.2e+00
7.3142e+03	3.0e+01	3.78895e+01	2.7e+00
7.3172e+03	3.0e+01	4.35886e+01	1.5e+00
7.3202e+03	3.1e+01	4.34772e+01	3.4e+00
7.3232e+03	3.1e+01	6.62539e+01	5.2e+00
7.3261e+03	3.1e+01	1.24092e+02	7.8e+00
7.3291e+03	3.1e+01	1.96118e+02	1.0e+01
7.3321e+03	3.1e+01	3.35381e+02	1.6e+01
7.3351e+03	3.1e+01	4.66455e+02	1.3e+01
7.3380e+03	3.2e+01	5.47306e+02	9.2e+00
7.3410e+03	3.2e+01	7.12214e+02	2.7e+01
7.3439e+03	3.2e+01	7.40059e+02	3.7e+00
7.3469e+03	3.2e+01	5.92158e+02	1.8e+01
7.3499e+03	3.2e+01	3.13794e+02	3.1e+01
7.3528e+03	3.3e+01	5.63885e+01	1.1e+01
7.3558e+03	3.3e+01	2.97317e+01	3.0e+00
7.3588e+03	3.3e+01	3.24321e+01	2.5e+00
7.3617e+03	3.3e+01	2.97363e+01	3.4e+00
7.3647e+03	3.3e+01	2.54079e+01	3.6e+00
7.3676e+03	3.4e+01	2.90926e+01	1.0e+00
7.3706e+03	3.4e+01	2.68485e+01	3.6e+00
7.3735e+03	3.4e+01	2.57686e+01	3.8e+00
7.3765e+03	3.4e+01	2.95178e+01	1.2e+00
7.3794e+03	3.4e+01	3.02509e+01	4.6e+00
7.3824e+03	3.5e+01	3.57918e+01	2.8e+00
7.3853e+03	3.5e+01	3.58539e+01	2.3e+00
7.3882e+03	3.5e+01	3.92305e+01	2.9e+00
7.3912e+03	3.5e+01	4.01800e+01	1.5e+00
7.3941e+03	3.5e+01	3.91289e+01	2.9e+00
7.3971e+03	3.6e+01	2.83994e+01	2.3e+00
7.4000e+03	3.6e+01	3.07796e+01	3.4e+00
7.4029e+03	3.6e+01	3.04427e+01	3.0e+00
7.4059e+03	3.6e+01	3.38342e+01	1.6e+00
7.4088e+03	3.6e+01	3.16065e+01	2.4e+00
7.4117e+03	3.7e+01	3.41814e+01	4.2e+00
7.4147e+03	3.7e+01	3.96522e+01	3.7e+00
7.4176e+03	3.7e+01	4.36914e+01	3.1e+00
7.4205e+03	3.7e+01	4.63701e+01	3.6e+00
7.4234e+03	3.7e+01	4.27572e+01	3.5e+00
7.4264e+03	3.8e+01	5.20176e+01	3.9e+00
7.4293e+03	3.8e+01	6.89648e+01	2.4e+00
7.4322e+03	3.8e+01	1.66381e+02	1.4e+01
7.4351e+03	3.8e+01	5.09271e+02	4.3e+01
7.4380e+03	3.9e+01	1.11064e+03	6.6e+01
7.4409e+03	3.9e+01	1.91327e+03	7.8e+01
7.4439e+03	3.9e+01	2.83289e+03	9.1e+01
7.4468e+03	3.9e+01	3.65078e+03	6.6e+01
7.4497e+03	3.9e+01	4.61478e+03	1.2e+02
7.4526e+03	4.0e+01	5.71479e+03	1.0e+02
7.4555e+03	4.0e+01	5.44803e+03	5.3e+01
7.4584e+03	4.0e+01	4.35482e+03	1.5e+02
7.4613e+03	4.0e+01	2.30803e+03	1.3e+02
7.4642e+03	4.0e+01	1.40364e+03	2.0e+01
7.4671e+03	4.1e+01	1.12119e+03	4.3e+01
7.4700e+03	4.1e+01	5.68544e+02	6.6e+01
7.4729e+03	4.1e+01	1.01321e+02	1.3e+01
7.4758e+03	4.1e+01	5.15316e+01	5.5e+00
7.4787e+03	4.2e+01	5.00845e+01	5.0e+00
7.4816e+03	4.2e+01	5.16694e+01	3.6e+00
7.4845e+03	4.2e+01	4.19900e+01	2.6e+00
7.4874e+03	4.2e+01	3.79282e+01	1.8e+00
7.4903e+03	4.2e+01	3.49015e+01	2.4e+00
7.4932e+03	4.3e+01	3.97186e+01	3.9e+00
7.4960e+03	4.3e+01	3.70450e+01	2.9e+00
7.4989e+03	4.3e+01	3.73837e+01	2.9e+00
7.5018e+03	4.3e+01	4.11236e+01	3.5e+00
7.5047e+03	4.4e+01	3.05483e+01	2.5e+00
7.5076e+03	4.4e+01	3.16374e+01	3.1e+00
7.5105e+03	4.4e+01	3.28134e+01	2.5e+00
7.5133e+03	4.4e+01	3.56623e+01	3.6e+00
7.5162e+03	4.4e+01	3.22593e+01	2.4e+00
7.5191e+03	4.5e+01	3.30625e+01	3.9e+00
7.5220e+03	4.5e+01	3.47621e+01	2.3e+00
7.5248e+03	4.5e+01	2.94459e+01	2.5e+00
7.5277e+03	4.5e+01	3.61871e+01	3.9e+00
7.5306e+03	4.6e+01	3.09942e+01	1.8e+00
7.5334e+03	4.6e+01	2.94450e+01	2.3e+00
7.5363e+03	4.6e+01	3.46748e+01	4.7e+00
7.5392e+03	4.6e+01	4.42577e+01	4.4e+00
7.5420e+03	4.7e+01	3.44091e+01	2.7e+00
7.5449e+03	4.7e+01	3.67438e+01	4.4e+00
7.5477e+03	4.7e+01	4.54557e+01	2.8e+00
7.5506e+03	4.7e+01	9.80257e+01	8.6e+00
7.5534e+03	4.7e+01	2.59998e+02	2.0e+01
7.5563e+03	4.8e+01	5.49587e+02	3.1e+01
7.5592e+03	4.8e+01	9.39993e+02	3.8e+01
7.5620e+03	4.8e+01	1.36224e+03	3.1e+01
7.5648e+03	4.8e+01	1.66536e+03	2.9e+01
7.5677e+03	4.9e+01	1.83330e+03	3.9e+01
7.5705e+03	4.9e+01	2.37010e+03	4.7e+01
7.5734e+03	4.9e+01	2.34183e+03	3.3e+01
7.5762e+03	4.9e+01	1.95324e+03	5.1e+01
7.5791e+03	5.0e+01	1.05279e+03	9.9e+01
7.5819e+03	5.0e+01	1.63993e+02	3.7e+01
7.5847e+03	5.0e+01	3.92586e+01	4.0e+00
7.5876e+03	5.0e+01	4.21812e+01	4.9e+00
7.5904e+03	5.1e+01	3.66936e+01	3.2e+00
7.5932e+03	5.1e+01	3.82264e+01	4.0e+00
