# lambda [A]	Dlambda [A]	specval [counts]	Dspecval [counts]
3.5867e+03	2.4e+00	9.0716e+03	2.0e+02
3.5904e+03	2.4e+00	8.1092e+03	1.3e+02
3.5942e+03	2.4e+00	8.7013e+03	5.6e+02
3.5979e+03	2.4e+00	9.0349e+03	2.4e+02
3.6016e+03	2.4e+00	9.6505e+03	2.8e+02
3.6053e+03	2.4e+00	9.8951e+03	2.0e+02
3.6091e+03	2.4e+00	1.0038e+04	1.3e+02
3.6128e+03	2.4e+00	1.0398e+04	2.3e+02
3.6165e+03	2.4e+00	1.0438e+04	2.4e+02
3.6202e+03	2.4e+00	1.2187e+04	1.3e+02
3.6239e+03	2.4e+00	1.2617e+04	3.8e+02
3.6277e+03	2.4e+00	1.3224e+04	1.6e+02
3.6314e+03	2.4e+00	1.3557e+04	2.1e+02
3.6351e+03	2.4e+00	1.3545e+04	3.5e+02
3.6388e+03	2.4e+00	1.3856e+04	3.8e+02
3.6425e+03	2.4e+00	1.4449e+04	2.9e+02
3.6462e+03	2.4e+00	1.6256e+04	3.8e+02
3.6500e+03	2.4e+00	1.7715e+04	8.2e+02
3.6537e+03	2.4e+00	1.8606e+04	5.4e+02
3.6574e+03	2.4e+00	1.8502e+04	6.8e+02
3.6611e+03	2.4e+00	1.8663e+04	5.0e+02
3.6648e+03	2.4e+00	1.9208e+04	5.3e+02
3.6685e+03	2.4e+00	2.0774e+04	9.3e+02
3.6723e+03	2.4e+00	2.2650e+04	4.6e+02
3.6760e+03	2.4e+00	2.2316e+04	4.0e+02
3.6797e+03	2.4e+00	2.4026e+04	1.1e+03
3.6834e+03	2.4e+00	2.6704e+04	8.5e+02
3.6871e+03	2.4e+00	3.1048e+04	5.1e+02
3.6908e+03	2.4e+00	3.1888e+04	1.5e+03
3.6945e+03	2.4e+00	3.1488e+04	1.6e+03
3.6982e+03	2.4e+00	3.3833e+04	1.2e+03
3.7019e+03	2.4e+00	3.9987e+04	1.1e+03
3.7057e+03	2.4e+00	4.4460e+04	1.0e+03
3.7094e+03	2.4e+00	4.4788e+04	1.8e+03
3.7131e+03	2.4e+00	4.3379e+04	1.3e+03
3.7168e+03	2.4e+00	4.8835e+04	6.6e+02
3.7205e+03	2.4e+00	5.6602e+04	9.7e+02
3.7242e+03	2.4e+00	6.7393e+04	2.4e+03
3.7279e+03	2.4e+00	7.2626e+04	1.6e+03
3.7316e+03	2.4e+00	6.8096e+04	3.1e+03
3.7353e+03	2.4e+00	6.4387e+04	2.2e+03
3.7390e+03	2.4e+00	7.1096e+04	2.5e+03
3.7427e+03	2.4e+00	8.8816e+04	2.7e+03
3.7464e+03	2.4e+00	1.1185e+05	3.8e+03
3.7501e+03	2.4e+00	1.2964e+05	6.1e+03
3.7539e+03	2.4e+00	1.3167e+05	5.3e+03
3.7576e+03	2.4e+00	1.2327e+05	4.8e+03
3.7613e+03	2.4e+00	1.0674e+05	3.9e+03
3.7650e+03	2.4e+00	9.6850e+04	3.7e+03
3.7687e+03	2.4e+00	1.0711e+05	3.6e+03
3.7724e+03	2.4e+00	1.3908e+05	4.3e+03
3.7761e+03	2.4e+00	1.8464e+05	7.5e+03
3.7798e+03	2.4e+00	2.1563e+05	7.7e+03
3.7835e+03	2.4e+00	2.4081e+05	8.3e+03
3.7872e+03	2.4e+00	2.5154e+05	8.9e+03
3.7909e+03	2.4e+00	2.4855e+05	1.0e+04
3.7946e+03	2.4e+00	2.3381e+05	9.7e+03
3.7983e+03	2.4e+00	1.9884e+05	8.5e+03
3.8020e+03	2.4e+00	1.5991e+05	7.1e+03
3.8057e+03	2.4e+00	1.4652e+05	5.8e+03
3.8094e+03	2.4e+00	1.7138e+05	5.6e+03
3.8131e+03	2.4e+00	2.3127e+05	7.3e+03
3.8168e+03	2.4e+00	2.9736e+05	1.1e+04
3.8205e+03	2.4e+00	3.5169e+05	1.3e+04
3.8242e+03	2.4e+00	3.9239e+05	1.3e+04
3.8279e+03	2.4e+00	4.2680e+05	1.4e+04
3.8315e+03	2.4e+00	4.5021e+05	1.6e+04
3.8352e+03	2.4e+00	4.7616e+05	1.8e+04
3.8389e+03	2.4e+00	4.8341e+05	1.9e+04
3.8426e+03	2.4e+00	4.9000e+05	2.0e+04
3.8463e+03	2.4e+00	4.6608e+05	1.7e+04
3.8500e+03	2.4e+00	4.3124e+05	1.7e+04
3.8537e+03	2.4e+00	3.7214e+05	1.4e+04
3.8574e+03	2.4e+00	3.0803e+05	1.3e+04
3.8611e+03	2.4e+00	2.5284e+05	1.0e+04
3.8648e+03	2.4e+00	2.6010e+05	1.2e+04
3.8685e+03	2.4e+00	3.2797e+05	1.2e+04
3.8722e+03	2.4e+00	4.2226e+05	1.8e+04
3.8759e+03	2.4e+00	5.1196e+05	2.2e+04
3.8795e+03	2.4e+00	5.8649e+05	2.4e+04
3.8832e+03	2.4e+00	6.3344e+05	2.4e+04
3.8869e+03	2.4e+00	6.7558e+05	2.7e+04
3.8906e+03	2.4e+00	7.0960e+05	3.2e+04
3.8943e+03	2.4e+00	7.2703e+05	3.2e+04
3.8980e+03	2.4e+00	7.4103e+05	3.4e+04
3.9017e+03	2.4e+00	7.4757e+05	2.6e+04
3.9054e+03	2.4e+00	7.3044e+05	2.6e+04
3.9090e+03	2.4e+00	7.2715e+05	3.1e+04
3.9127e+03	2.4e+00	7.2644e+05	3.1e+04
3.9164e+03	2.4e+00	7.4908e+05	2.9e+04
3.9201e+03	2.4e+00	7.4703e+05	3.1e+04
3.9238e+03	2.4e+00	7.4541e+05	3.2e+04
3.9275e+03	2.4e+00	7.2828e+05	3.2e+04
3.9312e+03	2.4e+00	6.8970e+05	3.1e+04
3.9348e+03	2.4e+00	6.2555e+05	2.7e+04
3.9385e+03	2.4e+00	5.3276e+05	2.1e+04
3.9422e+03	2.4e+00	4.1553e+05	1.9e+04
3.9459e+03	2.4e+00	3.3043e+05	1.5e+04
3.9496e+03	2.4e+00	3.1863e+05	1.2e+04
3.9532e+03	2.4e+00	3.8966e+05	1.5e+04
3.9569e+03	2.4e+00	5.0752e+05	2.0e+04
3.9606e+03	2.4e+00	5.9923e+05	2.3e+04
3.9643e+03	2.4e+00	6.8225e+05	3.0e+04
3.9680e+03	2.4e+00	7.4476e+05	3.1e+04
3.9716e+03	2.4e+00	7.7411e+05	3.0e+04
3.9753e+03	2.4e+00	8.0042e+05	3.1e+04
3.9790e+03	2.4e+00	8.1164e+05	3.3e+04
3.9827e+03	2.4e+00	8.2349e+05	3.7e+04
3.9864e+03	2.4e+00	8.3949e+05	3.7e+04
3.9900e+03	2.4e+00	8.3994e+05	3.6e+04
3.9937e+03	2.4e+00	8.3745e+05	3.3e+04
3.9974e+03	2.4e+00	8.3968e+05	3.2e+04
4.0011e+03	2.4e+00	8.3735e+05	3.3e+04
4.0047e+03	2.4e+00	8.2824e+05	3.4e+04
4.0084e+03	2.4e+00	8.3090e+05	3.6e+04
4.0121e+03	2.4e+00	8.1529e+05	3.4e+04
4.0158e+03	2.4e+00	8.1655e+05	3.2e+04
4.0194e+03	2.4e+00	8.1493e+05	3.1e+04
4.0231e+03	2.4e+00	8.0122e+05	3.4e+04
4.0268e+03	2.4e+00	8.0323e+05	3.3e+04
4.0304e+03	2.4e+00	7.9691e+05	3.1e+04
4.0341e+03	2.4e+00	7.8673e+05	3.4e+04
4.0378e+03	2.4e+00	7.7967e+05	2.8e+04
4.0415e+03	2.4e+00	7.7183e+05	2.9e+04
4.0451e+03	2.4e+00	7.6281e+05	3.3e+04
4.0488e+03	2.4e+00	7.3847e+05	3.1e+04
4.0525e+03	2.4e+00	7.3684e+05	3.0e+04
4.0561e+03	2.4e+00	7.1793e+05	2.9e+04
4.0598e+03	2.4e+00	6.9563e+05	2.6e+04
4.0635e+03	2.4e+00	6.7397e+05	2.8e+04
4.0671e+03	2.4e+00	6.3136e+05	2.6e+04
4.0708e+03	2.4e+00	5.7717e+05	2.4e+04
4.0745e+03	2.4e+00	5.0768e+05	2.1e+04
4.0781e+03	2.4e+00	4.1919e+05	1.7e+04
4.0818e+03	2.4e+00	3.2621e+05	1.4e+04
4.0855e+03	2.4e+00	2.7785e+05	1.1e+04
4.0891e+03	2.4e+00	2.9267e+05	1.1e+04
4.0928e+03	2.4e+00	3.6959e+05	1.5e+04
4.0965e+03	2.4e+00	4.6075e+05	2.0e+04
4.1001e+03	2.4e+00	5.2772e+05	2.4e+04
4.1038e+03	2.4e+00	5.7378e+05	2.3e+04
4.1075e+03	2.4e+00	6.0304e+05	2.5e+04
4.1111e+03	2.4e+00	6.2180e+05	2.5e+04
4.1148e+03	2.4e+00	6.3354e+05	2.4e+04
4.1184e+03	2.4e+00	6.4038e+05	2.4e+04
4.1221e+03	2.4e+00	6.4953e+05	2.5e+04
4.1258e+03	2.4e+00	6.5821e+05	2.8e+04
4.1294e+03	2.4e+00	6.6235e+05	2.7e+04
4.1331e+03	2.4e+00	6.6607e+05	2.7e+04
4.1367e+03	2.4e+00	6.6418e+05	2.5e+04
4.1404e+03	2.4e+00	6.6103e+05	2.5e+04
4.1441e+03	2.4e+00	6.6150e+05	2.5e+04
4.1477e+03	2.4e+00	6.5884e+05	2.4e+04
4.1514e+03	2.4e+00	6.6450e+05	2.7e+04
4.1550e+03	2.4e+00	6.5777e+05	2.6e+04
4.1587e+03	2.4e+00	6.4880e+05	2.6e+04
4.1623e+03	2.4e+00	6.4259e+05	2.4e+04
4.1660e+03	2.4e+00	6.4095e+05	2.5e+04
4.1697e+03	2.4e+00	6.5021e+05	2.6e+04
4.1733e+03	2.4e+00	6.5208e+05	2.5e+04
4.1770e+03	2.4e+00	6.4806e+05	2.5e+04
4.1806e+03	2.4e+00	6.4450e+05	2.3e+04
4.1843e+03	2.4e+00	6.4298e+05	2.2e+04
4.1879e+03	2.4e+00	6.4433e+05	2.3e+04
4.1916e+03	2.4e+00	6.4057e+05	2.5e+04
4.1952e+03	2.4e+00	6.3856e+05	2.4e+04
4.1989e+03	2.4e+00	6.4350e+05	2.4e+04
4.2025e+03	2.4e+00	6.3904e+05	2.5e+04
4.2062e+03	2.4e+00	6.3714e+05	2.4e+04
4.2098e+03	2.4e+00	6.3603e+05	2.2e+04
4.2135e+03	2.4e+00	6.2795e+05	2.1e+04
4.2171e+03	2.4e+00	6.2452e+05	2.3e+04
4.2208e+03	2.4e+00	6.2160e+05	2.6e+04
4.2244e+03	2.4e+00	6.2145e+05	2.4e+04
4.2281e+03	2.4e+00	6.1777e+05	2.5e+04
4.2317e+03	2.4e+00	6.1534e+05	2.4e+04
4.2354e+03	2.4e+00	6.1084e+05	2.4e+04
4.2390e+03	2.4e+00	6.1160e+05	2.5e+04
4.2427e+03	2.4e+00	6.0874e+05	2.5e+04
4.2463e+03	2.4e+00	6.1062e+05	2.3e+04
4.2500e+03	2.4e+00	6.0750e+05	2.5e+04
4.2536e+03	2.4e+00	6.1087e+05	2.4e+04
4.2572e+03	2.4e+00	6.0214e+05	2.2e+04
4.2609e+03	2.4e+00	5.9561e+05	2.2e+04
4.2645e+03	2.4e+00	5.9430e+05	2.4e+04
4.2682e+03	2.4e+00	6.0080e+05	2.3e+04
4.2718e+03	2.4e+00	5.9232e+05	2.4e+04
4.2755e+03	2.4e+00	5.8533e+05	2.2e+04
4.2791e+03	2.4e+00	5.8494e+05	2.1e+04
4.2827e+03	2.4e+00	5.7792e+05	2.1e+04
4.2864e+03	2.4e+00	5.6793e+05	2.0e+04
4.2900e+03	2.4e+00	5.6067e+05	2.1e+04
4.2937e+03	2.4e+00	5.5283e+05	2.1e+04
4.2973e+03	2.4e+00	5.4926e+05	2.1e+04
4.3010e+03	2.4e+00	5.4645e+05	2.1e+04
4.3046e+03	2.4e+00	5.2862e+05	1.9e+04
4.3082e+03	2.4e+00	5.1462e+05	1.9e+04
4.3119e+03	2.4e+00	4.9717e+05	1.9e+04
4.3155e+03	2.4e+00	4.6713e+05	1.7e+04
4.3191e+03	2.4e+00	4.2905e+05	1.5e+04
4.3228e+03	2.4e+00	3.7699e+05	1.4e+04
4.3264e+03	2.4e+00	3.1188e+05	1.2e+04
4.3301e+03	2.4e+00	2.5052e+05	9.3e+03
4.3337e+03	2.4e+00	2.2582e+05	7.7e+03
4.3373e+03	2.4e+00	2.5506e+05	9.2e+03
4.3410e+03	2.4e+00	3.1729e+05	1.1e+04
4.3446e+03	2.4e+00	3.7667e+05	1.4e+04
4.3482e+03	2.4e+00	4.2159e+05	1.4e+04
4.3519e+03	2.4e+00	4.5452e+05	1.5e+04
4.3555e+03	2.4e+00	4.7767e+05	1.6e+04
4.3591e+03	2.4e+00	4.9801e+05	1.7e+04
4.3628e+03	2.4e+00	5.0444e+05	1.8e+04
4.3664e+03	2.4e+00	5.0757e+05	1.8e+04
4.3700e+03	2.4e+00	5.1656e+05	1.9e+04
4.3737e+03	2.4e+00	5.1659e+05	1.9e+04
4.3773e+03	2.4e+00	5.1628e+05	1.9e+04
4.3809e+03	2.4e+00	5.1321e+05	1.8e+04
4.3845e+03	2.4e+00	5.1289e+05	1.7e+04
4.3882e+03	2.4e+00	5.1469e+05	1.9e+04
4.3918e+03	2.4e+00	5.1301e+05	1.8e+04
4.3954e+03	2.4e+00	5.1458e+05	1.8e+04
4.3991e+03	2.4e+00	5.0959e+05	1.8e+04
4.4027e+03	2.4e+00	5.1238e+05	1.9e+04
4.4063e+03	2.4e+00	5.0623e+05	1.8e+04
4.4099e+03	2.4e+00	5.0217e+05	1.7e+04
4.4136e+03	2.4e+00	4.9765e+05	1.8e+04
4.4172e+03	2.4e+00	4.9728e+05	1.8e+04
4.4208e+03	2.4e+00	4.9454e+05	1.9e+04
4.4244e+03	2.4e+00	4.9311e+05	1.8e+04
4.4281e+03	2.4e+00	4.9536e+05	1.8e+04
4.4317e+03	2.4e+00	4.8940e+05	1.8e+04
4.4353e+03	2.4e+00	4.8788e+05	1.7e+04
4.4389e+03	2.4e+00	4.8269e+05	1.6e+04
4.4426e+03	2.4e+00	4.8274e+05	1.7e+04
4.4462e+03	2.4e+00	4.7706e+05	1.8e+04
4.4498e+03	2.4e+00	4.7643e+05	1.6e+04
4.4534e+03	2.4e+00	4.7394e+05	1.6e+04
4.4570e+03	2.4e+00	4.7191e+05	1.7e+04
4.4607e+03	2.4e+00	4.6697e+05	1.7e+04
4.4643e+03	2.4e+00	4.5991e+05	1.6e+04
4.4679e+03	2.4e+00	4.6058e+05	1.6e+04
4.4715e+03	2.4e+00	4.5478e+05	1.5e+04
4.4751e+03	2.4e+00	4.4961e+05	1.6e+04
4.4788e+03	2.4e+00	4.4731e+05	1.5e+04
4.4824e+03	2.4e+00	4.4529e+05	1.5e+04
4.4860e+03	2.4e+00	4.5063e+05	1.5e+04
4.4896e+03	2.4e+00	4.4766e+05	1.5e+04
4.4932e+03	2.4e+00	4.4757e+05	1.4e+04
4.4968e+03	2.4e+00	4.4743e+05	1.5e+04
4.5005e+03	2.4e+00	4.4341e+05	1.4e+04
4.5041e+03	2.4e+00	4.3927e+05	1.4e+04
4.5077e+03	2.4e+00	4.3638e+05	1.4e+04
4.5113e+03	2.4e+00	4.3105e+05	1.3e+04
4.5149e+03	2.4e+00	4.2981e+05	1.3e+04
4.5185e+03	2.4e+00	4.3135e+05	1.3e+04
4.5221e+03	2.4e+00	4.2837e+05	1.4e+04
4.5258e+03	2.4e+00	4.2524e+05	1.3e+04
4.5294e+03	2.4e+00	4.2366e+05	1.2e+04
4.5330e+03	2.4e+00	4.2296e+05	1.3e+04
4.5366e+03	2.4e+00	4.2117e+05	1.2e+04
4.5402e+03	2.4e+00	4.1649e+05	1.2e+04
4.5438e+03	2.4e+00	4.1283e+05	1.3e+04
4.5474e+03	2.4e+00	4.1027e+05	1.2e+04
4.5510e+03	2.4e+00	4.0591e+05	1.4e+04
4.5546e+03	2.4e+00	4.0613e+05	1.3e+04
4.5582e+03	2.4e+00	4.0625e+05	1.4e+04
4.5619e+03	2.4e+00	4.0296e+05	1.3e+04
4.5655e+03	2.4e+00	3.9812e+05	1.1e+04
4.5691e+03	2.4e+00	3.9628e+05	1.2e+04
4.5727e+03	2.4e+00	3.9307e+05	1.1e+04
4.5763e+03	2.4e+00	3.9227e+05	1.2e+04
4.5799e+03	2.4e+00	3.9086e+05	1.1e+04
4.5835e+03	2.4e+00	3.8545e+05	1.2e+04
4.5871e+03	2.4e+00	3.7989e+05	1.2e+04
4.5907e+03	2.4e+00	3.8101e+05	1.2e+04
4.5943e+03	2.4e+00	3.8152e+05	1.3e+04
4.5979e+03	2.4e+00	3.8003e+05	1.2e+04
4.6015e+03	2.4e+00	3.7669e+05	1.2e+04
4.6051e+03	2.4e+00	3.7569e+05	1.2e+04
4.6087e+03	2.4e+00	3.7303e+05	1.2e+04
4.6123e+03	2.4e+00	3.6880e+05	1.2e+04
4.6159e+03	2.4e+00	3.6936e+05	1.2e+04
4.6195e+03	2.4e+00	3.6391e+05	1.2e+04
4.6231e+03	2.4e+00	3.6241e+05	1.2e+04
4.6267e+03	2.4e+00	3.6266e+05	1.2e+04
4.6303e+03	2.4e+00	3.6071e+05	1.2e+04
4.6339e+03	2.4e+00	3.5884e+05	1.2e+04
4.6375e+03	2.4e+00	3.5813e+05	1.1e+04
4.6411e+03	2.4e+00	3.5606e+05	1.1e+04
4.6447e+03	2.4e+00	3.5370e+05	1.1e+04
4.6483e+03	2.4e+00	3.4982e+05	1.1e+04
4.6519e+03	2.4e+00	3.4752e+05	1.1e+04
4.6555e+03	2.4e+00	3.4768e+05	1.1e+04
4.6591e+03	2.4e+00	3.4618e+05	1.1e+04
4.6627e+03	2.4e+00	3.4439e+05	1.0e+04
4.6663e+03	2.4e+00	3.4329e+05	1.1e+04
4.6699e+03	2.4e+00	3.4035e+05	1.0e+04
4.6735e+03	2.4e+00	3.3691e+05	9.4e+03
4.6771e+03	2.4e+00	3.3526e+05	9.9e+03
4.6807e+03	2.4e+00	3.3423e+05	1.0e+04
4.6843e+03	2.4e+00	3.3523e+05	9.5e+03
4.6879e+03	2.4e+00	3.3066e+05	9.4e+03
4.6915e+03	2.4e+00	3.2842e+05	8.4e+03
4.6950e+03	2.4e+00	3.2870e+05	9.0e+03
4.6986e+03	2.4e+00	3.2540e+05	1.0e+04
4.7022e+03	2.4e+00	3.2247e+05	9.0e+03
4.7058e+03	2.4e+00	3.1914e+05	7.9e+03
4.7094e+03	2.4e+00	3.1631e+05	8.6e+03
4.7130e+03	2.4e+00	3.1314e+05	8.8e+03
4.7166e+03	2.4e+00	3.1393e+05	9.1e+03
4.7202e+03	2.4e+00	3.1397e+05	8.8e+03
4.7238e+03	2.4e+00	3.1312e+05	8.9e+03
4.7274e+03	2.4e+00	3.0944e+05	8.3e+03
4.7309e+03	2.4e+00	3.0729e+05	9.0e+03
4.7345e+03	2.4e+00	3.0441e+05	9.2e+03
4.7381e+03	2.4e+00	3.0330e+05	8.3e+03
4.7417e+03	2.4e+00	3.0345e+05	8.6e+03
4.7453e+03	2.4e+00	3.0072e+05	9.7e+03
4.7489e+03	2.4e+00	2.9743e+05	9.8e+03
4.7525e+03	2.4e+00	2.9501e+05	9.4e+03
4.7560e+03	2.4e+00	2.9431e+05	8.6e+03
4.7596e+03	2.4e+00	2.9002e+05	8.3e+03
4.7632e+03	2.4e+00	2.8810e+05	8.6e+03
4.7668e+03	2.4e+00	2.8327e+05	8.4e+03
4.7704e+03	2.4e+00	2.8333e+05	8.4e+03
4.7740e+03	2.4e+00	2.8258e+05	8.4e+03
4.7775e+03	2.4e+00	2.8206e+05	8.1e+03
4.7811e+03	2.4e+00	2.7995e+05	8.2e+03
4.7847e+03	2.4e+00	2.7805e+05	8.5e+03
4.7883e+03	2.4e+00	2.7511e+05	8.1e+03
4.7919e+03	2.4e+00	2.7233e+05	7.3e+03
4.7954e+03	2.4e+00	2.7313e+05	7.5e+03
4.7990e+03	2.4e+00	2.6863e+05	7.6e+03
4.8026e+03	2.4e+00	2.6718e+05	7.7e+03
4.8062e+03	2.4e+00	2.6479e+05	7.4e+03
4.8098e+03	2.4e+00	2.6255e+05	7.1e+03
4.8133e+03	2.4e+00	2.6095e+05	7.4e+03
4.8169e+03	2.4e+00	2.5981e+05	6.9e+03
4.8205e+03	2.4e+00	2.5889e+05	7.2e+03
4.8241e+03	2.4e+00	2.5433e+05	7.1e+03
4.8276e+03	2.4e+00	2.5070e+05	7.0e+03
4.8312e+03	2.4e+00	2.4710e+05	6.7e+03
4.8348e+03	2.4e+00	2.4047e+05	6.2e+03
4.8384e+03	2.4e+00	2.3336e+05	6.1e+03
4.8419e+03	2.4e+00	2.2487e+05	5.3e+03
4.8455e+03	2.4e+00	2.1267e+05	4.8e+03
4.8491e+03	2.4e+00	1.9776e+05	4.8e+03
4.8527e+03	2.4e+00	1.7721e+05	4.7e+03
4.8562e+03	2.4e+00	1.5227e+05	4.1e+03
4.8598e+03	2.4e+00	1.2682e+05	3.7e+03
4.8634e+03	2.4e+00	1.1496e+05	3.0e+03
4.8669e+03	2.4e+00	1.2328e+05	3.2e+03
4.8705e+03	2.4e+00	1.4589e+05	3.4e+03
4.8741e+03	2.4e+00	1.6956e+05	3.7e+03
4.8777e+03	2.4e+00	1.8838e+05	4.4e+03
4.8812e+03	2.4e+00	2.0235e+05	4.5e+03
4.8848e+03	2.4e+00	2.1109e+05	4.7e+03
4.8884e+03	2.4e+00	2.1939e+05	5.0e+03
4.8919e+03	2.4e+00	2.2300e+05	5.3e+03
4.8955e+03	2.4e+00	2.2407e+05	5.9e+03
4.8991e+03	2.4e+00	2.2728e+05	5.7e+03
4.9026e+03	2.4e+00	2.2838e+05	6.3e+03
4.9062e+03	2.4e+00	2.2768e+05	6.3e+03
4.9098e+03	2.4e+00	2.2621e+05	5.7e+03
4.9133e+03	2.4e+00	2.2666e+05	5.2e+03
4.9169e+03	2.4e+00	2.2768e+05	5.5e+03
4.9205e+03	2.4e+00	2.2426e+05	5.8e+03
4.9240e+03	2.4e+00	2.2168e+05	5.9e+03
4.9276e+03	2.4e+00	2.2042e+05	5.6e+03
4.9312e+03	2.4e+00	2.2141e+05	5.6e+03
4.9347e+03	2.4e+00	2.2215e+05	5.8e+03
4.9383e+03	2.4e+00	2.2222e+05	5.4e+03
4.9418e+03	2.4e+00	2.1991e+05	5.5e+03
4.9454e+03	2.4e+00	2.1912e+05	5.8e+03
4.9490e+03	2.4e+00	2.1849e+05	5.7e+03
4.9525e+03	2.4e+00	2.1861e+05	5.8e+03
4.9561e+03	2.4e+00	2.1845e+05	5.4e+03
4.9596e+03	2.4e+00	2.1750e+05	5.8e+03
4.9632e+03	2.4e+00	2.1650e+05	6.0e+03
4.9668e+03	2.4e+00	2.1465e+05	5.7e+03
4.9703e+03	2.4e+00	2.1417e+05	5.7e+03
4.9739e+03	2.4e+00	2.1512e+05	5.5e+03
4.9774e+03	2.4e+00	2.1391e+05	5.0e+03
4.9810e+03	2.4e+00	2.1287e+05	5.0e+03
4.9845e+03	2.4e+00	2.1182e+05	5.2e+03
4.9881e+03	2.4e+00	2.1042e+05	5.5e+03
4.9917e+03	2.4e+00	2.0938e+05	5.4e+03
4.9952e+03	2.4e+00	2.0872e+05	5.0e+03
4.9988e+03	2.4e+00	2.0815e+05	5.3e+03
5.0023e+03	2.4e+00	2.0672e+05	5.3e+03
5.0059e+03	2.4e+00	2.0485e+05	5.4e+03
5.0094e+03	2.4e+00	2.0358e+05	5.1e+03
5.0130e+03	2.4e+00	2.0210e+05	4.8e+03
5.0165e+03	2.4e+00	1.9966e+05	4.8e+03
5.0201e+03	2.4e+00	1.9862e+05	4.6e+03
5.0236e+03	2.4e+00	1.9586e+05	4.7e+03
5.0272e+03	2.4e+00	1.9650e+05	5.1e+03
5.0307e+03	2.4e+00	1.9727e+05	4.6e+03
5.0343e+03	2.4e+00	1.9600e+05	4.8e+03
5.0378e+03	2.4e+00	1.9481e+05	4.6e+03
5.0414e+03	2.4e+00	1.9321e+05	4.7e+03
5.0449e+03	2.4e+00	1.9186e+05	4.8e+03
5.0485e+03	2.4e+00	1.9129e+05	4.5e+03
5.0520e+03	2.4e+00	1.9058e+05	4.3e+03
5.0556e+03	2.4e+00	1.8871e+05	4.4e+03
5.0591e+03	2.4e+00	1.8716e+05	4.8e+03
5.0627e+03	2.4e+00	1.8727e+05	5.0e+03
5.0662e+03	2.4e+00	1.8799e+05	4.8e+03
5.0698e+03	2.4e+00	1.8722e+05	4.7e+03
5.0733e+03	2.4e+00	1.8496e+05	4.3e+03
5.0769e+03	2.4e+00	1.8295e+05	4.6e+03
5.0804e+03	2.4e+00	1.8348e+05	4.6e+03
5.0840e+03	2.4e+00	1.8355e+05	4.6e+03
5.0875e+03	2.4e+00	1.8164e+05	4.3e+03
5.0910e+03	2.4e+00	1.8102e+05	4.6e+03
5.0946e+03	2.4e+00	1.7966e+05	4.6e+03
5.0981e+03	2.4e+00	1.7898e+05	4.3e+03
5.1017e+03	2.4e+00	1.7853e+05	4.4e+03
5.1052e+03	2.4e+00	1.7780e+05	4.5e+03
5.1088e+03	2.4e+00	1.7744e+05	4.6e+03
5.1123e+03	2.4e+00	1.7669e+05	4.0e+03
5.1158e+03	2.4e+00	1.7698e+05	4.1e+03
5.1194e+03	2.4e+00	1.7589e+05	4.3e+03
5.1229e+03	2.4e+00	1.7415e+05	4.2e+03
5.1265e+03	2.4e+00	1.7277e+05	4.2e+03
5.1300e+03	2.4e+00	1.7194e+05	4.4e+03
5.1335e+03	2.4e+00	1.7080e+05	4.2e+03
5.1371e+03	2.4e+00	1.6996e+05	4.2e+03
5.1406e+03	2.4e+00	1.6986e+05	4.0e+03
5.1441e+03	2.4e+00	1.6865e+05	4.0e+03
5.1477e+03	2.4e+00	1.6661e+05	4.3e+03
5.1512e+03	2.4e+00	1.6612e+05	4.1e+03
5.1548e+03	2.4e+00	1.6522e+05	3.8e+03
5.1583e+03	2.4e+00	1.6429e+05	3.7e+03
5.1618e+03	2.4e+00	1.6331e+05	3.7e+03
5.1654e+03	2.4e+00	1.6176e+05	3.7e+03
5.1689e+03	2.4e+00	1.6003e+05	4.0e+03
5.1724e+03	2.4e+00	1.5718e+05	3.7e+03
5.1760e+03	2.4e+00	1.5697e+05	3.7e+03
5.1795e+03	2.4e+00	1.5738e+05	4.1e+03
5.1830e+03	2.4e+00	1.5724e+05	3.6e+03
5.1866e+03	2.4e+00	1.5696e+05	3.3e+03
5.1901e+03	2.4e+00	1.5594e+05	3.1e+03
5.1936e+03	2.4e+00	1.5662e+05	3.4e+03
5.1971e+03	2.4e+00	1.5641e+05	3.3e+03
5.2007e+03	2.4e+00	1.5551e+05	3.7e+03
5.2042e+03	2.4e+00	1.5369e+05	3.5e+03
5.2077e+03	2.4e+00	1.5421e+05	3.8e+03
5.2113e+03	2.4e+00	1.5321e+05	3.6e+03
5.2148e+03	2.4e+00	1.5179e+05	3.6e+03
5.2183e+03	2.4e+00	1.5142e+05	3.7e+03
5.2219e+03	2.4e+00	1.5035e+05	4.0e+03
5.2254e+03	2.4e+00	1.4961e+05	3.7e+03
5.2289e+03	2.4e+00	1.4855e+05	3.4e+03
5.2324e+03	2.4e+00	1.4684e+05	3.7e+03
5.2360e+03	2.4e+00	1.4579e+05	3.3e+03
5.2395e+03	2.4e+00	1.4502e+05	3.4e+03
5.2430e+03	2.4e+00	1.4462e+05	3.6e+03
5.2465e+03	2.4e+00	1.4419e+05	3.6e+03
5.2501e+03	2.4e+00	1.4365e+05	3.6e+03
5.2536e+03	2.4e+00	1.4328e+05	3.3e+03
5.2571e+03	2.4e+00	1.4242e+05	3.1e+03
5.2606e+03	2.4e+00	1.4188e+05	3.4e+03
5.2641e+03	2.4e+00	1.4049e+05	3.3e+03
5.2677e+03	2.4e+00	1.3948e+05	3.7e+03
5.2712e+03	2.4e+00	1.3889e+05	3.4e+03
5.2747e+03	2.4e+00	1.3736e+05	3.1e+03
5.2782e+03	2.4e+00	1.3670e+05	3.0e+03
5.2817e+03	2.4e+00	1.3538e+05	3.2e+03
5.2853e+03	2.4e+00	1.3399e+05	3.1e+03
5.2888e+03	2.4e+00	1.3369e+05	3.2e+03
5.2923e+03	2.4e+00	1.3488e+05	3.5e+03
5.2958e+03	2.4e+00	1.3493e+05	3.2e+03
5.2993e+03	2.4e+00	1.3362e+05	3.2e+03
5.3029e+03	2.4e+00	1.3203e+05	3.1e+03
5.3064e+03	2.4e+00	1.3159e+05	3.2e+03
5.3099e+03	2.4e+00	1.3120e+05	3.1e+03
5.3134e+03	2.4e+00	1.3101e+05	2.9e+03
5.3169e+03	2.4e+00	1.3044e+05	3.1e+03
5.3204e+03	2.4e+00	1.2830e+05	3.0e+03
5.3240e+03	2.4e+00	1.2685e+05	2.9e+03
5.3275e+03	2.4e+00	1.2769e+05	3.2e+03
5.3310e+03	2.4e+00	1.2691e+05	3.2e+03
5.3345e+03	2.4e+00	1.2756e+05	2.7e+03
5.3380e+03	2.4e+00	1.2650e+05	2.9e+03
5.3415e+03	2.4e+00	1.2610e+05	2.8e+03
5.3450e+03	2.4e+00	1.2546e+05	2.7e+03
5.3485e+03	2.4e+00	1.2520e+05	2.7e+03
5.3521e+03	2.4e+00	1.2571e+05	2.8e+03
5.3556e+03	2.4e+00	1.2569e+05	3.2e+03
5.3591e+03	2.4e+00	1.2512e+05	3.0e+03
5.3626e+03	2.4e+00	1.2441e+05	3.3e+03
5.3661e+03	2.4e+00	1.2371e+05	2.9e+03
5.3696e+03	2.4e+00	1.2286e+05	2.8e+03
5.3731e+03	2.4e+00	1.2214e+05	2.8e+03
5.3766e+03	2.4e+00	1.2176e+05	2.9e+03
5.3801e+03	2.4e+00	1.2132e+05	2.9e+03
5.3836e+03	2.4e+00	1.1992e+05	2.9e+03
5.3871e+03	2.4e+00	1.1965e+05	2.8e+03
5.3907e+03	2.4e+00	1.1919e+05	2.9e+03
5.3942e+03	2.4e+00	1.1904e+05	2.7e+03
5.3977e+03	2.4e+00	1.1836e+05	2.9e+03
5.4012e+03	2.4e+00	1.1721e+05	2.9e+03
5.4047e+03	2.4e+00	1.1678e+05	3.0e+03
5.4082e+03	2.4e+00	1.1593e+05	2.8e+03
5.4117e+03	2.4e+00	1.1531e+05	2.7e+03
5.4152e+03	2.4e+00	1.1470e+05	2.7e+03
5.4187e+03	2.4e+00	1.1360e+05	2.9e+03
5.4222e+03	2.4e+00	1.1347e+05	2.7e+03
5.4257e+03	2.4e+00	1.1371e+05	2.8e+03
5.4292e+03	2.4e+00	1.1223e+05	3.0e+03
5.4327e+03	2.4e+00	1.1110e+05	2.9e+03
5.4362e+03	2.4e+00	1.1146e+05	2.7e+03
5.4397e+03	2.4e+00	1.1132e+05	2.8e+03
5.4432e+03	2.4e+00	1.1072e+05	2.8e+03
5.4467e+03	2.4e+00	1.1030e+05	2.6e+03
5.4502e+03	2.4e+00	1.0996e+05	2.7e+03
5.4537e+03	2.4e+00	1.0934e+05	2.4e+03
5.4572e+03	2.4e+00	1.0880e+05	2.5e+03
5.4607e+03	2.4e+00	1.0815e+05	2.7e+03
5.4642e+03	2.4e+00	1.0822e+05	2.9e+03
5.4677e+03	2.4e+00	1.0779e+05	2.6e+03
5.4712e+03	2.4e+00	1.0740e+05	2.6e+03
5.4747e+03	2.4e+00	1.0648e+05	2.6e+03
5.4782e+03	2.4e+00	1.0621e+05	2.3e+03
5.4817e+03	2.4e+00	1.0567e+05	2.3e+03
5.4852e+03	2.4e+00	1.0543e+05	2.3e+03
5.4887e+03	2.4e+00	1.0497e+05	2.3e+03
5.4922e+03	2.4e+00	1.0490e+05	2.3e+03
5.4956e+03	2.4e+00	1.0453e+05	2.4e+03
5.4991e+03	2.4e+00	1.0393e+05	2.4e+03
5.5026e+03	2.4e+00	1.0362e+05	2.4e+03
5.5061e+03	2.4e+00	1.0334e+05	2.2e+03
5.5096e+03	2.4e+00	1.0232e+05	2.2e+03
5.5131e+03	2.4e+00	1.0179e+05	2.3e+03
5.5166e+03	2.4e+00	1.0190e+05	2.2e+03
5.5201e+03	2.4e+00	1.0223e+05	2.2e+03
5.5236e+03	2.4e+00	1.0165e+05	2.5e+03
5.5271e+03	2.4e+00	1.0067e+05	2.6e+03
5.5306e+03	2.4e+00	1.0018e+05	2.2e+03
5.5340e+03	2.4e+00	9.9745e+04	2.6e+03
5.5375e+03	2.4e+00	9.9556e+04	2.4e+03
5.5410e+03	2.4e+00	9.8838e+04	2.3e+03
5.5445e+03	2.4e+00	9.8758e+04	2.2e+03
5.5480e+03	2.4e+00	9.7942e+04	2.3e+03
5.5515e+03	2.4e+00	9.7457e+04	2.5e+03
5.5550e+03	2.4e+00	9.7591e+04	2.5e+03
5.5585e+03	2.4e+00	9.6868e+04	2.4e+03
5.5619e+03	2.4e+00	9.5060e+04	2.4e+03
5.5654e+03	2.4e+00	9.5138e+04	2.3e+03
5.5689e+03	2.4e+00	9.5287e+04	2.5e+03
5.5724e+03	2.4e+00	9.4911e+04	2.4e+03
5.5759e+03	2.4e+00	9.4719e+04	2.5e+03
5.5794e+03	2.4e+00	9.3960e+04	2.5e+03
5.5828e+03	2.4e+00	9.3573e+04	2.4e+03
5.5863e+03	2.4e+00	9.2890e+04	2.4e+03
5.5898e+03	2.4e+00	9.2211e+04	2.3e+03
5.5933e+03	2.4e+00	9.1727e+04	2.1e+03
5.5968e+03	2.4e+00	9.1379e+04	2.1e+03
5.6002e+03	2.4e+00	9.1246e+04	2.0e+03
5.6037e+03	2.4e+00	9.1067e+04	2.1e+03
5.6072e+03	2.4e+00	9.0875e+04	2.2e+03
5.6107e+03	2.4e+00	9.0143e+04	2.1e+03
5.6142e+03	2.4e+00	8.9605e+04	2.0e+03
5.6176e+03	2.4e+00	8.9175e+04	2.0e+03
5.6211e+03	2.4e+00	8.9250e+04	2.1e+03
5.6246e+03	2.4e+00	8.9187e+04	2.1e+03
5.6281e+03	2.4e+00	8.9071e+04	2.1e+03
5.6315e+03	2.4e+00	8.8524e+04	2.2e+03
5.6350e+03	2.4e+00	8.8102e+04	2.1e+03
5.6385e+03	2.4e+00	8.7862e+04	2.0e+03
5.6420e+03	2.4e+00	8.8010e+04	2.0e+03
5.6454e+03	2.4e+00	8.7535e+04	2.0e+03
5.6489e+03	2.4e+00	8.6735e+04	1.9e+03
5.6524e+03	2.4e+00	8.7265e+04	2.0e+03
5.6559e+03	2.4e+00	8.7425e+04	2.0e+03
5.6593e+03	2.4e+00	8.6120e+04	2.2e+03
5.6628e+03	2.4e+00	8.5592e+04	2.2e+03
5.6663e+03	2.4e+00	8.5829e+04	2.3e+03
5.6698e+03	2.4e+00	8.5690e+04	2.3e+03
5.6732e+03	2.4e+00	8.5494e+04	1.9e+03
5.6767e+03	2.4e+00	8.5330e+04	1.9e+03
5.6802e+03	2.4e+00	8.5107e+04	1.8e+03
5.6836e+03	2.4e+00	8.4334e+04	1.9e+03
5.6871e+03	2.4e+00	8.3519e+04	2.2e+03
5.6906e+03	2.4e+00	8.3118e+04	2.1e+03
5.6940e+03	2.4e+00	8.2318e+04	2.3e+03
5.6975e+03	2.4e+00	8.2454e+04	2.3e+03
5.7010e+03	2.4e+00	8.2441e+04	2.3e+03
5.7045e+03	2.4e+00	8.1839e+04	2.1e+03
5.7079e+03	2.4e+00	8.1394e+04	2.0e+03
5.7114e+03	2.4e+00	8.1226e+04	2.0e+03
5.7149e+03	2.4e+00	8.0617e+04	2.1e+03
5.7183e+03	2.4e+00	8.0227e+04	2.2e+03
5.7218e+03	2.4e+00	8.0063e+04	2.2e+03
5.7252e+03	2.4e+00	7.9845e+04	2.1e+03
5.7287e+03	2.4e+00	7.9901e+04	2.0e+03
5.7322e+03	2.4e+00	7.8912e+04	1.9e+03
5.7356e+03	2.4e+00	7.8558e+04	2.0e+03
5.7391e+03	2.4e+00	7.8503e+04	2.0e+03
5.7426e+03	2.4e+00	7.8108e+04	2.1e+03
5.7460e+03	2.4e+00	7.7899e+04	2.1e+03
5.7495e+03	2.4e+00	7.7379e+04	2.1e+03
5.7529e+03	2.4e+00	7.7534e+04	2.0e+03
5.7564e+03	2.4e+00	7.7544e+04	2.0e+03
5.7599e+03	2.4e+00	7.7038e+04	1.8e+03
5.7633e+03	2.4e+00	7.6511e+04	1.8e+03
5.7668e+03	2.4e+00	7.5513e+04	2.0e+03
5.7702e+03	2.4e+00	7.6121e+04	2.2e+03
5.7737e+03	2.4e+00	7.6497e+04	2.0e+03
5.7772e+03	2.4e+00	7.5612e+04	1.9e+03
5.7806e+03	2.4e+00	7.5035e+04	2.0e+03
5.7841e+03	2.4e+00	7.4604e+04	1.7e+03
5.7875e+03	2.4e+00	7.4489e+04	1.9e+03
5.7910e+03	2.4e+00	7.4540e+04	2.0e+03
5.7944e+03	2.4e+00	7.4280e+04	1.9e+03
5.7979e+03	2.4e+00	7.3873e+04	1.9e+03
5.8014e+03	2.4e+00	7.3991e+04	2.0e+03
5.8048e+03	2.4e+00	7.3971e+04	1.9e+03
5.8083e+03	2.4e+00	7.3625e+04	2.0e+03
5.8117e+03	2.4e+00	7.3253e+04	1.9e+03
5.8152e+03	2.4e+00	7.3718e+04	1.9e+03
5.8186e+03	2.4e+00	7.3823e+04	1.9e+03
5.8221e+03	2.4e+00	7.3421e+04	2.1e+03
5.8255e+03	2.4e+00	7.3649e+04	2.1e+03
5.8290e+03	2.4e+00	7.3647e+04	1.9e+03
5.8324e+03	2.4e+00	7.3660e+04	1.9e+03
5.8359e+03	2.4e+00	7.3212e+04	2.3e+03
5.8393e+03	2.4e+00	7.2464e+04	2.2e+03
5.8428e+03	2.4e+00	7.2980e+04	2.1e+03
5.8462e+03	2.4e+00	7.2565e+04	1.8e+03
5.8497e+03	2.4e+00	7.1982e+04	1.8e+03
5.8531e+03	2.4e+00	7.2160e+04	2.0e+03
5.8566e+03	2.4e+00	7.1981e+04	2.2e+03
5.8600e+03	2.4e+00	7.1853e+04	2.0e+03
5.8635e+03	2.4e+00	7.1365e+04	1.8e+03
5.8669e+03	2.4e+00	7.1167e+04	2.0e+03
5.8704e+03	2.4e+00	7.0979e+04	2.0e+03
5.8738e+03	2.4e+00	7.0624e+04	2.0e+03
5.8773e+03	2.4e+00	7.0101e+04	1.8e+03
5.8807e+03	2.4e+00	6.9462e+04	1.7e+03
5.8841e+03	2.4e+00	6.9302e+04	2.0e+03
5.8876e+03	2.4e+00	6.8556e+04	2.0e+03
5.8910e+03	2.4e+00	6.7733e+04	1.8e+03
5.8945e+03	2.4e+00	6.7436e+04	1.8e+03
5.8979e+03	2.4e+00	6.7407e+04	1.8e+03
5.9014e+03	2.4e+00	6.7542e+04	1.8e+03
5.9048e+03	2.4e+00	6.7695e+04	1.9e+03
5.9082e+03	2.4e+00	6.7660e+04	2.0e+03
5.9117e+03	2.4e+00	6.7631e+04	2.0e+03
5.9151e+03	2.4e+00	6.7381e+04	1.9e+03
5.9186e+03	2.4e+00	6.7102e+04	1.9e+03
5.9220e+03	2.4e+00	6.6734e+04	2.0e+03
5.9254e+03	2.4e+00	6.6245e+04	2.0e+03
5.9289e+03	2.4e+00	6.6389e+04	1.9e+03
5.9323e+03	2.4e+00	6.6616e+04	1.8e+03
5.9358e+03	2.4e+00	6.6702e+04	1.8e+03
5.9392e+03	2.4e+00	6.6306e+04	2.0e+03
5.9426e+03	2.4e+00	6.6304e+04	1.9e+03
5.9461e+03	2.4e+00	6.5660e+04	1.9e+03
5.9495e+03	2.4e+00	6.5002e+04	1.7e+03
5.9529e+03	2.4e+00	6.5363e+04	1.7e+03
5.9564e+03	2.4e+00	6.5047e+04	1.8e+03
5.9598e+03	2.4e+00	6.4981e+04	1.8e+03
5.9633e+03	2.4e+00	6.4698e+04	1.7e+03
5.9667e+03	2.4e+00	6.4776e+04	1.8e+03
5.9701e+03	2.4e+00	6.4662e+04	1.8e+03
5.9736e+03	2.4e+00	6.4516e+04	1.6e+03
5.9770e+03	2.4e+00	6.4733e+04	1.7e+03
5.9804e+03	2.4e+00	6.4516e+04	1.7e+03
5.9838e+03	2.4e+00	6.3946e+04	1.7e+03
5.9873e+03	2.4e+00	6.3914e+04	1.8e+03
5.9907e+03	2.4e+00	6.3876e+04	1.7e+03
5.9941e+03	2.4e+00	6.4011e+04	1.8e+03
5.9976e+03	2.4e+00	6.4162e+04	2.0e+03
6.0010e+03	2.4e+00	6.3904e+04	2.1e+03
6.0044e+03	2.4e+00	6.3132e+04	1.8e+03
6.0079e+03	2.4e+00	6.2962e+04	1.8e+03
6.0113e+03	2.4e+00	6.3017e+04	2.0e+03
6.0147e+03	2.4e+00	6.3024e+04	2.0e+03
6.0181e+03	2.4e+00	6.2904e+04	2.0e+03
6.0216e+03	2.4e+00	6.2707e+04	2.0e+03
6.0250e+03	2.4e+00	6.2491e+04	2.0e+03
6.0284e+03	2.4e+00	6.2150e+04	2.0e+03
6.0318e+03	2.4e+00	6.2500e+04	2.0e+03
6.0353e+03	2.4e+00	6.2032e+04	2.0e+03
6.0387e+03	2.4e+00	6.1328e+04	1.9e+03
6.0421e+03	2.4e+00	6.1629e+04	1.9e+03
6.0455e+03	2.4e+00	6.1240e+04	1.8e+03
6.0490e+03	2.4e+00	6.0945e+04	1.8e+03
6.0524e+03	2.4e+00	6.0604e+04	1.8e+03
6.0558e+03	2.4e+00	6.0693e+04	1.8e+03
6.0592e+03	2.4e+00	6.0595e+04	1.8e+03
6.0627e+03	2.4e+00	6.0001e+04	1.8e+03
6.0661e+03	2.4e+00	5.9815e+04	1.9e+03
6.0695e+03	2.4e+00	5.9533e+04	1.8e+03
6.0729e+03	2.4e+00	5.9590e+04	1.8e+03
6.0763e+03	2.4e+00	5.9709e+04	1.9e+03
6.0798e+03	2.4e+00	5.9704e+04	1.8e+03
6.0832e+03	2.4e+00	5.9400e+04	1.7e+03
6.0866e+03	2.4e+00	5.9011e+04	1.8e+03
6.0900e+03	2.4e+00	5.8740e+04	1.7e+03
6.0934e+03	2.4e+00	5.8888e+04	1.8e+03
6.0969e+03	2.4e+00	5.9098e+04	1.7e+03
6.1003e+03	2.4e+00	5.8776e+04	1.7e+03
6.1037e+03	2.4e+00	5.8410e+04	1.8e+03
6.1071e+03	2.4e+00	5.8552e+04	1.8e+03
6.1105e+03	2.4e+00	5.7934e+04	1.8e+03
6.1139e+03	2.4e+00	5.7605e+04	1.7e+03
6.1174e+03	2.4e+00	5.7776e+04	1.7e+03
6.1208e+03	2.4e+00	5.7701e+04	1.7e+03
6.1242e+03	2.4e+00	5.7781e+04	1.7e+03
6.1276e+03	2.4e+00	5.7923e+04	1.6e+03
6.1310e+03	2.4e+00	5.7743e+04	1.7e+03
6.1344e+03	2.4e+00	5.7237e+04	1.6e+03
6.1378e+03	2.4e+00	5.7008e+04	1.7e+03
6.1412e+03	2.4e+00	5.6814e+04	1.7e+03
6.1447e+03	2.4e+00	5.6664e+04	1.8e+03
6.1481e+03	2.4e+00	5.6397e+04	1.9e+03
6.1515e+03	2.4e+00	5.5816e+04	1.6e+03
6.1549e+03	2.4e+00	5.5565e+04	1.7e+03
6.1583e+03	2.4e+00	5.5533e+04	1.8e+03
6.1617e+03	2.4e+00	5.5769e+04	1.8e+03
6.1651e+03	2.4e+00	5.6256e+04	1.8e+03
6.1685e+03	2.4e+00	5.6258e+04	1.6e+03
6.1719e+03	2.4e+00	5.6346e+04	1.8e+03
6.1753e+03	2.4e+00	5.6212e+04	1.8e+03
6.1787e+03	2.4e+00	5.5903e+04	1.8e+03
6.1822e+03	2.4e+00	5.5783e+04	1.9e+03
6.1856e+03	2.4e+00	5.5544e+04	1.8e+03
6.1890e+03	2.4e+00	5.5361e+04	1.8e+03
6.1924e+03	2.4e+00	5.4719e+04	1.8e+03
6.1958e+03	2.4e+00	5.4810e+04	1.7e+03
6.1992e+03	2.4e+00	5.4548e+04	1.7e+03
6.2026e+03	2.4e+00	5.4033e+04	1.8e+03
6.2060e+03	2.4e+00	5.4250e+04	1.8e+03
6.2094e+03	2.4e+00	5.4247e+04	1.7e+03
6.2128e+03	2.4e+00	5.4131e+04	1.6e+03
6.2162e+03	2.4e+00	5.3915e+04	1.7e+03
6.2196e+03	2.4e+00	5.3414e+04	1.6e+03
6.2230e+03	2.4e+00	5.3397e+04	1.7e+03
6.2264e+03	2.4e+00	5.3095e+04	1.7e+03
6.2298e+03	2.4e+00	5.2782e+04	1.6e+03
6.2332e+03	2.4e+00	5.2952e+04	1.6e+03
6.2366e+03	2.4e+00	5.2947e+04	1.6e+03
6.2400e+03	2.4e+00	5.2923e+04	1.7e+03
6.2434e+03	2.4e+00	5.2628e+04	1.7e+03
6.2468e+03	2.4e+00	5.2195e+04	1.7e+03
6.2502e+03	2.4e+00	5.2340e+04	1.7e+03
6.2536e+03	2.4e+00	5.2235e+04	1.7e+03
6.2570e+03	2.4e+00	5.1969e+04	1.7e+03
6.2604e+03	2.4e+00	5.1834e+04	1.7e+03
6.2638e+03	2.4e+00	5.2061e+04	1.6e+03
6.2672e+03	2.4e+00	5.1820e+04	1.6e+03
6.2706e+03	2.4e+00	5.1451e+04	1.6e+03
6.2740e+03	2.4e+00	5.0380e+04	1.5e+03
6.2774e+03	2.4e+00	4.9142e+04	1.5e+03
6.2808e+03	2.4e+00	4.8744e+04	1.5e+03
6.2841e+03	2.4e+00	4.9477e+04	1.6e+03
6.2875e+03	2.4e+00	5.0070e+04	1.7e+03
6.2909e+03	2.4e+00	4.9821e+04	1.8e+03
6.2943e+03	2.4e+00	4.9509e+04	1.8e+03
6.2977e+03	2.4e+00	4.9510e+04	1.8e+03
6.3011e+03	2.4e+00	5.0020e+04	1.7e+03
6.3045e+03	2.4e+00	4.9795e+04	1.8e+03
6.3079e+03	2.4e+00	4.9716e+04	2.0e+03
6.3113e+03	2.4e+00	5.0145e+04	1.9e+03
6.3147e+03	2.4e+00	4.9855e+04	1.9e+03
6.3181e+03	2.4e+00	4.9326e+04	1.9e+03
6.3214e+03	2.4e+00	4.9104e+04	1.8e+03
6.3248e+03	2.4e+00	4.9180e+04	1.8e+03
6.3282e+03	2.4e+00	4.9447e+04	1.6e+03
6.3316e+03	2.4e+00	4.9238e+04	1.7e+03
6.3350e+03	2.4e+00	4.9058e+04	1.6e+03
6.3384e+03	2.4e+00	4.8921e+04	1.6e+03
6.3418e+03	2.4e+00	4.8498e+04	1.7e+03
6.3452e+03	2.4e+00	4.8394e+04	1.7e+03
6.3485e+03	2.4e+00	4.8301e+04	1.7e+03
6.3519e+03	2.4e+00	4.8300e+04	1.7e+03
6.3553e+03	2.4e+00	4.8230e+04	1.6e+03
6.3587e+03	2.4e+00	4.8174e+04	1.7e+03
6.3621e+03	2.4e+00	4.7952e+04	1.8e+03
6.3655e+03	2.4e+00	4.8007e+04	1.7e+03
6.3688e+03	2.4e+00	4.8016e+04	1.5e+03
6.3722e+03	2.4e+00	4.7390e+04	1.6e+03
6.3756e+03	2.4e+00	4.7331e+04	1.7e+03
6.3790e+03	2.4e+00	4.7693e+04	1.7e+03
6.3824e+03	2.4e+00	4.8001e+04	1.8e+03
6.3857e+03	2.4e+00	4.7932e+04	1.7e+03
6.3891e+03	2.4e+00	4.7620e+04	1.8e+03
6.3925e+03	2.4e+00	4.7220e+04	1.8e+03
6.3959e+03	2.4e+00	4.7218e+04	1.8e+03
6.3993e+03	2.4e+00	4.7112e+04	1.6e+03
6.4026e+03	2.4e+00	4.6808e+04	1.6e+03
6.4060e+03	2.4e+00	4.7158e+04	1.7e+03
6.4094e+03	2.4e+00	4.7586e+04	1.6e+03
6.4128e+03	2.4e+00	4.7145e+04	1.7e+03
6.4162e+03	2.4e+00	4.7122e+04	1.8e+03
6.4195e+03	2.4e+00	4.6973e+04	1.7e+03
6.4229e+03	2.4e+00	4.7089e+04	1.6e+03
6.4263e+03	2.4e+00	4.6884e+04	1.6e+03
6.4297e+03	2.4e+00	4.6245e+04	1.7e+03
6.4330e+03	2.4e+00	4.6185e+04	1.7e+03
6.4364e+03	2.4e+00	4.6345e+04	1.7e+03
6.4398e+03	2.4e+00	4.6247e+04	1.6e+03
6.4432e+03	2.4e+00	4.6104e+04	1.5e+03
6.4465e+03	2.4e+00	4.5929e+04	1.6e+03
6.4499e+03	2.4e+00	4.5827e+04	1.7e+03
6.4533e+03	2.4e+00	4.5765e+04	1.7e+03
6.4566e+03	2.4e+00	4.5002e+04	1.7e+03
6.4600e+03	2.4e+00	4.4532e+04	1.7e+03
6.4634e+03	2.4e+00	4.4895e+04	1.7e+03
6.4667e+03	2.4e+00	4.4952e+04	1.9e+03
6.4701e+03	2.4e+00	4.4549e+04	1.8e+03
6.4735e+03	2.4e+00	4.4064e+04	1.7e+03
6.4769e+03	2.4e+00	4.4234e+04	1.7e+03
6.4802e+03	2.4e+00	4.3941e+04	1.6e+03
6.4836e+03	2.4e+00	4.3628e+04	1.6e+03
6.4870e+03	2.4e+00	4.3606e+04	1.6e+03
6.4903e+03	2.4e+00	4.3746e+04	1.7e+03
6.4937e+03	2.4e+00	4.3753e+04	1.6e+03
6.4971e+03	2.4e+00	4.3501e+04	1.7e+03
6.5004e+03	2.4e+00	4.3302e+04	1.7e+03
6.5038e+03	2.4e+00	4.3250e+04	1.8e+03
6.5072e+03	2.4e+00	4.2972e+04	1.8e+03
6.5105e+03	2.4e+00	4.2622e+04	1.6e+03
6.5139e+03	2.4e+00	4.2184e+04	1.5e+03
6.5172e+03	2.4e+00	4.2008e+04	1.5e+03
6.5206e+03	2.4e+00	4.2246e+04	1.4e+03
6.5240e+03	2.4e+00	4.1894e+04	1.5e+03
6.5273e+03	2.4e+00	4.1629e+04	1.6e+03
6.5307e+03	2.4e+00	4.1008e+04	1.5e+03
6.5341e+03	2.4e+00	4.0272e+04	1.5e+03
6.5374e+03	2.4e+00	3.9488e+04	1.5e+03
6.5408e+03	2.4e+00	3.8289e+04	1.4e+03
6.5441e+03	2.4e+00	3.6780e+04	1.4e+03
6.5475e+03	2.4e+00	3.5202e+04	1.5e+03
6.5509e+03	2.4e+00	3.3196e+04	1.4e+03
6.5542e+03	2.4e+00	3.0406e+04	1.3e+03
6.5576e+03	2.4e+00	2.6807e+04	1.2e+03
6.5609e+03	2.4e+00	2.4674e+04	1.0e+03
6.5643e+03	2.4e+00	2.5226e+04	1.0e+03
6.5676e+03	2.4e+00	2.8217e+04	1.0e+03
6.5710e+03	2.4e+00	3.1536e+04	1.1e+03
6.5744e+03	2.4e+00	3.3988e+04	1.2e+03
6.5777e+03	2.4e+00	3.5772e+04	1.2e+03
6.5811e+03	2.4e+00	3.6731e+04	1.4e+03
6.5844e+03	2.4e+00	3.7631e+04	1.4e+03
6.5878e+03	2.4e+00	3.8573e+04	1.4e+03
6.5911e+03	2.4e+00	3.9122e+04	1.7e+03
6.5945e+03	2.4e+00	3.9725e+04	1.7e+03
6.5978e+03	2.4e+00	4.0354e+04	1.7e+03
6.6012e+03	2.4e+00	4.0555e+04	1.7e+03
6.6045e+03	2.4e+00	4.0231e+04	1.6e+03
6.6079e+03	2.4e+00	4.0370e+04	1.7e+03
6.6112e+03	2.4e+00	4.0413e+04	1.7e+03
6.6146e+03	2.4e+00	4.0204e+04	1.7e+03
6.6179e+03	2.4e+00	4.0028e+04	1.6e+03
6.6213e+03	2.4e+00	3.9755e+04	1.5e+03
6.6246e+03	2.4e+00	3.9774e+04	1.6e+03
6.6280e+03	2.4e+00	3.9770e+04	1.6e+03
6.6313e+03	2.4e+00	4.0072e+04	1.5e+03
6.6347e+03	2.4e+00	4.0228e+04	1.6e+03
6.6380e+03	2.4e+00	3.9909e+04	1.6e+03
6.6414e+03	2.4e+00	4.0086e+04	1.7e+03
6.6447e+03	2.4e+00	4.0289e+04	1.7e+03
6.6481e+03	2.4e+00	3.9723e+04	1.5e+03
6.6514e+03	2.4e+00	3.9331e+04	1.6e+03
6.6548e+03	2.4e+00	3.9830e+04	1.7e+03
6.6581e+03	2.4e+00	3.9848e+04	1.7e+03
6.6615e+03	2.4e+00	3.9589e+04	1.8e+03
6.6648e+03	2.4e+00	3.9784e+04	1.8e+03
6.6681e+03	2.4e+00	3.9650e+04	1.6e+03
6.6715e+03	2.4e+00	3.9268e+04	1.6e+03
6.6748e+03	2.4e+00	3.9321e+04	1.5e+03
6.6782e+03	2.4e+00	3.9287e+04	1.6e+03
6.6815e+03	2.4e+00	3.9415e+04	1.6e+03
6.6849e+03	2.4e+00	3.9360e+04	1.5e+03
6.6882e+03	2.4e+00	3.8865e+04	1.6e+03
6.6915e+03	2.4e+00	3.8898e+04	1.6e+03
6.6949e+03	2.4e+00	3.8712e+04	1.6e+03
6.6982e+03	2.4e+00	3.8259e+04	1.6e+03
6.7016e+03	2.4e+00	3.8444e+04	1.5e+03
6.7049e+03	2.4e+00	3.8546e+04	1.5e+03
6.7082e+03	2.4e+00	3.8793e+04	1.6e+03
6.7116e+03	2.4e+00	3.8644e+04	1.6e+03
6.7149e+03	2.4e+00	3.8462e+04	1.6e+03
6.7183e+03	2.4e+00	3.8117e+04	1.6e+03
6.7216e+03	2.4e+00	3.7998e+04	1.6e+03
6.7249e+03	2.4e+00	3.7914e+04	1.7e+03
6.7283e+03	2.4e+00	3.7883e+04	1.8e+03
6.7316e+03	2.4e+00	3.8313e+04	1.8e+03
6.7349e+03	2.4e+00	3.8151e+04	1.8e+03
6.7383e+03	2.4e+00	3.7916e+04	1.7e+03
6.7416e+03	2.4e+00	3.7748e+04	1.5e+03
6.7449e+03	2.4e+00	3.7419e+04	1.6e+03
6.7483e+03	2.4e+00	3.7356e+04	1.7e+03
6.7516e+03	2.4e+00	3.7201e+04	1.6e+03
6.7549e+03	2.4e+00	3.7069e+04	1.7e+03
6.7583e+03	2.4e+00	3.7139e+04	1.8e+03
6.7616e+03	2.4e+00	3.6926e+04	1.7e+03
6.7649e+03	2.4e+00	3.6676e+04	1.5e+03
6.7683e+03	2.4e+00	3.6550e+04	1.5e+03
6.7716e+03	2.4e+00	3.6795e+04	1.7e+03
6.7749e+03	2.4e+00	3.7034e+04	1.7e+03
6.7782e+03	2.4e+00	3.6691e+04	1.5e+03
6.7816e+03	2.4e+00	3.6380e+04	1.5e+03
6.7849e+03	2.4e+00	3.6216e+04	1.5e+03
6.7882e+03	2.4e+00	3.6341e+04	1.6e+03
6.7916e+03	2.4e+00	3.6321e+04	1.6e+03
6.7949e+03	2.4e+00	3.6437e+04	1.6e+03
6.7982e+03	2.4e+00	3.6234e+04	1.6e+03
6.8015e+03	2.4e+00	3.5689e+04	1.6e+03
6.8049e+03	2.4e+00	3.5903e+04	1.6e+03
6.8082e+03	2.4e+00	3.5876e+04	1.5e+03
6.8115e+03	2.4e+00	3.5913e+04	1.5e+03
6.8148e+03	2.4e+00	3.5715e+04	1.5e+03
6.8182e+03	2.4e+00	3.5317e+04	1.6e+03
6.8215e+03	2.4e+00	3.5114e+04	1.6e+03
6.8248e+03	2.4e+00	3.4963e+04	1.6e+03
6.8281e+03	2.4e+00	3.5048e+04	1.6e+03
6.8315e+03	2.4e+00	3.5122e+04	1.6e+03
6.8348e+03	2.4e+00	3.5090e+04	1.6e+03
6.8381e+03	2.4e+00	3.4716e+04	1.7e+03
6.8414e+03	2.4e+00	3.4442e+04	1.5e+03
6.8447e+03	2.4e+00	3.4253e+04	1.4e+03
6.8481e+03	2.4e+00	3.3907e+04	1.5e+03
6.8514e+03	2.4e+00	3.4139e+04	1.5e+03
6.8547e+03	2.4e+00	3.4031e+04	1.5e+03
6.8580e+03	2.4e+00	3.3639e+04	1.6e+03
6.8613e+03	2.4e+00	3.2410e+04	1.5e+03
6.8647e+03	2.4e+00	2.8559e+04	1.2e+03
6.8680e+03	2.4e+00	2.4966e+04	1.1e+03
6.8713e+03	2.4e+00	2.4079e+04	1.0e+03
6.8746e+03	2.4e+00	2.5797e+04	1.1e+03
6.8779e+03	2.4e+00	2.8489e+04	1.2e+03
6.8812e+03	2.4e+00	2.9625e+04	1.2e+03
6.8846e+03	2.4e+00	2.9525e+04	1.3e+03
6.8879e+03	2.4e+00	2.9078e+04	1.3e+03
6.8912e+03	2.4e+00	2.8636e+04	1.2e+03
6.8945e+03	2.4e+00	2.8579e+04	1.2e+03
6.8978e+03	2.4e+00	2.8982e+04	1.4e+03
6.9011e+03	2.4e+00	2.9368e+04	1.3e+03
6.9044e+03	2.4e+00	2.9994e+04	1.4e+03
6.9078e+03	2.4e+00	3.0273e+04	1.5e+03
6.9111e+03	2.4e+00	3.0566e+04	1.4e+03
6.9144e+03	2.4e+00	3.0804e+04	1.3e+03
6.9177e+03	2.4e+00	3.0765e+04	1.4e+03
6.9210e+03	2.4e+00	3.1240e+04	1.5e+03
6.9243e+03	2.4e+00	3.1295e+04	1.5e+03
6.9276e+03	2.4e+00	3.1228e+04	1.5e+03
6.9309e+03	2.4e+00	3.1278e+04	1.5e+03
6.9342e+03	2.4e+00	3.1099e+04	1.5e+03
6.9375e+03	2.4e+00	3.0613e+04	1.4e+03
6.9409e+03	2.4e+00	3.0647e+04	1.4e+03
6.9442e+03	2.4e+00	3.0932e+04	1.4e+03
6.9475e+03	2.4e+00	3.0758e+04	1.4e+03
6.9508e+03	2.4e+00	3.0694e+04	1.4e+03
6.9541e+03	2.4e+00	3.0346e+04	1.4e+03
6.9574e+03	2.4e+00	2.9939e+04	1.4e+03
6.9607e+03	2.4e+00	3.0356e+04	1.4e+03
6.9640e+03	2.4e+00	3.0999e+04	1.5e+03
6.9673e+03	2.4e+00	3.1210e+04	1.5e+03
6.9706e+03	2.4e+00	3.0866e+04	1.4e+03
6.9739e+03	2.4e+00	3.0507e+04	1.4e+03
6.9772e+03	2.4e+00	3.0565e+04	1.4e+03
6.9805e+03	2.4e+00	3.0246e+04	1.4e+03
6.9838e+03	2.4e+00	2.9730e+04	1.4e+03
6.9871e+03	2.4e+00	2.9751e+04	1.4e+03
6.9904e+03	2.4e+00	2.9662e+04	1.4e+03
6.9937e+03	2.4e+00	2.9418e+04	1.6e+03
6.9970e+03	2.4e+00	2.9198e+04	1.4e+03
7.0003e+03	2.4e+00	2.9200e+04	1.3e+03
7.0036e+03	2.4e+00	2.9240e+04	1.4e+03
7.0069e+03	2.4e+00	2.9033e+04	1.4e+03
7.0102e+03	2.4e+00	2.9048e+04	1.4e+03
7.0135e+03	2.4e+00	2.8895e+04	1.4e+03
7.0168e+03	2.4e+00	2.8933e+04	1.4e+03
7.0201e+03	2.4e+00	2.9002e+04	1.3e+03
7.0234e+03	2.4e+00	2.8931e+04	1.4e+03
7.0267e+03	2.4e+00	2.8856e+04	1.3e+03
7.0300e+03	2.4e+00	2.8789e+04	1.2e+03
7.0333e+03	2.4e+00	2.8612e+04	1.2e+03
7.0366e+03	2.4e+00	2.8496e+04	1.4e+03
7.0399e+03	2.4e+00	2.8354e+04	1.4e+03
7.0432e+03	2.4e+00	2.8271e+04	1.3e+03
7.0465e+03	2.4e+00	2.8148e+04	1.3e+03
7.0498e+03	2.4e+00	2.8202e+04	1.3e+03
7.0531e+03	2.4e+00	2.8154e+04	1.2e+03
7.0564e+03	2.4e+00	2.8121e+04	1.2e+03
7.0597e+03	2.4e+00	2.7854e+04	1.4e+03
7.0629e+03	2.4e+00	2.7647e+04	1.4e+03
7.0662e+03	2.4e+00	2.7735e+04	1.3e+03
7.0695e+03	2.4e+00	2.7866e+04	1.2e+03
7.0728e+03	2.4e+00	2.7440e+04	1.2e+03
7.0761e+03	2.4e+00	2.7193e+04	1.3e+03
7.0794e+03	2.4e+00	2.7249e+04	1.3e+03
7.0827e+03	2.4e+00	2.7390e+04	1.3e+03
7.0860e+03	2.4e+00	2.7378e+04	1.4e+03
7.0893e+03	2.4e+00	2.7055e+04	1.3e+03
7.0926e+03	2.4e+00	2.7254e+04	1.3e+03
7.0958e+03	2.4e+00	2.7223e+04	1.4e+03
7.0991e+03	2.4e+00	2.6900e+04	1.3e+03
7.1024e+03	2.4e+00	2.6677e+04	1.4e+03
7.1057e+03	2.4e+00	2.6496e+04	1.4e+03
7.1090e+03	2.4e+00	2.6491e+04	1.3e+03
7.1123e+03	2.4e+00	2.6481e+04	1.2e+03
7.1156e+03	2.4e+00	2.6598e+04	1.3e+03
7.1188e+03	2.4e+00	2.6424e+04	1.3e+03
7.1221e+03	2.4e+00	2.6389e+04	1.3e+03
7.1254e+03	2.4e+00	2.6443e+04	1.2e+03
7.1287e+03	2.4e+00	2.6349e+04	1.2e+03
7.1320e+03	2.4e+00	2.6209e+04	1.3e+03
7.1353e+03	2.4e+00	2.5861e+04	1.2e+03
7.1385e+03	2.4e+00	2.5879e+04	1.2e+03
7.1418e+03	2.4e+00	2.5675e+04	1.3e+03
7.1451e+03	2.4e+00	2.5469e+04	1.3e+03
7.1484e+03	2.4e+00	2.5460e+04	1.1e+03
7.1517e+03	2.4e+00	2.5056e+04	1.2e+03
7.1549e+03	2.4e+00	2.4865e+04	1.3e+03
7.1582e+03	2.4e+00	2.4950e+04	1.2e+03
7.1615e+03	2.4e+00	2.4581e+04	1.2e+03
7.1648e+03	2.4e+00	2.3994e+04	1.2e+03
7.1681e+03	2.4e+00	2.3560e+04	1.1e+03
7.1713e+03	2.4e+00	2.3075e+04	1.1e+03
7.1746e+03	2.4e+00	2.2733e+04	1.1e+03
7.1779e+03	2.4e+00	2.2545e+04	1.2e+03
7.1812e+03	2.4e+00	2.2072e+04	1.1e+03
7.1844e+03	2.4e+00	2.1770e+04	9.9e+02
7.1877e+03	2.4e+00	2.1726e+04	1.1e+03
7.1910e+03	2.4e+00	2.1583e+04	1.1e+03
7.1943e+03	2.4e+00	2.1787e+04	1.0e+03
7.1975e+03	2.4e+00	2.1765e+04	1.0e+03
7.2008e+03	2.4e+00	2.1704e+04	1.1e+03
7.2041e+03	2.4e+00	2.1757e+04	1.2e+03
7.2074e+03	2.4e+00	2.2167e+04	1.2e+03
7.2106e+03	2.4e+00	2.2875e+04	1.2e+03
7.2139e+03	2.4e+00	2.2951e+04	1.1e+03
7.2172e+03	2.4e+00	2.3249e+04	1.1e+03
7.2204e+03	2.4e+00	2.3330e+04	1.0e+03
7.2237e+03	2.4e+00	2.2679e+04	1.0e+03
7.2270e+03	2.4e+00	2.2294e+04	1.1e+03
7.2303e+03	2.4e+00	2.1630e+04	1.0e+03
7.2335e+03	2.4e+00	2.1277e+04	9.8e+02
7.2368e+03	2.4e+00	2.1178e+04	9.6e+02
7.2401e+03	2.4e+00	2.0717e+04	1.0e+03
7.2433e+03	2.4e+00	2.1022e+04	1.1e+03
7.2466e+03	2.4e+00	2.1140e+04	1.0e+03
7.2499e+03	2.4e+00	2.0541e+04	9.5e+02
7.2531e+03	2.4e+00	2.0604e+04	9.6e+02
7.2564e+03	2.4e+00	2.1036e+04	1.0e+03
7.2597e+03	2.4e+00	2.1126e+04	9.9e+02
7.2629e+03	2.4e+00	2.1103e+04	9.9e+02
7.2662e+03	2.4e+00	2.1028e+04	1.1e+03
7.2695e+03	2.4e+00	2.1064e+04	1.1e+03
7.2727e+03	2.4e+00	2.0697e+04	1.1e+03
7.2760e+03	2.4e+00	2.0191e+04	1.1e+03
7.2792e+03	2.4e+00	2.0394e+04	1.1e+03
7.2825e+03	2.4e+00	2.0904e+04	1.0e+03
7.2858e+03	2.4e+00	2.0637e+04	9.9e+02
7.2890e+03	2.4e+00	1.9921e+04	9.8e+02
7.2923e+03	2.4e+00	1.9928e+04	9.1e+02
7.2956e+03	2.4e+00	2.0323e+04	9.2e+02
7.2988e+03	2.4e+00	2.0369e+04	9.7e+02
7.3021e+03	2.4e+00	2.0012e+04	9.7e+02
7.3053e+03	2.4e+00	2.0056e+04	8.2e+02
7.3086e+03	2.4e+00	2.0039e+04	8.7e+02
7.3119e+03	2.4e+00	2.0018e+04	1.0e+03
7.3151e+03	2.4e+00	2.0139e+04	1.1e+03
7.3184e+03	2.4e+00	2.0173e+04	9.9e+02
7.3216e+03	2.4e+00	2.0213e+04	1.1e+03
7.3249e+03	2.4e+00	2.0132e+04	1.1e+03
7.3281e+03	2.4e+00	2.0050e+04	9.7e+02
7.3314e+03	2.4e+00	1.9975e+04	1.1e+03
7.3346e+03	2.4e+00	2.0099e+04	1.1e+03
7.3379e+03	2.4e+00	2.0149e+04	9.8e+02
7.3412e+03	2.4e+00	1.9975e+04	9.2e+02
7.3444e+03	2.4e+00	1.9799e+04	9.9e+02
7.3477e+03	2.4e+00	1.9932e+04	1.1e+03
7.3509e+03	2.4e+00	1.9886e+04	1.0e+03
7.3542e+03	2.4e+00	1.9564e+04	8.6e+02
7.3574e+03	2.4e+00	1.9552e+04	9.2e+02
7.3607e+03	2.4e+00	1.9654e+04	9.7e+02
7.3639e+03	2.4e+00	1.9558e+04	9.6e+02
7.3672e+03	2.4e+00	1.9504e+04	1.0e+03
7.3704e+03	2.4e+00	1.9493e+04	9.6e+02
7.3737e+03	2.4e+00	1.9599e+04	9.3e+02
7.3769e+03	2.4e+00	1.9468e+04	9.6e+02
7.3802e+03	2.4e+00	1.9173e+04	9.3e+02
7.3834e+03	2.4e+00	1.9230e+04	9.3e+02
7.3867e+03	2.4e+00	1.9334e+04	9.9e+02
7.3899e+03	2.4e+00	1.9242e+04	9.6e+02
7.3932e+03	2.4e+00	1.8848e+04	9.3e+02
7.3964e+03	2.4e+00	1.8672e+04	9.2e+02
7.3997e+03	2.4e+00	1.8705e+04	9.4e+02
7.4029e+03	2.4e+00	1.8343e+04	9.1e+02
7.4062e+03	2.4e+00	1.8342e+04	8.8e+02
7.4094e+03	2.4e+00	1.8586e+04	8.8e+02
7.4127e+03	2.4e+00	1.8363e+04	9.4e+02
7.4159e+03	2.4e+00	1.8279e+04	9.2e+02
7.4191e+03	2.4e+00	1.8445e+04	9.2e+02
7.4224e+03	2.4e+00	1.8464e+04	9.5e+02
7.4256e+03	2.4e+00	1.8432e+04	9.0e+02
7.4289e+03	2.4e+00	1.8228e+04	8.7e+02
7.4321e+03	2.4e+00	1.8387e+04	9.0e+02
7.4354e+03	2.4e+00	1.8366e+04	9.2e+02
7.4386e+03	2.4e+00	1.8365e+04	9.5e+02
7.4418e+03	2.4e+00	1.8580e+04	9.7e+02
7.4451e+03	2.4e+00	1.8212e+04	9.0e+02
7.4483e+03	2.4e+00	1.7809e+04	9.4e+02
7.4516e+03	2.4e+00	1.8042e+04	9.6e+02
7.4548e+03	2.4e+00	1.8093e+04	9.6e+02
7.4580e+03	2.4e+00	1.8168e+04	9.3e+02
7.4613e+03	2.4e+00	1.7939e+04	9.3e+02
7.4645e+03	2.4e+00	1.7803e+04	9.4e+02
7.4678e+03	2.4e+00	1.7814e+04	9.5e+02
7.4710e+03	2.4e+00	1.7609e+04	9.8e+02
7.4742e+03	2.4e+00	1.7588e+04	9.5e+02
7.4775e+03	2.4e+00	1.7598e+04	9.4e+02
7.4807e+03	2.4e+00	1.7785e+04	9.8e+02
7.4839e+03	2.4e+00	1.7457e+04	9.6e+02
7.4872e+03	2.4e+00	1.7015e+04	9.9e+02
7.4904e+03	2.4e+00	1.7120e+04	1.1e+03
7.4936e+03	2.4e+00	1.7098e+04	1.0e+03
7.4969e+03	2.4e+00	1.7239e+04	1.0e+03
7.5001e+03	2.4e+00	1.6972e+04	1.0e+03
7.5033e+03	2.4e+00	1.6699e+04	9.6e+02
7.5066e+03	2.4e+00	1.6837e+04	9.9e+02
7.5098e+03	2.4e+00	1.6790e+04	9.9e+02
7.5130e+03	2.4e+00	1.6513e+04	9.5e+02
7.5163e+03	2.4e+00	1.6351e+04	9.8e+02
7.5195e+03	2.4e+00	1.6388e+04	1.0e+03
7.5227e+03	2.4e+00	1.6095e+04	9.7e+02
7.5260e+03	2.4e+00	1.6163e+04	9.1e+02
7.5292e+03	2.4e+00	1.6179e+04	9.4e+02
7.5324e+03	2.4e+00	1.5939e+04	1.0e+03
7.5356e+03	2.4e+00	1.5965e+04	1.0e+03
7.5389e+03	2.4e+00	1.5982e+04	9.6e+02
7.5421e+03	2.4e+00	1.6134e+04	9.7e+02
7.5453e+03	2.4e+00	1.6245e+04	1.0e+03
7.5486e+03	2.4e+00	1.6274e+04	1.0e+03
7.5518e+03	2.4e+00	1.6023e+04	9.9e+02
7.5550e+03	2.4e+00	1.6148e+04	9.8e+02
7.5582e+03	2.4e+00	1.6172e+04	9.6e+02
7.5615e+03	2.4e+00	1.5938e+04	9.7e+02
7.5647e+03	2.4e+00	1.5905e+04	1.0e+03
7.5679e+03	2.4e+00	1.5745e+04	1.0e+03
7.5711e+03	2.4e+00	1.6029e+04	9.9e+02
7.5744e+03	2.4e+00	1.5895e+04	9.9e+02
7.5776e+03	2.4e+00	1.5539e+04	1.0e+03
7.5808e+03	2.4e+00	1.5409e+04	9.9e+02
7.5840e+03	2.4e+00	1.5490e+04	9.5e+02
7.5872e+03	2.4e+00	1.5244e+04	9.5e+02
7.5905e+03	2.4e+00	1.4363e+04	9.4e+02
7.5937e+03	2.4e+00	1.2743e+04	8.5e+02
7.5969e+03	2.4e+00	9.9436e+03	6.6e+02
7.6001e+03	2.4e+00	7.1322e+03	5.0e+02
7.6033e+03	2.4e+00	5.2155e+03	3.7e+02
7.6066e+03	2.4e+00	4.1421e+03	2.7e+02
7.6098e+03	2.4e+00	3.8976e+03	2.6e+02
7.6130e+03	2.4e+00	4.8323e+03	3.4e+02
7.6162e+03	2.4e+00	6.6975e+03	4.7e+02
7.6194e+03	2.4e+00	8.5717e+03	5.5e+02
7.6227e+03	2.4e+00	9.0920e+03	5.9e+02
7.6259e+03	2.4e+00	8.4461e+03	6.1e+02
7.6291e+03	2.4e+00	7.7169e+03	5.9e+02
7.6323e+03	2.4e+00	7.2481e+03	5.5e+02
7.6355e+03	2.4e+00	7.2727e+03	5.6e+02
7.6387e+03	2.4e+00	7.4051e+03	5.7e+02
7.6419e+03	2.4e+00	7.8309e+03	5.9e+02
7.6452e+03	2.4e+00	8.3318e+03	6.0e+02
7.6484e+03	2.4e+00	8.8216e+03	5.9e+02
7.6516e+03	2.4e+00	9.4844e+03	6.8e+02
7.6548e+03	2.4e+00	9.8646e+03	7.3e+02
7.6580e+03	2.4e+00	1.0294e+04	7.4e+02
7.6612e+03	2.4e+00	1.0947e+04	7.8e+02
7.6644e+03	2.4e+00	1.1346e+04	8.2e+02
7.6676e+03	2.4e+00	1.1790e+04	8.1e+02
7.6709e+03	2.4e+00	1.2071e+04	8.0e+02
7.6741e+03	2.4e+00	1.2054e+04	8.6e+02
7.6773e+03	2.4e+00	1.2258e+04	8.7e+02
7.6805e+03	2.4e+00	1.2737e+04	9.0e+02
