# lambda [A]	Dlambda [A]	specval [counts]	Dspecval [counts]
3.5867e+03	2.4e+00	8.23440e+03	4.8e+02
3.5904e+03	2.4e+00	9.21860e+03	1.2e+02
3.5942e+03	2.4e+00	8.83087e+03	2.1e+02
3.5979e+03	2.4e+00	9.34977e+03	3.1e+02
3.6016e+03	2.4e+00	9.59989e+03	1.5e+02
3.6053e+03	2.4e+00	9.04642e+03	2.3e+02
3.6091e+03	2.4e+00	1.02428e+04	2.3e+02
3.6128e+03	2.4e+00	1.05283e+04	2.6e+01
3.6165e+03	2.4e+00	1.08158e+04	3.1e+02
3.6202e+03	2.4e+00	1.11558e+04	1.2e+02
3.6239e+03	2.4e+00	1.16843e+04	1.4e+02
3.6277e+03	2.4e+00	1.12082e+04	4.3e+02
3.6314e+03	2.4e+00	1.16504e+04	2.9e+02
3.6351e+03	2.4e+00	1.25023e+04	3.2e+02
3.6388e+03	2.4e+00	1.43321e+04	6.9e+02
3.6425e+03	2.4e+00	1.38911e+04	5.4e+02
3.6462e+03	2.4e+00	1.45839e+04	3.9e+02
3.6500e+03	2.4e+00	1.60576e+04	2.4e+02
3.6537e+03	2.4e+00	1.68194e+04	1.7e+02
3.6574e+03	2.4e+00	1.78123e+04	3.3e+02
3.6611e+03	2.4e+00	1.83737e+04	2.0e+01
3.6648e+03	2.4e+00	1.97128e+04	4.8e+02
3.6685e+03	2.4e+00	2.33390e+04	5.8e+02
3.6723e+03	2.4e+00	2.36944e+04	2.6e+02
3.6760e+03	2.4e+00	2.26105e+04	1.4e+02
3.6797e+03	2.4e+00	2.34512e+04	3.2e+02
3.6834e+03	2.4e+00	2.67526e+04	2.3e+02
3.6871e+03	2.4e+00	2.91589e+04	5.5e+02
3.6908e+03	2.4e+00	3.11350e+04	6.0e+01
3.6945e+03	2.4e+00	2.98444e+04	3.8e+02
3.6982e+03	2.4e+00	3.29107e+04	6.9e+02
3.7019e+03	2.4e+00	3.79472e+04	6.2e+02
3.7057e+03	2.4e+00	4.16716e+04	3.3e+02
3.7094e+03	2.4e+00	4.45557e+04	2.3e+02
3.7131e+03	2.4e+00	4.40696e+04	1.2e+02
3.7168e+03	2.4e+00	4.63374e+04	4.2e+02
3.7205e+03	2.4e+00	5.58413e+04	4.0e+02
3.7242e+03	2.4e+00	6.39741e+04	7.9e+02
3.7279e+03	2.4e+00	6.74092e+04	4.0e+02
3.7316e+03	2.4e+00	6.30159e+04	5.1e+02
3.7353e+03	2.4e+00	5.99254e+04	2.5e+02
3.7390e+03	2.4e+00	6.70930e+04	7.7e+02
3.7427e+03	2.4e+00	8.67267e+04	9.5e+02
3.7464e+03	2.4e+00	1.04377e+05	1.1e+03
3.7501e+03	2.4e+00	1.20487e+05	1.5e+03
3.7539e+03	2.4e+00	1.21715e+05	6.1e+02
3.7576e+03	2.4e+00	1.14956e+05	9.0e+02
3.7613e+03	2.4e+00	9.81987e+04	7.8e+02
3.7650e+03	2.4e+00	9.28351e+04	6.3e+02
3.7687e+03	2.4e+00	1.02312e+05	1.4e+03
3.7724e+03	2.4e+00	1.33899e+05	1.1e+03
3.7761e+03	2.4e+00	1.71296e+05	1.6e+03
3.7798e+03	2.4e+00	2.02348e+05	1.5e+03
3.7835e+03	2.4e+00	2.22807e+05	2.9e+02
3.7872e+03	2.4e+00	2.34872e+05	1.7e+03
3.7909e+03	2.4e+00	2.30848e+05	2.5e+03
3.7946e+03	2.4e+00	2.12469e+05	2.7e+03
3.7983e+03	2.4e+00	1.79506e+05	1.1e+03
3.8020e+03	2.4e+00	1.48149e+05	9.0e+02
3.8057e+03	2.4e+00	1.39552e+05	1.3e+03
3.8094e+03	2.4e+00	1.71340e+05	9.7e+02
3.8131e+03	2.4e+00	2.22937e+05	2.1e+03
3.8168e+03	2.4e+00	2.83318e+05	3.2e+03
3.8205e+03	2.4e+00	3.28339e+05	3.4e+03
3.8242e+03	2.4e+00	3.70557e+05	3.5e+03
3.8279e+03	2.4e+00	3.98862e+05	4.4e+03
3.8315e+03	2.4e+00	4.18101e+05	6.5e+03
3.8352e+03	2.4e+00	4.41834e+05	5.0e+03
3.8389e+03	2.4e+00	4.50753e+05	2.9e+03
3.8426e+03	2.4e+00	4.53785e+05	3.4e+03
3.8463e+03	2.4e+00	4.32809e+05	3.9e+03
3.8500e+03	2.4e+00	3.98440e+05	2.8e+03
3.8537e+03	2.4e+00	3.45275e+05	4.1e+03
3.8574e+03	2.4e+00	2.79861e+05	3.7e+03
3.8611e+03	2.4e+00	2.30588e+05	3.0e+03
3.8648e+03	2.4e+00	2.45541e+05	1.8e+03
3.8685e+03	2.4e+00	3.17123e+05	3.0e+03
3.8722e+03	2.4e+00	4.02247e+05	4.7e+03
3.8759e+03	2.4e+00	4.79994e+05	6.7e+03
3.8795e+03	2.4e+00	5.49608e+05	7.0e+03
3.8832e+03	2.4e+00	5.96834e+05	4.3e+03
3.8869e+03	2.4e+00	6.35788e+05	4.4e+03
3.8906e+03	2.4e+00	6.63257e+05	8.6e+03
3.8943e+03	2.4e+00	6.92990e+05	6.0e+03
3.8980e+03	2.4e+00	6.97029e+05	7.8e+03
3.9017e+03	2.4e+00	6.98622e+05	4.8e+03
3.9054e+03	2.4e+00	6.80775e+05	6.4e+03
3.9090e+03	2.4e+00	6.81187e+05	9.2e+03
3.9127e+03	2.4e+00	6.83095e+05	7.1e+03
3.9164e+03	2.4e+00	7.05422e+05	3.9e+03
3.9201e+03	2.4e+00	7.04695e+05	9.1e+03
3.9238e+03	2.4e+00	6.96377e+05	8.1e+03
3.9275e+03	2.4e+00	6.77733e+05	8.0e+03
3.9312e+03	2.4e+00	6.38447e+05	8.0e+03
3.9348e+03	2.4e+00	5.79857e+05	6.4e+03
3.9385e+03	2.4e+00	4.95328e+05	4.2e+03
3.9422e+03	2.4e+00	3.84353e+05	4.4e+03
3.9459e+03	2.4e+00	3.10644e+05	2.0e+03
3.9496e+03	2.4e+00	3.07819e+05	3.8e+03
3.9532e+03	2.4e+00	3.76297e+05	3.6e+03
3.9569e+03	2.4e+00	4.79510e+05	5.9e+03
3.9606e+03	2.4e+00	5.69103e+05	8.1e+03
3.9643e+03	2.4e+00	6.43445e+05	1.3e+04
3.9680e+03	2.4e+00	6.97940e+05	1.1e+04
3.9716e+03	2.4e+00	7.32671e+05	8.7e+03
3.9753e+03	2.4e+00	7.61461e+05	8.2e+03
3.9790e+03	2.4e+00	7.73016e+05	8.3e+03
3.9827e+03	2.4e+00	7.75856e+05	1.1e+04
3.9864e+03	2.4e+00	7.91818e+05	1.2e+04
3.9900e+03	2.4e+00	7.91820e+05	1.0e+04
3.9937e+03	2.4e+00	7.96663e+05	8.7e+03
3.9974e+03	2.4e+00	7.89324e+05	9.7e+03
4.0011e+03	2.4e+00	7.87067e+05	1.0e+04
4.0047e+03	2.4e+00	7.79490e+05	1.0e+04
4.0084e+03	2.4e+00	7.87173e+05	1.1e+04
4.0121e+03	2.4e+00	7.74188e+05	1.0e+04
4.0158e+03	2.4e+00	7.68806e+05	9.2e+03
4.0194e+03	2.4e+00	7.71017e+05	8.4e+03
4.0231e+03	2.4e+00	7.59923e+05	1.1e+04
4.0268e+03	2.4e+00	7.56208e+05	9.6e+03
4.0304e+03	2.4e+00	7.57908e+05	1.1e+04
4.0341e+03	2.4e+00	7.51164e+05	1.0e+04
4.0378e+03	2.4e+00	7.39841e+05	6.6e+03
4.0415e+03	2.4e+00	7.28408e+05	7.2e+03
4.0451e+03	2.4e+00	7.24755e+05	1.1e+04
4.0488e+03	2.4e+00	7.02935e+05	9.7e+03
4.0525e+03	2.4e+00	6.94562e+05	6.9e+03
4.0561e+03	2.4e+00	6.81315e+05	7.9e+03
4.0598e+03	2.4e+00	6.56773e+05	7.1e+03
4.0635e+03	2.4e+00	6.32085e+05	8.6e+03
4.0671e+03	2.4e+00	5.95048e+05	4.7e+03
4.0708e+03	2.4e+00	5.44640e+05	5.5e+03
4.0745e+03	2.4e+00	4.77183e+05	5.0e+03
4.0781e+03	2.4e+00	3.95037e+05	3.6e+03
4.0818e+03	2.4e+00	3.07675e+05	3.0e+03
4.0855e+03	2.4e+00	2.65565e+05	2.9e+03
4.0891e+03	2.4e+00	2.86675e+05	2.0e+03
4.0928e+03	2.4e+00	3.59721e+05	3.8e+03
4.0965e+03	2.4e+00	4.47077e+05	7.2e+03
4.1001e+03	2.4e+00	5.09965e+05	6.6e+03
4.1038e+03	2.4e+00	5.52541e+05	6.2e+03
4.1075e+03	2.4e+00	5.77308e+05	8.3e+03
4.1111e+03	2.4e+00	5.92738e+05	7.0e+03
4.1148e+03	2.4e+00	6.05982e+05	7.8e+03
4.1184e+03	2.4e+00	6.09189e+05	6.6e+03
4.1221e+03	2.4e+00	6.19527e+05	5.6e+03
4.1258e+03	2.4e+00	6.26956e+05	8.3e+03
4.1294e+03	2.4e+00	6.34336e+05	8.7e+03
4.1331e+03	2.4e+00	6.30469e+05	8.8e+03
4.1367e+03	2.4e+00	6.36642e+05	7.4e+03
4.1404e+03	2.4e+00	6.33474e+05	7.2e+03
4.1441e+03	2.4e+00	6.31191e+05	7.9e+03
4.1477e+03	2.4e+00	6.31027e+05	7.7e+03
4.1514e+03	2.4e+00	6.34305e+05	9.6e+03
4.1550e+03	2.4e+00	6.26003e+05	8.3e+03
4.1587e+03	2.4e+00	6.25056e+05	9.4e+03
4.1623e+03	2.4e+00	6.13767e+05	9.2e+03
4.1660e+03	2.4e+00	6.09895e+05	7.6e+03
4.1697e+03	2.4e+00	6.24412e+05	8.7e+03
4.1733e+03	2.4e+00	6.24396e+05	8.2e+03
4.1770e+03	2.4e+00	6.19771e+05	7.6e+03
4.1806e+03	2.4e+00	6.11916e+05	6.0e+03
4.1843e+03	2.4e+00	6.14500e+05	6.6e+03
4.1879e+03	2.4e+00	6.18204e+05	6.9e+03
4.1916e+03	2.4e+00	6.19720e+05	7.5e+03
4.1952e+03	2.4e+00	6.16764e+05	7.5e+03
4.1989e+03	2.4e+00	6.18086e+05	7.3e+03
4.2025e+03	2.4e+00	6.09279e+05	7.9e+03
4.2062e+03	2.4e+00	6.08214e+05	7.1e+03
4.2098e+03	2.4e+00	6.08129e+05	5.7e+03
4.2135e+03	2.4e+00	6.01633e+05	6.1e+03
4.2171e+03	2.4e+00	5.99434e+05	6.8e+03
4.2208e+03	2.4e+00	5.96241e+05	8.6e+03
4.2244e+03	2.4e+00	5.92472e+05	6.7e+03
4.2281e+03	2.4e+00	5.88777e+05	5.8e+03
4.2317e+03	2.4e+00	5.91417e+05	7.0e+03
4.2354e+03	2.4e+00	5.86575e+05	8.9e+03
4.2390e+03	2.4e+00	5.86383e+05	5.3e+03
4.2427e+03	2.4e+00	5.88595e+05	5.4e+03
4.2463e+03	2.4e+00	5.87027e+05	7.0e+03
4.2500e+03	2.4e+00	5.83009e+05	8.3e+03
4.2536e+03	2.4e+00	5.85413e+05	6.8e+03
4.2572e+03	2.4e+00	5.75459e+05	5.2e+03
4.2609e+03	2.4e+00	5.71960e+05	6.6e+03
4.2645e+03	2.4e+00	5.73606e+05	6.7e+03
4.2682e+03	2.4e+00	5.78634e+05	7.0e+03
4.2718e+03	2.4e+00	5.71027e+05	8.2e+03
4.2755e+03	2.4e+00	5.62816e+05	5.4e+03
4.2791e+03	2.4e+00	5.59480e+05	5.2e+03
4.2827e+03	2.4e+00	5.53930e+05	5.3e+03
4.2864e+03	2.4e+00	5.49107e+05	5.2e+03
4.2900e+03	2.4e+00	5.38286e+05	6.3e+03
4.2937e+03	2.4e+00	5.33489e+05	6.6e+03
4.2973e+03	2.4e+00	5.27268e+05	7.0e+03
4.3010e+03	2.4e+00	5.22282e+05	6.0e+03
4.3046e+03	2.4e+00	5.06698e+05	5.5e+03
4.3082e+03	2.4e+00	4.96426e+05	6.0e+03
4.3119e+03	2.4e+00	4.77150e+05	6.0e+03
4.3155e+03	2.4e+00	4.46698e+05	5.9e+03
4.3191e+03	2.4e+00	4.10446e+05	4.8e+03
4.3228e+03	2.4e+00	3.59359e+05	4.2e+03
4.3264e+03	2.4e+00	2.94977e+05	3.7e+03
4.3301e+03	2.4e+00	2.37586e+05	2.4e+03
4.3337e+03	2.4e+00	2.21410e+05	2.3e+03
4.3373e+03	2.4e+00	2.52064e+05	3.7e+03
4.3410e+03	2.4e+00	3.09923e+05	4.0e+03
4.3446e+03	2.4e+00	3.66424e+05	4.4e+03
4.3482e+03	2.4e+00	4.11994e+05	4.4e+03
4.3519e+03	2.4e+00	4.43444e+05	4.8e+03
4.3555e+03	2.4e+00	4.64234e+05	5.0e+03
4.3591e+03	2.4e+00	4.77498e+05	5.5e+03
4.3628e+03	2.4e+00	4.88006e+05	5.2e+03
4.3664e+03	2.4e+00	4.94418e+05	4.7e+03
4.3700e+03	2.4e+00	5.01269e+05	5.7e+03
4.3737e+03	2.4e+00	4.99155e+05	6.2e+03
4.3773e+03	2.4e+00	4.95785e+05	5.3e+03
4.3809e+03	2.4e+00	4.94576e+05	4.6e+03
4.3845e+03	2.4e+00	4.94547e+05	4.4e+03
4.3882e+03	2.4e+00	4.94595e+05	5.1e+03
4.3918e+03	2.4e+00	4.95511e+05	5.5e+03
4.3954e+03	2.4e+00	4.91914e+05	4.8e+03
4.3991e+03	2.4e+00	4.89611e+05	4.8e+03
4.4027e+03	2.4e+00	4.92591e+05	5.3e+03
4.4063e+03	2.4e+00	4.89090e+05	4.4e+03
4.4099e+03	2.4e+00	4.87078e+05	3.8e+03
4.4136e+03	2.4e+00	4.84584e+05	4.7e+03
4.4172e+03	2.4e+00	4.83052e+05	5.1e+03
4.4208e+03	2.4e+00	4.80452e+05	6.1e+03
4.4244e+03	2.4e+00	4.77978e+05	4.6e+03
4.4281e+03	2.4e+00	4.78361e+05	5.7e+03
4.4317e+03	2.4e+00	4.76345e+05	6.4e+03
4.4353e+03	2.4e+00	4.72970e+05	4.8e+03
4.4389e+03	2.4e+00	4.67943e+05	4.4e+03
4.4426e+03	2.4e+00	4.67664e+05	4.3e+03
4.4462e+03	2.4e+00	4.65177e+05	4.7e+03
4.4498e+03	2.4e+00	4.63255e+05	4.1e+03
4.4534e+03	2.4e+00	4.61368e+05	4.7e+03
4.4570e+03	2.4e+00	4.56978e+05	4.8e+03
4.4607e+03	2.4e+00	4.52722e+05	5.3e+03
4.4643e+03	2.4e+00	4.47905e+05	4.5e+03
4.4679e+03	2.4e+00	4.46642e+05	5.1e+03
4.4715e+03	2.4e+00	4.38626e+05	5.5e+03
4.4751e+03	2.4e+00	4.35646e+05	4.8e+03
4.4788e+03	2.4e+00	4.35875e+05	4.7e+03
4.4824e+03	2.4e+00	4.35869e+05	4.5e+03
4.4860e+03	2.4e+00	4.37419e+05	4.9e+03
4.4896e+03	2.4e+00	4.35046e+05	5.1e+03
4.4932e+03	2.4e+00	4.33152e+05	4.9e+03
4.4968e+03	2.4e+00	4.32573e+05	5.6e+03
4.5005e+03	2.4e+00	4.29800e+05	4.9e+03
4.5041e+03	2.4e+00	4.27723e+05	4.4e+03
4.5077e+03	2.4e+00	4.25345e+05	4.7e+03
4.5113e+03	2.4e+00	4.22268e+05	3.7e+03
4.5149e+03	2.4e+00	4.19429e+05	3.7e+03
4.5185e+03	2.4e+00	4.16792e+05	4.4e+03
4.5221e+03	2.4e+00	4.15642e+05	3.6e+03
4.5258e+03	2.4e+00	4.10720e+05	3.4e+03
4.5294e+03	2.4e+00	4.10304e+05	3.9e+03
4.5330e+03	2.4e+00	4.09716e+05	4.0e+03
4.5366e+03	2.4e+00	4.09815e+05	3.6e+03
4.5402e+03	2.4e+00	4.05233e+05	3.9e+03
4.5438e+03	2.4e+00	4.00920e+05	4.3e+03
4.5474e+03	2.4e+00	3.94599e+05	3.6e+03
4.5510e+03	2.4e+00	3.94234e+05	2.9e+03
4.5546e+03	2.4e+00	3.92524e+05	2.9e+03
4.5582e+03	2.4e+00	3.93379e+05	4.2e+03
4.5619e+03	2.4e+00	3.92815e+05	4.5e+03
4.5655e+03	2.4e+00	3.87433e+05	3.3e+03
4.5691e+03	2.4e+00	3.84635e+05	3.5e+03
4.5727e+03	2.4e+00	3.80271e+05	2.7e+03
4.5763e+03	2.4e+00	3.79969e+05	2.5e+03
4.5799e+03	2.4e+00	3.77755e+05	2.9e+03
4.5835e+03	2.4e+00	3.72622e+05	2.9e+03
4.5871e+03	2.4e+00	3.70687e+05	2.7e+03
4.5907e+03	2.4e+00	3.74721e+05	3.6e+03
4.5943e+03	2.4e+00	3.71495e+05	4.1e+03
4.5979e+03	2.4e+00	3.68458e+05	3.4e+03
4.6015e+03	2.4e+00	3.65238e+05	3.9e+03
4.6051e+03	2.4e+00	3.65352e+05	4.2e+03
4.6087e+03	2.4e+00	3.63154e+05	3.6e+03
4.6123e+03	2.4e+00	3.60697e+05	3.1e+03
4.6159e+03	2.4e+00	3.58273e+05	3.3e+03
4.6195e+03	2.4e+00	3.56569e+05	3.4e+03
4.6231e+03	2.4e+00	3.52926e+05	3.9e+03
4.6267e+03	2.4e+00	3.50595e+05	4.0e+03
4.6303e+03	2.4e+00	3.48896e+05	4.2e+03
4.6339e+03	2.4e+00	3.47328e+05	4.2e+03
4.6375e+03	2.4e+00	3.47006e+05	3.3e+03
4.6411e+03	2.4e+00	3.43930e+05	3.9e+03
4.6447e+03	2.4e+00	3.42272e+05	3.4e+03
4.6483e+03	2.4e+00	3.40951e+05	3.3e+03
4.6519e+03	2.4e+00	3.38148e+05	4.0e+03
4.6555e+03	2.4e+00	3.37738e+05	3.2e+03
4.6591e+03	2.4e+00	3.36026e+05	3.2e+03
4.6627e+03	2.4e+00	3.35070e+05	2.9e+03
4.6663e+03	2.4e+00	3.32046e+05	2.7e+03
4.6699e+03	2.4e+00	3.30386e+05	2.8e+03
4.6735e+03	2.4e+00	3.26972e+05	2.3e+03
4.6771e+03	2.4e+00	3.23905e+05	3.0e+03
4.6807e+03	2.4e+00	3.23446e+05	3.9e+03
4.6843e+03	2.4e+00	3.21423e+05	3.6e+03
4.6879e+03	2.4e+00	3.20855e+05	2.6e+03
4.6915e+03	2.4e+00	3.20732e+05	1.4e+03
4.6950e+03	2.4e+00	3.19198e+05	2.3e+03
4.6986e+03	2.4e+00	3.15930e+05	2.4e+03
4.7022e+03	2.4e+00	3.14041e+05	1.4e+03
4.7058e+03	2.4e+00	3.10184e+05	1.3e+03
4.7094e+03	2.4e+00	3.08659e+05	1.9e+03
4.7130e+03	2.4e+00	3.06142e+05	1.7e+03
4.7166e+03	2.4e+00	3.06358e+05	2.0e+03
4.7202e+03	2.4e+00	3.06165e+05	1.8e+03
4.7238e+03	2.4e+00	3.03835e+05	3.1e+03
4.7274e+03	2.4e+00	3.00632e+05	2.8e+03
4.7309e+03	2.4e+00	2.98660e+05	1.9e+03
4.7345e+03	2.4e+00	2.98222e+05	1.7e+03
4.7381e+03	2.4e+00	2.95965e+05	2.4e+03
4.7417e+03	2.4e+00	2.95086e+05	2.0e+03
4.7453e+03	2.4e+00	2.92117e+05	2.6e+03
4.7489e+03	2.4e+00	2.88992e+05	2.8e+03
4.7525e+03	2.4e+00	2.88117e+05	1.9e+03
4.7560e+03	2.4e+00	2.87225e+05	2.1e+03
4.7596e+03	2.4e+00	2.83889e+05	2.0e+03
4.7632e+03	2.4e+00	2.82763e+05	1.6e+03
4.7668e+03	2.4e+00	2.78724e+05	2.0e+03
4.7704e+03	2.4e+00	2.75921e+05	2.0e+03
4.7740e+03	2.4e+00	2.74997e+05	2.6e+03
4.7775e+03	2.4e+00	2.74003e+05	2.6e+03
4.7811e+03	2.4e+00	2.71683e+05	2.9e+03
4.7847e+03	2.4e+00	2.70448e+05	2.9e+03
4.7883e+03	2.4e+00	2.68089e+05	2.4e+03
4.7919e+03	2.4e+00	2.67262e+05	2.2e+03
4.7954e+03	2.4e+00	2.66208e+05	2.7e+03
4.7990e+03	2.4e+00	2.62208e+05	2.7e+03
4.8026e+03	2.4e+00	2.61756e+05	2.5e+03
4.8062e+03	2.4e+00	2.57891e+05	2.2e+03
4.8098e+03	2.4e+00	2.56631e+05	1.7e+03
4.8133e+03	2.4e+00	2.55267e+05	1.7e+03
4.8169e+03	2.4e+00	2.52332e+05	1.8e+03
4.8205e+03	2.4e+00	2.49555e+05	1.8e+03
4.8241e+03	2.4e+00	2.46842e+05	2.0e+03
4.8276e+03	2.4e+00	2.44206e+05	2.1e+03
4.8312e+03	2.4e+00	2.40163e+05	2.3e+03
4.8348e+03	2.4e+00	2.35089e+05	1.9e+03
4.8384e+03	2.4e+00	2.26888e+05	1.4e+03
4.8419e+03	2.4e+00	2.17997e+05	1.2e+03
4.8455e+03	2.4e+00	2.06071e+05	1.6e+03
4.8491e+03	2.4e+00	1.91850e+05	8.2e+02
4.8527e+03	2.4e+00	1.70627e+05	7.7e+02
4.8562e+03	2.4e+00	1.45911e+05	9.8e+02
4.8598e+03	2.4e+00	1.21364e+05	6.6e+02
4.8634e+03	2.4e+00	1.13208e+05	5.7e+02
4.8669e+03	2.4e+00	1.23421e+05	8.3e+02
4.8705e+03	2.4e+00	1.44964e+05	1.1e+03
4.8741e+03	2.4e+00	1.68627e+05	1.1e+03
4.8777e+03	2.4e+00	1.86135e+05	1.3e+03
4.8812e+03	2.4e+00	1.97740e+05	9.5e+02
4.8848e+03	2.4e+00	2.07259e+05	7.2e+02
4.8884e+03	2.4e+00	2.12773e+05	1.5e+03
4.8919e+03	2.4e+00	2.17275e+05	1.6e+03
4.8955e+03	2.4e+00	2.20565e+05	1.0e+03
4.8991e+03	2.4e+00	2.23873e+05	1.2e+03
4.9026e+03	2.4e+00	2.24045e+05	1.2e+03
4.9062e+03	2.4e+00	2.24733e+05	8.9e+02
4.9098e+03	2.4e+00	2.23149e+05	1.1e+03
4.9133e+03	2.4e+00	2.22871e+05	9.2e+02
4.9169e+03	2.4e+00	2.23547e+05	8.9e+02
4.9205e+03	2.4e+00	2.20181e+05	7.2e+02
4.9240e+03	2.4e+00	2.18295e+05	1.3e+03
4.9276e+03	2.4e+00	2.17825e+05	1.4e+03
4.9312e+03	2.4e+00	2.17458e+05	1.1e+03
4.9347e+03	2.4e+00	2.19197e+05	1.0e+03
4.9383e+03	2.4e+00	2.19875e+05	1.1e+03
4.9418e+03	2.4e+00	2.18110e+05	1.3e+03
4.9454e+03	2.4e+00	2.17367e+05	1.3e+03
4.9490e+03	2.4e+00	2.16469e+05	1.6e+03
4.9525e+03	2.4e+00	2.15910e+05	1.7e+03
4.9561e+03	2.4e+00	2.15429e+05	1.2e+03
4.9596e+03	2.4e+00	2.14400e+05	1.2e+03
4.9632e+03	2.4e+00	2.14449e+05	1.6e+03
4.9668e+03	2.4e+00	2.13048e+05	1.7e+03
4.9703e+03	2.4e+00	2.11804e+05	1.7e+03
4.9739e+03	2.4e+00	2.10647e+05	1.3e+03
4.9774e+03	2.4e+00	2.09713e+05	1.5e+03
4.9810e+03	2.4e+00	2.09037e+05	1.3e+03
4.9845e+03	2.4e+00	2.09177e+05	1.2e+03
4.9881e+03	2.4e+00	2.08689e+05	1.6e+03
4.9917e+03	2.4e+00	2.05737e+05	2.0e+03
4.9952e+03	2.4e+00	2.04666e+05	1.4e+03
4.9988e+03	2.4e+00	2.03768e+05	9.1e+02
5.0023e+03	2.4e+00	2.02226e+05	1.1e+03
5.0059e+03	2.4e+00	2.00793e+05	1.4e+03
5.0094e+03	2.4e+00	1.99589e+05	1.3e+03
5.0130e+03	2.4e+00	1.99169e+05	8.9e+02
5.0165e+03	2.4e+00	1.97371e+05	9.2e+02
5.0201e+03	2.4e+00	1.94847e+05	8.5e+02
5.0236e+03	2.4e+00	1.92348e+05	9.9e+02
5.0272e+03	2.4e+00	1.94100e+05	1.1e+03
5.0307e+03	2.4e+00	1.93461e+05	4.2e+02
5.0343e+03	2.4e+00	1.92350e+05	3.8e+02
5.0378e+03	2.4e+00	1.91360e+05	6.0e+02
5.0414e+03	2.4e+00	1.89601e+05	1.2e+03
5.0449e+03	2.4e+00	1.88527e+05	1.2e+03
5.0485e+03	2.4e+00	1.88147e+05	4.2e+02
5.0520e+03	2.4e+00	1.87898e+05	3.1e+01
5.0556e+03	2.4e+00	1.85273e+05	4.8e+02
5.0591e+03	2.4e+00	1.84439e+05	7.5e+02
5.0627e+03	2.4e+00	1.82922e+05	9.1e+02
5.0662e+03	2.4e+00	1.84082e+05	1.1e+03
5.0698e+03	2.4e+00	1.84004e+05	1.1e+03
5.0733e+03	2.4e+00	1.81848e+05	6.3e+02
5.0769e+03	2.4e+00	1.80537e+05	8.3e+02
5.0804e+03	2.4e+00	1.80411e+05	9.3e+02
5.0840e+03	2.4e+00	1.79582e+05	7.2e+02
5.0875e+03	2.4e+00	1.80104e+05	6.9e+02
5.0910e+03	2.4e+00	1.79456e+05	8.4e+02
5.0946e+03	2.4e+00	1.77620e+05	1.1e+03
5.0981e+03	2.4e+00	1.76975e+05	1.0e+03
5.1017e+03	2.4e+00	1.76631e+05	1.0e+03
5.1052e+03	2.4e+00	1.75919e+05	1.1e+03
5.1088e+03	2.4e+00	1.75141e+05	9.9e+02
5.1123e+03	2.4e+00	1.75009e+05	1.1e+03
5.1158e+03	2.4e+00	1.74099e+05	9.8e+02
5.1194e+03	2.4e+00	1.73246e+05	1.0e+03
5.1229e+03	2.4e+00	1.71727e+05	1.3e+03
5.1265e+03	2.4e+00	1.70841e+05	1.3e+03
5.1300e+03	2.4e+00	1.69593e+05	1.1e+03
5.1335e+03	2.4e+00	1.68332e+05	9.2e+02
5.1371e+03	2.4e+00	1.67963e+05	9.9e+02
5.1406e+03	2.4e+00	1.67437e+05	1.0e+03
5.1441e+03	2.4e+00	1.64963e+05	1.0e+03
5.1477e+03	2.4e+00	1.64523e+05	1.2e+03
5.1512e+03	2.4e+00	1.62977e+05	1.1e+03
5.1548e+03	2.4e+00	1.61798e+05	1.0e+03
5.1583e+03	2.4e+00	1.61823e+05	8.0e+02
5.1618e+03	2.4e+00	1.60521e+05	7.0e+02
5.1654e+03	2.4e+00	1.59934e+05	6.4e+02
5.1689e+03	2.4e+00	1.57182e+05	8.7e+02
5.1724e+03	2.4e+00	1.55150e+05	6.2e+02
5.1760e+03	2.4e+00	1.54801e+05	4.9e+02
5.1795e+03	2.4e+00	1.54798e+05	5.7e+02
5.1830e+03	2.4e+00	1.54135e+05	7.4e+02
5.1866e+03	2.4e+00	1.55278e+05	4.5e+02
5.1901e+03	2.4e+00	1.53120e+05	5.4e+02
5.1936e+03	2.4e+00	1.52607e+05	2.1e+02
5.1971e+03	2.4e+00	1.52861e+05	2.1e+02
5.2007e+03	2.4e+00	1.52672e+05	3.1e+02
5.2042e+03	2.4e+00	1.52129e+05	7.0e+01
5.2077e+03	2.4e+00	1.52319e+05	1.5e+02
5.2113e+03	2.4e+00	1.51531e+05	3.1e+02
5.2148e+03	2.4e+00	1.50401e+05	8.6e+02
5.2183e+03	2.4e+00	1.50309e+05	6.4e+02
5.2219e+03	2.4e+00	1.49518e+05	7.8e+02
5.2254e+03	2.4e+00	1.48466e+05	6.9e+02
5.2289e+03	2.4e+00	1.47189e+05	4.6e+02
5.2324e+03	2.4e+00	1.45064e+05	5.0e+02
5.2360e+03	2.4e+00	1.44702e+05	7.2e+02
5.2395e+03	2.4e+00	1.43879e+05	8.7e+02
5.2430e+03	2.4e+00	1.43694e+05	9.5e+02
5.2465e+03	2.4e+00	1.43927e+05	8.0e+02
5.2501e+03	2.4e+00	1.42454e+05	8.2e+02
5.2536e+03	2.4e+00	1.41589e+05	8.2e+02
5.2571e+03	2.4e+00	1.41425e+05	6.4e+02
5.2606e+03	2.4e+00	1.39987e+05	4.9e+02
5.2641e+03	2.4e+00	1.38598e+05	6.2e+02
5.2677e+03	2.4e+00	1.38114e+05	8.1e+02
5.2712e+03	2.4e+00	1.37347e+05	8.1e+02
5.2747e+03	2.4e+00	1.36463e+05	7.8e+02
5.2782e+03	2.4e+00	1.35100e+05	7.9e+02
5.2817e+03	2.4e+00	1.33694e+05	8.2e+02
5.2853e+03	2.4e+00	1.33343e+05	9.7e+02
5.2888e+03	2.4e+00	1.33679e+05	9.2e+02
5.2923e+03	2.4e+00	1.33775e+05	9.9e+02
5.2958e+03	2.4e+00	1.32904e+05	7.0e+02
5.2993e+03	2.4e+00	1.32360e+05	7.1e+02
5.3029e+03	2.4e+00	1.31064e+05	7.8e+02
5.3064e+03	2.4e+00	1.30970e+05	7.6e+02
5.3099e+03	2.4e+00	1.30281e+05	8.0e+02
5.3134e+03	2.4e+00	1.29480e+05	7.0e+02
5.3169e+03	2.4e+00	1.27927e+05	7.0e+02
5.3204e+03	2.4e+00	1.27261e+05	7.6e+02
5.3240e+03	2.4e+00	1.25790e+05	7.7e+02
5.3275e+03	2.4e+00	1.26265e+05	7.0e+02
5.3310e+03	2.4e+00	1.26164e+05	7.5e+02
5.3345e+03	2.4e+00	1.25047e+05	5.3e+02
5.3380e+03	2.4e+00	1.24836e+05	4.2e+02
5.3415e+03	2.4e+00	1.24858e+05	6.9e+02
5.3450e+03	2.4e+00	1.25192e+05	8.2e+02
5.3485e+03	2.4e+00	1.24580e+05	5.8e+02
5.3521e+03	2.4e+00	1.24598e+05	4.4e+02
5.3556e+03	2.4e+00	1.25133e+05	8.5e+02
5.3591e+03	2.4e+00	1.24268e+05	6.6e+02
5.3626e+03	2.4e+00	1.22330e+05	4.2e+02
5.3661e+03	2.4e+00	1.21666e+05	4.0e+02
5.3696e+03	2.4e+00	1.21300e+05	3.4e+02
5.3731e+03	2.4e+00	1.20685e+05	3.8e+02
5.3766e+03	2.4e+00	1.20389e+05	4.1e+02
5.3801e+03	2.4e+00	1.20624e+05	6.0e+02
5.3836e+03	2.4e+00	1.19866e+05	6.1e+02
5.3871e+03	2.4e+00	1.19046e+05	3.7e+02
5.3907e+03	2.4e+00	1.18552e+05	5.7e+02
5.3942e+03	2.4e+00	1.18130e+05	7.6e+02
5.3977e+03	2.4e+00	1.17313e+05	9.8e+02
5.4012e+03	2.4e+00	1.16828e+05	6.4e+02
5.4047e+03	2.4e+00	1.16232e+05	6.3e+02
5.4082e+03	2.4e+00	1.15455e+05	8.4e+02
5.4117e+03	2.4e+00	1.14699e+05	7.6e+02
5.4152e+03	2.4e+00	1.13684e+05	6.9e+02
5.4187e+03	2.4e+00	1.12859e+05	9.4e+02
5.4222e+03	2.4e+00	1.12495e+05	9.5e+02
5.4257e+03	2.4e+00	1.12623e+05	7.6e+02
5.4292e+03	2.4e+00	1.12518e+05	9.8e+02
5.4327e+03	2.4e+00	1.11230e+05	7.9e+02
5.4362e+03	2.4e+00	1.11684e+05	7.8e+02
5.4397e+03	2.4e+00	1.11174e+05	8.2e+02
5.4432e+03	2.4e+00	1.11209e+05	6.8e+02
5.4467e+03	2.4e+00	1.10106e+05	7.1e+02
5.4502e+03	2.4e+00	1.08901e+05	3.1e+02
5.4537e+03	2.4e+00	1.08626e+05	3.9e+02
5.4572e+03	2.4e+00	1.08513e+05	7.3e+02
5.4607e+03	2.4e+00	1.07624e+05	6.7e+02
5.4642e+03	2.4e+00	1.06917e+05	7.9e+02
5.4677e+03	2.4e+00	1.07263e+05	6.0e+02
5.4712e+03	2.4e+00	1.07011e+05	7.3e+02
5.4747e+03	2.4e+00	1.06524e+05	7.9e+02
5.4782e+03	2.4e+00	1.06126e+05	8.2e+02
5.4817e+03	2.4e+00	1.05309e+05	6.1e+02
5.4852e+03	2.4e+00	1.05116e+05	4.4e+02
5.4887e+03	2.4e+00	1.04446e+05	4.6e+02
5.4922e+03	2.4e+00	1.04432e+05	9.0e+02
5.4956e+03	2.4e+00	1.04609e+05	7.3e+02
5.4991e+03	2.4e+00	1.03599e+05	5.8e+02
5.5026e+03	2.4e+00	1.02733e+05	7.1e+02
5.5061e+03	2.4e+00	1.02255e+05	6.6e+02
5.5096e+03	2.4e+00	1.01646e+05	7.5e+02
5.5131e+03	2.4e+00	1.01644e+05	6.3e+02
5.5166e+03	2.4e+00	1.02085e+05	4.0e+02
5.5201e+03	2.4e+00	1.01594e+05	3.5e+02
5.5236e+03	2.4e+00	1.00503e+05	6.0e+02
5.5271e+03	2.4e+00	1.00516e+05	3.3e+02
5.5306e+03	2.4e+00	1.00222e+05	3.0e+02
5.5340e+03	2.4e+00	9.93180e+04	4.4e+02
5.5375e+03	2.4e+00	9.86472e+04	3.8e+02
5.5410e+03	2.4e+00	9.80414e+04	3.9e+02
5.5445e+03	2.4e+00	9.80287e+04	7.5e+02
5.5480e+03	2.4e+00	9.78151e+04	6.5e+02
5.5515e+03	2.4e+00	9.71586e+04	6.4e+02
5.5550e+03	2.4e+00	9.74367e+04	6.8e+02
5.5585e+03	2.4e+00	9.72416e+04	6.4e+02
5.5619e+03	2.4e+00	9.63827e+04	6.1e+02
5.5654e+03	2.4e+00	9.56274e+04	5.8e+02
5.5689e+03	2.4e+00	9.48580e+04	4.8e+02
5.5724e+03	2.4e+00	9.38959e+04	5.2e+02
5.5759e+03	2.4e+00	9.41024e+04	5.9e+02
5.5794e+03	2.4e+00	9.37685e+04	6.0e+02
5.5828e+03	2.4e+00	9.36970e+04	5.9e+02
5.5863e+03	2.4e+00	9.29605e+04	6.0e+02
5.5898e+03	2.4e+00	9.24655e+04	5.2e+02
5.5933e+03	2.4e+00	9.26154e+04	3.9e+02
5.5968e+03	2.4e+00	9.18002e+04	5.1e+02
5.6002e+03	2.4e+00	9.13794e+04	5.6e+02
5.6037e+03	2.4e+00	9.11969e+04	6.2e+02
5.6072e+03	2.4e+00	9.13511e+04	6.0e+02
5.6107e+03	2.4e+00	9.07490e+04	6.5e+02
5.6142e+03	2.4e+00	9.00873e+04	6.8e+02
5.6176e+03	2.4e+00	9.03115e+04	7.5e+02
5.6211e+03	2.4e+00	8.99346e+04	9.2e+02
5.6246e+03	2.4e+00	8.91450e+04	7.9e+02
5.6281e+03	2.4e+00	8.89807e+04	7.5e+02
5.6315e+03	2.4e+00	8.83730e+04	7.5e+02
5.6350e+03	2.4e+00	8.82643e+04	7.1e+02
5.6385e+03	2.4e+00	8.81727e+04	6.5e+02
5.6420e+03	2.4e+00	8.82285e+04	7.1e+02
5.6454e+03	2.4e+00	8.75708e+04	8.5e+02
5.6489e+03	2.4e+00	8.74284e+04	5.2e+02
5.6524e+03	2.4e+00	8.76561e+04	2.5e+02
5.6559e+03	2.4e+00	8.67384e+04	5.1e+02
5.6593e+03	2.4e+00	8.58261e+04	6.2e+02
5.6628e+03	2.4e+00	8.64323e+04	5.8e+02
5.6663e+03	2.4e+00	8.55467e+04	3.1e+02
5.6698e+03	2.4e+00	8.54744e+04	3.3e+02
5.6732e+03	2.4e+00	8.59411e+04	4.1e+02
5.6767e+03	2.4e+00	8.53910e+04	4.8e+02
5.6802e+03	2.4e+00	8.50812e+04	5.5e+02
5.6836e+03	2.4e+00	8.44562e+04	3.6e+02
5.6871e+03	2.4e+00	8.32172e+04	4.7e+02
5.6906e+03	2.4e+00	8.28404e+04	4.9e+02
5.6940e+03	2.4e+00	8.27928e+04	4.5e+02
5.6975e+03	2.4e+00	8.32700e+04	4.3e+02
5.7010e+03	2.4e+00	8.27367e+04	4.1e+02
5.7045e+03	2.4e+00	8.20932e+04	3.8e+02
5.7079e+03	2.4e+00	8.16985e+04	3.3e+02
5.7114e+03	2.4e+00	8.12220e+04	5.5e+02
5.7149e+03	2.4e+00	8.09390e+04	6.8e+02
5.7183e+03	2.4e+00	8.06198e+04	7.4e+02
5.7218e+03	2.4e+00	8.04639e+04	4.5e+02
5.7252e+03	2.4e+00	8.01258e+04	5.5e+02
5.7287e+03	2.4e+00	8.00152e+04	7.4e+02
5.7322e+03	2.4e+00	7.99665e+04	5.1e+02
5.7356e+03	2.4e+00	7.91492e+04	4.3e+02
5.7391e+03	2.4e+00	7.84926e+04	3.8e+02
5.7426e+03	2.4e+00	7.82408e+04	6.1e+02
5.7460e+03	2.4e+00	7.80734e+04	5.9e+02
5.7495e+03	2.4e+00	7.83052e+04	5.2e+02
5.7529e+03	2.4e+00	7.80976e+04	4.7e+02
5.7564e+03	2.4e+00	7.75387e+04	3.6e+02
5.7599e+03	2.4e+00	7.69440e+04	4.8e+02
5.7633e+03	2.4e+00	7.65905e+04	5.3e+02
5.7668e+03	2.4e+00	7.64242e+04	6.3e+02
5.7702e+03	2.4e+00	7.65668e+04	7.0e+02
5.7737e+03	2.4e+00	7.65194e+04	6.0e+02
5.7772e+03	2.4e+00	7.61772e+04	3.9e+02
5.7806e+03	2.4e+00	7.61955e+04	4.2e+02
5.7841e+03	2.4e+00	7.57974e+04	4.7e+02
5.7875e+03	2.4e+00	7.54858e+04	6.4e+02
5.7910e+03	2.4e+00	7.53529e+04	6.9e+02
5.7944e+03	2.4e+00	7.49113e+04	7.3e+02
5.7979e+03	2.4e+00	7.45063e+04	7.7e+02
5.8014e+03	2.4e+00	7.47119e+04	7.2e+02
5.8048e+03	2.4e+00	7.50890e+04	6.8e+02
5.8083e+03	2.4e+00	7.44662e+04	5.7e+02
5.8117e+03	2.4e+00	7.39914e+04	6.5e+02
5.8152e+03	2.4e+00	7.40696e+04	6.9e+02
5.8186e+03	2.4e+00	7.43499e+04	5.5e+02
5.8221e+03	2.4e+00	7.42209e+04	6.2e+02
5.8255e+03	2.4e+00	7.42693e+04	5.3e+02
5.8290e+03	2.4e+00	7.38853e+04	5.7e+02
5.8324e+03	2.4e+00	7.35092e+04	6.3e+02
5.8359e+03	2.4e+00	7.34852e+04	5.4e+02
5.8393e+03	2.4e+00	7.36866e+04	5.2e+02
5.8428e+03	2.4e+00	7.32598e+04	6.1e+02
5.8462e+03	2.4e+00	7.31755e+04	4.2e+02
5.8497e+03	2.4e+00	7.31546e+04	6.0e+02
5.8531e+03	2.4e+00	7.25631e+04	4.8e+02
5.8566e+03	2.4e+00	7.23274e+04	5.1e+02
5.8600e+03	2.4e+00	7.21828e+04	4.0e+02
5.8635e+03	2.4e+00	7.17562e+04	3.1e+02
5.8669e+03	2.4e+00	7.18868e+04	3.1e+02
5.8704e+03	2.4e+00	7.13515e+04	3.4e+02
5.8738e+03	2.4e+00	7.08907e+04	6.2e+02
5.8773e+03	2.4e+00	7.09518e+04	5.5e+02
5.8807e+03	2.4e+00	7.06681e+04	5.3e+02
5.8841e+03	2.4e+00	7.01376e+04	6.2e+02
5.8876e+03	2.4e+00	6.92405e+04	6.5e+02
5.8910e+03	2.4e+00	6.85628e+04	5.1e+02
5.8945e+03	2.4e+00	6.80509e+04	5.3e+02
5.8979e+03	2.4e+00	6.79921e+04	5.1e+02
5.9014e+03	2.4e+00	6.83009e+04	5.3e+02
5.9048e+03	2.4e+00	6.87871e+04	6.0e+02
5.9082e+03	2.4e+00	6.89436e+04	5.8e+02
5.9117e+03	2.4e+00	6.87939e+04	4.8e+02
5.9151e+03	2.4e+00	6.82711e+04	7.0e+02
5.9186e+03	2.4e+00	6.84213e+04	6.5e+02
5.9220e+03	2.4e+00	6.77900e+04	5.7e+02
5.9254e+03	2.4e+00	6.75849e+04	5.6e+02
5.9289e+03	2.4e+00	6.77350e+04	5.3e+02
5.9323e+03	2.4e+00	6.73649e+04	5.2e+02
5.9358e+03	2.4e+00	6.74579e+04	6.4e+02
5.9392e+03	2.4e+00	6.71484e+04	6.2e+02
5.9426e+03	2.4e+00	6.70403e+04	6.2e+02
5.9461e+03	2.4e+00	6.61718e+04	6.0e+02
5.9495e+03	2.4e+00	6.60160e+04	5.7e+02
5.9529e+03	2.4e+00	6.61642e+04	5.8e+02
5.9564e+03	2.4e+00	6.60861e+04	5.9e+02
5.9598e+03	2.4e+00	6.58911e+04	6.5e+02
5.9633e+03	2.4e+00	6.59788e+04	6.3e+02
5.9667e+03	2.4e+00	6.58665e+04	7.5e+02
5.9701e+03	2.4e+00	6.60962e+04	7.4e+02
5.9736e+03	2.4e+00	6.57364e+04	5.7e+02
5.9770e+03	2.4e+00	6.53113e+04	5.6e+02
5.9804e+03	2.4e+00	6.51205e+04	5.0e+02
5.9838e+03	2.4e+00	6.52322e+04	5.3e+02
5.9873e+03	2.4e+00	6.49704e+04	7.1e+02
5.9907e+03	2.4e+00	6.49091e+04	7.6e+02
5.9941e+03	2.4e+00	6.45590e+04	6.3e+02
5.9976e+03	2.4e+00	6.44952e+04	5.6e+02
6.0010e+03	2.4e+00	6.42093e+04	4.6e+02
6.0044e+03	2.4e+00	6.37122e+04	5.3e+02
6.0079e+03	2.4e+00	6.35891e+04	5.0e+02
6.0113e+03	2.4e+00	6.37474e+04	6.8e+02
6.0147e+03	2.4e+00	6.38356e+04	6.8e+02
6.0181e+03	2.4e+00	6.39395e+04	6.6e+02
6.0216e+03	2.4e+00	6.37635e+04	6.6e+02
6.0250e+03	2.4e+00	6.35524e+04	7.0e+02
6.0284e+03	2.4e+00	6.30713e+04	7.3e+02
6.0318e+03	2.4e+00	6.28123e+04	5.8e+02
6.0353e+03	2.4e+00	6.28919e+04	6.3e+02
6.0387e+03	2.4e+00	6.33190e+04	6.9e+02
6.0421e+03	2.4e+00	6.27149e+04	5.8e+02
6.0455e+03	2.4e+00	6.18207e+04	4.2e+02
6.0490e+03	2.4e+00	6.17498e+04	4.2e+02
6.0524e+03	2.4e+00	6.20294e+04	5.7e+02
6.0558e+03	2.4e+00	6.18265e+04	6.1e+02
6.0592e+03	2.4e+00	6.15285e+04	6.4e+02
6.0627e+03	2.4e+00	6.11330e+04	5.1e+02
6.0661e+03	2.4e+00	6.11321e+04	5.9e+02
6.0695e+03	2.4e+00	6.11562e+04	6.4e+02
6.0729e+03	2.4e+00	6.08365e+04	5.3e+02
6.0763e+03	2.4e+00	6.05989e+04	6.2e+02
6.0798e+03	2.4e+00	6.03347e+04	6.6e+02
6.0832e+03	2.4e+00	6.02639e+04	6.4e+02
6.0866e+03	2.4e+00	6.04693e+04	6.3e+02
6.0900e+03	2.4e+00	6.04711e+04	7.7e+02
6.0934e+03	2.4e+00	6.04428e+04	8.6e+02
6.0969e+03	2.4e+00	6.03120e+04	8.7e+02
6.1003e+03	2.4e+00	6.03345e+04	8.1e+02
6.1037e+03	2.4e+00	5.96549e+04	7.5e+02
6.1071e+03	2.4e+00	5.95315e+04	8.5e+02
6.1105e+03	2.4e+00	5.90651e+04	9.1e+02
6.1139e+03	2.4e+00	5.90773e+04	8.6e+02
6.1174e+03	2.4e+00	5.88376e+04	7.2e+02
6.1208e+03	2.4e+00	5.87411e+04	6.7e+02
6.1242e+03	2.4e+00	5.85640e+04	8.8e+02
6.1276e+03	2.4e+00	5.85099e+04	9.0e+02
6.1310e+03	2.4e+00	5.84190e+04	7.3e+02
6.1344e+03	2.4e+00	5.86986e+04	6.8e+02
6.1378e+03	2.4e+00	5.84965e+04	7.9e+02
6.1412e+03	2.4e+00	5.82454e+04	8.1e+02
6.1447e+03	2.4e+00	5.81566e+04	7.7e+02
6.1481e+03	2.4e+00	5.74302e+04	6.6e+02
6.1515e+03	2.4e+00	5.71466e+04	6.3e+02
6.1549e+03	2.4e+00	5.71702e+04	6.6e+02
6.1583e+03	2.4e+00	5.68264e+04	5.7e+02
6.1617e+03	2.4e+00	5.67452e+04	6.2e+02
6.1651e+03	2.4e+00	5.66504e+04	8.0e+02
6.1685e+03	2.4e+00	5.69916e+04	7.4e+02
6.1719e+03	2.4e+00	5.75014e+04	6.7e+02
6.1753e+03	2.4e+00	5.72403e+04	7.7e+02
6.1787e+03	2.4e+00	5.71060e+04	6.3e+02
6.1822e+03	2.4e+00	5.71053e+04	6.0e+02
6.1856e+03	2.4e+00	5.68546e+04	7.2e+02
6.1890e+03	2.4e+00	5.64907e+04	7.5e+02
6.1924e+03	2.4e+00	5.63793e+04	7.0e+02
6.1958e+03	2.4e+00	5.59701e+04	7.0e+02
6.1992e+03	2.4e+00	5.57704e+04	7.8e+02
6.2026e+03	2.4e+00	5.55308e+04	7.6e+02
6.2060e+03	2.4e+00	5.56647e+04	6.9e+02
6.2094e+03	2.4e+00	5.57680e+04	6.6e+02
6.2128e+03	2.4e+00	5.54232e+04	7.2e+02
6.2162e+03	2.4e+00	5.51906e+04	7.8e+02
6.2196e+03	2.4e+00	5.47437e+04	7.4e+02
6.2230e+03	2.4e+00	5.50358e+04	7.5e+02
6.2264e+03	2.4e+00	5.49268e+04	8.4e+02
6.2298e+03	2.4e+00	5.45808e+04	7.9e+02
6.2332e+03	2.4e+00	5.44632e+04	6.9e+02
6.2366e+03	2.4e+00	5.43949e+04	6.3e+02
6.2400e+03	2.4e+00	5.44118e+04	7.4e+02
6.2434e+03	2.4e+00	5.36548e+04	7.0e+02
6.2468e+03	2.4e+00	5.36665e+04	7.2e+02
6.2502e+03	2.4e+00	5.37929e+04	9.1e+02
6.2536e+03	2.4e+00	5.36967e+04	8.7e+02
6.2570e+03	2.4e+00	5.35922e+04	8.9e+02
6.2604e+03	2.4e+00	5.35218e+04	8.9e+02
6.2638e+03	2.4e+00	5.33906e+04	7.3e+02
6.2672e+03	2.4e+00	5.30818e+04	8.2e+02
6.2706e+03	2.4e+00	5.24228e+04	7.9e+02
6.2740e+03	2.4e+00	5.16321e+04	6.5e+02
6.2774e+03	2.4e+00	5.07892e+04	5.3e+02
6.2808e+03	2.4e+00	5.04173e+04	6.8e+02
6.2841e+03	2.4e+00	5.11637e+04	9.7e+02
6.2875e+03	2.4e+00	5.15484e+04	9.4e+02
6.2909e+03	2.4e+00	5.15083e+04	8.4e+02
6.2943e+03	2.4e+00	5.13452e+04	6.5e+02
6.2977e+03	2.4e+00	5.08777e+04	6.8e+02
6.3011e+03	2.4e+00	5.07920e+04	7.3e+02
6.3045e+03	2.4e+00	5.07597e+04	8.0e+02
6.3079e+03	2.4e+00	5.10496e+04	8.2e+02
6.3113e+03	2.4e+00	5.13204e+04	7.8e+02
6.3147e+03	2.4e+00	5.14320e+04	7.1e+02
6.3181e+03	2.4e+00	5.12294e+04	7.0e+02
6.3214e+03	2.4e+00	5.10991e+04	8.1e+02
6.3248e+03	2.4e+00	5.09506e+04	9.2e+02
6.3282e+03	2.4e+00	5.06141e+04	9.0e+02
6.3316e+03	2.4e+00	5.05113e+04	6.9e+02
6.3350e+03	2.4e+00	5.08964e+04	7.5e+02
6.3384e+03	2.4e+00	5.06020e+04	7.6e+02
6.3418e+03	2.4e+00	4.96479e+04	8.0e+02
6.3452e+03	2.4e+00	4.95496e+04	8.6e+02
6.3485e+03	2.4e+00	5.00314e+04	8.0e+02
6.3519e+03	2.4e+00	5.01227e+04	8.0e+02
6.3553e+03	2.4e+00	4.98622e+04	7.1e+02
6.3587e+03	2.4e+00	4.96970e+04	7.6e+02
6.3621e+03	2.4e+00	4.97733e+04	8.6e+02
6.3655e+03	2.4e+00	4.91692e+04	8.0e+02
6.3688e+03	2.4e+00	4.90763e+04	7.0e+02
6.3722e+03	2.4e+00	4.93607e+04	8.1e+02
6.3756e+03	2.4e+00	4.95022e+04	8.8e+02
6.3790e+03	2.4e+00	4.93734e+04	9.1e+02
6.3824e+03	2.4e+00	4.90929e+04	8.1e+02
6.3857e+03	2.4e+00	4.86387e+04	7.5e+02
6.3891e+03	2.4e+00	4.85748e+04	7.5e+02
6.3925e+03	2.4e+00	4.89516e+04	7.6e+02
6.3959e+03	2.4e+00	4.91049e+04	8.7e+02
6.3993e+03	2.4e+00	4.87202e+04	8.5e+02
6.4026e+03	2.4e+00	4.87333e+04	8.6e+02
6.4060e+03	2.4e+00	4.88219e+04	8.0e+02
6.4094e+03	2.4e+00	4.85571e+04	8.4e+02
6.4128e+03	2.4e+00	4.80257e+04	1.0e+03
6.4162e+03	2.4e+00	4.80382e+04	9.4e+02
6.4195e+03	2.4e+00	4.82308e+04	7.8e+02
6.4229e+03	2.4e+00	4.84631e+04	7.7e+02
6.4263e+03	2.4e+00	4.85675e+04	9.1e+02
6.4297e+03	2.4e+00	4.81390e+04	9.4e+02
6.4330e+03	2.4e+00	4.79645e+04	8.2e+02
6.4364e+03	2.4e+00	4.77198e+04	8.4e+02
6.4398e+03	2.4e+00	4.73206e+04	7.9e+02
6.4432e+03	2.4e+00	4.75988e+04	9.0e+02
6.4465e+03	2.4e+00	4.78395e+04	9.7e+02
6.4499e+03	2.4e+00	4.78336e+04	8.8e+02
6.4533e+03	2.4e+00	4.72733e+04	8.8e+02
6.4566e+03	2.4e+00	4.67738e+04	8.6e+02
6.4600e+03	2.4e+00	4.65120e+04	8.5e+02
6.4634e+03	2.4e+00	4.63462e+04	8.2e+02
6.4667e+03	2.4e+00	4.60645e+04	8.6e+02
6.4701e+03	2.4e+00	4.58366e+04	8.2e+02
6.4735e+03	2.4e+00	4.57622e+04	8.0e+02
6.4769e+03	2.4e+00	4.53189e+04	8.4e+02
6.4802e+03	2.4e+00	4.52360e+04	8.1e+02
6.4836e+03	2.4e+00	4.54456e+04	8.2e+02
6.4870e+03	2.4e+00	4.53286e+04	8.6e+02
6.4903e+03	2.4e+00	4.52792e+04	7.9e+02
6.4937e+03	2.4e+00	4.49250e+04	8.9e+02
6.4971e+03	2.4e+00	4.49166e+04	9.3e+02
6.5004e+03	2.4e+00	4.51202e+04	8.1e+02
6.5038e+03	2.4e+00	4.47649e+04	8.3e+02
6.5072e+03	2.4e+00	4.48520e+04	9.7e+02
6.5105e+03	2.4e+00	4.44070e+04	9.8e+02
6.5139e+03	2.4e+00	4.34276e+04	8.2e+02
6.5172e+03	2.4e+00	4.34084e+04	7.1e+02
6.5206e+03	2.4e+00	4.32925e+04	7.7e+02
6.5240e+03	2.4e+00	4.30616e+04	6.8e+02
6.5273e+03	2.4e+00	4.27518e+04	7.7e+02
6.5307e+03	2.4e+00	4.23200e+04	9.3e+02
6.5341e+03	2.4e+00	4.11561e+04	9.5e+02
6.5374e+03	2.4e+00	4.06878e+04	8.6e+02
6.5408e+03	2.4e+00	3.97553e+04	8.9e+02
6.5441e+03	2.4e+00	3.79828e+04	8.8e+02
6.5475e+03	2.4e+00	3.65047e+04	8.3e+02
6.5509e+03	2.4e+00	3.42200e+04	6.9e+02
6.5542e+03	2.4e+00	3.11669e+04	6.0e+02
6.5576e+03	2.4e+00	2.74729e+04	6.3e+02
6.5609e+03	2.4e+00	2.55029e+04	5.9e+02
6.5643e+03	2.4e+00	2.65844e+04	5.2e+02
6.5676e+03	2.4e+00	2.93785e+04	5.6e+02
6.5710e+03	2.4e+00	3.26775e+04	7.2e+02
6.5744e+03	2.4e+00	3.54866e+04	7.6e+02
6.5777e+03	2.4e+00	3.73751e+04	7.6e+02
6.5811e+03	2.4e+00	3.84083e+04	9.1e+02
6.5844e+03	2.4e+00	3.94371e+04	9.2e+02
6.5878e+03	2.4e+00	4.02803e+04	9.6e+02
6.5911e+03	2.4e+00	4.08887e+04	1.1e+03
6.5945e+03	2.4e+00	4.13174e+04	1.2e+03
6.5978e+03	2.4e+00	4.14598e+04	1.2e+03
6.6012e+03	2.4e+00	4.16768e+04	1.2e+03
6.6045e+03	2.4e+00	4.15721e+04	1.0e+03
6.6079e+03	2.4e+00	4.16339e+04	9.0e+02
6.6112e+03	2.4e+00	4.16623e+04	8.9e+02
6.6146e+03	2.4e+00	4.19060e+04	9.9e+02
6.6179e+03	2.4e+00	4.21117e+04	1.0e+03
6.6213e+03	2.4e+00	4.17558e+04	8.5e+02
6.6246e+03	2.4e+00	4.11455e+04	8.1e+02
6.6280e+03	2.4e+00	4.12357e+04	8.5e+02
6.6313e+03	2.4e+00	4.15775e+04	8.3e+02
6.6347e+03	2.4e+00	4.18951e+04	9.4e+02
6.6380e+03	2.4e+00	4.18775e+04	1.0e+03
6.6414e+03	2.4e+00	4.19097e+04	1.1e+03
6.6447e+03	2.4e+00	4.22189e+04	1.0e+03
6.6481e+03	2.4e+00	4.16496e+04	9.1e+02
6.6514e+03	2.4e+00	4.12012e+04	8.8e+02
6.6548e+03	2.4e+00	4.13723e+04	1.0e+03
6.6581e+03	2.4e+00	4.13272e+04	1.0e+03
6.6615e+03	2.4e+00	4.11389e+04	1.0e+03
6.6648e+03	2.4e+00	4.13146e+04	8.9e+02
6.6681e+03	2.4e+00	4.09806e+04	8.8e+02
6.6715e+03	2.4e+00	4.06916e+04	9.9e+02
6.6748e+03	2.4e+00	4.08012e+04	9.5e+02
6.6782e+03	2.4e+00	4.09684e+04	9.8e+02
6.6815e+03	2.4e+00	4.09131e+04	1.1e+03
6.6849e+03	2.4e+00	4.10202e+04	1.1e+03
6.6882e+03	2.4e+00	4.08658e+04	9.6e+02
6.6915e+03	2.4e+00	4.04523e+04	1.1e+03
6.6949e+03	2.4e+00	4.04755e+04	9.9e+02
6.6982e+03	2.4e+00	4.03478e+04	9.8e+02
6.7016e+03	2.4e+00	4.04106e+04	1.1e+03
6.7049e+03	2.4e+00	4.05794e+04	9.8e+02
6.7082e+03	2.4e+00	4.04989e+04	9.3e+02
6.7116e+03	2.4e+00	4.01338e+04	9.5e+02
6.7149e+03	2.4e+00	3.99224e+04	9.5e+02
6.7183e+03	2.4e+00	3.96896e+04	9.8e+02
6.7216e+03	2.4e+00	3.94707e+04	9.3e+02
6.7249e+03	2.4e+00	3.95265e+04	1.1e+03
6.7283e+03	2.4e+00	3.94699e+04	1.2e+03
6.7316e+03	2.4e+00	3.96768e+04	9.7e+02
6.7349e+03	2.4e+00	3.96004e+04	1.0e+03
6.7383e+03	2.4e+00	3.94713e+04	1.1e+03
6.7416e+03	2.4e+00	3.94816e+04	1.1e+03
6.7449e+03	2.4e+00	3.90207e+04	1.1e+03
6.7483e+03	2.4e+00	3.90118e+04	1.0e+03
6.7516e+03	2.4e+00	3.90161e+04	9.2e+02
6.7549e+03	2.4e+00	3.88148e+04	9.3e+02
6.7583e+03	2.4e+00	3.87478e+04	1.1e+03
6.7616e+03	2.4e+00	3.85742e+04	1.0e+03
6.7649e+03	2.4e+00	3.83695e+04	1.1e+03
6.7683e+03	2.4e+00	3.86143e+04	1.2e+03
6.7716e+03	2.4e+00	3.83555e+04	1.0e+03
6.7749e+03	2.4e+00	3.81255e+04	1.1e+03
6.7782e+03	2.4e+00	3.81996e+04	1.1e+03
6.7816e+03	2.4e+00	3.81330e+04	1.1e+03
6.7849e+03	2.4e+00	3.79551e+04	1.2e+03
6.7882e+03	2.4e+00	3.75772e+04	1.1e+03
6.7916e+03	2.4e+00	3.77144e+04	1.0e+03
6.7949e+03	2.4e+00	3.75927e+04	9.9e+02
6.7982e+03	2.4e+00	3.73343e+04	9.6e+02
6.8015e+03	2.4e+00	3.73881e+04	1.1e+03
6.8049e+03	2.4e+00	3.76320e+04	1.1e+03
6.8082e+03	2.4e+00	3.77277e+04	9.7e+02
6.8115e+03	2.4e+00	3.75752e+04	9.4e+02
6.8148e+03	2.4e+00	3.74078e+04	1.1e+03
6.8182e+03	2.4e+00	3.71189e+04	1.3e+03
6.8215e+03	2.4e+00	3.66361e+04	1.2e+03
6.8248e+03	2.4e+00	3.65738e+04	1.1e+03
6.8281e+03	2.4e+00	3.67675e+04	1.1e+03
6.8315e+03	2.4e+00	3.65626e+04	1.1e+03
6.8348e+03	2.4e+00	3.64223e+04	1.1e+03
6.8381e+03	2.4e+00	3.61933e+04	1.1e+03
6.8414e+03	2.4e+00	3.61989e+04	1.1e+03
6.8447e+03	2.4e+00	3.62579e+04	1.0e+03
6.8481e+03	2.4e+00	3.60054e+04	1.0e+03
6.8514e+03	2.4e+00	3.57279e+04	9.9e+02
6.8547e+03	2.4e+00	3.55449e+04	9.6e+02
6.8580e+03	2.4e+00	3.52853e+04	1.1e+03
6.8613e+03	2.4e+00	3.36848e+04	1.1e+03
6.8647e+03	2.4e+00	2.96205e+04	8.5e+02
6.8680e+03	2.4e+00	2.60570e+04	7.6e+02
6.8713e+03	2.4e+00	2.56781e+04	8.3e+02
6.8746e+03	2.4e+00	2.75188e+04	8.6e+02
6.8779e+03	2.4e+00	3.00484e+04	8.6e+02
6.8812e+03	2.4e+00	3.11595e+04	8.2e+02
6.8846e+03	2.4e+00	3.06659e+04	8.6e+02
6.8879e+03	2.4e+00	2.99177e+04	8.4e+02
6.8912e+03	2.4e+00	2.99225e+04	7.9e+02
6.8945e+03	2.4e+00	3.02292e+04	9.0e+02
6.8978e+03	2.4e+00	3.05312e+04	1.0e+03
6.9011e+03	2.4e+00	3.10594e+04	1.0e+03
6.9044e+03	2.4e+00	3.13647e+04	9.4e+02
6.9078e+03	2.4e+00	3.15177e+04	9.2e+02
6.9111e+03	2.4e+00	3.20202e+04	9.9e+02
6.9144e+03	2.4e+00	3.24125e+04	1.1e+03
6.9177e+03	2.4e+00	3.24466e+04	1.2e+03
6.9210e+03	2.4e+00	3.28065e+04	9.7e+02
6.9243e+03	2.4e+00	3.30995e+04	9.1e+02
6.9276e+03	2.4e+00	3.28028e+04	1.0e+03
6.9309e+03	2.4e+00	3.27311e+04	1.1e+03
6.9342e+03	2.4e+00	3.28758e+04	1.0e+03
6.9375e+03	2.4e+00	3.23459e+04	1.1e+03
6.9409e+03	2.4e+00	3.23762e+04	1.1e+03
6.9442e+03	2.4e+00	3.26076e+04	1.1e+03
6.9475e+03	2.4e+00	3.25878e+04	1.0e+03
6.9508e+03	2.4e+00	3.23705e+04	1.1e+03
6.9541e+03	2.4e+00	3.21849e+04	1.1e+03
6.9574e+03	2.4e+00	3.22631e+04	1.1e+03
6.9607e+03	2.4e+00	3.21386e+04	9.9e+02
6.9640e+03	2.4e+00	3.22841e+04	9.6e+02
6.9673e+03	2.4e+00	3.27389e+04	1.2e+03
6.9706e+03	2.4e+00	3.25442e+04	1.2e+03
6.9739e+03	2.4e+00	3.21154e+04	1.1e+03
6.9772e+03	2.4e+00	3.21274e+04	1.0e+03
6.9805e+03	2.4e+00	3.20819e+04	9.9e+02
6.9838e+03	2.4e+00	3.17089e+04	9.2e+02
6.9871e+03	2.4e+00	3.13328e+04	9.8e+02
6.9904e+03	2.4e+00	3.09826e+04	1.1e+03
6.9937e+03	2.4e+00	3.10382e+04	1.1e+03
6.9970e+03	2.4e+00	3.11712e+04	1.1e+03
7.0003e+03	2.4e+00	3.09163e+04	1.0e+03
7.0036e+03	2.4e+00	3.08499e+04	1.0e+03
7.0069e+03	2.4e+00	3.09232e+04	1.0e+03
7.0102e+03	2.4e+00	3.09984e+04	9.5e+02
7.0135e+03	2.4e+00	3.07617e+04	9.7e+02
7.0168e+03	2.4e+00	3.06370e+04	1.0e+03
7.0201e+03	2.4e+00	3.03456e+04	1.1e+03
7.0234e+03	2.4e+00	3.02505e+04	1.1e+03
7.0267e+03	2.4e+00	3.04513e+04	9.9e+02
7.0300e+03	2.4e+00	3.05860e+04	9.7e+02
7.0333e+03	2.4e+00	3.07231e+04	1.1e+03
7.0366e+03	2.4e+00	3.03831e+04	1.1e+03
7.0399e+03	2.4e+00	3.01671e+04	1.1e+03
7.0432e+03	2.4e+00	3.01248e+04	1.1e+03
7.0465e+03	2.4e+00	2.98598e+04	1.1e+03
7.0498e+03	2.4e+00	2.95054e+04	1.0e+03
7.0531e+03	2.4e+00	2.93809e+04	9.5e+02
7.0564e+03	2.4e+00	2.98230e+04	1.1e+03
7.0597e+03	2.4e+00	2.97770e+04	1.0e+03
7.0629e+03	2.4e+00	2.94415e+04	1.0e+03
7.0662e+03	2.4e+00	2.96148e+04	1.1e+03
7.0695e+03	2.4e+00	2.96685e+04	1.1e+03
7.0728e+03	2.4e+00	2.93032e+04	1.1e+03
7.0761e+03	2.4e+00	2.91224e+04	1.1e+03
7.0794e+03	2.4e+00	2.91904e+04	9.8e+02
7.0827e+03	2.4e+00	2.90903e+04	9.5e+02
7.0860e+03	2.4e+00	2.88614e+04	1.1e+03
7.0893e+03	2.4e+00	2.88860e+04	1.2e+03
7.0926e+03	2.4e+00	2.86825e+04	1.1e+03
7.0958e+03	2.4e+00	2.85820e+04	9.7e+02
7.0991e+03	2.4e+00	2.86104e+04	9.7e+02
7.1024e+03	2.4e+00	2.85125e+04	1.0e+03
7.1057e+03	2.4e+00	2.84462e+04	9.5e+02
7.1090e+03	2.4e+00	2.83241e+04	1.0e+03
7.1123e+03	2.4e+00	2.83300e+04	1.1e+03
7.1156e+03	2.4e+00	2.83788e+04	1.0e+03
7.1188e+03	2.4e+00	2.82612e+04	1.1e+03
7.1221e+03	2.4e+00	2.81549e+04	1.1e+03
7.1254e+03	2.4e+00	2.80689e+04	1.0e+03
7.1287e+03	2.4e+00	2.79036e+04	1.0e+03
7.1320e+03	2.4e+00	2.77769e+04	9.8e+02
7.1353e+03	2.4e+00	2.75195e+04	1.0e+03
7.1385e+03	2.4e+00	2.73759e+04	1.1e+03
7.1418e+03	2.4e+00	2.73439e+04	9.2e+02
7.1451e+03	2.4e+00	2.75561e+04	9.5e+02
7.1484e+03	2.4e+00	2.75929e+04	1.0e+03
7.1517e+03	2.4e+00	2.73995e+04	1.1e+03
7.1549e+03	2.4e+00	2.72461e+04	1.0e+03
7.1582e+03	2.4e+00	2.67797e+04	9.7e+02
7.1615e+03	2.4e+00	2.63670e+04	8.9e+02
7.1648e+03	2.4e+00	2.60920e+04	8.9e+02
7.1681e+03	2.4e+00	2.54534e+04	9.4e+02
7.1713e+03	2.4e+00	2.49196e+04	8.9e+02
7.1746e+03	2.4e+00	2.42147e+04	8.9e+02
7.1779e+03	2.4e+00	2.38438e+04	1.0e+03
7.1812e+03	2.4e+00	2.31467e+04	9.7e+02
7.1844e+03	2.4e+00	2.25069e+04	8.4e+02
7.1877e+03	2.4e+00	2.27941e+04	8.6e+02
7.1910e+03	2.4e+00	2.30313e+04	9.1e+02
7.1943e+03	2.4e+00	2.31771e+04	9.4e+02
7.1975e+03	2.4e+00	2.32878e+04	8.1e+02
7.2008e+03	2.4e+00	2.31665e+04	7.7e+02
7.2041e+03	2.4e+00	2.34161e+04	8.3e+02
7.2074e+03	2.4e+00	2.40862e+04	9.6e+02
7.2106e+03	2.4e+00	2.47002e+04	9.4e+02
7.2139e+03	2.4e+00	2.49633e+04	8.4e+02
7.2172e+03	2.4e+00	2.51620e+04	8.6e+02
7.2204e+03	2.4e+00	2.47510e+04	8.7e+02
7.2237e+03	2.4e+00	2.43265e+04	8.7e+02
7.2270e+03	2.4e+00	2.41609e+04	8.9e+02
7.2303e+03	2.4e+00	2.33583e+04	8.4e+02
7.2335e+03	2.4e+00	2.29199e+04	8.5e+02
7.2368e+03	2.4e+00	2.27881e+04	8.5e+02
7.2401e+03	2.4e+00	2.25350e+04	8.2e+02
7.2433e+03	2.4e+00	2.27438e+04	8.6e+02
7.2466e+03	2.4e+00	2.29620e+04	9.0e+02
7.2499e+03	2.4e+00	2.24943e+04	8.7e+02
7.2531e+03	2.4e+00	2.20794e+04	8.8e+02
7.2564e+03	2.4e+00	2.23251e+04	8.6e+02
7.2597e+03	2.4e+00	2.25678e+04	8.4e+02
7.2629e+03	2.4e+00	2.24513e+04	9.0e+02
7.2662e+03	2.4e+00	2.22325e+04	9.2e+02
7.2695e+03	2.4e+00	2.21500e+04	8.7e+02
7.2727e+03	2.4e+00	2.17995e+04	8.1e+02
7.2760e+03	2.4e+00	2.16394e+04	8.0e+02
7.2792e+03	2.4e+00	2.20518e+04	8.3e+02
7.2825e+03	2.4e+00	2.23406e+04	7.6e+02
7.2858e+03	2.4e+00	2.22487e+04	8.0e+02
7.2890e+03	2.4e+00	2.18158e+04	8.5e+02
7.2923e+03	2.4e+00	2.15365e+04	8.0e+02
7.2956e+03	2.4e+00	2.21060e+04	8.7e+02
7.2988e+03	2.4e+00	2.21641e+04	9.8e+02
7.3021e+03	2.4e+00	2.13555e+04	8.4e+02
7.3053e+03	2.4e+00	2.12592e+04	8.5e+02
7.3086e+03	2.4e+00	2.15179e+04	8.2e+02
7.3119e+03	2.4e+00	2.15883e+04	8.4e+02
7.3151e+03	2.4e+00	2.14857e+04	8.4e+02
7.3184e+03	2.4e+00	2.15070e+04	7.7e+02
7.3216e+03	2.4e+00	2.14429e+04	7.6e+02
7.3249e+03	2.4e+00	2.14473e+04	7.6e+02
7.3281e+03	2.4e+00	2.14880e+04	7.9e+02
7.3314e+03	2.4e+00	2.14258e+04	8.1e+02
7.3346e+03	2.4e+00	2.14711e+04	7.9e+02
7.3379e+03	2.4e+00	2.18291e+04	7.6e+02
7.3412e+03	2.4e+00	2.18461e+04	8.6e+02
7.3444e+03	2.4e+00	2.16675e+04	8.7e+02
7.3477e+03	2.4e+00	2.17021e+04	8.1e+02
7.3509e+03	2.4e+00	2.14535e+04	7.8e+02
7.3542e+03	2.4e+00	2.12976e+04	7.9e+02
7.3574e+03	2.4e+00	2.11501e+04	8.4e+02
7.3607e+03	2.4e+00	2.10391e+04	8.0e+02
7.3639e+03	2.4e+00	2.09220e+04	8.3e+02
7.3672e+03	2.4e+00	2.06858e+04	8.2e+02
7.3704e+03	2.4e+00	2.08003e+04	7.9e+02
7.3737e+03	2.4e+00	2.09760e+04	8.1e+02
7.3769e+03	2.4e+00	2.10921e+04	8.6e+02
7.3802e+03	2.4e+00	2.10005e+04	8.5e+02
7.3834e+03	2.4e+00	2.06257e+04	1.0e+03
7.3867e+03	2.4e+00	2.04420e+04	9.4e+02
7.3899e+03	2.4e+00	2.03979e+04	8.9e+02
7.3932e+03	2.4e+00	2.04439e+04	9.6e+02
7.3964e+03	2.4e+00	2.02985e+04	9.6e+02
7.3997e+03	2.4e+00	2.01033e+04	8.9e+02
7.4029e+03	2.4e+00	1.99252e+04	8.1e+02
7.4062e+03	2.4e+00	1.97873e+04	8.1e+02
7.4094e+03	2.4e+00	1.97750e+04	8.6e+02
7.4127e+03	2.4e+00	1.96578e+04	8.8e+02
7.4159e+03	2.4e+00	1.97909e+04	8.5e+02
7.4191e+03	2.4e+00	1.99011e+04	8.6e+02
7.4224e+03	2.4e+00	2.00521e+04	8.6e+02
7.4256e+03	2.4e+00	1.98956e+04	8.8e+02
7.4289e+03	2.4e+00	1.96989e+04	9.1e+02
7.4321e+03	2.4e+00	1.96041e+04	8.3e+02
7.4354e+03	2.4e+00	1.96688e+04	9.1e+02
7.4386e+03	2.4e+00	1.95303e+04	8.5e+02
7.4418e+03	2.4e+00	1.95041e+04	8.3e+02
7.4451e+03	2.4e+00	1.95545e+04	9.2e+02
7.4483e+03	2.4e+00	1.94877e+04	8.9e+02
7.4516e+03	2.4e+00	1.97218e+04	8.4e+02
7.4548e+03	2.4e+00	1.96798e+04	9.2e+02
7.4580e+03	2.4e+00	1.94988e+04	9.6e+02
7.4613e+03	2.4e+00	1.94904e+04	9.1e+02
7.4645e+03	2.4e+00	1.93663e+04	7.9e+02
7.4678e+03	2.4e+00	1.92759e+04	7.9e+02
7.4710e+03	2.4e+00	1.92317e+04	9.2e+02
7.4742e+03	2.4e+00	1.91929e+04	9.3e+02
7.4775e+03	2.4e+00	1.91382e+04	9.0e+02
7.4807e+03	2.4e+00	1.93264e+04	9.2e+02
7.4839e+03	2.4e+00	1.90620e+04	9.0e+02
7.4872e+03	2.4e+00	1.89370e+04	9.0e+02
7.4904e+03	2.4e+00	1.89953e+04	9.5e+02
7.4936e+03	2.4e+00	1.87214e+04	8.8e+02
7.4969e+03	2.4e+00	1.88788e+04	8.6e+02
7.5001e+03	2.4e+00	1.86014e+04	8.5e+02
7.5033e+03	2.4e+00	1.82598e+04	8.4e+02
7.5066e+03	2.4e+00	1.80724e+04	8.5e+02
7.5098e+03	2.4e+00	1.77659e+04	8.2e+02
7.5130e+03	2.4e+00	1.77988e+04	7.9e+02
7.5163e+03	2.4e+00	1.79965e+04	8.7e+02
7.5195e+03	2.4e+00	1.79002e+04	8.7e+02
7.5227e+03	2.4e+00	1.78473e+04	9.0e+02
7.5260e+03	2.4e+00	1.77561e+04	9.0e+02
7.5292e+03	2.4e+00	1.76862e+04	8.6e+02
7.5324e+03	2.4e+00	1.77876e+04	8.9e+02
7.5356e+03	2.4e+00	1.76992e+04	9.1e+02
7.5389e+03	2.4e+00	1.77259e+04	9.2e+02
7.5421e+03	2.4e+00	1.77224e+04	9.4e+02
7.5453e+03	2.4e+00	1.72109e+04	9.0e+02
7.5486e+03	2.4e+00	1.75493e+04	9.1e+02
7.5518e+03	2.4e+00	1.80770e+04	9.3e+02
7.5550e+03	2.4e+00	1.78083e+04	8.9e+02
7.5582e+03	2.4e+00	1.74259e+04	9.1e+02
7.5615e+03	2.4e+00	1.73211e+04	8.9e+02
7.5647e+03	2.4e+00	1.72930e+04	9.1e+02
7.5679e+03	2.4e+00	1.74471e+04	9.6e+02
7.5711e+03	2.4e+00	1.75592e+04	9.9e+02
7.5744e+03	2.4e+00	1.73875e+04	1.0e+03
7.5776e+03	2.4e+00	1.69269e+04	9.3e+02
7.5808e+03	2.4e+00	1.65590e+04	8.4e+02
7.5840e+03	2.4e+00	1.68208e+04	9.0e+02
7.5872e+03	2.4e+00	1.68076e+04	9.5e+02
7.5905e+03	2.4e+00	1.60734e+04	8.8e+02
7.5937e+03	2.4e+00	1.39804e+04	7.8e+02
7.5969e+03	2.4e+00	1.08284e+04	6.4e+02
7.6001e+03	2.4e+00	7.88145e+03	4.9e+02
7.6033e+03	2.4e+00	5.73497e+03	3.7e+02
7.6066e+03	2.4e+00	4.45503e+03	2.7e+02
7.6098e+03	2.4e+00	4.31359e+03	2.6e+02
7.6130e+03	2.4e+00	5.38927e+03	3.2e+02
7.6162e+03	2.4e+00	7.16234e+03	3.6e+02
7.6194e+03	2.4e+00	8.86769e+03	4.1e+02
7.6227e+03	2.4e+00	9.77884e+03	5.1e+02
7.6259e+03	2.4e+00	9.30676e+03	5.2e+02
7.6291e+03	2.4e+00	8.26390e+03	4.9e+02
7.6323e+03	2.4e+00	7.96191e+03	4.7e+02
7.6355e+03	2.4e+00	8.00795e+03	4.6e+02
7.6387e+03	2.4e+00	8.27682e+03	4.7e+02
7.6419e+03	2.4e+00	8.71524e+03	5.3e+02
7.6452e+03	2.4e+00	9.07870e+03	5.5e+02
7.6484e+03	2.4e+00	9.76216e+03	5.3e+02
7.6516e+03	2.4e+00	1.03847e+04	6.1e+02
7.6548e+03	2.4e+00	1.08924e+04	7.1e+02
7.6580e+03	2.4e+00	1.14892e+04	7.3e+02
7.6612e+03	2.4e+00	1.21442e+04	7.5e+02
7.6644e+03	2.4e+00	1.25507e+04	7.4e+02
7.6676e+03	2.4e+00	1.30164e+04	7.6e+02
7.6709e+03	2.4e+00	1.34918e+04	8.4e+02
7.6741e+03	2.4e+00	1.35887e+04	8.9e+02
7.6773e+03	2.4e+00	1.36750e+04	8.6e+02
7.6805e+03	2.4e+00	1.38716e+04	9.0e+02
