# lambda [A]	Dlambda [A]	specval [counts]	Dspecval [counts]
3.5860e+03	2.5e+00	5.69331e+03	1.2e+02
3.5897e+03	2.5e+00	5.53694e+03	3.1e+02
3.5934e+03	2.5e+00	5.84583e+03	2.8e+02
3.5971e+03	2.5e+00	6.62627e+03	1.2e+02
3.6009e+03	2.5e+00	6.98925e+03	1.2e+02
3.6046e+03	2.5e+00	5.64222e+03	1.3e+02
3.6083e+03	2.5e+00	6.51672e+03	8.3e+01
3.6120e+03	2.5e+00	6.62737e+03	2.3e+02
3.6158e+03	2.5e+00	6.56668e+03	1.7e+02
3.6195e+03	2.5e+00	7.25416e+03	1.8e+02
3.6232e+03	2.5e+00	7.74670e+03	7.5e+01
3.6269e+03	2.5e+00	7.73610e+03	3.6e+02
3.6307e+03	2.5e+00	8.41516e+03	1.5e+02
3.6344e+03	2.5e+00	8.55754e+03	2.0e+02
3.6381e+03	2.5e+00	8.39160e+03	2.5e+01
3.6418e+03	2.5e+00	9.21667e+03	1.6e+01
3.6455e+03	2.5e+00	9.25047e+03	7.8e+01
3.6493e+03	2.5e+00	1.02955e+04	8.9e+01
3.6530e+03	2.5e+00	1.13195e+04	2.0e+02
3.6567e+03	2.5e+00	1.14376e+04	2.5e+02
3.6604e+03	2.5e+00	1.24221e+04	3.7e+02
3.6641e+03	2.5e+00	1.32959e+04	2.1e+02
3.6678e+03	2.5e+00	1.35140e+04	1.5e+02
3.6716e+03	2.5e+00	1.42777e+04	2.3e+02
3.6753e+03	2.5e+00	1.44702e+04	7.2e+01
3.6790e+03	2.5e+00	1.62939e+04	5.3e+02
3.6827e+03	2.5e+00	1.62118e+04	3.0e+02
3.6864e+03	2.5e+00	1.63181e+04	1.0e+02
3.6901e+03	2.5e+00	2.02156e+04	2.8e+02
3.6939e+03	2.5e+00	2.15392e+04	8.1e+02
3.6976e+03	2.5e+00	2.14312e+04	1.1e+03
3.7013e+03	2.5e+00	2.39859e+04	2.0e+02
3.7050e+03	2.5e+00	2.74166e+04	1.9e+02
3.7087e+03	2.5e+00	2.90237e+04	1.6e+02
3.7124e+03	2.5e+00	2.77363e+04	1.6e+02
3.7161e+03	2.5e+00	2.96202e+04	2.6e+02
3.7198e+03	2.5e+00	3.55953e+04	7.1e+02
3.7236e+03	2.5e+00	4.18355e+04	9.7e+02
3.7273e+03	2.5e+00	4.53489e+04	8.3e+02
3.7310e+03	2.5e+00	4.33850e+04	1.6e+03
3.7347e+03	2.5e+00	3.78750e+04	5.7e+02
3.7384e+03	2.5e+00	4.32724e+04	4.3e+02
3.7421e+03	2.5e+00	5.34465e+04	1.8e+02
3.7458e+03	2.5e+00	6.61601e+04	7.1e+02
3.7495e+03	2.5e+00	7.75918e+04	1.2e+03
3.7532e+03	2.5e+00	8.09541e+04	8.5e+02
3.7569e+03	2.5e+00	7.70746e+04	1.2e+03
3.7606e+03	2.5e+00	6.50135e+04	8.2e+02
3.7643e+03	2.5e+00	5.79305e+04	5.0e+02
3.7681e+03	2.5e+00	6.56873e+04	8.0e+02
3.7718e+03	2.5e+00	8.33615e+04	1.5e+03
3.7755e+03	2.5e+00	1.10253e+05	9.6e+02
3.7792e+03	2.5e+00	1.30949e+05	6.5e+02
3.7829e+03	2.5e+00	1.46701e+05	1.8e+03
3.7866e+03	2.5e+00	1.56131e+05	2.5e+03
3.7903e+03	2.5e+00	1.55981e+05	3.0e+03
3.7940e+03	2.5e+00	1.44256e+05	2.0e+03
3.7977e+03	2.5e+00	1.25561e+05	2.0e+03
3.8014e+03	2.5e+00	1.01184e+05	1.2e+03
3.8051e+03	2.5e+00	9.16813e+04	9.5e+02
3.8088e+03	2.5e+00	1.06178e+05	2.2e+03
3.8125e+03	2.5e+00	1.40250e+05	1.0e+03
3.8162e+03	2.5e+00	1.81660e+05	1.7e+03
3.8199e+03	2.5e+00	2.20372e+05	3.2e+03
3.8236e+03	2.5e+00	2.43535e+05	1.9e+03
3.8273e+03	2.5e+00	2.61304e+05	2.2e+03
3.8310e+03	2.5e+00	2.79155e+05	3.3e+03
3.8347e+03	2.5e+00	2.96289e+05	3.3e+03
3.8384e+03	2.5e+00	2.98767e+05	1.7e+03
3.8421e+03	2.5e+00	3.02358e+05	3.3e+03
3.8458e+03	2.5e+00	2.89288e+05	3.1e+03
3.8495e+03	2.5e+00	2.64791e+05	2.9e+03
3.8532e+03	2.5e+00	2.32881e+05	2.4e+03
3.8569e+03	2.5e+00	1.94683e+05	2.4e+03
3.8605e+03	2.5e+00	1.59915e+05	1.8e+03
3.8642e+03	2.5e+00	1.62861e+05	2.3e+03
3.8679e+03	2.5e+00	2.03786e+05	2.8e+03
3.8716e+03	2.5e+00	2.61776e+05	3.4e+03
3.8753e+03	2.5e+00	3.21737e+05	5.4e+03
3.8790e+03	2.5e+00	3.65766e+05	3.9e+03
3.8827e+03	2.5e+00	3.95537e+05	4.2e+03
3.8864e+03	2.5e+00	4.17469e+05	4.6e+03
3.8901e+03	2.5e+00	4.41935e+05	1.2e+03
3.8938e+03	2.5e+00	4.54479e+05	1.6e+03
3.8975e+03	2.5e+00	4.63981e+05	4.4e+03
3.9012e+03	2.5e+00	4.62284e+05	4.7e+03
3.9048e+03	2.5e+00	4.48128e+05	3.8e+03
3.9085e+03	2.5e+00	4.49703e+05	4.4e+03
3.9122e+03	2.5e+00	4.55296e+05	6.2e+03
3.9159e+03	2.5e+00	4.69736e+05	7.5e+03
3.9196e+03	2.5e+00	4.76645e+05	4.9e+03
3.9233e+03	2.5e+00	4.67817e+05	7.5e+03
3.9270e+03	2.5e+00	4.51105e+05	8.3e+03
3.9307e+03	2.5e+00	4.29174e+05	3.7e+03
3.9343e+03	2.5e+00	3.90305e+05	6.2e+03
3.9380e+03	2.5e+00	3.36450e+05	4.3e+03
3.9417e+03	2.5e+00	2.66073e+05	1.9e+03
3.9454e+03	2.5e+00	2.11405e+05	1.5e+03
3.9491e+03	2.5e+00	1.97620e+05	9.7e+02
3.9528e+03	2.5e+00	2.41108e+05	1.8e+03
3.9564e+03	2.5e+00	3.11203e+05	3.6e+03
3.9601e+03	2.5e+00	3.73464e+05	5.3e+03
3.9638e+03	2.5e+00	4.27896e+05	5.2e+03
3.9675e+03	2.5e+00	4.63990e+05	1.0e+04
3.9712e+03	2.5e+00	4.79097e+05	6.2e+03
3.9749e+03	2.5e+00	5.03628e+05	5.8e+03
3.9785e+03	2.5e+00	5.15474e+05	7.2e+03
3.9822e+03	2.5e+00	5.23843e+05	7.0e+03
3.9859e+03	2.5e+00	5.27495e+05	5.1e+03
3.9896e+03	2.5e+00	5.27422e+05	5.8e+03
3.9933e+03	2.5e+00	5.30025e+05	7.2e+03
3.9969e+03	2.5e+00	5.26649e+05	4.9e+03
4.0006e+03	2.5e+00	5.24914e+05	6.3e+03
4.0043e+03	2.5e+00	5.22365e+05	5.1e+03
4.0080e+03	2.5e+00	5.25820e+05	4.6e+03
4.0116e+03	2.5e+00	5.19442e+05	1.9e+03
4.0153e+03	2.5e+00	5.15603e+05	5.2e+03
4.0190e+03	2.5e+00	5.19144e+05	5.4e+03
4.0227e+03	2.5e+00	5.09322e+05	5.8e+03
4.0263e+03	2.5e+00	5.11058e+05	6.2e+03
4.0300e+03	2.5e+00	5.06806e+05	3.6e+03
4.0337e+03	2.5e+00	4.99524e+05	2.3e+03
4.0374e+03	2.5e+00	4.89816e+05	2.9e+03
4.0410e+03	2.5e+00	4.90301e+05	5.8e+03
4.0447e+03	2.5e+00	4.86030e+05	4.0e+03
4.0484e+03	2.5e+00	4.73939e+05	3.3e+03
4.0521e+03	2.5e+00	4.69465e+05	2.8e+03
4.0557e+03	2.5e+00	4.56660e+05	4.7e+03
4.0594e+03	2.5e+00	4.42949e+05	6.1e+03
4.0631e+03	2.5e+00	4.27690e+05	5.2e+03
4.0667e+03	2.5e+00	4.01359e+05	5.1e+03
4.0704e+03	2.5e+00	3.67184e+05	3.4e+03
4.0741e+03	2.4e+00	3.24072e+05	1.7e+03
4.0777e+03	2.4e+00	2.72645e+05	2.0e+03
4.0814e+03	2.4e+00	2.13186e+05	2.4e+03
4.0851e+03	2.4e+00	1.81470e+05	2.3e+03
4.0887e+03	2.4e+00	1.86623e+05	2.4e+03
4.0924e+03	2.4e+00	2.34401e+05	2.7e+03
4.0961e+03	2.4e+00	2.91863e+05	2.9e+03
4.0997e+03	2.4e+00	3.34141e+05	2.4e+03
4.1034e+03	2.4e+00	3.67182e+05	4.9e+03
4.1071e+03	2.4e+00	3.90545e+05	5.4e+03
4.1107e+03	2.4e+00	4.01813e+05	5.5e+03
4.1144e+03	2.4e+00	4.06387e+05	4.7e+03
4.1181e+03	2.4e+00	4.07167e+05	5.4e+03
4.1217e+03	2.4e+00	4.16574e+05	7.0e+03
4.1254e+03	2.4e+00	4.19550e+05	3.8e+03
4.1291e+03	2.4e+00	4.21483e+05	4.9e+03
4.1327e+03	2.4e+00	4.21957e+05	5.0e+03
4.1364e+03	2.4e+00	4.24266e+05	5.4e+03
4.1400e+03	2.4e+00	4.23953e+05	4.6e+03
4.1437e+03	2.4e+00	4.19823e+05	3.5e+03
4.1474e+03	2.4e+00	4.18908e+05	3.1e+03
4.1510e+03	2.4e+00	4.21463e+05	4.3e+03
4.1547e+03	2.4e+00	4.15093e+05	5.3e+03
4.1583e+03	2.4e+00	4.12905e+05	4.0e+03
4.1620e+03	2.4e+00	4.07685e+05	2.7e+03
4.1657e+03	2.4e+00	4.09659e+05	3.2e+03
4.1693e+03	2.4e+00	4.15494e+05	2.9e+03
4.1730e+03	2.4e+00	4.16411e+05	3.9e+03
4.1766e+03	2.4e+00	4.15980e+05	3.4e+03
4.1803e+03	2.4e+00	4.10891e+05	3.9e+03
4.1839e+03	2.4e+00	4.11183e+05	2.5e+03
4.1876e+03	2.4e+00	4.10157e+05	3.8e+03
4.1912e+03	2.4e+00	4.10646e+05	4.3e+03
4.1949e+03	2.4e+00	4.10088e+05	2.1e+03
4.1986e+03	2.4e+00	4.08627e+05	2.0e+03
4.2022e+03	2.4e+00	4.05336e+05	3.2e+03
4.2059e+03	2.4e+00	4.05612e+05	4.3e+03
4.2095e+03	2.4e+00	4.02505e+05	3.7e+03
4.2132e+03	2.4e+00	3.99114e+05	4.3e+03
4.2168e+03	2.4e+00	4.01514e+05	3.4e+03
4.2205e+03	2.4e+00	3.97871e+05	3.0e+03
4.2241e+03	2.4e+00	3.96181e+05	2.8e+03
4.2278e+03	2.4e+00	3.94729e+05	3.7e+03
4.2314e+03	2.4e+00	3.95606e+05	3.7e+03
4.2351e+03	2.4e+00	3.92774e+05	2.1e+03
4.2387e+03	2.4e+00	3.92829e+05	4.3e+03
4.2424e+03	2.4e+00	3.93878e+05	2.6e+03
4.2460e+03	2.4e+00	3.92625e+05	3.7e+03
4.2497e+03	2.4e+00	3.89928e+05	3.9e+03
4.2533e+03	2.4e+00	3.86327e+05	3.9e+03
4.2570e+03	2.4e+00	3.82048e+05	4.5e+03
4.2606e+03	2.4e+00	3.81034e+05	4.1e+03
4.2642e+03	2.4e+00	3.79749e+05	2.8e+03
4.2679e+03	2.4e+00	3.81355e+05	4.5e+03
4.2715e+03	2.4e+00	3.77593e+05	3.7e+03
4.2752e+03	2.4e+00	3.74242e+05	4.0e+03
4.2788e+03	2.4e+00	3.71211e+05	3.2e+03
4.2825e+03	2.4e+00	3.69550e+05	4.4e+03
4.2861e+03	2.4e+00	3.64931e+05	4.7e+03
4.2898e+03	2.4e+00	3.59014e+05	2.6e+03
4.2934e+03	2.4e+00	3.57183e+05	3.3e+03
4.2970e+03	2.4e+00	3.52264e+05	3.8e+03
4.3007e+03	2.4e+00	3.48885e+05	3.2e+03
4.3043e+03	2.4e+00	3.39997e+05	2.7e+03
4.3080e+03	2.4e+00	3.28714e+05	3.4e+03
4.3116e+03	2.4e+00	3.16723e+05	2.8e+03
4.3152e+03	2.4e+00	2.99909e+05	3.1e+03
4.3189e+03	2.4e+00	2.74383e+05	2.8e+03
4.3225e+03	2.4e+00	2.43925e+05	2.0e+03
4.3262e+03	2.4e+00	1.99975e+05	1.7e+03
4.3298e+03	2.4e+00	1.61568e+05	1.2e+03
4.3334e+03	2.4e+00	1.46562e+05	1.3e+03
4.3371e+03	2.4e+00	1.61203e+05	1.1e+03
4.3407e+03	2.4e+00	2.02522e+05	1.2e+03
4.3443e+03	2.4e+00	2.41134e+05	1.8e+03
4.3480e+03	2.4e+00	2.71152e+05	2.3e+03
4.3516e+03	2.4e+00	2.91350e+05	2.3e+03
4.3553e+03	2.4e+00	3.08638e+05	2.5e+03
4.3589e+03	2.4e+00	3.16961e+05	2.4e+03
4.3625e+03	2.4e+00	3.23925e+05	2.1e+03
4.3662e+03	2.4e+00	3.28113e+05	2.3e+03
4.3698e+03	2.4e+00	3.32764e+05	3.1e+03
4.3734e+03	2.4e+00	3.30455e+05	3.2e+03
4.3771e+03	2.4e+00	3.30420e+05	2.9e+03
4.3807e+03	2.4e+00	3.28555e+05	2.7e+03
4.3843e+03	2.4e+00	3.30640e+05	2.7e+03
4.3879e+03	2.4e+00	3.32523e+05	2.4e+03
4.3916e+03	2.4e+00	3.29348e+05	2.5e+03
4.3952e+03	2.4e+00	3.29418e+05	2.1e+03
4.3988e+03	2.4e+00	3.28452e+05	1.9e+03
4.4025e+03	2.4e+00	3.27970e+05	2.4e+03
4.4061e+03	2.4e+00	3.24045e+05	2.6e+03
4.4097e+03	2.4e+00	3.22181e+05	2.5e+03
4.4134e+03	2.4e+00	3.21548e+05	2.3e+03
4.4170e+03	2.4e+00	3.19075e+05	2.4e+03
4.4206e+03	2.4e+00	3.19253e+05	1.7e+03
4.4242e+03	2.4e+00	3.16971e+05	2.5e+03
4.4279e+03	2.4e+00	3.16841e+05	2.8e+03
4.4315e+03	2.4e+00	3.16230e+05	3.0e+03
4.4351e+03	2.4e+00	3.13928e+05	2.4e+03
4.4387e+03	2.4e+00	3.10977e+05	3.3e+03
4.4424e+03	2.4e+00	3.08665e+05	3.0e+03
4.4460e+03	2.4e+00	3.07900e+05	3.3e+03
4.4496e+03	2.4e+00	3.06758e+05	3.7e+03
4.4532e+03	2.4e+00	3.06050e+05	3.2e+03
4.4569e+03	2.4e+00	3.04386e+05	3.5e+03
4.4605e+03	2.4e+00	2.99364e+05	2.7e+03
4.4641e+03	2.4e+00	2.95754e+05	2.5e+03
4.4677e+03	2.4e+00	2.96426e+05	2.8e+03
4.4713e+03	2.4e+00	2.91326e+05	2.6e+03
4.4750e+03	2.4e+00	2.90581e+05	2.3e+03
4.4786e+03	2.4e+00	2.87309e+05	2.5e+03
4.4822e+03	2.4e+00	2.88296e+05	2.8e+03
4.4858e+03	2.4e+00	2.89838e+05	2.7e+03
4.4894e+03	2.4e+00	2.87131e+05	2.4e+03
4.4931e+03	2.4e+00	2.87249e+05	2.1e+03
4.4967e+03	2.4e+00	2.86600e+05	2.7e+03
4.5003e+03	2.4e+00	2.82156e+05	2.9e+03
4.5039e+03	2.4e+00	2.82442e+05	2.0e+03
4.5075e+03	2.4e+00	2.82136e+05	2.3e+03
4.5111e+03	2.4e+00	2.79643e+05	2.1e+03
4.5148e+03	2.4e+00	2.77809e+05	2.3e+03
4.5184e+03	2.4e+00	2.75969e+05	1.8e+03
4.5220e+03	2.4e+00	2.75665e+05	1.7e+03
4.5256e+03	2.4e+00	2.73958e+05	1.9e+03
4.5292e+03	2.4e+00	2.73187e+05	2.5e+03
4.5328e+03	2.4e+00	2.72921e+05	2.2e+03
4.5364e+03	2.4e+00	2.72228e+05	1.5e+03
4.5401e+03	2.4e+00	2.69014e+05	2.6e+03
4.5437e+03	2.4e+00	2.66436e+05	2.9e+03
4.5473e+03	2.4e+00	2.62945e+05	2.4e+03
4.5509e+03	2.4e+00	2.59411e+05	3.1e+03
4.5545e+03	2.4e+00	2.58708e+05	2.5e+03
4.5581e+03	2.4e+00	2.60136e+05	2.6e+03
4.5617e+03	2.4e+00	2.58962e+05	2.8e+03
4.5653e+03	2.4e+00	2.56726e+05	2.8e+03
4.5689e+03	2.4e+00	2.55727e+05	2.7e+03
4.5725e+03	2.4e+00	2.51901e+05	2.9e+03
4.5762e+03	2.4e+00	2.51349e+05	2.9e+03
4.5798e+03	2.4e+00	2.51115e+05	2.7e+03
4.5834e+03	2.4e+00	2.47939e+05	2.5e+03
4.5870e+03	2.4e+00	2.45414e+05	2.7e+03
4.5906e+03	2.4e+00	2.46740e+05	3.2e+03
4.5942e+03	2.4e+00	2.46019e+05	2.7e+03
4.5978e+03	2.4e+00	2.44435e+05	2.8e+03
4.6014e+03	2.4e+00	2.43179e+05	2.8e+03
4.6050e+03	2.4e+00	2.43411e+05	2.7e+03
4.6086e+03	2.4e+00	2.39673e+05	2.5e+03
4.6122e+03	2.4e+00	2.38135e+05	2.5e+03
4.6158e+03	2.4e+00	2.37334e+05	2.9e+03
4.6194e+03	2.4e+00	2.34201e+05	3.0e+03
4.6230e+03	2.4e+00	2.33490e+05	2.8e+03
4.6266e+03	2.4e+00	2.31485e+05	2.8e+03
4.6302e+03	2.4e+00	2.29962e+05	2.9e+03
4.6338e+03	2.4e+00	2.28704e+05	2.9e+03
4.6374e+03	2.4e+00	2.27701e+05	3.0e+03
4.6410e+03	2.4e+00	2.27861e+05	2.9e+03
4.6446e+03	2.4e+00	2.26782e+05	2.3e+03
4.6482e+03	2.4e+00	2.24229e+05	2.3e+03
4.6518e+03	2.4e+00	2.23109e+05	2.7e+03
4.6554e+03	2.4e+00	2.22236e+05	2.5e+03
4.6590e+03	2.4e+00	2.21600e+05	2.8e+03
4.6626e+03	2.4e+00	2.20516e+05	2.4e+03
4.6662e+03	2.4e+00	2.18480e+05	2.5e+03
4.6698e+03	2.4e+00	2.17368e+05	2.6e+03
4.6734e+03	2.4e+00	2.16037e+05	2.4e+03
4.6770e+03	2.4e+00	2.15735e+05	2.8e+03
4.6806e+03	2.4e+00	2.15227e+05	2.8e+03
4.6842e+03	2.4e+00	2.13990e+05	2.8e+03
4.6878e+03	2.4e+00	2.12680e+05	2.8e+03
4.6914e+03	2.4e+00	2.11994e+05	2.5e+03
4.6950e+03	2.4e+00	2.10501e+05	2.5e+03
4.6986e+03	2.4e+00	2.10027e+05	2.6e+03
4.7022e+03	2.4e+00	2.06027e+05	2.4e+03
4.7057e+03	2.4e+00	2.03454e+05	2.3e+03
4.7093e+03	2.4e+00	2.03580e+05	2.3e+03
4.7129e+03	2.4e+00	2.02898e+05	2.4e+03
4.7165e+03	2.4e+00	2.01090e+05	1.9e+03
4.7201e+03	2.4e+00	1.99857e+05	2.1e+03
4.7237e+03	2.4e+00	2.00384e+05	2.4e+03
4.7273e+03	2.4e+00	1.99450e+05	2.7e+03
4.7309e+03	2.4e+00	1.97838e+05	2.6e+03
4.7345e+03	2.4e+00	1.96564e+05	2.7e+03
4.7381e+03	2.4e+00	1.95311e+05	2.2e+03
4.7416e+03	2.4e+00	1.93771e+05	1.7e+03
4.7452e+03	2.4e+00	1.91918e+05	2.0e+03
4.7488e+03	2.4e+00	1.91444e+05	2.3e+03
4.7524e+03	2.4e+00	1.89860e+05	2.4e+03
4.7560e+03	2.4e+00	1.87653e+05	2.5e+03
4.7596e+03	2.4e+00	1.87442e+05	2.2e+03
4.7632e+03	2.4e+00	1.85271e+05	2.4e+03
4.7667e+03	2.4e+00	1.82653e+05	2.4e+03
4.7703e+03	2.4e+00	1.81848e+05	2.2e+03
4.7739e+03	2.4e+00	1.79577e+05	2.1e+03
4.7775e+03	2.4e+00	1.80836e+05	2.3e+03
4.7811e+03	2.4e+00	1.80097e+05	2.5e+03
4.7847e+03	2.4e+00	1.77594e+05	2.1e+03
4.7882e+03	2.4e+00	1.76718e+05	2.2e+03
4.7918e+03	2.4e+00	1.75486e+05	2.3e+03
4.7954e+03	2.4e+00	1.74240e+05	2.4e+03
4.7990e+03	2.4e+00	1.73093e+05	2.2e+03
4.8026e+03	2.4e+00	1.73654e+05	2.0e+03
4.8062e+03	2.4e+00	1.71024e+05	2.2e+03
4.8097e+03	2.4e+00	1.69418e+05	2.1e+03
4.8133e+03	2.4e+00	1.66560e+05	2.0e+03
4.8169e+03	2.4e+00	1.65888e+05	1.9e+03
4.8205e+03	2.4e+00	1.64234e+05	2.1e+03
4.8240e+03	2.4e+00	1.61202e+05	2.1e+03
4.8276e+03	2.4e+00	1.59179e+05	2.2e+03
4.8312e+03	2.4e+00	1.58532e+05	2.5e+03
4.8348e+03	2.4e+00	1.54254e+05	2.3e+03
4.8384e+03	2.4e+00	1.49398e+05	1.8e+03
4.8419e+03	2.4e+00	1.44393e+05	1.7e+03
4.8455e+03	2.4e+00	1.37041e+05	1.8e+03
4.8491e+03	2.4e+00	1.26287e+05	1.9e+03
4.8527e+03	2.4e+00	1.12470e+05	1.5e+03
4.8562e+03	2.4e+00	9.66391e+04	1.2e+03
4.8598e+03	2.4e+00	8.05375e+04	9.3e+02
4.8634e+03	2.4e+00	7.43215e+04	7.8e+02
4.8669e+03	2.4e+00	7.83152e+04	1.0e+03
4.8705e+03	2.4e+00	9.34132e+04	1.3e+03
4.8741e+03	2.4e+00	1.09868e+05	1.4e+03
4.8777e+03	2.4e+00	1.21503e+05	1.9e+03
4.8812e+03	2.4e+00	1.29659e+05	1.7e+03
4.8848e+03	2.4e+00	1.35144e+05	1.3e+03
4.8884e+03	2.4e+00	1.39194e+05	1.4e+03
4.8919e+03	2.4e+00	1.42562e+05	1.5e+03
4.8955e+03	2.4e+00	1.43987e+05	1.7e+03
4.8991e+03	2.4e+00	1.45228e+05	1.9e+03
4.9026e+03	2.4e+00	1.45939e+05	1.9e+03
4.9062e+03	2.4e+00	1.46865e+05	2.2e+03
4.9098e+03	2.4e+00	1.45377e+05	1.9e+03
4.9133e+03	2.4e+00	1.44826e+05	1.7e+03
4.9169e+03	2.4e+00	1.45872e+05	1.9e+03
4.9205e+03	2.4e+00	1.43990e+05	1.8e+03
4.9240e+03	2.4e+00	1.42245e+05	2.0e+03
4.9276e+03	2.4e+00	1.42611e+05	1.9e+03
4.9312e+03	2.4e+00	1.42867e+05	2.0e+03
4.9347e+03	2.4e+00	1.43574e+05	1.8e+03
4.9383e+03	2.4e+00	1.43298e+05	1.8e+03
4.9419e+03	2.4e+00	1.42191e+05	2.0e+03
4.9454e+03	2.4e+00	1.42102e+05	1.9e+03
4.9490e+03	2.4e+00	1.41186e+05	1.9e+03
4.9525e+03	2.4e+00	1.41069e+05	2.1e+03
4.9561e+03	2.4e+00	1.40825e+05	2.0e+03
4.9597e+03	2.4e+00	1.39548e+05	1.9e+03
4.9632e+03	2.4e+00	1.39101e+05	1.9e+03
4.9668e+03	2.4e+00	1.38302e+05	1.9e+03
4.9703e+03	2.4e+00	1.38228e+05	2.0e+03
4.9739e+03	2.4e+00	1.37769e+05	2.1e+03
4.9775e+03	2.4e+00	1.36962e+05	2.0e+03
4.9810e+03	2.4e+00	1.36800e+05	2.0e+03
4.9846e+03	2.4e+00	1.35826e+05	2.0e+03
4.9881e+03	2.4e+00	1.34913e+05	1.8e+03
4.9917e+03	2.4e+00	1.34033e+05	1.8e+03
4.9953e+03	2.4e+00	1.34005e+05	1.9e+03
4.9988e+03	2.4e+00	1.32951e+05	1.8e+03
5.0024e+03	2.4e+00	1.31398e+05	2.0e+03
5.0059e+03	2.4e+00	1.30581e+05	2.1e+03
5.0095e+03	2.4e+00	1.30398e+05	2.1e+03
5.0130e+03	2.4e+00	1.29676e+05	1.9e+03
5.0166e+03	2.4e+00	1.28423e+05	2.0e+03
5.0201e+03	2.4e+00	1.26284e+05	1.8e+03
5.0237e+03	2.4e+00	1.26473e+05	2.1e+03
5.0272e+03	2.4e+00	1.25859e+05	1.7e+03
5.0308e+03	2.4e+00	1.25354e+05	1.5e+03
5.0343e+03	2.4e+00	1.26248e+05	1.6e+03
5.0379e+03	2.4e+00	1.24690e+05	2.0e+03
5.0414e+03	2.4e+00	1.23720e+05	1.8e+03
5.0450e+03	2.4e+00	1.22783e+05	1.7e+03
5.0485e+03	2.4e+00	1.21559e+05	1.5e+03
5.0521e+03	2.4e+00	1.20213e+05	1.8e+03
5.0556e+03	2.4e+00	1.20331e+05	1.8e+03
5.0592e+03	2.4e+00	1.20404e+05	1.7e+03
5.0627e+03	2.4e+00	1.20403e+05	1.8e+03
5.0663e+03	2.4e+00	1.19610e+05	2.0e+03
5.0698e+03	2.4e+00	1.19501e+05	1.9e+03
5.0734e+03	2.4e+00	1.18913e+05	1.7e+03
5.0769e+03	2.4e+00	1.17746e+05	1.6e+03
5.0805e+03	2.4e+00	1.17399e+05	1.8e+03
5.0840e+03	2.4e+00	1.17038e+05	1.7e+03
5.0876e+03	2.4e+00	1.16749e+05	1.6e+03
5.0911e+03	2.4e+00	1.16988e+05	1.6e+03
5.0947e+03	2.4e+00	1.16591e+05	1.7e+03
5.0982e+03	2.4e+00	1.15125e+05	1.7e+03
5.1017e+03	2.4e+00	1.14681e+05	1.7e+03
5.1053e+03	2.4e+00	1.14097e+05	1.8e+03
5.1088e+03	2.4e+00	1.13841e+05	1.8e+03
5.1124e+03	2.4e+00	1.13432e+05	1.7e+03
5.1159e+03	2.4e+00	1.13003e+05	1.8e+03
5.1195e+03	2.4e+00	1.13131e+05	1.8e+03
5.1230e+03	2.4e+00	1.11296e+05	1.6e+03
5.1265e+03	2.4e+00	1.10535e+05	1.6e+03
5.1301e+03	2.4e+00	1.10510e+05	1.8e+03
5.1336e+03	2.4e+00	1.09487e+05	1.7e+03
5.1372e+03	2.4e+00	1.08311e+05	1.8e+03
5.1407e+03	2.4e+00	1.07463e+05	1.7e+03
5.1442e+03	2.4e+00	1.06199e+05	1.7e+03
5.1478e+03	2.4e+00	1.06034e+05	2.0e+03
5.1513e+03	2.4e+00	1.05882e+05	1.9e+03
5.1548e+03	2.4e+00	1.05157e+05	1.8e+03
5.1584e+03	2.4e+00	1.04673e+05	1.7e+03
5.1619e+03	2.4e+00	1.04692e+05	1.7e+03
5.1654e+03	2.4e+00	1.03560e+05	1.8e+03
5.1690e+03	2.4e+00	1.01436e+05	1.7e+03
5.1725e+03	2.4e+00	1.00407e+05	1.6e+03
5.1761e+03	2.4e+00	1.00001e+05	1.6e+03
5.1796e+03	2.4e+00	1.00246e+05	1.7e+03
5.1831e+03	2.4e+00	1.00332e+05	1.7e+03
5.1867e+03	2.4e+00	1.00255e+05	1.9e+03
5.1902e+03	2.4e+00	9.97102e+04	1.8e+03
5.1937e+03	2.4e+00	9.96455e+04	1.7e+03
5.1972e+03	2.4e+00	9.89397e+04	1.5e+03
5.2008e+03	2.4e+00	9.81292e+04	1.6e+03
5.2043e+03	2.4e+00	9.83942e+04	1.8e+03
5.2078e+03	2.4e+00	9.84412e+04	1.9e+03
5.2114e+03	2.4e+00	9.80052e+04	1.8e+03
5.2149e+03	2.4e+00	9.73300e+04	1.6e+03
5.2184e+03	2.4e+00	9.71346e+04	1.6e+03
5.2220e+03	2.4e+00	9.64782e+04	1.6e+03
5.2255e+03	2.4e+00	9.48905e+04	1.7e+03
5.2290e+03	2.4e+00	9.43823e+04	1.6e+03
5.2325e+03	2.4e+00	9.45768e+04	1.6e+03
5.2361e+03	2.4e+00	9.38523e+04	1.7e+03
5.2396e+03	2.4e+00	9.26965e+04	1.6e+03
5.2431e+03	2.4e+00	9.25590e+04	1.7e+03
5.2466e+03	2.4e+00	9.26605e+04	1.7e+03
5.2502e+03	2.4e+00	9.22905e+04	1.6e+03
5.2537e+03	2.4e+00	9.15261e+04	1.6e+03
5.2572e+03	2.4e+00	9.06106e+04	1.6e+03
5.2607e+03	2.4e+00	9.04248e+04	1.7e+03
5.2643e+03	2.4e+00	8.98822e+04	1.7e+03
5.2678e+03	2.4e+00	8.99095e+04	1.7e+03
5.2713e+03	2.4e+00	8.90103e+04	1.6e+03
5.2748e+03	2.4e+00	8.72514e+04	1.6e+03
5.2783e+03	2.4e+00	8.68603e+04	1.6e+03
5.2819e+03	2.4e+00	8.67140e+04	1.7e+03
5.2854e+03	2.4e+00	8.59262e+04	1.8e+03
5.2889e+03	2.4e+00	8.59591e+04	1.7e+03
5.2924e+03	2.4e+00	8.56426e+04	1.5e+03
5.2959e+03	2.4e+00	8.55048e+04	1.5e+03
5.2995e+03	2.4e+00	8.54826e+04	1.7e+03
5.3030e+03	2.4e+00	8.48796e+04	1.5e+03
5.3065e+03	2.4e+00	8.42615e+04	1.4e+03
5.3100e+03	2.4e+00	8.43276e+04	1.7e+03
5.3135e+03	2.4e+00	8.41492e+04	1.6e+03
5.3171e+03	2.4e+00	8.36948e+04	1.7e+03
5.3206e+03	2.4e+00	8.30079e+04	1.6e+03
5.3241e+03	2.4e+00	8.11913e+04	1.4e+03
5.3276e+03	2.4e+00	8.11936e+04	1.5e+03
5.3311e+03	2.4e+00	8.12137e+04	1.5e+03
5.3346e+03	2.4e+00	8.06022e+04	1.4e+03
5.3381e+03	2.4e+00	8.01513e+04	1.4e+03
5.3417e+03	2.4e+00	8.04474e+04	1.5e+03
5.3452e+03	2.4e+00	8.05202e+04	1.5e+03
5.3487e+03	2.4e+00	7.99928e+04	1.6e+03
5.3522e+03	2.4e+00	8.03688e+04	1.7e+03
5.3557e+03	2.4e+00	8.00560e+04	1.7e+03
5.3592e+03	2.4e+00	7.92474e+04	1.6e+03
5.3627e+03	2.4e+00	7.89608e+04	1.6e+03
5.3662e+03	2.4e+00	7.92371e+04	1.6e+03
5.3697e+03	2.4e+00	7.86224e+04	1.5e+03
5.3733e+03	2.4e+00	7.73532e+04	1.4e+03
5.3768e+03	2.4e+00	7.70871e+04	1.4e+03
5.3803e+03	2.4e+00	7.70640e+04	1.2e+03
5.3838e+03	2.4e+00	7.68184e+04	1.2e+03
5.3873e+03	2.4e+00	7.66336e+04	1.3e+03
5.3908e+03	2.4e+00	7.64064e+04	1.3e+03
5.3943e+03	2.4e+00	7.58675e+04	1.4e+03
5.3978e+03	2.4e+00	7.51251e+04	1.5e+03
5.4013e+03	2.4e+00	7.53342e+04	1.5e+03
5.4048e+03	2.4e+00	7.50264e+04	1.5e+03
5.4083e+03	2.4e+00	7.36283e+04	1.4e+03
5.4118e+03	2.4e+00	7.36962e+04	1.4e+03
5.4153e+03	2.4e+00	7.33165e+04	1.4e+03
5.4188e+03	2.4e+00	7.28062e+04	1.3e+03
5.4223e+03	2.4e+00	7.25566e+04	1.4e+03
5.4258e+03	2.4e+00	7.20206e+04	1.3e+03
5.4293e+03	2.4e+00	7.11426e+04	1.3e+03
5.4328e+03	2.4e+00	7.08604e+04	1.4e+03
5.4363e+03	2.4e+00	7.15105e+04	1.3e+03
5.4398e+03	2.4e+00	7.14741e+04	1.3e+03
5.4433e+03	2.4e+00	7.06609e+04	1.3e+03
5.4468e+03	2.4e+00	7.04701e+04	1.3e+03
5.4503e+03	2.4e+00	7.06944e+04	1.3e+03
5.4538e+03	2.4e+00	7.00607e+04	1.3e+03
5.4573e+03	2.4e+00	6.98291e+04	1.2e+03
5.4608e+03	2.4e+00	6.96076e+04	1.2e+03
5.4643e+03	2.4e+00	6.95486e+04	1.3e+03
5.4678e+03	2.4e+00	6.91411e+04	1.3e+03
5.4713e+03	2.4e+00	6.86603e+04	1.2e+03
5.4748e+03	2.4e+00	6.82023e+04	1.3e+03
5.4783e+03	2.4e+00	6.76723e+04	1.3e+03
5.4818e+03	2.4e+00	6.77615e+04	1.2e+03
5.4853e+03	2.4e+00	6.79054e+04	1.3e+03
5.4888e+03	2.4e+00	6.74532e+04	1.3e+03
5.4923e+03	2.4e+00	6.68156e+04	1.3e+03
5.4958e+03	2.4e+00	6.65068e+04	1.3e+03
5.4993e+03	2.4e+00	6.58908e+04	1.1e+03
5.5028e+03	2.4e+00	6.53702e+04	1.3e+03
5.5063e+03	2.4e+00	6.54546e+04	1.3e+03
5.5098e+03	2.4e+00	6.55078e+04	1.3e+03
5.5133e+03	2.4e+00	6.51604e+04	1.4e+03
5.5168e+03	2.4e+00	6.49852e+04	1.3e+03
5.5202e+03	2.4e+00	6.47430e+04	1.3e+03
5.5237e+03	2.4e+00	6.46771e+04	1.3e+03
5.5272e+03	2.4e+00	6.41303e+04	1.3e+03
5.5307e+03	2.4e+00	6.34897e+04	1.3e+03
5.5342e+03	2.4e+00	6.34071e+04	1.2e+03
5.5377e+03	2.4e+00	6.32799e+04	1.1e+03
5.5412e+03	2.4e+00	6.29846e+04	1.2e+03
5.5447e+03	2.4e+00	6.29807e+04	1.3e+03
5.5482e+03	2.4e+00	6.27856e+04	1.2e+03
5.5516e+03	2.4e+00	6.27921e+04	1.1e+03
5.5551e+03	2.4e+00	6.23215e+04	1.2e+03
5.5586e+03	2.4e+00	6.17243e+04	1.2e+03
5.5621e+03	2.4e+00	6.12767e+04	1.1e+03
5.5656e+03	2.4e+00	6.10876e+04	1.1e+03
5.5691e+03	2.4e+00	6.06495e+04	1.1e+03
5.5726e+03	2.4e+00	6.03772e+04	1.2e+03
5.5760e+03	2.4e+00	5.99317e+04	1.2e+03
5.5795e+03	2.4e+00	5.99226e+04	1.2e+03
5.5830e+03	2.4e+00	6.02805e+04	1.2e+03
5.5865e+03	2.4e+00	5.98424e+04	1.1e+03
5.5900e+03	2.4e+00	5.90036e+04	1.1e+03
5.5935e+03	2.4e+00	5.83886e+04	1.1e+03
5.5969e+03	2.4e+00	5.78923e+04	1.1e+03
5.6004e+03	2.4e+00	5.79391e+04	1.1e+03
5.6039e+03	2.4e+00	5.81322e+04	1.0e+03
5.6074e+03	2.4e+00	5.80747e+04	1.1e+03
5.6109e+03	2.4e+00	5.75196e+04	1.0e+03
5.6143e+03	2.4e+00	5.78406e+04	1.1e+03
5.6178e+03	2.4e+00	5.77600e+04	1.0e+03
5.6213e+03	2.4e+00	5.72129e+04	1.0e+03
5.6248e+03	2.4e+00	5.67657e+04	1.1e+03
5.6282e+03	2.4e+00	5.69051e+04	1.1e+03
5.6317e+03	2.4e+00	5.64244e+04	1.1e+03
5.6352e+03	2.4e+00	5.64420e+04	1.1e+03
5.6387e+03	2.4e+00	5.66869e+04	1.1e+03
5.6421e+03	2.4e+00	5.61860e+04	1.2e+03
5.6456e+03	2.4e+00	5.54984e+04	1.1e+03
5.6491e+03	2.4e+00	5.58375e+04	1.1e+03
5.6526e+03	2.4e+00	5.56787e+04	1.2e+03
5.6560e+03	2.4e+00	5.54451e+04	1.0e+03
5.6595e+03	2.4e+00	5.49651e+04	9.9e+02
5.6630e+03	2.4e+00	5.45307e+04	1.1e+03
5.6665e+03	2.4e+00	5.45018e+04	1.0e+03
5.6699e+03	2.4e+00	5.47329e+04	1.0e+03
5.6734e+03	2.4e+00	5.46922e+04	1.1e+03
5.6769e+03	2.4e+00	5.42304e+04	1.1e+03
5.6803e+03	2.4e+00	5.41569e+04	1.1e+03
5.6838e+03	2.4e+00	5.36767e+04	9.9e+02
5.6873e+03	2.4e+00	5.35244e+04	1.1e+03
5.6908e+03	2.4e+00	5.31373e+04	1.1e+03
5.6942e+03	2.4e+00	5.28675e+04	1.0e+03
5.6977e+03	2.4e+00	5.30282e+04	1.0e+03
5.7012e+03	2.4e+00	5.26234e+04	9.6e+02
5.7046e+03	2.4e+00	5.23735e+04	8.9e+02
5.7081e+03	2.4e+00	5.23182e+04	9.2e+02
5.7116e+03	2.4e+00	5.17555e+04	9.8e+02
5.7150e+03	2.4e+00	5.17186e+04	1.0e+03
5.7185e+03	2.4e+00	5.14837e+04	9.8e+02
5.7220e+03	2.4e+00	5.11526e+04	1.1e+03
5.7254e+03	2.4e+00	5.10008e+04	1.1e+03
5.7289e+03	2.4e+00	5.07586e+04	9.5e+02
5.7324e+03	2.4e+00	5.06992e+04	9.1e+02
5.7358e+03	2.4e+00	5.00237e+04	9.9e+02
5.7393e+03	2.4e+00	4.97551e+04	1.0e+03
5.7427e+03	2.4e+00	4.97655e+04	1.0e+03
5.7462e+03	2.4e+00	4.95493e+04	1.0e+03
5.7497e+03	2.4e+00	4.94736e+04	1.0e+03
5.7531e+03	2.4e+00	4.94441e+04	1.1e+03
5.7566e+03	2.4e+00	4.93349e+04	1.1e+03
5.7600e+03	2.4e+00	4.89709e+04	9.4e+02
5.7635e+03	2.4e+00	4.85588e+04	9.3e+02
5.7670e+03	2.4e+00	4.82320e+04	9.2e+02
5.7704e+03	2.4e+00	4.82604e+04	1.0e+03
5.7739e+03	2.4e+00	4.84018e+04	9.4e+02
5.7773e+03	2.4e+00	4.84976e+04	8.7e+02
5.7808e+03	2.4e+00	4.79899e+04	9.2e+02
5.7843e+03	2.4e+00	4.75426e+04	9.0e+02
5.7877e+03	2.4e+00	4.74050e+04	9.6e+02
5.7912e+03	2.4e+00	4.76243e+04	9.8e+02
5.7946e+03	2.4e+00	4.75966e+04	9.6e+02
5.7981e+03	2.4e+00	4.76202e+04	9.9e+02
5.8015e+03	2.4e+00	4.74813e+04	1.0e+03
5.8050e+03	2.4e+00	4.73883e+04	1.0e+03
5.8084e+03	2.4e+00	4.73522e+04	8.8e+02
5.8119e+03	2.4e+00	4.73993e+04	8.5e+02
5.8154e+03	2.4e+00	4.74457e+04	8.9e+02
5.8188e+03	2.4e+00	4.68221e+04	8.6e+02
5.8223e+03	2.4e+00	4.65640e+04	9.1e+02
5.8257e+03	2.4e+00	4.67568e+04	9.3e+02
5.8292e+03	2.4e+00	4.66074e+04	1.1e+03
5.8326e+03	2.4e+00	4.65073e+04	1.0e+03
5.8361e+03	2.4e+00	4.66229e+04	9.7e+02
5.8395e+03	2.4e+00	4.65674e+04	1.1e+03
5.8430e+03	2.4e+00	4.63672e+04	9.8e+02
5.8464e+03	2.4e+00	4.64714e+04	9.9e+02
5.8499e+03	2.4e+00	4.62591e+04	1.1e+03
5.8533e+03	2.4e+00	4.62938e+04	9.5e+02
5.8568e+03	2.4e+00	4.62085e+04	9.9e+02
5.8602e+03	2.4e+00	4.60796e+04	8.4e+02
5.8637e+03	2.4e+00	4.58129e+04	7.8e+02
5.8671e+03	2.4e+00	4.55280e+04	9.2e+02
5.8705e+03	2.4e+00	4.57271e+04	9.5e+02
5.8740e+03	2.4e+00	4.55351e+04	9.9e+02
5.8774e+03	2.4e+00	4.49221e+04	9.0e+02
5.8809e+03	2.4e+00	4.43226e+04	8.3e+02
5.8843e+03	2.4e+00	4.43931e+04	8.3e+02
5.8878e+03	2.4e+00	4.40640e+04	8.8e+02
5.8912e+03	2.4e+00	4.35690e+04	9.3e+02
5.8947e+03	2.4e+00	4.33649e+04	8.0e+02
5.8981e+03	2.4e+00	4.33654e+04	7.9e+02
5.9015e+03	2.4e+00	4.33470e+04	7.7e+02
5.9050e+03	2.4e+00	4.35814e+04	7.5e+02
5.9084e+03	2.4e+00	4.35233e+04	8.4e+02
5.9119e+03	2.4e+00	4.35651e+04	9.3e+02
5.9153e+03	2.4e+00	4.32181e+04	9.1e+02
5.9188e+03	2.4e+00	4.31977e+04	8.5e+02
5.9222e+03	2.4e+00	4.32310e+04	8.8e+02
5.9256e+03	2.4e+00	4.26492e+04	8.9e+02
5.9291e+03	2.4e+00	4.23993e+04	9.2e+02
5.9325e+03	2.4e+00	4.25943e+04	8.9e+02
5.9359e+03	2.4e+00	4.25759e+04	8.5e+02
5.9394e+03	2.4e+00	4.24394e+04	7.6e+02
5.9428e+03	2.4e+00	4.24726e+04	8.1e+02
5.9463e+03	2.4e+00	4.25044e+04	9.1e+02
5.9497e+03	2.4e+00	4.21695e+04	8.4e+02
5.9531e+03	2.4e+00	4.21838e+04	8.1e+02
5.9566e+03	2.4e+00	4.23818e+04	9.2e+02
5.9600e+03	2.4e+00	4.19320e+04	8.6e+02
5.9634e+03	2.4e+00	4.18161e+04	8.4e+02
5.9669e+03	2.4e+00	4.18192e+04	7.9e+02
5.9703e+03	2.4e+00	4.19687e+04	7.6e+02
5.9737e+03	2.4e+00	4.19983e+04	8.6e+02
5.9772e+03	2.4e+00	4.18060e+04	8.3e+02
5.9806e+03	2.4e+00	4.17680e+04	8.5e+02
5.9840e+03	2.4e+00	4.17259e+04	9.4e+02
5.9875e+03	2.4e+00	4.14157e+04	9.3e+02
5.9909e+03	2.4e+00	4.10069e+04	8.6e+02
5.9943e+03	2.4e+00	4.12937e+04	8.0e+02
5.9978e+03	2.4e+00	4.14106e+04	8.1e+02
6.0012e+03	2.4e+00	4.08779e+04	7.9e+02
6.0046e+03	2.4e+00	4.09830e+04	8.4e+02
6.0080e+03	2.4e+00	4.09406e+04	8.0e+02
6.0115e+03	2.4e+00	4.07524e+04	7.4e+02
6.0149e+03	2.4e+00	4.08105e+04	7.7e+02
6.0183e+03	2.4e+00	4.09410e+04	7.8e+02
6.0218e+03	2.4e+00	4.05116e+04	7.8e+02
6.0252e+03	2.4e+00	4.05202e+04	8.4e+02
6.0286e+03	2.4e+00	4.04480e+04	8.8e+02
6.0320e+03	2.4e+00	4.03296e+04	8.8e+02
6.0355e+03	2.4e+00	4.02611e+04	8.0e+02
6.0389e+03	2.4e+00	4.00322e+04	6.8e+02
6.0423e+03	2.4e+00	3.97185e+04	6.9e+02
6.0457e+03	2.4e+00	3.95495e+04	7.6e+02
6.0491e+03	2.4e+00	3.98165e+04	8.0e+02
6.0526e+03	2.4e+00	3.97992e+04	7.5e+02
6.0560e+03	2.4e+00	3.96608e+04	6.9e+02
6.0594e+03	2.4e+00	3.95283e+04	8.0e+02
6.0628e+03	2.4e+00	3.92713e+04	7.7e+02
6.0663e+03	2.4e+00	3.91422e+04	7.0e+02
6.0697e+03	2.4e+00	3.90482e+04	7.1e+02
6.0731e+03	2.4e+00	3.88250e+04	7.9e+02
6.0765e+03	2.4e+00	3.86690e+04	7.4e+02
6.0799e+03	2.4e+00	3.85562e+04	6.6e+02
6.0834e+03	2.4e+00	3.84842e+04	6.7e+02
6.0868e+03	2.4e+00	3.85223e+04	6.7e+02
6.0902e+03	2.4e+00	3.84433e+04	7.0e+02
6.0936e+03	2.4e+00	3.83136e+04	7.3e+02
6.0970e+03	2.4e+00	3.81080e+04	7.2e+02
6.1004e+03	2.4e+00	3.79357e+04	7.2e+02
6.1039e+03	2.4e+00	3.78446e+04	8.0e+02
6.1073e+03	2.4e+00	3.78233e+04	7.5e+02
6.1107e+03	2.4e+00	3.75536e+04	6.3e+02
6.1141e+03	2.4e+00	3.73293e+04	5.9e+02
6.1175e+03	2.4e+00	3.76097e+04	6.5e+02
6.1209e+03	2.4e+00	3.79492e+04	7.3e+02
6.1244e+03	2.4e+00	3.76832e+04	7.2e+02
6.1278e+03	2.4e+00	3.74487e+04	6.7e+02
6.1312e+03	2.4e+00	3.74314e+04	6.5e+02
6.1346e+03	2.4e+00	3.74077e+04	6.7e+02
6.1380e+03	2.4e+00	3.72436e+04	7.1e+02
6.1414e+03	2.4e+00	3.71751e+04	6.3e+02
6.1448e+03	2.4e+00	3.70852e+04	6.1e+02
6.1482e+03	2.4e+00	3.68357e+04	6.9e+02
6.1516e+03	2.4e+00	3.67098e+04	7.3e+02
6.1551e+03	2.4e+00	3.67967e+04	7.1e+02
6.1585e+03	2.4e+00	3.65802e+04	7.3e+02
6.1619e+03	2.4e+00	3.63519e+04	7.2e+02
6.1653e+03	2.4e+00	3.64890e+04	7.7e+02
6.1687e+03	2.4e+00	3.65182e+04	6.4e+02
6.1721e+03	2.4e+00	3.65772e+04	6.4e+02
6.1755e+03	2.4e+00	3.65885e+04	8.1e+02
6.1789e+03	2.4e+00	3.66009e+04	8.0e+02
6.1823e+03	2.4e+00	3.65033e+04	6.8e+02
6.1857e+03	2.4e+00	3.64559e+04	7.4e+02
6.1891e+03	2.4e+00	3.60680e+04	6.6e+02
6.1925e+03	2.4e+00	3.60144e+04	6.3e+02
6.1959e+03	2.4e+00	3.60868e+04	6.8e+02
6.1993e+03	2.4e+00	3.59295e+04	7.2e+02
6.2027e+03	2.4e+00	3.57185e+04	7.6e+02
6.2061e+03	2.4e+00	3.56114e+04	6.9e+02
6.2096e+03	2.4e+00	3.54305e+04	5.8e+02
6.2130e+03	2.4e+00	3.53964e+04	5.8e+02
6.2164e+03	2.4e+00	3.55980e+04	6.2e+02
6.2198e+03	2.4e+00	3.53708e+04	6.2e+02
6.2232e+03	2.4e+00	3.48512e+04	5.7e+02
6.2266e+03	2.4e+00	3.49842e+04	5.4e+02
6.2300e+03	2.4e+00	3.50145e+04	6.2e+02
6.2334e+03	2.4e+00	3.45999e+04	6.4e+02
6.2368e+03	2.4e+00	3.45419e+04	6.4e+02
6.2402e+03	2.4e+00	3.45624e+04	6.4e+02
6.2436e+03	2.4e+00	3.44396e+04	7.0e+02
6.2470e+03	2.4e+00	3.41742e+04	7.4e+02
6.2503e+03	2.4e+00	3.41760e+04	6.5e+02
6.2537e+03	2.4e+00	3.42248e+04	6.0e+02
6.2571e+03	2.4e+00	3.42757e+04	6.4e+02
6.2605e+03	2.4e+00	3.44551e+04	6.8e+02
6.2639e+03	2.4e+00	3.41958e+04	6.6e+02
6.2673e+03	2.4e+00	3.40713e+04	6.9e+02
6.2707e+03	2.4e+00	3.39472e+04	6.4e+02
6.2741e+03	2.4e+00	3.33002e+04	5.7e+02
6.2775e+03	2.4e+00	3.24361e+04	5.6e+02
6.2809e+03	2.4e+00	3.23317e+04	6.0e+02
6.2843e+03	2.4e+00	3.27806e+04	6.5e+02
6.2877e+03	2.4e+00	3.31473e+04	6.9e+02
6.2911e+03	2.4e+00	3.28921e+04	6.8e+02
6.2945e+03	2.4e+00	3.24193e+04	6.7e+02
6.2979e+03	2.4e+00	3.24625e+04	6.1e+02
6.3013e+03	2.4e+00	3.23157e+04	6.1e+02
6.3046e+03	2.4e+00	3.25460e+04	6.0e+02
6.3080e+03	2.4e+00	3.27238e+04	6.1e+02
6.3114e+03	2.4e+00	3.25522e+04	6.6e+02
6.3148e+03	2.4e+00	3.25446e+04	6.3e+02
6.3182e+03	2.4e+00	3.26255e+04	6.2e+02
6.3216e+03	2.4e+00	3.27320e+04	6.7e+02
6.3250e+03	2.4e+00	3.28428e+04	6.7e+02
6.3284e+03	2.4e+00	3.26097e+04	5.9e+02
6.3318e+03	2.4e+00	3.26499e+04	6.2e+02
6.3351e+03	2.4e+00	3.25636e+04	6.0e+02
6.3385e+03	2.4e+00	3.22952e+04	5.6e+02
6.3419e+03	2.4e+00	3.20927e+04	5.5e+02
6.3453e+03	2.4e+00	3.19747e+04	5.6e+02
6.3487e+03	2.4e+00	3.19187e+04	5.9e+02
6.3521e+03	2.4e+00	3.18175e+04	5.9e+02
6.3554e+03	2.4e+00	3.17733e+04	5.6e+02
6.3588e+03	2.4e+00	3.17620e+04	6.1e+02
6.3622e+03	2.4e+00	3.18289e+04	5.9e+02
6.3656e+03	2.4e+00	3.19457e+04	5.4e+02
6.3690e+03	2.4e+00	3.16425e+04	5.3e+02
6.3724e+03	2.4e+00	3.13302e+04	5.6e+02
6.3757e+03	2.4e+00	3.13025e+04	5.7e+02
6.3791e+03	2.4e+00	3.14831e+04	6.0e+02
6.3825e+03	2.4e+00	3.15154e+04	5.5e+02
6.3859e+03	2.4e+00	3.13460e+04	5.5e+02
6.3893e+03	2.4e+00	3.11372e+04	5.2e+02
6.3926e+03	2.4e+00	3.13516e+04	5.4e+02
6.3960e+03	2.4e+00	3.15384e+04	5.2e+02
6.3994e+03	2.4e+00	3.14276e+04	5.3e+02
6.4028e+03	2.4e+00	3.12399e+04	5.5e+02
6.4062e+03	2.4e+00	3.12490e+04	5.5e+02
6.4095e+03	2.4e+00	3.11665e+04	5.2e+02
6.4129e+03	2.4e+00	3.10601e+04	5.3e+02
6.4163e+03	2.4e+00	3.11872e+04	5.4e+02
6.4197e+03	2.4e+00	3.12068e+04	5.8e+02
6.4230e+03	2.4e+00	3.08452e+04	5.4e+02
6.4264e+03	2.4e+00	3.06820e+04	5.2e+02
6.4298e+03	2.4e+00	3.07639e+04	4.7e+02
6.4332e+03	2.4e+00	3.06420e+04	5.1e+02
6.4365e+03	2.4e+00	3.06660e+04	5.5e+02
6.4399e+03	2.4e+00	3.05031e+04	6.6e+02
6.4433e+03	2.4e+00	3.06405e+04	5.4e+02
6.4466e+03	2.4e+00	3.10271e+04	6.0e+02
6.4500e+03	2.4e+00	3.03810e+04	5.9e+02
6.4534e+03	2.4e+00	2.99201e+04	5.0e+02
6.4568e+03	2.4e+00	2.99593e+04	5.2e+02
6.4601e+03	2.4e+00	2.97995e+04	5.2e+02
6.4635e+03	2.4e+00	2.97444e+04	4.9e+02
6.4669e+03	2.4e+00	2.97398e+04	5.2e+02
6.4702e+03	2.4e+00	2.96098e+04	5.5e+02
6.4736e+03	2.4e+00	2.94169e+04	5.0e+02
6.4770e+03	2.4e+00	2.94543e+04	5.0e+02
6.4803e+03	2.4e+00	2.94774e+04	5.3e+02
6.4837e+03	2.4e+00	2.92963e+04	4.9e+02
6.4871e+03	2.4e+00	2.90924e+04	6.0e+02
6.4904e+03	2.4e+00	2.90499e+04	6.5e+02
6.4938e+03	2.4e+00	2.91884e+04	5.4e+02
6.4972e+03	2.4e+00	2.91834e+04	4.6e+02
6.5005e+03	2.4e+00	2.90184e+04	5.4e+02
6.5039e+03	2.4e+00	2.89242e+04	5.1e+02
6.5073e+03	2.4e+00	2.86139e+04	5.7e+02
6.5106e+03	2.4e+00	2.85980e+04	6.3e+02
6.5140e+03	2.4e+00	2.83555e+04	5.9e+02
6.5173e+03	2.4e+00	2.80252e+04	5.7e+02
6.5207e+03	2.4e+00	2.81655e+04	5.6e+02
6.5241e+03	2.4e+00	2.77589e+04	4.8e+02
6.5274e+03	2.4e+00	2.73266e+04	5.0e+02
6.5308e+03	2.4e+00	2.72152e+04	4.7e+02
6.5342e+03	2.4e+00	2.66997e+04	4.8e+02
6.5375e+03	2.4e+00	2.60361e+04	5.2e+02
6.5409e+03	2.4e+00	2.54565e+04	4.7e+02
6.5442e+03	2.4e+00	2.45073e+04	4.4e+02
6.5476e+03	2.4e+00	2.33467e+04	4.5e+02
6.5509e+03	2.4e+00	2.19196e+04	3.9e+02
6.5543e+03	2.4e+00	2.01027e+04	3.2e+02
6.5577e+03	2.4e+00	1.75994e+04	3.0e+02
6.5610e+03	2.4e+00	1.62009e+04	3.2e+02
6.5644e+03	2.4e+00	1.71778e+04	3.9e+02
6.5677e+03	2.4e+00	1.90425e+04	4.1e+02
6.5711e+03	2.4e+00	2.10071e+04	4.7e+02
6.5744e+03	2.4e+00	2.29084e+04	5.0e+02
6.5778e+03	2.4e+00	2.40231e+04	4.9e+02
6.5812e+03	2.4e+00	2.48556e+04	4.9e+02
6.5845e+03	2.4e+00	2.56242e+04	4.3e+02
6.5879e+03	2.4e+00	2.60992e+04	4.6e+02
6.5912e+03	2.4e+00	2.64224e+04	6.4e+02
6.5946e+03	2.4e+00	2.65817e+04	6.9e+02
6.5979e+03	2.4e+00	2.68344e+04	6.5e+02
6.6013e+03	2.4e+00	2.69163e+04	6.7e+02
6.6046e+03	2.4e+00	2.69593e+04	6.7e+02
6.6080e+03	2.4e+00	2.73840e+04	5.9e+02
6.6113e+03	2.4e+00	2.75037e+04	6.6e+02
6.6147e+03	2.4e+00	2.74983e+04	6.9e+02
6.6180e+03	2.4e+00	2.72483e+04	7.5e+02
6.6214e+03	2.4e+00	2.70715e+04	6.3e+02
6.6247e+03	2.4e+00	2.72006e+04	4.9e+02
6.6281e+03	2.4e+00	2.71599e+04	5.5e+02
6.6314e+03	2.4e+00	2.70209e+04	6.1e+02
6.6348e+03	2.4e+00	2.69916e+04	6.1e+02
6.6381e+03	2.4e+00	2.70327e+04	5.4e+02
6.6415e+03	2.4e+00	2.68909e+04	5.2e+02
6.6448e+03	2.4e+00	2.67196e+04	4.9e+02
6.6481e+03	2.4e+00	2.69445e+04	5.5e+02
6.6515e+03	2.4e+00	2.69645e+04	5.1e+02
6.6548e+03	2.4e+00	2.66140e+04	4.1e+02
6.6582e+03	2.4e+00	2.67100e+04	5.6e+02
6.6615e+03	2.4e+00	2.66102e+04	5.8e+02
6.6649e+03	2.4e+00	2.67363e+04	6.1e+02
6.6682e+03	2.4e+00	2.68514e+04	6.7e+02
6.6715e+03	2.4e+00	2.67497e+04	5.8e+02
6.6749e+03	2.4e+00	2.65913e+04	5.2e+02
6.6782e+03	2.4e+00	2.66156e+04	5.7e+02
6.6816e+03	2.4e+00	2.65791e+04	6.6e+02
6.6849e+03	2.4e+00	2.63381e+04	6.6e+02
6.6883e+03	2.4e+00	2.63659e+04	5.8e+02
6.6916e+03	2.4e+00	2.65345e+04	5.4e+02
6.6949e+03	2.4e+00	2.63627e+04	4.9e+02
6.6983e+03	2.4e+00	2.62144e+04	5.1e+02
6.7016e+03	2.4e+00	2.64163e+04	5.8e+02
6.7049e+03	2.4e+00	2.63529e+04	6.6e+02
6.7083e+03	2.4e+00	2.61944e+04	7.9e+02
6.7116e+03	2.4e+00	2.61711e+04	7.5e+02
6.7150e+03	2.4e+00	2.59171e+04	6.7e+02
6.7183e+03	2.4e+00	2.58628e+04	5.8e+02
6.7216e+03	2.4e+00	2.59957e+04	6.5e+02
6.7250e+03	2.4e+00	2.60286e+04	6.8e+02
6.7283e+03	2.4e+00	2.59420e+04	6.2e+02
6.7316e+03	2.4e+00	2.58439e+04	6.9e+02
6.7350e+03	2.4e+00	2.57704e+04	5.8e+02
6.7383e+03	2.4e+00	2.56441e+04	5.4e+02
6.7416e+03	2.4e+00	2.56487e+04	5.9e+02
6.7450e+03	2.4e+00	2.53376e+04	5.4e+02
6.7483e+03	2.4e+00	2.51688e+04	6.7e+02
6.7516e+03	2.4e+00	2.54935e+04	8.0e+02
6.7550e+03	2.4e+00	2.56217e+04	7.4e+02
6.7583e+03	2.4e+00	2.57143e+04	6.6e+02
6.7616e+03	2.4e+00	2.50825e+04	5.7e+02
6.7650e+03	2.4e+00	2.49092e+04	6.3e+02
6.7683e+03	2.4e+00	2.52758e+04	6.6e+02
6.7716e+03	2.4e+00	2.50942e+04	5.9e+02
6.7749e+03	2.4e+00	2.49337e+04	6.7e+02
6.7783e+03	2.4e+00	2.47334e+04	7.0e+02
6.7816e+03	2.4e+00	2.48397e+04	5.9e+02
6.7849e+03	2.4e+00	2.48002e+04	6.7e+02
6.7883e+03	2.4e+00	2.46679e+04	7.9e+02
6.7916e+03	2.4e+00	2.48518e+04	6.7e+02
6.7949e+03	2.4e+00	2.48525e+04	6.4e+02
6.7982e+03	2.4e+00	2.47974e+04	6.9e+02
6.8016e+03	2.4e+00	2.47583e+04	6.4e+02
6.8049e+03	2.4e+00	2.46084e+04	6.3e+02
6.8082e+03	2.4e+00	2.43200e+04	6.4e+02
6.8115e+03	2.4e+00	2.41341e+04	6.8e+02
6.8148e+03	2.4e+00	2.39567e+04	6.6e+02
6.8182e+03	2.4e+00	2.41064e+04	6.6e+02
6.8215e+03	2.4e+00	2.41687e+04	7.1e+02
6.8248e+03	2.4e+00	2.37926e+04	7.2e+02
6.8281e+03	2.4e+00	2.38328e+04	7.7e+02
6.8315e+03	2.4e+00	2.40874e+04	7.9e+02
6.8348e+03	2.4e+00	2.38893e+04	6.7e+02
6.8381e+03	2.4e+00	2.37171e+04	6.0e+02
6.8414e+03	2.4e+00	2.39301e+04	6.9e+02
6.8447e+03	2.4e+00	2.37999e+04	6.6e+02
6.8481e+03	2.4e+00	2.34376e+04	5.9e+02
6.8514e+03	2.4e+00	2.32902e+04	5.9e+02
6.8547e+03	2.4e+00	2.32222e+04	5.4e+02
6.8580e+03	2.4e+00	2.30413e+04	5.4e+02
6.8613e+03	2.4e+00	2.18849e+04	6.0e+02
6.8646e+03	2.4e+00	1.95384e+04	5.9e+02
6.8680e+03	2.4e+00	1.72270e+04	5.2e+02
6.8713e+03	2.4e+00	1.68386e+04	4.8e+02
6.8746e+03	2.4e+00	1.80249e+04	5.1e+02
6.8779e+03	2.4e+00	1.95246e+04	4.8e+02
6.8812e+03	2.4e+00	2.06194e+04	5.3e+02
6.8845e+03	2.4e+00	2.04326e+04	6.1e+02
6.8879e+03	2.4e+00	1.98141e+04	6.0e+02
6.8912e+03	2.4e+00	1.95795e+04	5.3e+02
6.8945e+03	2.4e+00	1.95360e+04	5.1e+02
6.8978e+03	2.4e+00	1.98053e+04	5.0e+02
6.9011e+03	2.4e+00	2.05067e+04	4.9e+02
6.9044e+03	2.4e+00	2.09498e+04	5.9e+02
6.9077e+03	2.4e+00	2.08805e+04	6.3e+02
6.9110e+03	2.4e+00	2.08245e+04	6.7e+02
6.9143e+03	2.4e+00	2.11103e+04	6.9e+02
6.9177e+03	2.4e+00	2.13395e+04	6.9e+02
6.9210e+03	2.4e+00	2.13503e+04	7.0e+02
6.9243e+03	2.4e+00	2.16262e+04	7.0e+02
6.9276e+03	2.4e+00	2.15825e+04	6.5e+02
6.9309e+03	2.4e+00	2.14010e+04	6.1e+02
6.9342e+03	2.4e+00	2.13907e+04	6.5e+02
6.9375e+03	2.4e+00	2.13074e+04	6.9e+02
6.9408e+03	2.4e+00	2.12214e+04	7.2e+02
6.9441e+03	2.4e+00	2.11928e+04	6.8e+02
6.9474e+03	2.4e+00	2.13675e+04	5.8e+02
6.9507e+03	2.4e+00	2.13590e+04	5.9e+02
6.9540e+03	2.4e+00	2.12068e+04	7.3e+02
6.9573e+03	2.4e+00	2.13683e+04	7.4e+02
6.9606e+03	2.4e+00	2.11618e+04	6.2e+02
6.9639e+03	2.4e+00	2.10560e+04	6.1e+02
6.9672e+03	2.4e+00	2.14014e+04	7.1e+02
6.9705e+03	2.4e+00	2.13536e+04	7.3e+02
6.9739e+03	2.4e+00	2.12904e+04	6.0e+02
6.9772e+03	2.4e+00	2.11216e+04	5.1e+02
6.9805e+03	2.4e+00	2.08640e+04	6.1e+02
6.9838e+03	2.4e+00	2.07665e+04	6.6e+02
6.9871e+03	2.4e+00	2.06683e+04	6.7e+02
6.9904e+03	2.4e+00	2.03716e+04	7.3e+02
6.9937e+03	2.4e+00	2.02697e+04	6.8e+02
6.9970e+03	2.4e+00	2.04022e+04	6.3e+02
7.0003e+03	2.4e+00	2.04372e+04	6.1e+02
7.0035e+03	2.4e+00	2.02176e+04	5.7e+02
7.0068e+03	2.4e+00	2.00291e+04	6.4e+02
7.0101e+03	2.4e+00	2.01399e+04	7.2e+02
7.0134e+03	2.4e+00	2.00094e+04	6.1e+02
7.0167e+03	2.4e+00	1.99633e+04	5.5e+02
7.0200e+03	2.4e+00	1.99853e+04	5.6e+02
7.0233e+03	2.4e+00	2.00931e+04	5.9e+02
7.0266e+03	2.4e+00	2.02044e+04	6.4e+02
7.0299e+03	2.4e+00	2.00059e+04	7.8e+02
7.0332e+03	2.4e+00	1.99004e+04	8.0e+02
7.0365e+03	2.4e+00	1.99328e+04	5.5e+02
7.0398e+03	2.4e+00	1.96462e+04	6.1e+02
7.0431e+03	2.4e+00	1.95648e+04	8.0e+02
7.0464e+03	2.4e+00	1.96804e+04	8.6e+02
7.0497e+03	2.4e+00	1.97503e+04	8.6e+02
7.0530e+03	2.4e+00	1.99432e+04	8.5e+02
7.0563e+03	2.4e+00	1.98609e+04	7.0e+02
7.0596e+03	2.4e+00	1.96490e+04	6.5e+02
7.0628e+03	2.4e+00	1.94887e+04	7.4e+02
7.0661e+03	2.4e+00	1.95974e+04	7.6e+02
7.0694e+03	2.4e+00	1.96341e+04	7.9e+02
7.0727e+03	2.4e+00	1.95060e+04	8.0e+02
7.0760e+03	2.4e+00	1.92332e+04	7.3e+02
7.0793e+03	2.4e+00	1.91341e+04	7.3e+02
7.0826e+03	2.4e+00	1.91071e+04	7.2e+02
7.0859e+03	2.4e+00	1.88584e+04	7.8e+02
7.0891e+03	2.4e+00	1.89407e+04	7.5e+02
7.0924e+03	2.4e+00	1.91098e+04	6.8e+02
7.0957e+03	2.4e+00	1.89661e+04	7.0e+02
7.0990e+03	2.4e+00	1.90081e+04	7.0e+02
7.1023e+03	2.4e+00	1.91638e+04	7.3e+02
7.1056e+03	2.4e+00	1.90950e+04	7.3e+02
7.1089e+03	2.4e+00	1.89639e+04	7.7e+02
7.1121e+03	2.4e+00	1.87169e+04	7.0e+02
7.1154e+03	2.4e+00	1.87379e+04	6.5e+02
7.1187e+03	2.4e+00	1.89789e+04	7.5e+02
7.1220e+03	2.4e+00	1.89031e+04	7.5e+02
7.1253e+03	2.4e+00	1.86440e+04	7.0e+02
7.1286e+03	2.4e+00	1.85320e+04	6.9e+02
7.1318e+03	2.4e+00	1.86353e+04	6.7e+02
7.1351e+03	2.4e+00	1.87015e+04	6.7e+02
7.1384e+03	2.4e+00	1.86574e+04	6.4e+02
7.1417e+03	2.4e+00	1.82345e+04	7.2e+02
7.1450e+03	2.4e+00	1.79325e+04	7.3e+02
7.1482e+03	2.4e+00	1.81368e+04	7.1e+02
7.1515e+03	2.4e+00	1.83826e+04	7.5e+02
7.1548e+03	2.4e+00	1.82620e+04	8.0e+02
7.1581e+03	2.4e+00	1.79329e+04	7.4e+02
7.1613e+03	2.4e+00	1.75398e+04	6.6e+02
7.1646e+03	2.4e+00	1.70742e+04	6.9e+02
7.1679e+03	2.4e+00	1.67078e+04	7.3e+02
7.1712e+03	2.4e+00	1.64361e+04	6.9e+02
7.1744e+03	2.4e+00	1.61442e+04	6.3e+02
7.1777e+03	2.4e+00	1.62130e+04	6.2e+02
7.1810e+03	2.4e+00	1.60927e+04	6.1e+02
7.1843e+03	2.4e+00	1.56561e+04	6.3e+02
7.1875e+03	2.4e+00	1.55959e+04	7.0e+02
7.1908e+03	2.4e+00	1.55708e+04	6.7e+02
7.1941e+03	2.4e+00	1.55833e+04	6.2e+02
7.1974e+03	2.4e+00	1.57298e+04	5.6e+02
7.2006e+03	2.4e+00	1.56119e+04	6.5e+02
7.2039e+03	2.4e+00	1.59143e+04	8.4e+02
7.2072e+03	2.4e+00	1.65942e+04	7.6e+02
7.2104e+03	2.4e+00	1.69746e+04	7.7e+02
7.2137e+03	2.4e+00	1.70902e+04	7.3e+02
7.2170e+03	2.4e+00	1.71491e+04	7.3e+02
7.2203e+03	2.4e+00	1.69565e+04	7.8e+02
7.2235e+03	2.4e+00	1.66187e+04	7.2e+02
7.2268e+03	2.4e+00	1.63603e+04	7.1e+02
7.2301e+03	2.4e+00	1.56508e+04	6.6e+02
7.2333e+03	2.4e+00	1.53236e+04	6.8e+02
7.2366e+03	2.4e+00	1.53579e+04	6.7e+02
7.2399e+03	2.4e+00	1.51718e+04	5.8e+02
7.2431e+03	2.4e+00	1.52867e+04	5.3e+02
7.2464e+03	2.4e+00	1.52086e+04	5.4e+02
7.2497e+03	2.4e+00	1.49882e+04	5.3e+02
7.2529e+03	2.4e+00	1.49363e+04	5.6e+02
7.2562e+03	2.4e+00	1.53007e+04	6.1e+02
7.2595e+03	2.4e+00	1.53910e+04	6.2e+02
7.2627e+03	2.4e+00	1.51208e+04	6.9e+02
7.2660e+03	2.4e+00	1.48891e+04	5.8e+02
7.2692e+03	2.4e+00	1.47178e+04	5.5e+02
7.2725e+03	2.4e+00	1.46731e+04	5.3e+02
7.2758e+03	2.4e+00	1.44623e+04	5.0e+02
7.2790e+03	2.4e+00	1.46795e+04	5.8e+02
7.2823e+03	2.4e+00	1.49428e+04	5.8e+02
7.2855e+03	2.4e+00	1.49333e+04	6.4e+02
7.2888e+03	2.4e+00	1.47229e+04	6.8e+02
7.2921e+03	2.4e+00	1.47062e+04	6.1e+02
7.2953e+03	2.4e+00	1.49277e+04	5.7e+02
7.2986e+03	2.4e+00	1.49534e+04	5.9e+02
7.3018e+03	2.4e+00	1.44670e+04	6.4e+02
7.3051e+03	2.4e+00	1.40812e+04	6.1e+02
7.3084e+03	2.4e+00	1.42477e+04	5.3e+02
7.3116e+03	2.4e+00	1.42739e+04	4.4e+02
7.3149e+03	2.4e+00	1.43804e+04	5.1e+02
7.3181e+03	2.4e+00	1.44924e+04	6.3e+02
7.3214e+03	2.4e+00	1.46594e+04	7.3e+02
7.3246e+03	2.4e+00	1.47918e+04	7.0e+02
7.3279e+03	2.4e+00	1.46231e+04	6.5e+02
7.3311e+03	2.4e+00	1.47269e+04	7.5e+02
7.3344e+03	2.4e+00	1.49194e+04	8.3e+02
7.3377e+03	2.4e+00	1.48235e+04	8.4e+02
7.3409e+03	2.4e+00	1.47958e+04	7.3e+02
7.3442e+03	2.4e+00	1.49308e+04	6.4e+02
7.3474e+03	2.4e+00	1.49146e+04	7.4e+02
7.3507e+03	2.4e+00	1.48541e+04	7.5e+02
7.3539e+03	2.4e+00	1.47023e+04	6.0e+02
7.3572e+03	2.4e+00	1.46358e+04	7.3e+02
7.3604e+03	2.4e+00	1.48077e+04	8.5e+02
7.3637e+03	2.4e+00	1.44659e+04	7.1e+02
7.3669e+03	2.4e+00	1.42635e+04	6.1e+02
7.3702e+03	2.4e+00	1.41834e+04	6.5e+02
7.3734e+03	2.4e+00	1.43445e+04	6.2e+02
7.3767e+03	2.4e+00	1.42486e+04	6.3e+02
7.3799e+03	2.4e+00	1.41459e+04	7.1e+02
7.3831e+03	2.4e+00	1.41954e+04	8.1e+02
7.3864e+03	2.4e+00	1.40150e+04	7.6e+02
7.3896e+03	2.4e+00	1.38127e+04	6.8e+02
7.3929e+03	2.4e+00	1.36111e+04	6.6e+02
7.3961e+03	2.4e+00	1.37269e+04	5.8e+02
7.3994e+03	2.4e+00	1.38118e+04	5.2e+02
7.4026e+03	2.4e+00	1.38998e+04	5.8e+02
7.4059e+03	2.4e+00	1.38312e+04	7.1e+02
7.4091e+03	2.4e+00	1.36997e+04	6.7e+02
7.4124e+03	2.4e+00	1.37550e+04	5.7e+02
7.4156e+03	2.4e+00	1.36335e+04	5.8e+02
7.4188e+03	2.4e+00	1.36391e+04	5.6e+02
7.4221e+03	2.4e+00	1.35994e+04	5.5e+02
7.4253e+03	2.4e+00	1.32862e+04	5.9e+02
7.4286e+03	2.4e+00	1.34975e+04	6.3e+02
7.4318e+03	2.4e+00	1.37269e+04	7.2e+02
7.4350e+03	2.4e+00	1.35662e+04	6.3e+02
7.4383e+03	2.4e+00	1.35074e+04	6.2e+02
7.4415e+03	2.4e+00	1.36403e+04	6.1e+02
7.4448e+03	2.4e+00	1.35578e+04	5.0e+02
7.4480e+03	2.4e+00	1.33594e+04	5.4e+02
7.4512e+03	2.4e+00	1.34311e+04	5.4e+02
7.4545e+03	2.4e+00	1.33177e+04	5.3e+02
7.4577e+03	2.4e+00	1.31548e+04	6.3e+02
7.4609e+03	2.4e+00	1.31395e+04	7.7e+02
7.4642e+03	2.4e+00	1.30122e+04	7.0e+02
7.4674e+03	2.4e+00	1.26643e+04	5.5e+02
7.4707e+03	2.4e+00	1.26855e+04	6.3e+02
7.4739e+03	2.4e+00	1.28593e+04	6.6e+02
7.4771e+03	2.4e+00	1.30089e+04	6.4e+02
7.4804e+03	2.4e+00	1.30218e+04	6.3e+02
7.4836e+03	2.4e+00	1.29645e+04	5.3e+02
7.4868e+03	2.4e+00	1.29556e+04	6.5e+02
7.4901e+03	2.4e+00	1.29643e+04	7.7e+02
7.4933e+03	2.4e+00	1.29750e+04	7.4e+02
7.4965e+03	2.4e+00	1.28784e+04	7.3e+02
7.4997e+03	2.4e+00	1.26229e+04	6.3e+02
7.5030e+03	2.4e+00	1.25836e+04	5.0e+02
7.5062e+03	2.4e+00	1.26967e+04	5.1e+02
7.5094e+03	2.4e+00	1.28191e+04	6.1e+02
7.5127e+03	2.4e+00	1.26915e+04	7.1e+02
7.5159e+03	2.4e+00	1.25659e+04	6.9e+02
7.5191e+03	2.4e+00	1.21493e+04	5.8e+02
7.5224e+03	2.4e+00	1.20560e+04	5.4e+02
7.5256e+03	2.4e+00	1.20477e+04	4.9e+02
7.5288e+03	2.4e+00	1.19572e+04	5.1e+02
7.5320e+03	2.4e+00	1.21147e+04	6.0e+02
7.5353e+03	2.4e+00	1.21912e+04	6.2e+02
7.5385e+03	2.4e+00	1.21441e+04	5.7e+02
7.5417e+03	2.4e+00	1.21677e+04	5.2e+02
7.5449e+03	2.4e+00	1.21615e+04	5.7e+02
7.5482e+03	2.4e+00	1.20644e+04	5.7e+02
7.5514e+03	2.4e+00	1.20629e+04	5.2e+02
7.5546e+03	2.4e+00	1.20008e+04	4.2e+02
7.5578e+03	2.4e+00	1.19087e+04	4.9e+02
7.5611e+03	2.4e+00	1.18139e+04	5.5e+02
7.5643e+03	2.4e+00	1.17921e+04	5.2e+02
7.5675e+03	2.4e+00	1.20514e+04	5.1e+02
7.5707e+03	2.4e+00	1.19620e+04	5.3e+02
7.5739e+03	2.4e+00	1.17253e+04	5.2e+02
7.5772e+03	2.4e+00	1.17743e+04	5.1e+02
7.5804e+03	2.4e+00	1.16277e+04	4.9e+02
7.5836e+03	2.4e+00	1.16208e+04	5.2e+02
7.5868e+03	2.4e+00	1.14248e+04	5.2e+02
7.5900e+03	2.4e+00	1.08076e+04	4.7e+02
7.5933e+03	2.4e+00	9.48577e+03	4.0e+02
7.5965e+03	2.4e+00	7.21925e+03	2.9e+02
7.5997e+03	2.4e+00	5.00118e+03	2.3e+02
7.6029e+03	2.4e+00	3.65319e+03	1.9e+02
7.6061e+03	2.4e+00	3.04741e+03	1.7e+02
7.6093e+03	2.4e+00	3.10732e+03	1.9e+02
7.6126e+03	2.4e+00	3.77719e+03	2.1e+02
7.6158e+03	2.4e+00	5.23918e+03	2.8e+02
7.6190e+03	2.4e+00	6.64386e+03	3.7e+02
7.6222e+03	2.4e+00	6.84123e+03	3.8e+02
7.6254e+03	2.4e+00	6.16712e+03	2.9e+02
7.6286e+03	2.4e+00	5.51482e+03	3.1e+02
7.6318e+03	2.4e+00	5.35094e+03	3.2e+02
7.6351e+03	2.4e+00	5.44732e+03	3.4e+02
7.6383e+03	2.4e+00	5.66148e+03	3.3e+02
7.6415e+03	2.4e+00	6.07131e+03	3.2e+02
7.6447e+03	2.4e+00	6.30359e+03	3.2e+02
7.6479e+03	2.4e+00	6.72159e+03	3.7e+02
7.6511e+03	2.4e+00	7.22366e+03	5.0e+02
7.6543e+03	2.4e+00	7.45855e+03	4.5e+02
7.6575e+03	2.4e+00	8.04993e+03	4.2e+02
7.6607e+03	2.4e+00	8.62348e+03	4.8e+02
7.6640e+03	2.4e+00	8.83290e+03	4.8e+02
7.6672e+03	2.4e+00	8.94935e+03	4.4e+02
7.6704e+03	2.4e+00	9.21309e+03	4.9e+02
7.6736e+03	2.4e+00	9.44672e+03	5.0e+02
7.6768e+03	2.4e+00	9.57815e+03	5.4e+02
7.6800e+03	2.4e+00	9.61684e+03	5.8e+02
