# lambda [A]	Dlambda [A]	specval [counts]	Dspecval [counts]
3.6361e+03	2.4e+00	5.1347e-02	1.3e-03
3.6395e+03	2.4e+00	5.1368e-02	3.6e-03
3.6429e+03	2.4e+00	5.2589e-02	3.4e-03
3.6463e+03	2.4e+00	5.3205e-02	3.3e-03
3.6496e+03	2.4e+00	5.6199e-02	3.9e-03
3.6530e+03	2.4e+00	5.6008e-02	3.4e-03
3.6564e+03	2.4e+00	5.9430e-02	2.0e-03
3.6598e+03	2.4e+00	6.1450e-02	1.1e-03
3.6632e+03	2.4e+00	6.2264e-02	2.2e-03
3.6666e+03	2.4e+00	6.6480e-02	3.3e-03
3.6700e+03	2.4e+00	7.0845e-02	2.5e-03
3.6734e+03	2.4e+00	7.0224e-02	1.7e-03
3.6769e+03	2.4e+00	7.5261e-02	2.2e-03
3.6803e+03	2.4e+00	7.7335e-02	3.9e-03
3.6837e+03	2.4e+00	7.8309e-02	2.1e-03
3.6871e+03	2.4e+00	8.1376e-02	3.1e-03
3.6905e+03	2.4e+00	8.9262e-02	3.0e-03
3.6939e+03	2.4e+00	9.5199e-02	3.6e-03
3.6973e+03	2.4e+00	1.0115e-01	3.6e-03
3.7007e+03	2.4e+00	1.0913e-01	4.3e-03
3.7041e+03	2.4e+00	1.1233e-01	3.7e-03
3.7075e+03	2.4e+00	1.1641e-01	2.5e-03
3.7109e+03	2.4e+00	1.2650e-01	2.1e-03
3.7144e+03	2.4e+00	1.3426e-01	3.9e-03
3.7178e+03	2.4e+00	1.3244e-01	4.2e-03
3.7212e+03	2.4e+00	1.4047e-01	3.2e-03
3.7246e+03	2.4e+00	1.5655e-01	3.9e-03
3.7280e+03	2.4e+00	1.6991e-01	2.1e-03
3.7314e+03	2.4e+00	1.8568e-01	3.0e-03
3.7349e+03	2.4e+00	1.8599e-01	4.1e-03
3.7383e+03	2.4e+00	1.9416e-01	3.8e-03
3.7417e+03	2.4e+00	2.2403e-01	6.4e-03
3.7451e+03	2.4e+00	2.5190e-01	3.7e-03
3.7485e+03	2.4e+00	2.6325e-01	5.9e-03
3.7520e+03	2.4e+00	2.5597e-01	5.2e-03
3.7554e+03	2.4e+00	2.7355e-01	5.2e-03
3.7588e+03	2.4e+00	3.2581e-01	3.8e-03
3.7622e+03	2.4e+00	3.8453e-01	5.2e-03
3.7657e+03	2.4e+00	4.1336e-01	5.0e-03
3.7691e+03	2.4e+00	3.9344e-01	6.3e-03
3.7725e+03	2.4e+00	3.5906e-01	3.7e-03
3.7759e+03	2.4e+00	3.9355e-01	5.0e-03
3.7794e+03	2.4e+00	5.0288e-01	5.3e-03
3.7828e+03	2.4e+00	6.2546e-01	3.5e-03
3.7862e+03	2.4e+00	7.3642e-01	1.1e-02
3.7897e+03	2.4e+00	7.5677e-01	9.6e-03
3.7931e+03	2.4e+00	7.1692e-01	5.0e-03
3.7965e+03	2.4e+00	6.1527e-01	5.8e-03
3.8000e+03	2.4e+00	5.4336e-01	7.5e-03
3.8034e+03	2.4e+00	5.9295e-01	9.0e-03
3.8069e+03	2.4e+00	7.7085e-01	1.0e-02
3.8103e+03	2.4e+00	1.0159e+00	1.1e-02
3.8137e+03	2.4e+00	1.2323e+00	1.0e-02
3.8172e+03	2.4e+00	1.3564e+00	1.3e-02
3.8206e+03	2.4e+00	1.4216e+00	1.7e-02
3.8241e+03	2.4e+00	1.4241e+00	2.0e-02
3.8275e+03	2.4e+00	1.3393e+00	2.1e-02
3.8309e+03	2.4e+00	1.1535e+00	1.7e-02
3.8344e+03	2.4e+00	9.2260e-01	1.1e-02
3.8378e+03	2.5e+00	8.3308e-01	7.5e-03
3.8413e+03	2.5e+00	9.7314e-01	1.3e-02
3.8447e+03	2.5e+00	1.2985e+00	1.2e-02
3.8482e+03	2.5e+00	1.6814e+00	1.8e-02
3.8516e+03	2.5e+00	2.0075e+00	2.3e-02
3.8551e+03	2.5e+00	2.2620e+00	1.9e-02
3.8585e+03	2.5e+00	2.4246e+00	3.1e-02
3.8620e+03	2.5e+00	2.5377e+00	3.6e-02
3.8654e+03	2.5e+00	2.7094e+00	3.0e-02
3.8689e+03	2.5e+00	2.7563e+00	2.6e-02
3.8723e+03	2.5e+00	2.7852e+00	2.8e-02
3.8758e+03	2.5e+00	2.6759e+00	2.5e-02
3.8792e+03	2.5e+00	2.4685e+00	3.1e-02
3.8827e+03	2.5e+00	2.1676e+00	3.2e-02
3.8861e+03	2.5e+00	1.7846e+00	3.5e-02
3.8896e+03	2.5e+00	1.4361e+00	2.9e-02
3.8930e+03	2.5e+00	1.4515e+00	1.8e-02
3.8965e+03	2.5e+00	1.8358e+00	1.7e-02
3.9000e+03	2.5e+00	2.3752e+00	4.5e-02
3.9034e+03	2.5e+00	2.9027e+00	4.0e-02
3.9069e+03	2.5e+00	3.3294e+00	2.7e-02
3.9103e+03	2.5e+00	3.6242e+00	4.1e-02
3.9138e+03	2.5e+00	3.8406e+00	4.0e-02
3.9173e+03	2.5e+00	4.0262e+00	3.3e-02
3.9207e+03	2.5e+00	4.1711e+00	4.6e-02
3.9242e+03	2.5e+00	4.2417e+00	7.6e-02
3.9277e+03	2.5e+00	4.2801e+00	3.5e-02
3.9311e+03	2.5e+00	4.1603e+00	3.7e-02
3.9346e+03	2.5e+00	4.1542e+00	6.5e-02
3.9380e+03	2.5e+00	4.1453e+00	5.5e-02
3.9415e+03	2.5e+00	4.2718e+00	5.3e-02
3.9450e+03	2.5e+00	4.3152e+00	7.2e-02
3.9485e+03	2.5e+00	4.2583e+00	7.1e-02
3.9519e+03	2.5e+00	4.1753e+00	5.1e-02
3.9554e+03	2.5e+00	3.9669e+00	3.7e-02
3.9589e+03	2.5e+00	3.6163e+00	4.9e-02
3.9623e+03	2.5e+00	3.1151e+00	3.2e-02
3.9658e+03	2.5e+00	2.4284e+00	4.0e-02
3.9693e+03	2.5e+00	1.8970e+00	2.7e-02
3.9728e+03	2.5e+00	1.7880e+00	1.6e-02
3.9762e+03	2.5e+00	2.1750e+00	2.5e-02
3.9797e+03	2.5e+00	2.8620e+00	2.9e-02
3.9832e+03	2.5e+00	3.4161e+00	2.7e-02
3.9867e+03	2.5e+00	3.8882e+00	6.6e-02
3.9901e+03	2.5e+00	4.2792e+00	8.8e-02
3.9936e+03	2.5e+00	4.4311e+00	6.2e-02
3.9971e+03	2.5e+00	4.6114e+00	7.8e-02
4.0006e+03	2.5e+00	4.7131e+00	6.9e-02
4.0040e+03	2.5e+00	4.7284e+00	7.9e-02
4.0075e+03	2.5e+00	4.8381e+00	6.2e-02
4.0110e+03	2.5e+00	4.8538e+00	6.9e-02
4.0145e+03	2.5e+00	4.8440e+00	7.1e-02
4.0180e+03	2.5e+00	4.8317e+00	5.6e-02
4.0214e+03	2.5e+00	4.8162e+00	6.7e-02
4.0249e+03	2.5e+00	4.7642e+00	5.6e-02
4.0284e+03	2.5e+00	4.7960e+00	6.1e-02
4.0319e+03	2.5e+00	4.7070e+00	6.1e-02
4.0354e+03	2.5e+00	4.6790e+00	7.6e-02
4.0389e+03	2.5e+00	4.7362e+00	6.6e-02
4.0424e+03	2.5e+00	4.6370e+00	6.4e-02
4.0458e+03	2.5e+00	4.6309e+00	7.5e-02
4.0493e+03	2.5e+00	4.6158e+00	7.5e-02
4.0528e+03	2.5e+00	4.5438e+00	5.7e-02
4.0563e+03	2.5e+00	4.4958e+00	5.2e-02
4.0598e+03	2.5e+00	4.4452e+00	6.7e-02
4.0633e+03	2.5e+00	4.4318e+00	7.1e-02
4.0668e+03	2.5e+00	4.2848e+00	6.1e-02
4.0703e+03	2.5e+00	4.2487e+00	6.6e-02
4.0738e+03	2.5e+00	4.1721e+00	5.4e-02
4.0773e+03	2.5e+00	4.0098e+00	5.9e-02
4.0808e+03	2.5e+00	3.8954e+00	5.7e-02
4.0842e+03	2.5e+00	3.6533e+00	4.8e-02
4.0877e+03	2.5e+00	3.3510e+00	6.0e-02
4.0912e+03	2.5e+00	2.9708e+00	4.4e-02
4.0947e+03	2.5e+00	2.4709e+00	3.0e-02
4.0982e+03	2.5e+00	1.9010e+00	3.4e-02
4.1017e+03	2.5e+00	1.5904e+00	3.1e-02
4.1052e+03	2.5e+00	1.6616e+00	2.7e-02
4.1087e+03	2.5e+00	2.1027e+00	2.5e-02
4.1122e+03	2.5e+00	2.6605e+00	4.4e-02
4.1157e+03	2.5e+00	3.0565e+00	3.5e-02
4.1192e+03	2.5e+00	3.3297e+00	5.3e-02
4.1227e+03	2.5e+00	3.5299e+00	5.8e-02
4.1262e+03	2.5e+00	3.6106e+00	4.9e-02
4.1297e+03	2.5e+00	3.6886e+00	5.4e-02
4.1332e+03	2.5e+00	3.7134e+00	6.0e-02
4.1367e+03	2.5e+00	3.7695e+00	6.7e-02
4.1402e+03	2.5e+00	3.8244e+00	5.8e-02
4.1437e+03	2.5e+00	3.8620e+00	6.1e-02
4.1472e+03	2.5e+00	3.8551e+00	6.4e-02
4.1507e+03	2.5e+00	3.8846e+00	5.1e-02
4.1542e+03	2.5e+00	3.8667e+00	4.8e-02
4.1577e+03	2.5e+00	3.8455e+00	4.9e-02
4.1613e+03	2.5e+00	3.8324e+00	5.1e-02
4.1648e+03	2.5e+00	3.8651e+00	5.7e-02
4.1683e+03	2.5e+00	3.8225e+00	6.1e-02
4.1718e+03	2.5e+00	3.7906e+00	5.5e-02
4.1753e+03	2.5e+00	3.7443e+00	4.9e-02
4.1788e+03	2.5e+00	3.7192e+00	4.5e-02
4.1823e+03	2.5e+00	3.8014e+00	5.1e-02
4.1858e+03	2.5e+00	3.8041e+00	5.6e-02
4.1893e+03	2.5e+00	3.7792e+00	5.5e-02
4.1928e+03	2.5e+00	3.7472e+00	4.7e-02
4.1963e+03	2.5e+00	3.7401e+00	4.6e-02
4.1999e+03	2.5e+00	3.7479e+00	3.9e-02
4.2034e+03	2.5e+00	3.7482e+00	4.5e-02
4.2069e+03	2.5e+00	3.7392e+00	5.7e-02
4.2104e+03	2.5e+00	3.7503e+00	4.8e-02
4.2139e+03	2.5e+00	3.7051e+00	4.3e-02
4.2174e+03	2.5e+00	3.6901e+00	4.6e-02
4.2209e+03	2.5e+00	3.6903e+00	2.8e-02
4.2244e+03	2.5e+00	3.6492e+00	4.7e-02
4.2280e+03	2.5e+00	3.6368e+00	5.8e-02
4.2315e+03	2.5e+00	3.6200e+00	5.0e-02
4.2350e+03	2.5e+00	3.6090e+00	3.5e-02
4.2385e+03	2.5e+00	3.5816e+00	3.7e-02
4.2420e+03	2.5e+00	3.5880e+00	4.1e-02
4.2456e+03	2.5e+00	3.5625e+00	3.9e-02
4.2491e+03	2.5e+00	3.5523e+00	4.5e-02
4.2526e+03	2.5e+00	3.5549e+00	4.8e-02
4.2561e+03	2.5e+00	3.5637e+00	4.9e-02
4.2596e+03	2.5e+00	3.5381e+00	5.6e-02
4.2631e+03	2.5e+00	3.5455e+00	4.0e-02
4.2667e+03	2.5e+00	3.5053e+00	3.6e-02
4.2702e+03	2.5e+00	3.4673e+00	3.0e-02
4.2737e+03	2.5e+00	3.4590e+00	3.4e-02
4.2772e+03	2.5e+00	3.4991e+00	3.1e-02
4.2808e+03	2.5e+00	3.4714e+00	2.6e-02
4.2843e+03	2.5e+00	3.4218e+00	2.8e-02
4.2878e+03	2.5e+00	3.4052e+00	2.7e-02
4.2913e+03	2.5e+00	3.3736e+00	3.3e-02
4.2948e+03	2.5e+00	3.3309e+00	3.6e-02
4.2984e+03	2.5e+00	3.2787e+00	2.7e-02
4.3019e+03	2.5e+00	3.2459e+00	2.7e-02
4.3054e+03	2.5e+00	3.2077e+00	3.6e-02
4.3090e+03	2.5e+00	3.1925e+00	2.1e-02
4.3125e+03	2.5e+00	3.1006e+00	2.8e-02
4.3160e+03	2.5e+00	3.0218e+00	2.7e-02
4.3195e+03	2.5e+00	2.9269e+00	3.2e-02
4.3231e+03	2.5e+00	2.7448e+00	2.8e-02
4.3266e+03	2.5e+00	2.5299e+00	2.6e-02
4.3301e+03	2.5e+00	2.2381e+00	3.0e-02
4.3336e+03	2.5e+00	1.8370e+00	1.9e-02
4.3372e+03	2.5e+00	1.4558e+00	1.0e-02
4.3407e+03	2.5e+00	1.3031e+00	1.2e-02
4.3442e+03	2.5e+00	1.4577e+00	1.2e-02
4.3478e+03	2.5e+00	1.8378e+00	1.1e-02
4.3513e+03	2.5e+00	2.1974e+00	1.7e-02
4.3548e+03	2.5e+00	2.4627e+00	1.9e-02
4.3584e+03	2.5e+00	2.6672e+00	2.2e-02
4.3619e+03	2.5e+00	2.8007e+00	2.7e-02
4.3654e+03	2.5e+00	2.8980e+00	2.4e-02
4.3689e+03	2.5e+00	2.9477e+00	2.1e-02
4.3725e+03	2.5e+00	2.9797e+00	2.3e-02
4.3760e+03	2.5e+00	3.0301e+00	2.4e-02
4.3795e+03	2.5e+00	3.0205e+00	2.5e-02
4.3831e+03	2.5e+00	3.0071e+00	1.9e-02
4.3866e+03	2.5e+00	2.9891e+00	1.7e-02
4.3902e+03	2.6e+00	2.9860e+00	2.2e-02
4.3937e+03	2.6e+00	3.0037e+00	2.1e-02
4.3972e+03	2.6e+00	2.9888e+00	1.7e-02
4.4008e+03	2.6e+00	2.9918e+00	1.9e-02
4.4043e+03	2.6e+00	2.9737e+00	2.6e-02
4.4078e+03	2.6e+00	2.9845e+00	2.0e-02
4.4114e+03	2.6e+00	2.9598e+00	1.9e-02
4.4149e+03	2.6e+00	2.9347e+00	1.7e-02
4.4184e+03	2.6e+00	2.9284e+00	2.4e-02
4.4220e+03	2.6e+00	2.9078e+00	2.0e-02
4.4255e+03	2.6e+00	2.9028e+00	1.5e-02
4.4291e+03	2.6e+00	2.8893e+00	1.5e-02
4.4326e+03	2.6e+00	2.8873e+00	1.2e-02
4.4361e+03	2.6e+00	2.8837e+00	1.6e-02
4.4397e+03	2.6e+00	2.8653e+00	1.6e-02
4.4432e+03	2.6e+00	2.8451e+00	2.1e-02
4.4467e+03	2.6e+00	2.8323e+00	1.2e-02
4.4503e+03	2.6e+00	2.8123e+00	1.2e-02
4.4538e+03	2.6e+00	2.8011e+00	2.1e-02
4.4574e+03	2.6e+00	2.7901e+00	1.8e-02
4.4609e+03	2.6e+00	2.7765e+00	1.2e-02
4.4645e+03	2.6e+00	2.7463e+00	7.1e-03
4.4680e+03	2.6e+00	2.6990e+00	9.9e-03
4.4715e+03	2.6e+00	2.7120e+00	1.2e-02
4.4751e+03	2.6e+00	2.6726e+00	1.4e-02
4.4786e+03	2.6e+00	2.6325e+00	1.3e-02
4.4822e+03	2.6e+00	2.6298e+00	8.5e-03
4.4857e+03	2.6e+00	2.6263e+00	1.0e-02
4.4892e+03	2.6e+00	2.6596e+00	1.1e-02
4.4928e+03	2.6e+00	2.6361e+00	1.0e-02
4.4963e+03	2.6e+00	2.6251e+00	9.1e-03
4.4999e+03	2.6e+00	2.6248e+00	8.7e-03
4.5034e+03	2.6e+00	2.5938e+00	5.4e-03
4.5070e+03	2.6e+00	2.5861e+00	1.4e-02
4.5105e+03	2.6e+00	2.5757e+00	1.4e-02
4.5141e+03	2.6e+00	2.5423e+00	8.0e-03
4.5176e+03	2.6e+00	2.5310e+00	1.1e-02
4.5211e+03	2.6e+00	2.5323e+00	1.1e-02
4.5247e+03	2.6e+00	2.5235e+00	1.3e-02
4.5282e+03	2.6e+00	2.4936e+00	1.1e-02
4.5318e+03	2.6e+00	2.4854e+00	8.8e-03
4.5353e+03	2.6e+00	2.4772e+00	5.4e-03
4.5389e+03	2.6e+00	2.4711e+00	1.2e-02
4.5424e+03	2.6e+00	2.4470e+00	1.2e-02
4.5460e+03	2.6e+00	2.4206e+00	6.4e-03
4.5495e+03	2.6e+00	2.3905e+00	7.1e-03
4.5531e+03	2.6e+00	2.3655e+00	9.3e-03
4.5566e+03	2.6e+00	2.3643e+00	9.9e-03
4.5602e+03	2.6e+00	2.3703e+00	6.8e-03
4.5637e+03	2.6e+00	2.3609e+00	1.0e-02
4.5673e+03	2.6e+00	2.3286e+00	7.9e-03
4.5708e+03	2.6e+00	2.3202e+00	9.6e-03
4.5744e+03	2.6e+00	2.2994e+00	1.3e-02
4.5779e+03	2.6e+00	2.2879e+00	1.1e-02
4.5815e+03	2.6e+00	2.2953e+00	1.2e-02
4.5850e+03	2.6e+00	2.2606e+00	6.5e-03
4.5886e+03	2.6e+00	2.2289e+00	6.7e-03
4.5921e+03	2.6e+00	2.2461e+00	9.7e-03
4.5957e+03	2.6e+00	2.2446e+00	7.1e-03
4.5992e+03	2.6e+00	2.2303e+00	1.3e-02
4.6028e+03	2.6e+00	2.2123e+00	7.1e-03
4.6063e+03	2.6e+00	2.2116e+00	4.7e-03
4.6099e+03	2.6e+00	2.1971e+00	9.5e-03
4.6134e+03	2.6e+00	2.1703e+00	8.9e-03
4.6170e+03	2.6e+00	2.1660e+00	4.8e-03
4.6205e+03	2.6e+00	2.1447e+00	7.3e-03
4.6241e+03	2.6e+00	2.1278e+00	1.3e-02
4.6276e+03	2.6e+00	2.1198e+00	9.0e-03
4.6312e+03	2.6e+00	2.1081e+00	1.5e-02
4.6347e+03	2.6e+00	2.1039e+00	1.5e-02
4.6383e+03	2.6e+00	2.0946e+00	1.6e-02
4.6418e+03	2.6e+00	2.0802e+00	1.3e-02
4.6454e+03	2.6e+00	2.0737e+00	9.6e-03
4.6489e+03	2.6e+00	2.0576e+00	1.1e-02
4.6525e+03	2.6e+00	2.0454e+00	1.4e-02
4.6560e+03	2.6e+00	2.0377e+00	1.4e-02
4.6596e+03	2.6e+00	2.0303e+00	1.6e-02
4.6631e+03	2.6e+00	2.0169e+00	1.5e-02
4.6667e+03	2.6e+00	2.0089e+00	1.5e-02
4.6703e+03	2.6e+00	1.9967e+00	1.2e-02
4.6738e+03	2.6e+00	1.9757e+00	1.4e-02
4.6774e+03	2.6e+00	1.9654e+00	8.4e-03
4.6809e+03	2.6e+00	1.9585e+00	9.2e-03
4.6845e+03	2.6e+00	1.9548e+00	1.2e-02
4.6880e+03	2.6e+00	1.9423e+00	9.1e-03
4.6916e+03	2.6e+00	1.9255e+00	1.1e-02
4.6951e+03	2.6e+00	1.9242e+00	1.4e-02
4.6987e+03	2.6e+00	1.9089e+00	1.0e-02
4.7022e+03	2.6e+00	1.8855e+00	1.1e-02
4.7058e+03	2.6e+00	1.8620e+00	1.6e-02
4.7093e+03	2.6e+00	1.8502e+00	1.2e-02
4.7129e+03	2.6e+00	1.8394e+00	1.3e-02
4.7165e+03	2.6e+00	1.8370e+00	1.2e-02
4.7200e+03	2.6e+00	1.8291e+00	1.3e-02
4.7236e+03	2.6e+00	1.8264e+00	1.4e-02
4.7271e+03	2.6e+00	1.8114e+00	1.4e-02
4.7307e+03	2.6e+00	1.7981e+00	1.3e-02
4.7342e+03	2.6e+00	1.7907e+00	1.5e-02
4.7378e+03	2.6e+00	1.7756e+00	1.2e-02
4.7413e+03	2.6e+00	1.7747e+00	1.3e-02
4.7449e+03	2.6e+00	1.7579e+00	1.2e-02
4.7485e+03	2.6e+00	1.7407e+00	8.6e-03
4.7520e+03	2.6e+00	1.7355e+00	1.3e-02
4.7556e+03	2.6e+00	1.7198e+00	1.8e-02
4.7591e+03	2.6e+00	1.7001e+00	1.4e-02
4.7627e+03	2.6e+00	1.6918e+00	1.4e-02
4.7662e+03	2.6e+00	1.6722e+00	1.4e-02
4.7698e+03	2.6e+00	1.6610e+00	1.4e-02
4.7734e+03	2.6e+00	1.6513e+00	1.0e-02
4.7769e+03	2.6e+00	1.6500e+00	9.6e-03
4.7805e+03	2.6e+00	1.6375e+00	1.1e-02
4.7840e+03	2.6e+00	1.6268e+00	1.1e-02
4.7876e+03	2.6e+00	1.6163e+00	1.3e-02
4.7911e+03	2.6e+00	1.6016e+00	1.8e-02
4.7947e+03	2.6e+00	1.6014e+00	1.4e-02
4.7983e+03	2.6e+00	1.5823e+00	9.5e-03
4.8018e+03	2.6e+00	1.5758e+00	9.5e-03
4.8054e+03	2.6e+00	1.5601e+00	9.5e-03
4.8089e+03	2.6e+00	1.5432e+00	8.9e-03
4.8125e+03	2.6e+00	1.5303e+00	1.3e-02
4.8160e+03	2.6e+00	1.5198e+00	1.2e-02
4.8196e+03	2.6e+00	1.5112e+00	1.2e-02
4.8232e+03	2.6e+00	1.4832e+00	1.3e-02
4.8267e+03	2.6e+00	1.4670e+00	1.2e-02
4.8303e+03	2.6e+00	1.4499e+00	1.0e-02
4.8338e+03	2.6e+00	1.4139e+00	1.1e-02
4.8374e+03	2.6e+00	1.3681e+00	1.1e-02
4.8409e+03	2.6e+00	1.3171e+00	1.2e-02
4.8445e+03	2.6e+00	1.2514e+00	1.2e-02
4.8481e+03	2.6e+00	1.1622e+00	1.3e-02
4.8516e+03	2.6e+00	1.0404e+00	1.0e-02
4.8552e+03	2.6e+00	8.9581e-01	7.7e-03
4.8587e+03	2.6e+00	7.3582e-01	7.1e-03
4.8623e+03	2.6e+00	6.6500e-01	7.3e-03
4.8658e+03	2.6e+00	7.0967e-01	5.5e-03
4.8694e+03	2.6e+00	8.4435e-01	6.5e-03
4.8730e+03	2.6e+00	9.9588e-01	9.4e-03
4.8765e+03	2.6e+00	1.1039e+00	8.7e-03
4.8801e+03	2.6e+00	1.1786e+00	9.2e-03
4.8836e+03	2.6e+00	1.2346e+00	1.2e-02
4.8872e+03	2.6e+00	1.2734e+00	1.4e-02
4.8907e+03	2.6e+00	1.3053e+00	1.5e-02
4.8943e+03	2.6e+00	1.3186e+00	1.4e-02
4.8979e+03	2.6e+00	1.3335e+00	1.5e-02
4.9014e+03	2.6e+00	1.3403e+00	1.7e-02
4.9050e+03	2.6e+00	1.3386e+00	1.6e-02
4.9085e+03	2.6e+00	1.3324e+00	1.2e-02
4.9121e+03	2.6e+00	1.3263e+00	1.4e-02
4.9156e+03	2.6e+00	1.3349e+00	1.5e-02
4.9192e+03	2.6e+00	1.3229e+00	1.4e-02
4.9228e+03	2.6e+00	1.3036e+00	1.4e-02
4.9263e+03	2.6e+00	1.2991e+00	1.6e-02
4.9299e+03	2.6e+00	1.3007e+00	1.5e-02
4.9334e+03	2.6e+00	1.3097e+00	1.5e-02
4.9370e+03	2.6e+00	1.3129e+00	1.5e-02
4.9405e+03	2.6e+00	1.2998e+00	1.5e-02
4.9441e+03	2.6e+00	1.2979e+00	1.3e-02
4.9477e+03	2.6e+00	1.2919e+00	1.2e-02
4.9512e+03	2.6e+00	1.2888e+00	1.3e-02
4.9548e+03	2.6e+00	1.2858e+00	1.5e-02
4.9583e+03	2.6e+00	1.2792e+00	1.6e-02
4.9619e+03	2.6e+00	1.2767e+00	1.4e-02
4.9654e+03	2.6e+00	1.2656e+00	1.5e-02
4.9690e+03	2.6e+00	1.2660e+00	1.5e-02
4.9725e+03	2.6e+00	1.2634e+00	1.5e-02
4.9761e+03	2.6e+00	1.2554e+00	1.3e-02
4.9797e+03	2.6e+00	1.2510e+00	1.6e-02
4.9832e+03	2.6e+00	1.2465e+00	1.6e-02
4.9868e+03	2.6e+00	1.2409e+00	1.1e-02
4.9903e+03	2.6e+00	1.2306e+00	1.3e-02
4.9939e+03	2.6e+00	1.2229e+00	1.6e-02
4.9974e+03	2.6e+00	1.2216e+00	1.3e-02
5.0010e+03	2.6e+00	1.2111e+00	1.6e-02
5.0046e+03	2.6e+00	1.1971e+00	1.4e-02
5.0081e+03	2.6e+00	1.1912e+00	1.4e-02
5.0117e+03	2.6e+00	1.1863e+00	1.9e-02
5.0152e+03	2.6e+00	1.1736e+00	1.6e-02
5.0188e+03	2.6e+00	1.1605e+00	1.6e-02
5.0223e+03	2.6e+00	1.1488e+00	1.4e-02
5.0259e+03	2.6e+00	1.1516e+00	1.4e-02
5.0294e+03	2.6e+00	1.1511e+00	1.6e-02
5.0330e+03	2.6e+00	1.1440e+00	1.3e-02
5.0365e+03	2.6e+00	1.1395e+00	1.5e-02
5.0401e+03	2.6e+00	1.1291e+00	1.5e-02
5.0437e+03	2.6e+00	1.1211e+00	1.3e-02
5.0472e+03	2.6e+00	1.1142e+00	1.4e-02
5.0508e+03	2.6e+00	1.1096e+00	1.9e-02
5.0543e+03	2.6e+00	1.1014e+00	1.6e-02
5.0579e+03	2.6e+00	1.1009e+00	1.4e-02
5.0614e+03	2.6e+00	1.0947e+00	1.5e-02
5.0650e+03	2.6e+00	1.0967e+00	1.6e-02
5.0685e+03	2.6e+00	1.1011e+00	1.7e-02
5.0721e+03	2.6e+00	1.0875e+00	1.6e-02
5.0756e+03	2.6e+00	1.0763e+00	1.6e-02
5.0792e+03	2.6e+00	1.0785e+00	1.6e-02
5.0827e+03	2.6e+00	1.0725e+00	1.8e-02
5.0863e+03	2.6e+00	1.0659e+00	1.7e-02
5.0898e+03	2.6e+00	1.0671e+00	1.7e-02
5.0934e+03	2.6e+00	1.0627e+00	1.4e-02
5.0970e+03	2.6e+00	1.0514e+00	1.6e-02
5.1005e+03	2.6e+00	1.0471e+00	1.6e-02
5.1041e+03	2.6e+00	1.0441e+00	1.7e-02
5.1076e+03	2.6e+00	1.0413e+00	1.7e-02
5.1112e+03	2.6e+00	1.0438e+00	1.8e-02
5.1147e+03	2.6e+00	1.0362e+00	1.7e-02
5.1183e+03	2.6e+00	1.0343e+00	1.6e-02
5.1218e+03	2.6e+00	1.0210e+00	1.9e-02
5.1254e+03	2.6e+00	1.0145e+00	1.8e-02
5.1289e+03	2.6e+00	1.0130e+00	1.7e-02
5.1325e+03	2.6e+00	1.0007e+00	1.7e-02
5.1360e+03	2.6e+00	9.9615e-01	1.6e-02
5.1396e+03	2.6e+00	9.9344e-01	1.9e-02
5.1431e+03	2.6e+00	9.8072e-01	1.9e-02
5.1467e+03	2.6e+00	9.7359e-01	1.8e-02
5.1502e+03	2.6e+00	9.7215e-01	1.8e-02
5.1538e+03	2.6e+00	9.6415e-01	1.6e-02
5.1573e+03	2.6e+00	9.6143e-01	2.0e-02
5.1609e+03	2.6e+00	9.5856e-01	1.7e-02
5.1644e+03	2.6e+00	9.4941e-01	1.5e-02
5.1680e+03	2.6e+00	9.3647e-01	1.7e-02
5.1715e+03	2.6e+00	9.1972e-01	1.5e-02
5.1751e+03	2.6e+00	9.1537e-01	1.6e-02
5.1786e+03	2.6e+00	9.2004e-01	1.7e-02
5.1821e+03	2.6e+00	9.1760e-01	1.5e-02
5.1857e+03	2.6e+00	9.1712e-01	1.6e-02
5.1892e+03	2.6e+00	9.0746e-01	1.4e-02
5.1928e+03	2.6e+00	9.0736e-01	1.4e-02
5.1963e+03	2.6e+00	9.0535e-01	1.5e-02
5.1999e+03	2.6e+00	8.9931e-01	1.5e-02
5.2034e+03	2.6e+00	8.9873e-01	1.4e-02
5.2070e+03	2.6e+00	8.9871e-01	1.6e-02
5.2105e+03	2.6e+00	8.9741e-01	1.8e-02
5.2141e+03	2.6e+00	8.8727e-01	1.6e-02
5.2176e+03	2.6e+00	8.8363e-01	1.5e-02
5.2212e+03	2.6e+00	8.8176e-01	1.6e-02
5.2247e+03	2.6e+00	8.7509e-01	1.8e-02
5.2282e+03	2.6e+00	8.6977e-01	1.8e-02
5.2318e+03	2.6e+00	8.6136e-01	1.5e-02
5.2353e+03	2.6e+00	8.5529e-01	1.6e-02
5.2389e+03	2.6e+00	8.4911e-01	1.5e-02
5.2424e+03	2.6e+00	8.4812e-01	1.5e-02
5.2460e+03	2.6e+00	8.4606e-01	1.7e-02
5.2495e+03	2.6e+00	8.4164e-01	1.6e-02
5.2531e+03	2.6e+00	8.3992e-01	1.7e-02
5.2566e+03	2.6e+00	8.3403e-01	1.8e-02
5.2601e+03	2.6e+00	8.2907e-01	1.7e-02
5.2637e+03	2.6e+00	8.2383e-01	1.8e-02
5.2672e+03	2.6e+00	8.2003e-01	1.8e-02
5.2708e+03	2.6e+00	8.1506e-01	1.6e-02
5.2743e+03	2.6e+00	8.0461e-01	1.7e-02
5.2778e+03	2.6e+00	7.9927e-01	1.8e-02
5.2814e+03	2.6e+00	7.9472e-01	1.6e-02
5.2849e+03	2.6e+00	7.8874e-01	1.6e-02
5.2885e+03	2.6e+00	7.8743e-01	1.7e-02
5.2920e+03	2.6e+00	7.8954e-01	1.6e-02
5.2955e+03	2.6e+00	7.8596e-01	1.7e-02
5.2991e+03	2.6e+00	7.8347e-01	1.6e-02
5.3026e+03	2.6e+00	7.7673e-01	1.6e-02
5.3062e+03	2.6e+00	7.7078e-01	1.7e-02
5.3097e+03	2.6e+00	7.6963e-01	1.5e-02
5.3132e+03	2.6e+00	7.6686e-01	1.6e-02
5.3168e+03	2.6e+00	7.5999e-01	1.4e-02
5.3203e+03	2.6e+00	7.5461e-01	1.4e-02
5.3239e+03	2.6e+00	7.4526e-01	1.5e-02
5.3274e+03	2.6e+00	7.4578e-01	1.6e-02
5.3309e+03	2.6e+00	7.4618e-01	1.6e-02
5.3345e+03	2.6e+00	7.4141e-01	1.5e-02
5.3380e+03	2.6e+00	7.3617e-01	1.5e-02
5.3415e+03	2.6e+00	7.3618e-01	1.5e-02
5.3451e+03	2.6e+00	7.3554e-01	1.5e-02
5.3486e+03	2.6e+00	7.3156e-01	1.6e-02
5.3521e+03	2.6e+00	7.3124e-01	1.5e-02
5.3557e+03	2.6e+00	7.3192e-01	1.5e-02
5.3592e+03	2.6e+00	7.2591e-01	1.7e-02
5.3627e+03	2.6e+00	7.2071e-01	1.5e-02
5.3663e+03	2.6e+00	7.1982e-01	1.5e-02
5.3698e+03	2.6e+00	7.1560e-01	1.6e-02
5.3733e+03	2.6e+00	7.0894e-01	1.7e-02
5.3769e+03	2.6e+00	7.0703e-01	1.6e-02
5.3804e+03	2.6e+00	7.0927e-01	1.5e-02
5.3839e+03	2.6e+00	7.0517e-01	1.7e-02
5.3875e+03	2.6e+00	6.9851e-01	1.5e-02
5.3910e+03	2.6e+00	6.9727e-01	1.4e-02
5.3945e+03	2.6e+00	6.9766e-01	1.5e-02
5.3981e+03	2.6e+00	6.9064e-01	1.7e-02
5.4016e+03	2.6e+00	6.8425e-01	1.6e-02
5.4051e+03	2.6e+00	6.8581e-01	1.4e-02
5.4086e+03	2.6e+00	6.7796e-01	1.6e-02
5.4122e+03	2.6e+00	6.7569e-01	1.7e-02
5.4157e+03	2.6e+00	6.7298e-01	1.6e-02
5.4192e+03	2.6e+00	6.6413e-01	1.5e-02
5.4228e+03	2.6e+00	6.6396e-01	1.5e-02
5.4263e+03	2.6e+00	6.6501e-01	1.6e-02
5.4298e+03	2.6e+00	6.5911e-01	1.6e-02
5.4333e+03	2.6e+00	6.5288e-01	1.7e-02
5.4369e+03	2.6e+00	6.5530e-01	1.5e-02
5.4404e+03	2.6e+00	6.5289e-01	1.4e-02
5.4439e+03	2.6e+00	6.4881e-01	1.5e-02
5.4474e+03	2.6e+00	6.4620e-01	1.6e-02
5.4510e+03	2.6e+00	6.4411e-01	1.5e-02
5.4545e+03	2.6e+00	6.4212e-01	1.3e-02
5.4580e+03	2.6e+00	6.4071e-01	1.4e-02
5.4615e+03	2.6e+00	6.3470e-01	1.5e-02
5.4651e+03	2.6e+00	6.3104e-01	1.4e-02
5.4686e+03	2.6e+00	6.3161e-01	1.4e-02
5.4721e+03	2.6e+00	6.2883e-01	1.3e-02
5.4756e+03	2.6e+00	6.2577e-01	1.4e-02
5.4792e+03	2.6e+00	6.2005e-01	1.5e-02
5.4827e+03	2.6e+00	6.1628e-01	1.4e-02
5.4862e+03	2.6e+00	6.1701e-01	1.4e-02
5.4897e+03	2.6e+00	6.1369e-01	1.3e-02
5.4932e+03	2.6e+00	6.1181e-01	1.3e-02
5.4968e+03	2.6e+00	6.1093e-01	1.5e-02
5.5003e+03	2.6e+00	6.0761e-01	1.4e-02
5.5038e+03	2.6e+00	6.0281e-01	1.5e-02
5.5073e+03	2.6e+00	5.9965e-01	1.4e-02
5.5108e+03	2.6e+00	5.9675e-01	1.4e-02
5.5143e+03	2.6e+00	5.9329e-01	1.4e-02
5.5179e+03	2.6e+00	5.9580e-01	1.3e-02
5.5214e+03	2.6e+00	5.9388e-01	1.5e-02
5.5249e+03	2.6e+00	5.9022e-01	1.5e-02
5.5284e+03	2.6e+00	5.8806e-01	1.3e-02
5.5319e+03	2.6e+00	5.8247e-01	1.5e-02
5.5354e+03	2.6e+00	5.8108e-01	1.5e-02
5.5390e+03	2.6e+00	5.7973e-01	1.3e-02
5.5425e+03	2.6e+00	5.7594e-01	1.4e-02
5.5460e+03	2.6e+00	5.7447e-01	1.4e-02
5.5495e+03	2.6e+00	5.7158e-01	1.5e-02
5.5530e+03	2.6e+00	5.7007e-01	1.4e-02
5.5565e+03	2.6e+00	5.7015e-01	1.5e-02
5.5600e+03	2.6e+00	5.6848e-01	1.5e-02
5.5635e+03	2.6e+00	5.6064e-01	1.3e-02
5.5671e+03	2.6e+00	5.5788e-01	1.4e-02
5.5706e+03	2.6e+00	5.5698e-01	1.4e-02
5.5741e+03	2.6e+00	5.5187e-01	1.4e-02
5.5776e+03	2.6e+00	5.5261e-01	1.4e-02
5.5811e+03	2.6e+00	5.5104e-01	1.4e-02
5.5846e+03	2.6e+00	5.4917e-01	1.3e-02
5.5881e+03	2.6e+00	5.4598e-01	1.4e-02
5.5916e+03	2.6e+00	5.4051e-01	1.3e-02
5.5951e+03	2.6e+00	5.4034e-01	1.4e-02
5.5986e+03	2.6e+00	5.3653e-01	1.3e-02
5.6021e+03	2.6e+00	5.3460e-01	1.2e-02
5.6056e+03	2.6e+00	5.3468e-01	1.3e-02
5.6091e+03	2.6e+00	5.3440e-01	1.3e-02
5.6126e+03	2.6e+00	5.3024e-01	1.2e-02
5.6162e+03	2.6e+00	5.2759e-01	1.3e-02
5.6197e+03	2.6e+00	5.2738e-01	1.2e-02
5.6232e+03	2.6e+00	5.2564e-01	1.3e-02
5.6267e+03	2.6e+00	5.2248e-01	1.2e-02
5.6302e+03	2.6e+00	5.2052e-01	1.3e-02
5.6337e+03	2.6e+00	5.1697e-01	1.3e-02
5.6372e+03	2.6e+00	5.1627e-01	1.3e-02
5.6407e+03	2.6e+00	5.1548e-01	1.3e-02
5.6442e+03	2.6e+00	5.1560e-01	1.4e-02
5.6477e+03	2.6e+00	5.1247e-01	1.4e-02
5.6512e+03	2.6e+00	5.0947e-01	1.3e-02
5.6547e+03	2.6e+00	5.0925e-01	1.3e-02
5.6582e+03	2.6e+00	5.0898e-01	1.3e-02
5.6617e+03	2.6e+00	5.0290e-01	1.3e-02
5.6652e+03	2.6e+00	5.0075e-01	1.2e-02
5.6687e+03	2.6e+00	5.0040e-01	1.2e-02
5.6721e+03	2.6e+00	4.9783e-01	1.2e-02
5.6756e+03	2.6e+00	4.9866e-01	1.2e-02
5.6791e+03	2.6e+00	4.9744e-01	1.2e-02
5.6826e+03	2.6e+00	4.9539e-01	1.2e-02
5.6861e+03	2.6e+00	4.9162e-01	1.2e-02
5.6896e+03	2.6e+00	4.8718e-01	1.2e-02
5.6931e+03	2.6e+00	4.8499e-01	1.3e-02
5.6966e+03	2.6e+00	4.8158e-01	1.2e-02
5.7001e+03	2.6e+00	4.8270e-01	1.2e-02
5.7036e+03	2.6e+00	4.8147e-01	1.2e-02
5.7071e+03	2.6e+00	4.7783e-01	1.1e-02
5.7106e+03	2.6e+00	4.7682e-01	1.2e-02
5.7141e+03	2.6e+00	4.7469e-01	1.2e-02
5.7175e+03	2.6e+00	4.7207e-01	1.1e-02
5.7210e+03	2.6e+00	4.6959e-01	1.2e-02
5.7245e+03	2.6e+00	4.6878e-01	1.3e-02
5.7280e+03	2.6e+00	4.6817e-01	1.2e-02
5.7315e+03	2.6e+00	4.6660e-01	1.2e-02
5.7350e+03	2.6e+00	4.6331e-01	1.2e-02
5.7385e+03	2.6e+00	4.6017e-01	1.3e-02
5.7420e+03	2.6e+00	4.5886e-01	1.3e-02
5.7454e+03	2.6e+00	4.5774e-01	1.2e-02
5.7489e+03	2.6e+00	4.5576e-01	1.2e-02
5.7524e+03	2.6e+00	4.5468e-01	1.3e-02
5.7559e+03	2.6e+00	4.5401e-01	1.3e-02
5.7594e+03	2.6e+00	4.5261e-01	1.2e-02
5.7629e+03	2.6e+00	4.4939e-01	1.2e-02
5.7663e+03	2.6e+00	4.4692e-01	1.3e-02
5.7698e+03	2.6e+00	4.4394e-01	1.3e-02
5.7733e+03	2.6e+00	4.4321e-01	1.3e-02
5.7768e+03	2.6e+00	4.4486e-01	1.3e-02
5.7803e+03	2.6e+00	4.4240e-01	1.2e-02
5.7837e+03	2.6e+00	4.4096e-01	1.3e-02
5.7872e+03	2.6e+00	4.3810e-01	1.2e-02
5.7907e+03	2.6e+00	4.3571e-01	1.1e-02
5.7942e+03	2.6e+00	4.3859e-01	1.3e-02
5.7976e+03	2.6e+00	4.3586e-01	1.3e-02
5.8011e+03	2.6e+00	4.3422e-01	1.3e-02
5.8046e+03	2.6e+00	4.3454e-01	1.2e-02
5.8081e+03	2.6e+00	4.3333e-01	1.2e-02
5.8115e+03	2.6e+00	4.3164e-01	1.3e-02
5.8150e+03	2.6e+00	4.2952e-01	1.2e-02
5.8185e+03	2.6e+00	4.3051e-01	1.1e-02
5.8219e+03	2.6e+00	4.3010e-01	1.2e-02
5.8254e+03	2.6e+00	4.2856e-01	1.2e-02
5.8289e+03	2.6e+00	4.2882e-01	1.3e-02
5.8324e+03	2.6e+00	4.2795e-01	1.3e-02
5.8358e+03	2.6e+00	4.2610e-01	1.2e-02
5.8393e+03	2.6e+00	4.2499e-01	1.2e-02
5.8428e+03	2.6e+00	4.2601e-01	1.2e-02
5.8462e+03	2.6e+00	4.2629e-01	1.2e-02
5.8497e+03	2.6e+00	4.2435e-01	1.1e-02
5.8532e+03	2.6e+00	4.2189e-01	1.1e-02
5.8566e+03	2.6e+00	4.2032e-01	1.2e-02
5.8601e+03	2.6e+00	4.2160e-01	1.1e-02
5.8636e+03	2.6e+00	4.2098e-01	1.1e-02
5.8670e+03	2.6e+00	4.1784e-01	1.1e-02
5.8705e+03	2.6e+00	4.1735e-01	1.2e-02
5.8739e+03	2.6e+00	4.1459e-01	1.2e-02
5.8774e+03	2.6e+00	4.1286e-01	1.2e-02
5.8809e+03	2.6e+00	4.1203e-01	1.2e-02
5.8843e+03	2.6e+00	4.0825e-01	1.2e-02
5.8878e+03	2.6e+00	4.0737e-01	1.2e-02
5.8912e+03	2.6e+00	4.0421e-01	1.2e-02
5.8947e+03	2.6e+00	3.9689e-01	1.1e-02
5.8982e+03	2.6e+00	3.9495e-01	1.0e-02
5.9016e+03	2.6e+00	3.9525e-01	1.1e-02
5.9051e+03	2.6e+00	3.9575e-01	1.1e-02
5.9085e+03	2.6e+00	3.9804e-01	1.1e-02
5.9120e+03	2.6e+00	3.9886e-01	1.1e-02
5.9154e+03	2.6e+00	3.9726e-01	1.1e-02
5.9189e+03	2.6e+00	3.9509e-01	1.1e-02
5.9223e+03	2.6e+00	3.9401e-01	1.1e-02
5.9258e+03	2.6e+00	3.9385e-01	1.2e-02
5.9293e+03	2.6e+00	3.9016e-01	1.2e-02
5.9327e+03	2.6e+00	3.8922e-01	1.2e-02
5.9362e+03	2.6e+00	3.9062e-01	1.2e-02
5.9396e+03	2.6e+00	3.9075e-01	1.2e-02
5.9431e+03	2.6e+00	3.8819e-01	1.1e-02
5.9465e+03	2.6e+00	3.8850e-01	1.1e-02
5.9499e+03	2.6e+00	3.8545e-01	1.0e-02
5.9534e+03	2.6e+00	3.8260e-01	1.1e-02
5.9568e+03	2.6e+00	3.8274e-01	1.1e-02
5.9603e+03	2.6e+00	3.8210e-01	1.0e-02
5.9637e+03	2.6e+00	3.8127e-01	1.1e-02
5.9672e+03	2.6e+00	3.8008e-01	9.6e-03
5.9706e+03	2.6e+00	3.8030e-01	1.0e-02
5.9741e+03	2.6e+00	3.8099e-01	1.0e-02
5.9775e+03	2.6e+00	3.7889e-01	1.0e-02
5.9809e+03	2.6e+00	3.7879e-01	1.1e-02
5.9844e+03	2.6e+00	3.7754e-01	1.0e-02
5.9878e+03	2.6e+00	3.7588e-01	1.0e-02
5.9913e+03	2.6e+00	3.7626e-01	1.0e-02
5.9947e+03	2.6e+00	3.7453e-01	1.0e-02
5.9981e+03	2.6e+00	3.7428e-01	9.8e-03
6.0016e+03	2.6e+00	3.7551e-01	9.4e-03
6.0050e+03	2.6e+00	3.7328e-01	1.0e-02
6.0084e+03	2.6e+00	3.7107e-01	1.0e-02
6.0119e+03	2.6e+00	3.7064e-01	9.6e-03
6.0153e+03	2.6e+00	3.7165e-01	9.7e-03
6.0187e+03	2.6e+00	3.7113e-01	1.0e-02
6.0222e+03	2.6e+00	3.7100e-01	9.2e-03
6.0256e+03	2.6e+00	3.6972e-01	9.4e-03
6.0290e+03	2.6e+00	3.6740e-01	9.7e-03
6.0325e+03	2.6e+00	3.6708e-01	1.0e-02
6.0359e+03	2.6e+00	3.6624e-01	1.0e-02
6.0393e+03	2.6e+00	3.6466e-01	9.6e-03
6.0428e+03	2.6e+00	3.6345e-01	9.5e-03
6.0462e+03	2.6e+00	3.6210e-01	9.2e-03
6.0496e+03	2.6e+00	3.6007e-01	9.7e-03
6.0530e+03	2.6e+00	3.6036e-01	9.4e-03
6.0565e+03	2.6e+00	3.6024e-01	9.1e-03
6.0599e+03	2.6e+00	3.5916e-01	9.5e-03
6.0633e+03	2.6e+00	3.5819e-01	8.9e-03
6.0667e+03	2.6e+00	3.5350e-01	9.1e-03
6.0702e+03	2.6e+00	3.5405e-01	9.8e-03
6.0736e+03	2.6e+00	3.5377e-01	9.5e-03
6.0770e+03	2.6e+00	3.5126e-01	9.5e-03
6.0804e+03	2.6e+00	3.5215e-01	9.2e-03
6.0838e+03	2.6e+00	3.5056e-01	9.1e-03
6.0873e+03	2.6e+00	3.4984e-01	8.8e-03
6.0907e+03	2.6e+00	3.4849e-01	9.3e-03
6.0941e+03	2.6e+00	3.4727e-01	9.6e-03
6.0975e+03	2.6e+00	3.4789e-01	9.4e-03
6.1009e+03	2.6e+00	3.4877e-01	9.5e-03
6.1043e+03	2.6e+00	3.4583e-01	9.9e-03
6.1078e+03	2.6e+00	3.4438e-01	9.2e-03
6.1112e+03	2.6e+00	3.4411e-01	9.1e-03
6.1146e+03	2.6e+00	3.4292e-01	9.5e-03
6.1180e+03	2.6e+00	3.4157e-01	9.7e-03
6.1214e+03	2.6e+00	3.3964e-01	8.8e-03
6.1248e+03	2.6e+00	3.4025e-01	9.3e-03
6.1282e+03	2.6e+00	3.3880e-01	9.6e-03
6.1316e+03	2.6e+00	3.3838e-01	9.3e-03
6.1350e+03	2.6e+00	3.3885e-01	9.1e-03
6.1384e+03	2.6e+00	3.3605e-01	8.6e-03
6.1419e+03	2.6e+00	3.3554e-01	8.9e-03
6.1453e+03	2.6e+00	3.3546e-01	9.3e-03
6.1487e+03	2.6e+00	3.3588e-01	8.7e-03
6.1521e+03	2.6e+00	3.3328e-01	8.1e-03
6.1555e+03	2.6e+00	3.2937e-01	8.1e-03
6.1589e+03	2.6e+00	3.2932e-01	8.1e-03
6.1623e+03	2.6e+00	3.2787e-01	7.1e-03
6.1657e+03	2.6e+00	3.2865e-01	7.7e-03
6.1691e+03	2.6e+00	3.3078e-01	8.8e-03
6.1725e+03	2.6e+00	3.3040e-01	8.5e-03
6.1759e+03	2.6e+00	3.3195e-01	8.7e-03
6.1793e+03	2.6e+00	3.3105e-01	8.8e-03
6.1827e+03	2.6e+00	3.3038e-01	8.3e-03
6.1861e+03	2.6e+00	3.2843e-01	8.7e-03
6.1895e+03	2.6e+00	3.2727e-01	8.3e-03
6.1928e+03	2.6e+00	3.2658e-01	8.3e-03
6.1962e+03	2.6e+00	3.2459e-01	8.2e-03
6.1996e+03	2.6e+00	3.2431e-01	8.1e-03
6.2030e+03	2.6e+00	3.2324e-01	8.3e-03
6.2064e+03	2.6e+00	3.2071e-01	8.6e-03
6.2098e+03	2.6e+00	3.2123e-01	8.7e-03
6.2132e+03	2.6e+00	3.2156e-01	8.1e-03
6.2166e+03	2.6e+00	3.2007e-01	8.3e-03
6.2200e+03	2.6e+00	3.1979e-01	9.1e-03
6.2234e+03	2.6e+00	3.1861e-01	7.8e-03
6.2267e+03	2.6e+00	3.1762e-01	7.9e-03
6.2301e+03	2.6e+00	3.1563e-01	8.1e-03
6.2335e+03	2.6e+00	3.1427e-01	8.1e-03
6.2369e+03	2.6e+00	3.1446e-01	8.3e-03
6.2403e+03	2.6e+00	3.1345e-01	8.1e-03
6.2437e+03	2.6e+00	3.1331e-01	7.8e-03
6.2470e+03	2.6e+00	3.1192e-01	8.1e-03
6.2504e+03	2.6e+00	3.0952e-01	8.4e-03
6.2538e+03	2.6e+00	3.0808e-01	8.4e-03
6.2572e+03	2.6e+00	3.0850e-01	8.6e-03
6.2605e+03	2.6e+00	3.0822e-01	8.2e-03
6.2639e+03	2.6e+00	3.0715e-01	8.2e-03
6.2673e+03	2.6e+00	3.0656e-01	8.4e-03
6.2707e+03	2.6e+00	3.0619e-01	8.0e-03
6.2740e+03	2.6e+00	3.0439e-01	7.2e-03
6.2774e+03	2.6e+00	2.9956e-01	7.2e-03
6.2808e+03	2.6e+00	2.9141e-01	7.5e-03
6.2842e+03	2.6e+00	2.8775e-01	7.0e-03
6.2875e+03	2.6e+00	2.9293e-01	7.4e-03
6.2909e+03	2.6e+00	2.9656e-01	7.4e-03
6.2943e+03	2.6e+00	2.9486e-01	8.0e-03
6.2976e+03	2.6e+00	2.9319e-01	8.5e-03
6.3010e+03	2.6e+00	2.9257e-01	6.7e-03
6.3044e+03	2.6e+00	2.9192e-01	7.4e-03
6.3077e+03	2.6e+00	2.9245e-01	8.7e-03
6.3111e+03	2.6e+00	2.9415e-01	8.1e-03
6.3145e+03	2.6e+00	2.9566e-01	8.2e-03
6.3178e+03	2.6e+00	2.9526e-01	7.8e-03
6.3212e+03	2.6e+00	2.9466e-01	8.0e-03
6.3245e+03	2.6e+00	2.9382e-01	7.7e-03
6.3279e+03	2.6e+00	2.9277e-01	7.2e-03
6.3313e+03	2.6e+00	2.9222e-01	7.3e-03
6.3346e+03	2.6e+00	2.9237e-01	7.2e-03
6.3380e+03	2.6e+00	2.9213e-01	7.2e-03
6.3413e+03	2.6e+00	2.9100e-01	6.6e-03
6.3447e+03	2.6e+00	2.8737e-01	7.1e-03
6.3480e+03	2.6e+00	2.8658e-01	7.2e-03
6.3514e+03	2.6e+00	2.8726e-01	7.4e-03
6.3548e+03	2.6e+00	2.8811e-01	8.1e-03
6.3581e+03	2.6e+00	2.8778e-01	7.3e-03
6.3615e+03	2.6e+00	2.8667e-01	7.0e-03
6.3648e+03	2.6e+00	2.8664e-01	7.8e-03
6.3682e+03	2.6e+00	2.8553e-01	7.4e-03
6.3715e+03	2.6e+00	2.8488e-01	7.0e-03
6.3748e+03	2.6e+00	2.8455e-01	6.9e-03
6.3782e+03	2.6e+00	2.8388e-01	7.4e-03
6.3815e+03	2.6e+00	2.8474e-01	7.1e-03
6.3849e+03	2.6e+00	2.8450e-01	7.0e-03
6.3882e+03	2.6e+00	2.8363e-01	7.2e-03
6.3916e+03	2.6e+00	2.8251e-01	6.8e-03
6.3949e+03	2.6e+00	2.8181e-01	6.9e-03
6.3982e+03	2.6e+00	2.8260e-01	7.4e-03
6.4016e+03	2.6e+00	2.8160e-01	6.7e-03
6.4049e+03	2.6e+00	2.7939e-01	6.5e-03
6.4083e+03	2.6e+00	2.8058e-01	6.6e-03
6.4116e+03	2.6e+00	2.8037e-01	7.0e-03
6.4149e+03	2.6e+00	2.7815e-01	7.2e-03
6.4183e+03	2.6e+00	2.7909e-01	7.1e-03
6.4216e+03	2.6e+00	2.7954e-01	6.7e-03
6.4249e+03	2.6e+00	2.7872e-01	6.6e-03
6.4283e+03	2.6e+00	2.7771e-01	6.7e-03
6.4316e+03	2.6e+00	2.7587e-01	6.6e-03
6.4349e+03	2.6e+00	2.7384e-01	6.8e-03
6.4383e+03	2.6e+00	2.7468e-01	6.7e-03
6.4416e+03	2.6e+00	2.7444e-01	6.7e-03
6.4449e+03	2.6e+00	2.7287e-01	6.7e-03
6.4482e+03	2.6e+00	2.7552e-01	6.3e-03
6.4516e+03	2.6e+00	2.7399e-01	6.7e-03
6.4549e+03	2.6e+00	2.6988e-01	6.6e-03
6.4582e+03	2.6e+00	2.6817e-01	6.7e-03
6.4615e+03	2.6e+00	2.6723e-01	6.0e-03
6.4649e+03	2.6e+00	2.6653e-01	5.8e-03
6.4682e+03	2.6e+00	2.6619e-01	6.2e-03
6.4715e+03	2.6e+00	2.6502e-01	5.7e-03
6.4748e+03	2.6e+00	2.6323e-01	5.8e-03
6.4781e+03	2.6e+00	2.6335e-01	5.9e-03
6.4814e+03	2.5e+00	2.6256e-01	5.9e-03
6.4848e+03	2.5e+00	2.6066e-01	6.2e-03
6.4881e+03	2.5e+00	2.6165e-01	6.3e-03
6.4914e+03	2.5e+00	2.6116e-01	5.8e-03
6.4947e+03	2.5e+00	2.5978e-01	5.9e-03
6.4980e+03	2.5e+00	2.6053e-01	5.8e-03
6.5013e+03	2.5e+00	2.5966e-01	5.9e-03
6.5046e+03	2.5e+00	2.5849e-01	6.2e-03
6.5079e+03	2.5e+00	2.5761e-01	6.1e-03
6.5113e+03	2.5e+00	2.5517e-01	6.2e-03
6.5146e+03	2.5e+00	2.5222e-01	5.9e-03
6.5179e+03	2.5e+00	2.4913e-01	5.9e-03
6.5212e+03	2.5e+00	2.5005e-01	6.4e-03
6.5245e+03	2.5e+00	2.4849e-01	6.4e-03
6.5278e+03	2.5e+00	2.4640e-01	5.5e-03
6.5311e+03	2.5e+00	2.4457e-01	5.8e-03
6.5344e+03	2.5e+00	2.3956e-01	5.9e-03
6.5377e+03	2.5e+00	2.3473e-01	5.8e-03
6.5410e+03	2.5e+00	2.2995e-01	5.4e-03
6.5443e+03	2.5e+00	2.2047e-01	5.3e-03
6.5476e+03	2.5e+00	2.1093e-01	5.3e-03
6.5509e+03	2.5e+00	1.9810e-01	4.8e-03
6.5542e+03	2.5e+00	1.8219e-01	4.1e-03
6.5575e+03	2.5e+00	1.6037e-01	3.8e-03
6.5607e+03	2.5e+00	1.4443e-01	3.9e-03
6.5640e+03	2.5e+00	1.5018e-01	3.6e-03
6.5673e+03	2.5e+00	1.6752e-01	3.4e-03
6.5706e+03	2.5e+00	1.8748e-01	4.0e-03
6.5739e+03	2.5e+00	2.0334e-01	4.5e-03
6.5772e+03	2.5e+00	2.1434e-01	4.6e-03
6.5805e+03	2.5e+00	2.2101e-01	4.5e-03
6.5838e+03	2.5e+00	2.2685e-01	5.0e-03
6.5870e+03	2.5e+00	2.3115e-01	4.8e-03
6.5903e+03	2.5e+00	2.3431e-01	4.8e-03
6.5936e+03	2.5e+00	2.3705e-01	5.6e-03
6.5969e+03	2.5e+00	2.3763e-01	6.2e-03
6.6002e+03	2.5e+00	2.3988e-01	6.3e-03
6.6035e+03	2.5e+00	2.3964e-01	5.5e-03
6.6067e+03	2.5e+00	2.4054e-01	5.0e-03
6.6100e+03	2.5e+00	2.4259e-01	5.1e-03
6.6133e+03	2.5e+00	2.4165e-01	5.0e-03
6.6166e+03	2.5e+00	2.4150e-01	5.3e-03
6.6198e+03	2.5e+00	2.4073e-01	5.0e-03
6.6231e+03	2.5e+00	2.4020e-01	4.8e-03
6.6264e+03	2.5e+00	2.4000e-01	5.0e-03
6.6296e+03	2.5e+00	2.4119e-01	5.5e-03
6.6329e+03	2.5e+00	2.4199e-01	5.5e-03
6.6362e+03	2.5e+00	2.4106e-01	5.2e-03
6.6395e+03	2.5e+00	2.4115e-01	5.5e-03
6.6427e+03	2.5e+00	2.4211e-01	5.8e-03
6.6460e+03	2.5e+00	2.4131e-01	5.0e-03
6.6493e+03	2.5e+00	2.3893e-01	5.1e-03
6.6525e+03	2.5e+00	2.3955e-01	5.1e-03
6.6558e+03	2.5e+00	2.3971e-01	5.0e-03
6.6590e+03	2.5e+00	2.3799e-01	5.4e-03
6.6623e+03	2.5e+00	2.3897e-01	5.3e-03
6.6656e+03	2.5e+00	2.3894e-01	5.1e-03
6.6688e+03	2.5e+00	2.3622e-01	4.9e-03
6.6721e+03	2.5e+00	2.3621e-01	5.4e-03
6.6753e+03	2.5e+00	2.3642e-01	5.5e-03
6.6786e+03	2.5e+00	2.3682e-01	5.1e-03
6.6818e+03	2.5e+00	2.3785e-01	5.4e-03
6.6851e+03	2.5e+00	2.3562e-01	5.0e-03
6.6883e+03	2.5e+00	2.3478e-01	4.5e-03
6.6916e+03	2.5e+00	2.3526e-01	5.0e-03
6.6948e+03	2.5e+00	2.3368e-01	4.7e-03
6.6981e+03	2.5e+00	2.3329e-01	5.1e-03
6.7013e+03	2.5e+00	2.3327e-01	5.3e-03
6.7046e+03	2.5e+00	2.3292e-01	5.0e-03
6.7078e+03	2.5e+00	2.3137e-01	5.5e-03
6.7111e+03	2.5e+00	2.3064e-01	5.0e-03
6.7143e+03	2.5e+00	2.2955e-01	4.8e-03
6.7176e+03	2.5e+00	2.3011e-01	4.4e-03
6.7208e+03	2.5e+00	2.3012e-01	4.6e-03
6.7240e+03	2.5e+00	2.2938e-01	5.4e-03
6.7273e+03	2.5e+00	2.2968e-01	4.7e-03
6.7305e+03	2.5e+00	2.2885e-01	4.4e-03
6.7337e+03	2.5e+00	2.2761e-01	4.7e-03
6.7370e+03	2.5e+00	2.2869e-01	4.1e-03
6.7402e+03	2.5e+00	2.2686e-01	3.9e-03
6.7435e+03	2.5e+00	2.2504e-01	4.3e-03
6.7467e+03	2.5e+00	2.2592e-01	4.3e-03
6.7499e+03	2.5e+00	2.2562e-01	3.8e-03
6.7531e+03	2.5e+00	2.2530e-01	3.9e-03
6.7564e+03	2.5e+00	2.2412e-01	4.4e-03
6.7596e+03	2.5e+00	2.2310e-01	3.9e-03
6.7628e+03	2.5e+00	2.2363e-01	4.1e-03
6.7660e+03	2.5e+00	2.2311e-01	4.1e-03
6.7693e+03	2.5e+00	2.2255e-01	4.6e-03
6.7725e+03	2.5e+00	2.2144e-01	4.9e-03
6.7757e+03	2.5e+00	2.1995e-01	4.1e-03
6.7789e+03	2.5e+00	2.1988e-01	4.0e-03
6.7822e+03	2.5e+00	2.1909e-01	4.0e-03
6.7854e+03	2.5e+00	2.2005e-01	4.0e-03
6.7886e+03	2.5e+00	2.1932e-01	4.4e-03
6.7918e+03	2.5e+00	2.1882e-01	3.7e-03
6.7950e+03	2.5e+00	2.1734e-01	3.8e-03
6.7982e+03	2.5e+00	2.1882e-01	3.9e-03
6.8015e+03	2.5e+00	2.1749e-01	3.7e-03
6.8047e+03	2.5e+00	2.1739e-01	3.8e-03
6.8079e+03	2.5e+00	2.1685e-01	4.6e-03
6.8111e+03	2.5e+00	2.1595e-01	4.5e-03
6.8143e+03	2.5e+00	2.1432e-01	3.6e-03
6.8175e+03	2.5e+00	2.1333e-01	3.9e-03
6.8207e+03	2.5e+00	2.1360e-01	4.5e-03
6.8239e+03	2.5e+00	2.1216e-01	3.9e-03
6.8271e+03	2.5e+00	2.1298e-01	3.4e-03
6.8303e+03	2.5e+00	2.1113e-01	3.8e-03
6.8335e+03	2.5e+00	2.1042e-01	3.4e-03
6.8367e+03	2.5e+00	2.1070e-01	3.3e-03
6.8399e+03	2.5e+00	2.0906e-01	3.4e-03
6.8431e+03	2.5e+00	2.0708e-01	3.6e-03
6.8463e+03	2.5e+00	2.0724e-01	3.4e-03
6.8495e+03	2.5e+00	2.0719e-01	3.3e-03
6.8527e+03	2.5e+00	1.9910e-01	3.5e-03
6.8559e+03	2.5e+00	1.7560e-01	2.8e-03
6.8591e+03	2.5e+00	1.5113e-01	2.1e-03
6.8623e+03	2.5e+00	1.4623e-01	2.1e-03
6.8655e+03	2.5e+00	1.5627e-01	2.7e-03
6.8687e+03	2.5e+00	1.7459e-01	3.0e-03
6.8718e+03	2.5e+00	1.8260e-01	2.7e-03
6.8750e+03	2.5e+00	1.8070e-01	2.2e-03
6.8782e+03	2.5e+00	1.7572e-01	2.8e-03
6.8814e+03	2.5e+00	1.7342e-01	2.8e-03
6.8846e+03	2.5e+00	1.7545e-01	2.5e-03
6.8878e+03	2.5e+00	1.7719e-01	2.9e-03
6.8909e+03	2.5e+00	1.8030e-01	2.4e-03
6.8941e+03	2.5e+00	1.8369e-01	2.9e-03
6.8973e+03	2.5e+00	1.8513e-01	2.9e-03
6.9005e+03	2.5e+00	1.8681e-01	2.9e-03
6.9036e+03	2.5e+00	1.8945e-01	3.0e-03
6.9068e+03	2.5e+00	1.9054e-01	2.4e-03
6.9100e+03	2.5e+00	1.9170e-01	3.2e-03
6.9132e+03	2.5e+00	1.9314e-01	2.6e-03
6.9163e+03	2.5e+00	1.9256e-01	2.6e-03
6.9195e+03	2.5e+00	1.9180e-01	3.1e-03
6.9227e+03	2.5e+00	1.9185e-01	3.2e-03
6.9258e+03	2.5e+00	1.8831e-01	2.5e-03
6.9290e+03	2.5e+00	1.8915e-01	2.4e-03
6.9322e+03	2.5e+00	1.9027e-01	3.2e-03
6.9353e+03	2.5e+00	1.8958e-01	2.7e-03
6.9385e+03	2.5e+00	1.8951e-01	3.1e-03
6.9417e+03	2.5e+00	1.8859e-01	2.7e-03
6.9448e+03	2.5e+00	1.8817e-01	2.8e-03
6.9480e+03	2.5e+00	1.8763e-01	2.7e-03
6.9511e+03	2.5e+00	1.8874e-01	2.7e-03
6.9543e+03	2.5e+00	1.9087e-01	3.3e-03
6.9574e+03	2.5e+00	1.9045e-01	3.2e-03
6.9606e+03	2.5e+00	1.8877e-01	2.8e-03
6.9637e+03	2.5e+00	1.8804e-01	2.5e-03
6.9669e+03	2.5e+00	1.8739e-01	2.7e-03
6.9701e+03	2.5e+00	1.8600e-01	2.9e-03
6.9732e+03	2.5e+00	1.8381e-01	2.9e-03
6.9763e+03	2.5e+00	1.8131e-01	2.9e-03
6.9795e+03	2.5e+00	1.8023e-01	2.9e-03
6.9826e+03	2.5e+00	1.8130e-01	2.9e-03
6.9858e+03	2.5e+00	1.8085e-01	2.2e-03
6.9889e+03	2.5e+00	1.7970e-01	2.7e-03
6.9921e+03	2.5e+00	1.7962e-01	2.5e-03
6.9952e+03	2.5e+00	1.8063e-01	2.3e-03
6.9983e+03	2.5e+00	1.7817e-01	2.9e-03
7.0015e+03	2.5e+00	1.7784e-01	2.4e-03
7.0046e+03	2.5e+00	1.7772e-01	2.4e-03
7.0078e+03	2.5e+00	1.7735e-01	3.0e-03
7.0109e+03	2.5e+00	1.7818e-01	2.7e-03
7.0140e+03	2.5e+00	1.7792e-01	2.1e-03
7.0172e+03	2.5e+00	1.7696e-01	2.7e-03
7.0203e+03	2.5e+00	1.7622e-01	2.5e-03
7.0234e+03	2.5e+00	1.7481e-01	2.8e-03
7.0265e+03	2.5e+00	1.7440e-01	2.7e-03
7.0297e+03	2.5e+00	1.7475e-01	2.3e-03
7.0328e+03	2.5e+00	1.7335e-01	2.6e-03
7.0359e+03	2.5e+00	1.7285e-01	2.7e-03
7.0390e+03	2.5e+00	1.7372e-01	2.2e-03
7.0422e+03	2.5e+00	1.7417e-01	1.8e-03
7.0453e+03	2.5e+00	1.7133e-01	2.7e-03
7.0484e+03	2.5e+00	1.7182e-01	4.2e-03
7.0515e+03	2.4e+00	1.7505e-01	2.5e-03
7.0546e+03	2.4e+00	1.7255e-01	2.5e-03
7.0578e+03	2.4e+00	1.7101e-01	2.6e-03
7.0609e+03	2.4e+00	1.7109e-01	2.5e-03
7.0640e+03	2.4e+00	1.7181e-01	2.2e-03
7.0671e+03	2.4e+00	1.6994e-01	2.8e-03
7.0702e+03	2.4e+00	1.6923e-01	2.4e-03
7.0733e+03	2.4e+00	1.6942e-01	2.4e-03
7.0764e+03	2.4e+00	1.6924e-01	2.6e-03
7.0795e+03	2.4e+00	1.6915e-01	2.1e-03
7.0826e+03	2.4e+00	1.6906e-01	2.7e-03
7.0857e+03	2.4e+00	1.6849e-01	2.5e-03
7.0888e+03	2.4e+00	1.6714e-01	2.3e-03
7.0919e+03	2.4e+00	1.6634e-01	1.9e-03
7.0950e+03	2.4e+00	1.6634e-01	2.8e-03
7.0981e+03	2.4e+00	1.6658e-01	2.6e-03
7.1012e+03	2.4e+00	1.6628e-01	2.5e-03
7.1043e+03	2.4e+00	1.6718e-01	2.1e-03
7.1074e+03	2.4e+00	1.6512e-01	1.8e-03
7.1105e+03	2.4e+00	1.6512e-01	2.2e-03
7.1136e+03	2.4e+00	1.6507e-01	2.3e-03
7.1167e+03	2.4e+00	1.6467e-01	1.9e-03
7.1198e+03	2.4e+00	1.6388e-01	1.9e-03
7.1229e+03	2.4e+00	1.6228e-01	1.9e-03
7.1260e+03	2.4e+00	1.6188e-01	2.1e-03
7.1291e+03	2.4e+00	1.6073e-01	2.3e-03
7.1321e+03	2.4e+00	1.5996e-01	2.4e-03
7.1352e+03	2.4e+00	1.5920e-01	2.2e-03
7.1383e+03	2.4e+00	1.5738e-01	1.8e-03
7.1414e+03	2.4e+00	1.5360e-01	2.2e-03
7.1445e+03	2.4e+00	1.4990e-01	2.4e-03
7.1475e+03	2.4e+00	1.4676e-01	2.2e-03
7.1506e+03	2.4e+00	1.4415e-01	1.4e-03
7.1537e+03	2.4e+00	1.4390e-01	1.7e-03
7.1568e+03	2.4e+00	1.4064e-01	1.8e-03
7.1598e+03	2.4e+00	1.3701e-01	1.7e-03
7.1629e+03	2.4e+00	1.3820e-01	2.1e-03
7.1660e+03	2.4e+00	1.3769e-01	2.3e-03
7.1690e+03	2.4e+00	1.3901e-01	1.7e-03
7.1721e+03	2.4e+00	1.4018e-01	1.6e-03
7.1752e+03	2.4e+00	1.3834e-01	1.8e-03
7.1782e+03	2.4e+00	1.3957e-01	2.1e-03
7.1813e+03	2.4e+00	1.4314e-01	2.2e-03
7.1844e+03	2.4e+00	1.4828e-01	2.3e-03
7.1874e+03	2.4e+00	1.4801e-01	2.6e-03
7.1905e+03	2.4e+00	1.4970e-01	2.6e-03
7.1936e+03	2.4e+00	1.4988e-01	2.7e-03
7.1966e+03	2.4e+00	1.4621e-01	2.1e-03
7.1997e+03	2.4e+00	1.4520e-01	2.2e-03
7.2027e+03	2.4e+00	1.4038e-01	2.3e-03
7.2058e+03	2.4e+00	1.3648e-01	2.1e-03
7.2088e+03	2.4e+00	1.3810e-01	2.7e-03
7.2119e+03	2.4e+00	1.3493e-01	2.2e-03
7.2149e+03	2.4e+00	1.3608e-01	2.0e-03
7.2180e+03	2.4e+00	1.3789e-01	2.1e-03
7.2210e+03	2.4e+00	1.3464e-01	2.3e-03
7.2241e+03	2.4e+00	1.3326e-01	2.3e-03
7.2271e+03	2.4e+00	1.3570e-01	1.8e-03
7.2301e+03	2.4e+00	1.3710e-01	2.0e-03
7.2332e+03	2.4e+00	1.3516e-01	2.1e-03
7.2362e+03	2.4e+00	1.3377e-01	1.9e-03
7.2393e+03	2.4e+00	1.3434e-01	2.1e-03
7.2423e+03	2.4e+00	1.3364e-01	2.3e-03
7.2453e+03	2.4e+00	1.3101e-01	1.8e-03
7.2484e+03	2.4e+00	1.3297e-01	2.1e-03
7.2514e+03	2.4e+00	1.3579e-01	2.2e-03
7.2544e+03	2.4e+00	1.3397e-01	2.2e-03
7.2575e+03	2.4e+00	1.3144e-01	2.9e-03
7.2605e+03	2.4e+00	1.3132e-01	2.6e-03
7.2635e+03	2.4e+00	1.3343e-01	2.4e-03
7.2666e+03	2.4e+00	1.3404e-01	2.5e-03
7.2696e+03	2.4e+00	1.2944e-01	1.8e-03
7.2726e+03	2.4e+00	1.2823e-01	2.1e-03
7.2756e+03	2.4e+00	1.2999e-01	3.0e-03
7.2786e+03	2.4e+00	1.2970e-01	2.6e-03
7.2817e+03	2.4e+00	1.3044e-01	2.0e-03
7.2847e+03	2.4e+00	1.2960e-01	2.8e-03
7.2877e+03	2.4e+00	1.3071e-01	2.9e-03
7.2907e+03	2.4e+00	1.3129e-01	2.5e-03
7.2937e+03	2.4e+00	1.3104e-01	2.5e-03
7.2967e+03	2.4e+00	1.3082e-01	2.8e-03
7.2997e+03	2.4e+00	1.3119e-01	3.1e-03
7.3028e+03	2.4e+00	1.3172e-01	3.2e-03
7.3058e+03	2.4e+00	1.3243e-01	2.9e-03
7.3088e+03	2.4e+00	1.3157e-01	2.8e-03
7.3118e+03	2.4e+00	1.3126e-01	2.7e-03
7.3148e+03	2.4e+00	1.3074e-01	2.8e-03
7.3178e+03	2.4e+00	1.2977e-01	3.0e-03
7.3208e+03	2.4e+00	1.2868e-01	2.7e-03
7.3238e+03	2.4e+00	1.2971e-01	2.7e-03
7.3268e+03	2.4e+00	1.2939e-01	2.8e-03
7.3298e+03	2.4e+00	1.2846e-01	2.7e-03
7.3328e+03	2.4e+00	1.2793e-01	2.7e-03
7.3358e+03	2.4e+00	1.2864e-01	2.9e-03
7.3388e+03	2.4e+00	1.2857e-01	2.8e-03
7.3418e+03	2.4e+00	1.2737e-01	3.1e-03
7.3447e+03	2.4e+00	1.2657e-01	2.8e-03
7.3477e+03	2.4e+00	1.2610e-01	3.0e-03
7.3507e+03	2.4e+00	1.2535e-01	3.2e-03
7.3537e+03	2.4e+00	1.2471e-01	2.2e-03
7.3567e+03	2.4e+00	1.2422e-01	2.6e-03
7.3597e+03	2.4e+00	1.2328e-01	3.2e-03
7.3627e+03	2.4e+00	1.2325e-01	3.4e-03
7.3656e+03	2.4e+00	1.2256e-01	3.4e-03
7.3686e+03	2.4e+00	1.2328e-01	3.1e-03
7.3716e+03	2.4e+00	1.2309e-01	3.2e-03
7.3746e+03	2.4e+00	1.2264e-01	2.9e-03
7.3775e+03	2.4e+00	1.2242e-01	3.3e-03
7.3805e+03	2.4e+00	1.2375e-01	3.1e-03
7.3835e+03	2.4e+00	1.2205e-01	3.1e-03
7.3865e+03	2.4e+00	1.2214e-01	3.6e-03
7.3894e+03	2.4e+00	1.2308e-01	3.5e-03
7.3924e+03	2.4e+00	1.2226e-01	3.1e-03
7.3954e+03	2.4e+00	1.2136e-01	3.4e-03
7.3983e+03	2.4e+00	1.2201e-01	3.3e-03
7.4013e+03	2.4e+00	1.2095e-01	3.1e-03
7.4043e+03	2.4e+00	1.1948e-01	3.3e-03
7.4072e+03	2.4e+00	1.2125e-01	3.5e-03
7.4102e+03	2.4e+00	1.2026e-01	3.6e-03
7.4131e+03	2.4e+00	1.2021e-01	3.4e-03
7.4161e+03	2.4e+00	1.2002e-01	3.4e-03
7.4190e+03	2.4e+00	1.1851e-01	3.7e-03
7.4220e+03	2.4e+00	1.1810e-01	3.4e-03
7.4250e+03	2.4e+00	1.1811e-01	3.8e-03
7.4279e+03	2.4e+00	1.1860e-01	4.0e-03
7.4309e+03	2.4e+00	1.1790e-01	3.7e-03
7.4338e+03	2.4e+00	1.1830e-01	3.7e-03
7.4367e+03	2.4e+00	1.1743e-01	3.6e-03
7.4397e+03	2.4e+00	1.1662e-01	3.3e-03
7.4426e+03	2.4e+00	1.1673e-01	3.8e-03
7.4456e+03	2.4e+00	1.1549e-01	3.9e-03
7.4485e+03	2.3e+00	1.1536e-01	3.7e-03
7.4515e+03	2.3e+00	1.1539e-01	3.9e-03
7.4544e+03	2.3e+00	1.1407e-01	4.2e-03
7.4573e+03	2.3e+00	1.1381e-01	3.9e-03
7.4603e+03	2.3e+00	1.1343e-01	3.7e-03
7.4632e+03	2.3e+00	1.1219e-01	3.7e-03
7.4661e+03	2.3e+00	1.1325e-01	4.2e-03
7.4691e+03	2.3e+00	1.1147e-01	4.0e-03
7.4720e+03	2.3e+00	1.1072e-01	3.7e-03
7.4749e+03	2.3e+00	1.1101e-01	3.7e-03
7.4778e+03	2.3e+00	1.0997e-01	3.8e-03
7.4808e+03	2.3e+00	1.1013e-01	4.1e-03
7.4837e+03	2.3e+00	1.1051e-01	4.5e-03
7.4866e+03	2.3e+00	1.1068e-01	4.2e-03
7.4895e+03	2.3e+00	1.1194e-01	4.0e-03
7.4925e+03	2.3e+00	1.1093e-01	4.1e-03
7.4954e+03	2.3e+00	1.1117e-01	4.3e-03
7.4983e+03	2.3e+00	1.1212e-01	3.9e-03
7.5012e+03	2.3e+00	1.1179e-01	3.9e-03
7.5041e+03	2.3e+00	1.1015e-01	4.2e-03
7.5070e+03	2.3e+00	1.0917e-01	4.6e-03
7.5099e+03	2.3e+00	1.0878e-01	4.6e-03
7.5128e+03	2.3e+00	1.1033e-01	4.7e-03
7.5157e+03	2.3e+00	1.1083e-01	4.7e-03
7.5187e+03	2.3e+00	1.0916e-01	4.8e-03
7.5216e+03	2.3e+00	1.0881e-01	5.1e-03
7.5245e+03	2.3e+00	1.0667e-01	4.4e-03
7.5274e+03	2.3e+00	1.0750e-01	4.8e-03
7.5303e+03	2.3e+00	1.0653e-01	4.5e-03
7.5332e+03	2.3e+00	1.0219e-01	4.3e-03
7.5361e+03	2.3e+00	9.1203e-02	4.3e-03
7.5390e+03	2.3e+00	7.0650e-02	3.6e-03
7.5418e+03	2.3e+00	4.9741e-02	3.0e-03
7.5447e+03	2.3e+00	3.6375e-02	2.3e-03
7.5476e+03	2.3e+00	2.8863e-02	1.7e-03
7.5505e+03	2.3e+00	2.7716e-02	1.6e-03
7.5534e+03	2.3e+00	3.4134e-02	2.0e-03
7.5563e+03	2.3e+00	4.6516e-02	2.3e-03
7.5592e+03	2.3e+00	5.9650e-02	2.3e-03
7.5621e+03	2.3e+00	6.3768e-02	2.8e-03
7.5649e+03	2.3e+00	5.9380e-02	3.3e-03
7.5678e+03	2.3e+00	5.4120e-02	3.2e-03
7.5707e+03	2.3e+00	5.0704e-02	3.2e-03
7.5736e+03	2.3e+00	5.1042e-02	2.8e-03
7.5765e+03	2.3e+00	5.2126e-02	2.7e-03
7.5793e+03	2.3e+00	5.5413e-02	3.0e-03
7.5822e+03	2.3e+00	5.8865e-02	3.1e-03
7.5851e+03	2.3e+00	6.2050e-02	3.0e-03
7.5879e+03	2.3e+00	6.7138e-02	3.7e-03
7.5908e+03	2.3e+00	7.1080e-02	4.1e-03
7.5937e+03	2.3e+00	7.3943e-02	4.0e-03
7.5965e+03	2.3e+00	7.8494e-02	4.1e-03
7.5994e+03	2.3e+00	8.1250e-02	4.5e-03
7.6023e+03	2.3e+00	8.2549e-02	4.3e-03
7.6051e+03	2.3e+00	8.5862e-02	4.3e-03
7.6080e+03	2.3e+00	8.7236e-02	4.7e-03
7.6109e+03	2.3e+00	8.8052e-02	4.4e-03
7.6137e+03	2.3e+00	8.9919e-02	4.7e-03
