# lambda [A]	Dlambda [A]	specval [counts]	Dspecval [counts]
3.5867e+03	2.4e+00	5.7220e+03	5.5e+02
3.5904e+03	2.4e+00	6.6944e+03	3.3e+02
3.5942e+03	2.4e+00	6.5162e+03	4.0e+02
3.5979e+03	2.4e+00	6.5299e+03	1.8e+02
3.6016e+03	2.4e+00	6.4520e+03	3.5e+02
3.6053e+03	2.4e+00	7.8052e+03	3.4e+02
3.6091e+03	2.4e+00	6.9366e+03	4.4e+02
3.6128e+03	2.4e+00	7.2805e+03	5.4e+02
3.6165e+03	2.4e+00	7.5742e+03	2.6e+02
3.6202e+03	2.4e+00	9.0635e+03	2.9e+02
3.6239e+03	2.4e+00	9.7130e+03	3.1e+02
3.6277e+03	2.4e+00	8.2663e+03	1.3e+02
3.6314e+03	2.4e+00	9.2022e+03	3.4e+02
3.6351e+03	2.4e+00	9.3199e+03	4.4e+02
3.6388e+03	2.4e+00	9.7331e+03	5.6e+02
3.6425e+03	2.4e+00	1.0420e+04	6.2e+02
3.6462e+03	2.4e+00	1.1302e+04	5.7e+02
3.6500e+03	2.4e+00	1.2035e+04	3.9e+02
3.6537e+03	2.4e+00	1.3047e+04	2.2e+02
3.6574e+03	2.4e+00	1.4684e+04	3.0e+02
3.6611e+03	2.4e+00	1.4344e+04	6.1e+02
3.6648e+03	2.4e+00	1.4622e+04	2.3e+02
3.6685e+03	2.4e+00	1.6837e+04	3.1e+02
3.6723e+03	2.4e+00	1.7331e+04	5.4e+02
3.6760e+03	2.4e+00	1.6584e+04	5.5e+02
3.6797e+03	2.4e+00	1.8008e+04	5.3e+02
3.6834e+03	2.4e+00	1.9288e+04	5.6e+02
3.6871e+03	2.4e+00	2.2541e+04	5.8e+02
3.6908e+03	2.4e+00	2.4096e+04	1.1e+03
3.6945e+03	2.4e+00	2.4389e+04	6.6e+02
3.6982e+03	2.4e+00	2.4949e+04	4.7e+02
3.7019e+03	2.4e+00	2.9420e+04	7.6e+02
3.7057e+03	2.4e+00	3.2271e+04	1.6e+03
3.7094e+03	2.4e+00	3.3508e+04	1.5e+03
3.7131e+03	2.4e+00	3.1975e+04	1.2e+03
3.7168e+03	2.4e+00	3.4975e+04	2.1e+03
3.7205e+03	2.4e+00	4.3308e+04	9.7e+02
3.7242e+03	2.4e+00	5.0173e+04	1.2e+03
3.7279e+03	2.4e+00	5.5027e+04	1.3e+03
3.7316e+03	2.4e+00	5.1232e+04	2.0e+03
3.7353e+03	2.4e+00	4.5256e+04	2.0e+03
3.7390e+03	2.4e+00	5.1380e+04	2.3e+03
3.7427e+03	2.4e+00	6.4697e+04	1.8e+03
3.7464e+03	2.4e+00	8.0938e+04	2.2e+03
3.7501e+03	2.4e+00	9.5640e+04	3.9e+03
3.7539e+03	2.4e+00	9.8639e+04	4.4e+03
3.7576e+03	2.4e+00	9.3398e+04	3.6e+03
3.7613e+03	2.4e+00	7.8338e+04	3.3e+03
3.7650e+03	2.4e+00	6.7863e+04	2.2e+03
3.7687e+03	2.4e+00	7.6015e+04	1.8e+03
3.7724e+03	2.4e+00	9.9464e+04	2.5e+03
3.7761e+03	2.4e+00	1.3179e+05	5.8e+03
3.7798e+03	2.4e+00	1.5828e+05	4.2e+03
3.7835e+03	2.4e+00	1.7218e+05	4.6e+03
3.7872e+03	2.4e+00	1.8275e+05	7.0e+03
3.7909e+03	2.4e+00	1.8430e+05	7.6e+03
3.7946e+03	2.4e+00	1.7497e+05	7.9e+03
3.7983e+03	2.4e+00	1.4906e+05	5.8e+03
3.8020e+03	2.4e+00	1.1821e+05	4.9e+03
3.8057e+03	2.4e+00	1.1014e+05	3.0e+03
3.8094e+03	2.4e+00	1.2645e+05	3.5e+03
3.8131e+03	2.4e+00	1.6978e+05	5.8e+03
3.8168e+03	2.4e+00	2.1608e+05	6.4e+03
3.8205e+03	2.4e+00	2.6036e+05	8.3e+03
3.8242e+03	2.4e+00	2.9386e+05	9.1e+03
3.8279e+03	2.4e+00	3.0830e+05	1.1e+04
3.8315e+03	2.4e+00	3.2560e+05	1.2e+04
3.8352e+03	2.4e+00	3.4968e+05	1.5e+04
3.8389e+03	2.4e+00	3.5365e+05	1.3e+04
3.8426e+03	2.4e+00	3.5891e+05	1.4e+04
3.8463e+03	2.4e+00	3.4652e+05	1.2e+04
3.8500e+03	2.4e+00	3.1553e+05	1.2e+04
3.8537e+03	2.4e+00	2.8044e+05	1.2e+04
3.8574e+03	2.4e+00	2.3001e+05	1.1e+04
3.8611e+03	2.4e+00	1.8737e+05	8.3e+03
3.8648e+03	2.4e+00	1.9040e+05	6.2e+03
3.8685e+03	2.4e+00	2.3571e+05	9.3e+03
3.8722e+03	2.4e+00	3.0589e+05	1.1e+04
3.8759e+03	2.4e+00	3.7440e+05	1.4e+04
3.8795e+03	2.4e+00	4.2931e+05	1.8e+04
3.8832e+03	2.4e+00	4.6542e+05	1.9e+04
3.8869e+03	2.4e+00	4.9439e+05	2.0e+04
3.8906e+03	2.4e+00	5.0934e+05	2.1e+04
3.8943e+03	2.4e+00	5.2832e+05	2.1e+04
3.8980e+03	2.4e+00	5.3772e+05	2.0e+04
3.9017e+03	2.4e+00	5.4726e+05	2.0e+04
3.9054e+03	2.4e+00	5.3523e+05	1.9e+04
3.9090e+03	2.4e+00	5.3191e+05	1.9e+04
3.9127e+03	2.4e+00	5.2668e+05	2.1e+04
3.9164e+03	2.4e+00	5.4297e+05	2.1e+04
3.9201e+03	2.4e+00	5.4803e+05	2.4e+04
3.9238e+03	2.4e+00	5.4250e+05	2.3e+04
3.9275e+03	2.4e+00	5.3301e+05	2.4e+04
3.9312e+03	2.4e+00	5.0411e+05	2.1e+04
3.9348e+03	2.4e+00	4.6120e+05	2.0e+04
3.9385e+03	2.4e+00	3.9628e+05	1.6e+04
3.9422e+03	2.4e+00	3.1151e+05	1.3e+04
3.9459e+03	2.4e+00	2.4539e+05	9.3e+03
3.9496e+03	2.4e+00	2.3325e+05	7.7e+03
3.9532e+03	2.4e+00	2.7992e+05	9.9e+03
3.9569e+03	2.4e+00	3.6022e+05	1.6e+04
3.9606e+03	2.4e+00	4.3343e+05	1.7e+04
3.9643e+03	2.4e+00	4.9534e+05	2.3e+04
3.9680e+03	2.4e+00	5.3642e+05	2.1e+04
3.9716e+03	2.4e+00	5.6046e+05	1.9e+04
3.9753e+03	2.4e+00	5.8173e+05	2.3e+04
3.9790e+03	2.4e+00	5.9788e+05	2.4e+04
3.9827e+03	2.4e+00	6.0629e+05	2.6e+04
3.9864e+03	2.4e+00	6.1323e+05	2.6e+04
3.9900e+03	2.4e+00	6.1084e+05	2.3e+04
3.9937e+03	2.4e+00	6.1130e+05	2.2e+04
3.9974e+03	2.4e+00	6.1455e+05	2.3e+04
4.0011e+03	2.4e+00	6.1023e+05	2.4e+04
4.0047e+03	2.4e+00	6.0300e+05	2.4e+04
4.0084e+03	2.4e+00	6.0341e+05	2.4e+04
4.0121e+03	2.4e+00	5.9015e+05	2.3e+04
4.0158e+03	2.4e+00	5.9669e+05	2.3e+04
4.0194e+03	2.4e+00	5.9866e+05	2.2e+04
4.0231e+03	2.4e+00	5.8797e+05	2.4e+04
4.0268e+03	2.4e+00	5.8862e+05	2.2e+04
4.0304e+03	2.4e+00	5.7738e+05	2.1e+04
4.0341e+03	2.4e+00	5.7112e+05	2.2e+04
4.0378e+03	2.4e+00	5.6780e+05	2.3e+04
4.0415e+03	2.4e+00	5.6288e+05	2.1e+04
4.0451e+03	2.4e+00	5.5930e+05	2.4e+04
4.0488e+03	2.4e+00	5.4248e+05	2.3e+04
4.0525e+03	2.4e+00	5.4058e+05	2.1e+04
4.0561e+03	2.4e+00	5.2497e+05	2.0e+04
4.0598e+03	2.4e+00	5.0379e+05	1.7e+04
4.0635e+03	2.4e+00	4.9262e+05	1.9e+04
4.0671e+03	2.4e+00	4.6242e+05	1.9e+04
4.0708e+03	2.4e+00	4.2109e+05	1.8e+04
4.0745e+03	2.4e+00	3.7319e+05	1.6e+04
4.0781e+03	2.4e+00	3.0900e+05	1.3e+04
4.0818e+03	2.4e+00	2.4100e+05	1.0e+04
4.0855e+03	2.4e+00	2.0286e+05	7.4e+03
4.0891e+03	2.4e+00	2.1181e+05	6.5e+03
4.0928e+03	2.4e+00	2.6661e+05	1.0e+04
4.0965e+03	2.4e+00	3.3366e+05	1.3e+04
4.1001e+03	2.4e+00	3.8233e+05	1.6e+04
4.1038e+03	2.4e+00	4.1798e+05	1.5e+04
4.1075e+03	2.4e+00	4.4532e+05	1.7e+04
4.1111e+03	2.4e+00	4.5194e+05	1.8e+04
4.1148e+03	2.4e+00	4.5889e+05	1.7e+04
4.1184e+03	2.4e+00	4.6453e+05	1.7e+04
4.1221e+03	2.4e+00	4.7116e+05	1.8e+04
4.1258e+03	2.4e+00	4.7988e+05	1.9e+04
4.1294e+03	2.4e+00	4.8343e+05	1.8e+04
4.1331e+03	2.4e+00	4.8397e+05	1.9e+04
4.1367e+03	2.4e+00	4.8888e+05	1.8e+04
4.1404e+03	2.4e+00	4.8404e+05	1.9e+04
4.1441e+03	2.4e+00	4.8547e+05	2.0e+04
4.1477e+03	2.4e+00	4.8346e+05	1.8e+04
4.1514e+03	2.4e+00	4.8589e+05	1.8e+04
4.1550e+03	2.4e+00	4.7810e+05	1.7e+04
4.1587e+03	2.4e+00	4.7443e+05	1.8e+04
4.1623e+03	2.4e+00	4.7059e+05	1.8e+04
4.1660e+03	2.4e+00	4.6998e+05	1.6e+04
4.1697e+03	2.4e+00	4.7505e+05	1.8e+04
4.1733e+03	2.4e+00	4.7481e+05	1.8e+04
4.1770e+03	2.4e+00	4.7238e+05	1.8e+04
4.1806e+03	2.4e+00	4.6963e+05	1.6e+04
4.1843e+03	2.4e+00	4.6995e+05	1.6e+04
4.1879e+03	2.4e+00	4.6886e+05	1.6e+04
4.1916e+03	2.4e+00	4.7169e+05	1.9e+04
4.1952e+03	2.4e+00	4.6932e+05	1.9e+04
4.1989e+03	2.4e+00	4.7158e+05	1.9e+04
4.2025e+03	2.4e+00	4.6504e+05	1.8e+04
4.2062e+03	2.4e+00	4.6203e+05	1.7e+04
4.2098e+03	2.4e+00	4.6060e+05	1.8e+04
4.2135e+03	2.4e+00	4.5878e+05	1.6e+04
4.2171e+03	2.4e+00	4.5531e+05	1.8e+04
4.2208e+03	2.4e+00	4.5346e+05	1.9e+04
4.2244e+03	2.4e+00	4.5145e+05	1.9e+04
4.2281e+03	2.4e+00	4.4656e+05	1.7e+04
4.2317e+03	2.4e+00	4.4785e+05	1.9e+04
4.2354e+03	2.4e+00	4.4604e+05	1.9e+04
4.2390e+03	2.4e+00	4.4260e+05	1.8e+04
4.2427e+03	2.4e+00	4.4314e+05	1.7e+04
4.2463e+03	2.4e+00	4.4519e+05	1.7e+04
4.2500e+03	2.4e+00	4.4120e+05	1.8e+04
4.2536e+03	2.4e+00	4.4404e+05	1.7e+04
4.2572e+03	2.4e+00	4.3454e+05	1.6e+04
4.2609e+03	2.4e+00	4.3382e+05	1.6e+04
4.2645e+03	2.4e+00	4.3250e+05	1.7e+04
4.2682e+03	2.4e+00	4.3469e+05	1.6e+04
4.2718e+03	2.4e+00	4.3231e+05	1.7e+04
4.2755e+03	2.4e+00	4.2761e+05	1.6e+04
4.2791e+03	2.4e+00	4.2262e+05	1.6e+04
4.2827e+03	2.4e+00	4.1951e+05	1.6e+04
4.2864e+03	2.4e+00	4.1504e+05	1.4e+04
4.2900e+03	2.4e+00	4.0983e+05	1.6e+04
4.2937e+03	2.4e+00	4.0664e+05	1.6e+04
4.2973e+03	2.4e+00	4.0002e+05	1.6e+04
4.3010e+03	2.4e+00	3.9590e+05	1.4e+04
4.3046e+03	2.4e+00	3.8307e+05	1.3e+04
4.3082e+03	2.4e+00	3.7694e+05	1.3e+04
4.3119e+03	2.4e+00	3.6442e+05	1.3e+04
4.3155e+03	2.4e+00	3.4270e+05	1.2e+04
4.3191e+03	2.4e+00	3.1609e+05	1.1e+04
4.3228e+03	2.4e+00	2.7754e+05	1.0e+04
4.3264e+03	2.4e+00	2.3080e+05	8.7e+03
4.3301e+03	2.4e+00	1.8451e+05	6.3e+03
4.3337e+03	2.4e+00	1.6380e+05	5.1e+03
4.3373e+03	2.4e+00	1.8350e+05	6.8e+03
4.3410e+03	2.4e+00	2.3005e+05	7.8e+03
4.3446e+03	2.4e+00	2.7356e+05	1.1e+04
4.3482e+03	2.4e+00	3.0634e+05	1.1e+04
4.3519e+03	2.4e+00	3.3183e+05	1.2e+04
4.3555e+03	2.4e+00	3.5040e+05	1.2e+04
4.3591e+03	2.4e+00	3.6543e+05	1.3e+04
4.3628e+03	2.4e+00	3.6952e+05	1.4e+04
4.3664e+03	2.4e+00	3.7381e+05	1.4e+04
4.3700e+03	2.4e+00	3.7882e+05	1.5e+04
4.3737e+03	2.4e+00	3.7911e+05	1.5e+04
4.3773e+03	2.4e+00	3.7673e+05	1.4e+04
4.3809e+03	2.4e+00	3.7369e+05	1.4e+04
4.3845e+03	2.4e+00	3.7437e+05	1.4e+04
4.3882e+03	2.4e+00	3.7562e+05	1.5e+04
4.3918e+03	2.4e+00	3.7592e+05	1.5e+04
4.3954e+03	2.4e+00	3.7264e+05	1.5e+04
4.3991e+03	2.4e+00	3.6943e+05	1.3e+04
4.4027e+03	2.4e+00	3.7116e+05	1.3e+04
4.4063e+03	2.4e+00	3.6928e+05	1.3e+04
4.4099e+03	2.4e+00	3.6836e+05	1.4e+04
4.4136e+03	2.4e+00	3.6626e+05	1.4e+04
4.4172e+03	2.4e+00	3.6269e+05	1.3e+04
4.4208e+03	2.4e+00	3.6131e+05	1.4e+04
4.4244e+03	2.4e+00	3.6157e+05	1.4e+04
4.4281e+03	2.4e+00	3.5986e+05	1.4e+04
4.4317e+03	2.4e+00	3.5911e+05	1.4e+04
4.4353e+03	2.4e+00	3.5628e+05	1.3e+04
4.4389e+03	2.4e+00	3.5413e+05	1.3e+04
4.4426e+03	2.4e+00	3.5131e+05	1.2e+04
4.4462e+03	2.4e+00	3.5305e+05	1.2e+04
4.4498e+03	2.4e+00	3.5077e+05	1.2e+04
4.4534e+03	2.4e+00	3.4807e+05	1.2e+04
4.4570e+03	2.4e+00	3.4557e+05	1.2e+04
4.4607e+03	2.4e+00	3.4438e+05	1.3e+04
4.4643e+03	2.4e+00	3.3920e+05	1.2e+04
4.4679e+03	2.4e+00	3.3783e+05	1.2e+04
4.4715e+03	2.4e+00	3.3319e+05	1.1e+04
4.4751e+03	2.4e+00	3.2738e+05	1.1e+04
4.4788e+03	2.4e+00	3.2744e+05	1.1e+04
4.4824e+03	2.4e+00	3.2830e+05	1.1e+04
4.4860e+03	2.4e+00	3.3252e+05	1.1e+04
4.4896e+03	2.4e+00	3.2995e+05	1.1e+04
4.4932e+03	2.4e+00	3.2858e+05	1.1e+04
4.4968e+03	2.4e+00	3.2578e+05	1.1e+04
4.5005e+03	2.4e+00	3.2303e+05	1.1e+04
4.5041e+03	2.4e+00	3.2184e+05	1.1e+04
4.5077e+03	2.4e+00	3.2011e+05	1.1e+04
4.5113e+03	2.4e+00	3.1604e+05	1.0e+04
4.5149e+03	2.4e+00	3.1531e+05	1.1e+04
4.5185e+03	2.4e+00	3.1542e+05	1.1e+04
4.5221e+03	2.4e+00	3.1466e+05	1.1e+04
4.5258e+03	2.4e+00	3.1417e+05	1.0e+04
4.5294e+03	2.4e+00	3.1307e+05	1.1e+04
4.5330e+03	2.4e+00	3.0815e+05	1.1e+04
4.5366e+03	2.4e+00	3.0878e+05	9.9e+03
4.5402e+03	2.4e+00	3.0745e+05	1.0e+04
4.5438e+03	2.4e+00	3.0412e+05	1.1e+04
4.5474e+03	2.4e+00	2.9998e+05	9.8e+03
4.5510e+03	2.4e+00	2.9740e+05	1.0e+04
4.5546e+03	2.4e+00	2.9867e+05	1.0e+04
4.5582e+03	2.4e+00	2.9789e+05	1.0e+04
4.5619e+03	2.4e+00	2.9539e+05	9.8e+03
4.5655e+03	2.4e+00	2.9259e+05	1.1e+04
4.5691e+03	2.4e+00	2.9072e+05	1.0e+04
4.5727e+03	2.4e+00	2.8857e+05	9.8e+03
4.5763e+03	2.4e+00	2.8667e+05	9.6e+03
4.5799e+03	2.4e+00	2.8734e+05	9.3e+03
4.5835e+03	2.4e+00	2.8377e+05	9.7e+03
4.5871e+03	2.4e+00	2.8194e+05	9.5e+03
4.5907e+03	2.4e+00	2.8117e+05	9.8e+03
4.5943e+03	2.4e+00	2.8022e+05	9.6e+03
4.5979e+03	2.4e+00	2.8029e+05	9.7e+03
4.6015e+03	2.4e+00	2.7761e+05	9.6e+03
4.6051e+03	2.4e+00	2.7608e+05	9.5e+03
4.6087e+03	2.4e+00	2.7449e+05	9.5e+03
4.6123e+03	2.4e+00	2.7267e+05	9.3e+03
4.6159e+03	2.4e+00	2.7014e+05	9.4e+03
4.6195e+03	2.4e+00	2.6736e+05	9.0e+03
4.6231e+03	2.4e+00	2.6705e+05	8.8e+03
4.6267e+03	2.4e+00	2.6573e+05	8.6e+03
4.6303e+03	2.4e+00	2.6380e+05	9.4e+03
4.6339e+03	2.4e+00	2.6325e+05	9.0e+03
4.6375e+03	2.4e+00	2.6159e+05	8.0e+03
4.6411e+03	2.4e+00	2.5923e+05	8.8e+03
4.6447e+03	2.4e+00	2.5757e+05	8.5e+03
4.6483e+03	2.4e+00	2.5593e+05	8.2e+03
4.6519e+03	2.4e+00	2.5739e+05	8.9e+03
4.6555e+03	2.4e+00	2.5538e+05	8.9e+03
4.6591e+03	2.4e+00	2.5408e+05	8.2e+03
4.6627e+03	2.4e+00	2.5111e+05	7.0e+03
4.6663e+03	2.4e+00	2.5118e+05	7.5e+03
4.6699e+03	2.4e+00	2.4985e+05	8.1e+03
4.6735e+03	2.4e+00	2.4817e+05	7.4e+03
4.6771e+03	2.4e+00	2.4793e+05	8.0e+03
4.6807e+03	2.4e+00	2.4524e+05	8.6e+03
4.6843e+03	2.4e+00	2.4446e+05	7.4e+03
4.6879e+03	2.4e+00	2.4469e+05	7.4e+03
4.6915e+03	2.4e+00	2.4275e+05	7.1e+03
4.6950e+03	2.4e+00	2.4231e+05	7.1e+03
4.6986e+03	2.4e+00	2.3940e+05	6.9e+03
4.7022e+03	2.4e+00	2.3684e+05	6.6e+03
4.7058e+03	2.4e+00	2.3487e+05	7.4e+03
4.7094e+03	2.4e+00	2.3426e+05	7.1e+03
4.7130e+03	2.4e+00	2.3241e+05	7.0e+03
4.7166e+03	2.4e+00	2.3065e+05	6.9e+03
4.7202e+03	2.4e+00	2.2915e+05	7.5e+03
4.7238e+03	2.4e+00	2.2899e+05	7.1e+03
4.7274e+03	2.4e+00	2.2678e+05	6.9e+03
4.7309e+03	2.4e+00	2.2509e+05	6.5e+03
4.7345e+03	2.4e+00	2.2322e+05	6.1e+03
4.7381e+03	2.4e+00	2.2143e+05	6.3e+03
4.7417e+03	2.4e+00	2.2192e+05	7.0e+03
4.7453e+03	2.4e+00	2.1986e+05	7.3e+03
4.7489e+03	2.4e+00	2.1804e+05	6.9e+03
4.7525e+03	2.4e+00	2.1611e+05	6.7e+03
4.7560e+03	2.4e+00	2.1404e+05	6.5e+03
4.7596e+03	2.4e+00	2.1104e+05	5.8e+03
4.7632e+03	2.4e+00	2.1083e+05	6.4e+03
4.7668e+03	2.4e+00	2.0835e+05	6.4e+03
4.7704e+03	2.4e+00	2.0703e+05	5.7e+03
4.7740e+03	2.4e+00	2.0657e+05	6.2e+03
4.7775e+03	2.4e+00	2.0588e+05	6.7e+03
4.7811e+03	2.4e+00	2.0416e+05	6.5e+03
4.7847e+03	2.4e+00	2.0320e+05	6.2e+03
4.7883e+03	2.4e+00	2.0136e+05	6.0e+03
4.7919e+03	2.4e+00	2.0006e+05	5.4e+03
4.7954e+03	2.4e+00	1.9919e+05	5.6e+03
4.7990e+03	2.4e+00	1.9793e+05	5.7e+03
4.8026e+03	2.4e+00	1.9592e+05	5.9e+03
4.8062e+03	2.4e+00	1.9421e+05	5.6e+03
4.8098e+03	2.4e+00	1.9216e+05	5.2e+03
4.8133e+03	2.4e+00	1.8985e+05	5.2e+03
4.8169e+03	2.4e+00	1.8919e+05	5.1e+03
4.8205e+03	2.4e+00	1.8799e+05	5.2e+03
4.8241e+03	2.4e+00	1.8601e+05	5.2e+03
4.8276e+03	2.4e+00	1.8291e+05	5.5e+03
4.8312e+03	2.4e+00	1.8028e+05	5.8e+03
4.8348e+03	2.4e+00	1.7635e+05	4.8e+03
4.8384e+03	2.4e+00	1.7078e+05	3.9e+03
4.8419e+03	2.4e+00	1.6362e+05	4.2e+03
4.8455e+03	2.4e+00	1.5582e+05	3.8e+03
4.8491e+03	2.4e+00	1.4588e+05	3.7e+03
4.8527e+03	2.4e+00	1.3102e+05	3.6e+03
4.8562e+03	2.4e+00	1.1224e+05	3.7e+03
4.8598e+03	2.4e+00	9.2902e+04	2.5e+03
4.8634e+03	2.4e+00	8.4268e+04	2.0e+03
4.8669e+03	2.4e+00	8.8391e+04	2.3e+03
4.8705e+03	2.4e+00	1.0591e+05	2.8e+03
4.8741e+03	2.4e+00	1.2350e+05	3.2e+03
4.8777e+03	2.4e+00	1.3740e+05	4.1e+03
4.8812e+03	2.4e+00	1.4668e+05	4.0e+03
4.8848e+03	2.4e+00	1.5461e+05	4.2e+03
4.8884e+03	2.4e+00	1.5980e+05	4.5e+03
4.8919e+03	2.4e+00	1.6326e+05	4.4e+03
4.8955e+03	2.4e+00	1.6514e+05	4.1e+03
4.8991e+03	2.4e+00	1.6722e+05	4.7e+03
4.9026e+03	2.4e+00	1.6770e+05	4.6e+03
4.9062e+03	2.4e+00	1.6679e+05	4.2e+03
4.9098e+03	2.4e+00	1.6617e+05	4.2e+03
4.9133e+03	2.4e+00	1.6543e+05	4.0e+03
4.9169e+03	2.4e+00	1.6516e+05	4.3e+03
4.9205e+03	2.4e+00	1.6423e+05	4.3e+03
4.9240e+03	2.4e+00	1.6346e+05	4.3e+03
4.9276e+03	2.4e+00	1.6102e+05	4.6e+03
4.9312e+03	2.4e+00	1.6221e+05	4.3e+03
4.9347e+03	2.4e+00	1.6275e+05	4.1e+03
4.9383e+03	2.4e+00	1.6225e+05	4.1e+03
4.9418e+03	2.4e+00	1.6159e+05	4.0e+03
4.9454e+03	2.4e+00	1.6071e+05	4.3e+03
4.9490e+03	2.4e+00	1.6071e+05	4.5e+03
4.9525e+03	2.4e+00	1.6003e+05	4.4e+03
4.9561e+03	2.4e+00	1.6011e+05	4.0e+03
4.9596e+03	2.4e+00	1.5979e+05	4.0e+03
4.9632e+03	2.4e+00	1.5907e+05	4.3e+03
4.9668e+03	2.4e+00	1.5789e+05	4.0e+03
4.9703e+03	2.4e+00	1.5824e+05	4.1e+03
4.9739e+03	2.4e+00	1.5660e+05	4.1e+03
4.9774e+03	2.4e+00	1.5639e+05	3.8e+03
4.9810e+03	2.4e+00	1.5667e+05	3.7e+03
4.9845e+03	2.4e+00	1.5614e+05	3.7e+03
4.9881e+03	2.4e+00	1.5519e+05	4.0e+03
4.9917e+03	2.4e+00	1.5349e+05	3.9e+03
4.9952e+03	2.4e+00	1.5227e+05	3.7e+03
4.9988e+03	2.4e+00	1.5225e+05	4.0e+03
5.0023e+03	2.4e+00	1.5154e+05	3.5e+03
5.0059e+03	2.4e+00	1.5058e+05	3.5e+03
5.0094e+03	2.4e+00	1.4986e+05	3.4e+03
5.0130e+03	2.4e+00	1.4864e+05	3.7e+03
5.0165e+03	2.4e+00	1.4738e+05	3.9e+03
5.0201e+03	2.4e+00	1.4579e+05	3.7e+03
5.0236e+03	2.4e+00	1.4448e+05	3.7e+03
5.0272e+03	2.4e+00	1.4464e+05	3.6e+03
5.0307e+03	2.4e+00	1.4391e+05	3.3e+03
5.0343e+03	2.4e+00	1.4361e+05	3.2e+03
5.0378e+03	2.4e+00	1.4317e+05	3.3e+03
5.0414e+03	2.4e+00	1.4159e+05	3.8e+03
5.0449e+03	2.4e+00	1.4106e+05	3.8e+03
5.0485e+03	2.4e+00	1.3947e+05	3.5e+03
5.0520e+03	2.4e+00	1.3989e+05	3.2e+03
5.0556e+03	2.4e+00	1.3923e+05	3.4e+03
5.0591e+03	2.4e+00	1.3810e+05	3.7e+03
5.0627e+03	2.4e+00	1.3680e+05	3.7e+03
5.0662e+03	2.4e+00	1.3806e+05	3.9e+03
5.0698e+03	2.4e+00	1.3786e+05	3.3e+03
5.0733e+03	2.4e+00	1.3570e+05	3.0e+03
5.0769e+03	2.4e+00	1.3473e+05	3.0e+03
5.0804e+03	2.4e+00	1.3552e+05	3.5e+03
5.0840e+03	2.4e+00	1.3471e+05	3.5e+03
5.0875e+03	2.4e+00	1.3397e+05	3.5e+03
5.0910e+03	2.4e+00	1.3369e+05	3.4e+03
5.0946e+03	2.4e+00	1.3291e+05	3.5e+03
5.0981e+03	2.4e+00	1.3179e+05	3.3e+03
5.1017e+03	2.4e+00	1.3101e+05	3.1e+03
5.1052e+03	2.4e+00	1.3031e+05	3.1e+03
5.1088e+03	2.4e+00	1.3011e+05	3.3e+03
5.1123e+03	2.4e+00	1.3045e+05	3.0e+03
5.1158e+03	2.4e+00	1.2979e+05	3.1e+03
5.1194e+03	2.4e+00	1.2931e+05	3.1e+03
5.1229e+03	2.4e+00	1.2817e+05	3.1e+03
5.1265e+03	2.4e+00	1.2761e+05	3.0e+03
5.1300e+03	2.4e+00	1.2704e+05	3.0e+03
5.1335e+03	2.4e+00	1.2620e+05	3.3e+03
5.1371e+03	2.4e+00	1.2591e+05	3.2e+03
5.1406e+03	2.4e+00	1.2501e+05	3.0e+03
5.1441e+03	2.4e+00	1.2310e+05	2.8e+03
5.1477e+03	2.4e+00	1.2289e+05	2.8e+03
5.1512e+03	2.4e+00	1.2201e+05	3.2e+03
5.1548e+03	2.4e+00	1.2155e+05	2.9e+03
5.1583e+03	2.4e+00	1.2117e+05	2.4e+03
5.1618e+03	2.4e+00	1.2060e+05	2.6e+03
5.1654e+03	2.4e+00	1.1985e+05	2.5e+03
5.1689e+03	2.4e+00	1.1837e+05	2.6e+03
5.1724e+03	2.4e+00	1.1576e+05	2.3e+03
5.1760e+03	2.4e+00	1.1469e+05	2.4e+03
5.1795e+03	2.4e+00	1.1539e+05	2.7e+03
5.1830e+03	2.4e+00	1.1520e+05	3.0e+03
5.1866e+03	2.4e+00	1.1487e+05	2.5e+03
5.1901e+03	2.4e+00	1.1426e+05	2.4e+03
5.1936e+03	2.4e+00	1.1403e+05	2.5e+03
5.1971e+03	2.4e+00	1.1394e+05	2.4e+03
5.2007e+03	2.4e+00	1.1382e+05	2.6e+03
5.2042e+03	2.4e+00	1.1389e+05	2.4e+03
5.2077e+03	2.4e+00	1.1392e+05	2.5e+03
5.2113e+03	2.4e+00	1.1268e+05	2.4e+03
5.2148e+03	2.4e+00	1.1179e+05	2.4e+03
5.2183e+03	2.4e+00	1.1100e+05	2.5e+03
5.2219e+03	2.4e+00	1.1052e+05	2.8e+03
5.2254e+03	2.4e+00	1.0982e+05	2.7e+03
5.2289e+03	2.4e+00	1.0917e+05	2.6e+03
5.2324e+03	2.4e+00	1.0805e+05	2.7e+03
5.2360e+03	2.4e+00	1.0769e+05	2.4e+03
5.2395e+03	2.4e+00	1.0690e+05	2.5e+03
5.2430e+03	2.4e+00	1.0666e+05	2.6e+03
5.2465e+03	2.4e+00	1.0612e+05	2.6e+03
5.2501e+03	2.4e+00	1.0561e+05	2.4e+03
5.2536e+03	2.4e+00	1.0526e+05	2.4e+03
5.2571e+03	2.4e+00	1.0511e+05	2.3e+03
5.2606e+03	2.4e+00	1.0430e+05	2.5e+03
5.2641e+03	2.4e+00	1.0365e+05	2.6e+03
5.2677e+03	2.4e+00	1.0321e+05	2.7e+03
5.2712e+03	2.4e+00	1.0246e+05	2.4e+03
5.2747e+03	2.4e+00	1.0104e+05	2.2e+03
5.2782e+03	2.4e+00	1.0064e+05	2.2e+03
5.2817e+03	2.4e+00	1.0003e+05	2.5e+03
5.2853e+03	2.4e+00	9.9714e+04	2.4e+03
5.2888e+03	2.4e+00	9.9526e+04	2.5e+03
5.2923e+03	2.4e+00	9.9110e+04	2.6e+03
5.2958e+03	2.4e+00	9.8156e+04	2.4e+03
5.2993e+03	2.4e+00	9.7875e+04	2.3e+03
5.3029e+03	2.4e+00	9.7551e+04	2.1e+03
5.3064e+03	2.4e+00	9.6760e+04	2.1e+03
5.3099e+03	2.4e+00	9.5930e+04	2.2e+03
5.3134e+03	2.4e+00	9.5528e+04	2.0e+03
5.3169e+03	2.4e+00	9.5338e+04	2.3e+03
5.3204e+03	2.4e+00	9.4266e+04	2.3e+03
5.3240e+03	2.4e+00	9.4077e+04	1.9e+03
5.3275e+03	2.4e+00	9.3893e+04	2.0e+03
5.3310e+03	2.4e+00	9.3604e+04	2.3e+03
5.3345e+03	2.4e+00	9.3403e+04	1.9e+03
5.3380e+03	2.4e+00	9.2865e+04	2.0e+03
5.3415e+03	2.4e+00	9.2722e+04	1.9e+03
5.3450e+03	2.4e+00	9.2335e+04	1.7e+03
5.3485e+03	2.4e+00	9.2449e+04	1.6e+03
5.3521e+03	2.4e+00	9.2284e+04	1.8e+03
5.3556e+03	2.4e+00	9.2083e+04	1.9e+03
5.3591e+03	2.4e+00	9.1571e+04	1.9e+03
5.3626e+03	2.4e+00	9.0555e+04	2.0e+03
5.3661e+03	2.4e+00	9.0505e+04	1.6e+03
5.3696e+03	2.4e+00	8.9955e+04	1.6e+03
5.3731e+03	2.4e+00	8.8988e+04	1.8e+03
5.3766e+03	2.4e+00	8.8579e+04	1.8e+03
5.3801e+03	2.4e+00	8.8931e+04	2.1e+03
5.3836e+03	2.4e+00	8.8628e+04	1.9e+03
5.3871e+03	2.4e+00	8.7787e+04	1.8e+03
5.3907e+03	2.4e+00	8.7803e+04	2.2e+03
5.3942e+03	2.4e+00	8.8354e+04	2.0e+03
5.3977e+03	2.4e+00	8.6520e+04	1.7e+03
5.4012e+03	2.4e+00	8.5548e+04	1.9e+03
5.4047e+03	2.4e+00	8.5704e+04	2.0e+03
5.4082e+03	2.4e+00	8.4893e+04	2.0e+03
5.4117e+03	2.4e+00	8.5105e+04	2.1e+03
5.4152e+03	2.4e+00	8.3749e+04	2.0e+03
5.4187e+03	2.4e+00	8.2946e+04	2.1e+03
5.4222e+03	2.4e+00	8.3666e+04	2.0e+03
5.4257e+03	2.4e+00	8.3082e+04	1.8e+03
5.4292e+03	2.4e+00	8.1963e+04	1.9e+03
5.4327e+03	2.4e+00	8.2079e+04	2.0e+03
5.4362e+03	2.4e+00	8.2223e+04	2.0e+03
5.4397e+03	2.4e+00	8.1161e+04	1.8e+03
5.4432e+03	2.4e+00	8.1325e+04	1.7e+03
5.4467e+03	2.4e+00	8.0749e+04	1.7e+03
5.4502e+03	2.4e+00	8.0228e+04	1.6e+03
5.4537e+03	2.4e+00	8.0473e+04	1.6e+03
5.4572e+03	2.4e+00	7.9994e+04	1.7e+03
5.4607e+03	2.4e+00	7.9275e+04	1.6e+03
5.4642e+03	2.4e+00	7.9179e+04	1.7e+03
5.4677e+03	2.4e+00	7.9124e+04	1.7e+03
5.4712e+03	2.4e+00	7.8450e+04	1.7e+03
5.4747e+03	2.4e+00	7.8209e+04	1.7e+03
5.4782e+03	2.4e+00	7.7486e+04	1.6e+03
5.4817e+03	2.4e+00	7.6719e+04	1.7e+03
5.4852e+03	2.4e+00	7.6632e+04	1.7e+03
5.4887e+03	2.4e+00	7.6382e+04	1.6e+03
5.4922e+03	2.4e+00	7.6562e+04	1.7e+03
5.4956e+03	2.4e+00	7.6217e+04	1.8e+03
5.4991e+03	2.4e+00	7.6107e+04	1.6e+03
5.5026e+03	2.4e+00	7.5641e+04	1.3e+03
5.5061e+03	2.4e+00	7.4879e+04	1.2e+03
5.5096e+03	2.4e+00	7.5118e+04	1.5e+03
5.5131e+03	2.4e+00	7.4475e+04	1.4e+03
5.5166e+03	2.4e+00	7.4783e+04	1.4e+03
5.5201e+03	2.4e+00	7.4488e+04	1.5e+03
5.5236e+03	2.4e+00	7.4136e+04	1.6e+03
5.5271e+03	2.4e+00	7.4068e+04	1.5e+03
5.5306e+03	2.4e+00	7.3577e+04	1.8e+03
5.5340e+03	2.4e+00	7.2774e+04	1.6e+03
5.5375e+03	2.4e+00	7.2339e+04	1.7e+03
5.5410e+03	2.4e+00	7.2370e+04	1.5e+03
5.5445e+03	2.4e+00	7.1943e+04	1.5e+03
5.5480e+03	2.4e+00	7.1683e+04	1.3e+03
5.5515e+03	2.4e+00	7.1149e+04	1.2e+03
5.5550e+03	2.4e+00	7.1132e+04	1.5e+03
5.5585e+03	2.4e+00	7.1392e+04	1.6e+03
5.5619e+03	2.4e+00	7.0130e+04	1.6e+03
5.5654e+03	2.4e+00	6.9845e+04	1.5e+03
5.5689e+03	2.4e+00	6.9574e+04	1.5e+03
5.5724e+03	2.4e+00	6.8868e+04	1.4e+03
5.5759e+03	2.4e+00	6.8927e+04	1.4e+03
5.5794e+03	2.4e+00	6.8836e+04	1.6e+03
5.5828e+03	2.4e+00	6.8825e+04	1.6e+03
5.5863e+03	2.4e+00	6.8546e+04	1.6e+03
5.5898e+03	2.4e+00	6.7643e+04	1.5e+03
5.5933e+03	2.4e+00	6.7564e+04	1.6e+03
5.5968e+03	2.4e+00	6.7088e+04	1.6e+03
5.6002e+03	2.4e+00	6.6712e+04	1.5e+03
5.6037e+03	2.4e+00	6.6515e+04	1.4e+03
5.6072e+03	2.4e+00	6.6339e+04	1.6e+03
5.6107e+03	2.4e+00	6.5910e+04	1.5e+03
5.6142e+03	2.4e+00	6.5739e+04	1.4e+03
5.6176e+03	2.4e+00	6.5316e+04	1.5e+03
5.6211e+03	2.4e+00	6.5127e+04	1.5e+03
5.6246e+03	2.4e+00	6.4953e+04	1.6e+03
5.6281e+03	2.4e+00	6.4739e+04	1.5e+03
5.6315e+03	2.4e+00	6.4684e+04	1.4e+03
5.6350e+03	2.4e+00	6.4783e+04	1.3e+03
5.6385e+03	2.4e+00	6.4589e+04	1.5e+03
5.6420e+03	2.4e+00	6.4714e+04	1.3e+03
5.6454e+03	2.4e+00	6.4387e+04	1.4e+03
5.6489e+03	2.4e+00	6.3655e+04	1.4e+03
5.6524e+03	2.4e+00	6.2956e+04	1.3e+03
5.6559e+03	2.4e+00	6.3131e+04	1.3e+03
5.6593e+03	2.4e+00	6.2572e+04	1.4e+03
5.6628e+03	2.4e+00	6.2263e+04	1.5e+03
5.6663e+03	2.4e+00	6.2564e+04	1.4e+03
5.6698e+03	2.4e+00	6.2638e+04	1.4e+03
5.6732e+03	2.4e+00	6.2597e+04	1.1e+03
5.6767e+03	2.4e+00	6.2482e+04	1.3e+03
5.6802e+03	2.4e+00	6.2415e+04	1.1e+03
5.6836e+03	2.4e+00	6.1978e+04	1.2e+03
5.6871e+03	2.4e+00	6.1252e+04	1.2e+03
5.6906e+03	2.4e+00	6.0739e+04	1.2e+03
5.6940e+03	2.4e+00	6.0317e+04	1.2e+03
5.6975e+03	2.4e+00	6.0052e+04	1.3e+03
5.7010e+03	2.4e+00	5.9547e+04	1.3e+03
5.7045e+03	2.4e+00	5.9488e+04	1.2e+03
5.7079e+03	2.4e+00	5.9354e+04	1.3e+03
5.7114e+03	2.4e+00	5.9417e+04	1.4e+03
5.7149e+03	2.4e+00	5.9102e+04	1.2e+03
5.7183e+03	2.4e+00	5.8542e+04	1.2e+03
5.7218e+03	2.4e+00	5.8578e+04	1.3e+03
5.7252e+03	2.4e+00	5.8581e+04	1.3e+03
5.7287e+03	2.4e+00	5.8020e+04	1.3e+03
5.7322e+03	2.4e+00	5.7630e+04	1.2e+03
5.7356e+03	2.4e+00	5.7729e+04	1.3e+03
5.7391e+03	2.4e+00	5.7627e+04	1.3e+03
5.7426e+03	2.4e+00	5.7117e+04	1.4e+03
5.7460e+03	2.4e+00	5.7027e+04	1.4e+03
5.7495e+03	2.4e+00	5.6619e+04	1.3e+03
5.7529e+03	2.4e+00	5.6107e+04	1.3e+03
5.7564e+03	2.4e+00	5.5827e+04	1.3e+03
5.7599e+03	2.4e+00	5.5779e+04	1.2e+03
5.7633e+03	2.4e+00	5.5795e+04	1.2e+03
5.7668e+03	2.4e+00	5.5545e+04	1.3e+03
5.7702e+03	2.4e+00	5.5334e+04	1.3e+03
5.7737e+03	2.4e+00	5.5139e+04	1.3e+03
5.7772e+03	2.4e+00	5.4818e+04	1.4e+03
5.7806e+03	2.4e+00	5.4789e+04	1.5e+03
5.7841e+03	2.4e+00	5.4478e+04	1.4e+03
5.7875e+03	2.4e+00	5.4547e+04	1.3e+03
5.7910e+03	2.4e+00	5.4865e+04	1.3e+03
5.7944e+03	2.4e+00	5.4321e+04	1.2e+03
5.7979e+03	2.4e+00	5.4258e+04	1.3e+03
5.8014e+03	2.4e+00	5.4022e+04	1.4e+03
5.8048e+03	2.4e+00	5.4121e+04	1.2e+03
5.8083e+03	2.4e+00	5.3742e+04	1.2e+03
5.8117e+03	2.4e+00	5.3522e+04	1.3e+03
5.8152e+03	2.4e+00	5.3604e+04	1.3e+03
5.8186e+03	2.4e+00	5.3767e+04	1.3e+03
5.8221e+03	2.4e+00	5.3937e+04	1.2e+03
5.8255e+03	2.4e+00	5.4080e+04	1.2e+03
5.8290e+03	2.4e+00	5.3748e+04	1.2e+03
5.8324e+03	2.4e+00	5.3431e+04	1.1e+03
5.8359e+03	2.4e+00	5.3140e+04	1.1e+03
5.8393e+03	2.4e+00	5.3281e+04	1.1e+03
5.8428e+03	2.4e+00	5.3319e+04	1.0e+03
5.8462e+03	2.4e+00	5.3417e+04	1.0e+03
5.8497e+03	2.4e+00	5.3242e+04	1.2e+03
5.8531e+03	2.4e+00	5.2866e+04	1.4e+03
5.8566e+03	2.4e+00	5.2774e+04	1.3e+03
5.8600e+03	2.4e+00	5.2333e+04	1.1e+03
5.8635e+03	2.4e+00	5.2135e+04	1.1e+03
5.8669e+03	2.4e+00	5.1879e+04	1.3e+03
5.8704e+03	2.4e+00	5.1517e+04	1.2e+03
5.8738e+03	2.4e+00	5.1466e+04	1.2e+03
5.8773e+03	2.4e+00	5.1420e+04	1.1e+03
5.8807e+03	2.4e+00	5.1264e+04	1.2e+03
5.8841e+03	2.4e+00	5.0962e+04	1.3e+03
5.8876e+03	2.4e+00	5.0183e+04	1.2e+03
5.8910e+03	2.4e+00	4.9332e+04	1.1e+03
5.8945e+03	2.4e+00	4.9164e+04	1.1e+03
5.8979e+03	2.4e+00	4.9214e+04	1.2e+03
5.9014e+03	2.4e+00	4.9034e+04	1.2e+03
5.9048e+03	2.4e+00	4.9129e+04	1.1e+03
5.9082e+03	2.4e+00	4.9493e+04	1.3e+03
5.9117e+03	2.4e+00	4.9385e+04	1.2e+03
5.9151e+03	2.4e+00	4.9358e+04	1.2e+03
5.9186e+03	2.4e+00	4.8928e+04	1.2e+03
5.9220e+03	2.4e+00	4.8441e+04	1.2e+03
5.9254e+03	2.4e+00	4.8498e+04	1.2e+03
5.9289e+03	2.4e+00	4.8824e+04	1.3e+03
5.9323e+03	2.4e+00	4.9081e+04	1.4e+03
5.9358e+03	2.4e+00	4.8865e+04	1.3e+03
5.9392e+03	2.4e+00	4.8687e+04	1.1e+03
5.9426e+03	2.4e+00	4.8376e+04	1.3e+03
5.9461e+03	2.4e+00	4.8025e+04	1.3e+03
5.9495e+03	2.4e+00	4.7824e+04	1.2e+03
5.9529e+03	2.4e+00	4.7531e+04	1.3e+03
5.9564e+03	2.4e+00	4.7257e+04	1.1e+03
5.9598e+03	2.4e+00	4.7386e+04	9.5e+02
5.9633e+03	2.4e+00	4.7581e+04	1.1e+03
5.9667e+03	2.4e+00	4.7302e+04	1.3e+03
5.9701e+03	2.4e+00	4.7098e+04	1.2e+03
5.9736e+03	2.4e+00	4.7018e+04	1.1e+03
5.9770e+03	2.4e+00	4.6852e+04	1.2e+03
5.9804e+03	2.4e+00	4.6769e+04	1.1e+03
5.9838e+03	2.4e+00	4.6831e+04	1.2e+03
5.9873e+03	2.4e+00	4.7009e+04	1.2e+03
5.9907e+03	2.4e+00	4.6618e+04	1.1e+03
5.9941e+03	2.4e+00	4.6697e+04	1.0e+03
5.9976e+03	2.4e+00	4.6644e+04	1.2e+03
6.0010e+03	2.4e+00	4.6327e+04	1.1e+03
6.0044e+03	2.4e+00	4.6486e+04	1.0e+03
6.0079e+03	2.4e+00	4.6139e+04	1.2e+03
6.0113e+03	2.4e+00	4.6151e+04	1.1e+03
6.0147e+03	2.4e+00	4.5869e+04	1.3e+03
6.0181e+03	2.4e+00	4.5918e+04	1.2e+03
6.0216e+03	2.4e+00	4.5669e+04	1.0e+03
6.0250e+03	2.4e+00	4.5680e+04	1.2e+03
6.0284e+03	2.4e+00	4.5526e+04	1.3e+03
6.0318e+03	2.4e+00	4.5141e+04	1.2e+03
6.0353e+03	2.4e+00	4.4971e+04	1.1e+03
6.0387e+03	2.4e+00	4.5042e+04	1.2e+03
6.0421e+03	2.4e+00	4.4951e+04	1.2e+03
6.0455e+03	2.4e+00	4.4970e+04	1.2e+03
6.0490e+03	2.4e+00	4.5049e+04	1.2e+03
6.0524e+03	2.4e+00	4.4859e+04	1.2e+03
6.0558e+03	2.4e+00	4.4411e+04	1.2e+03
6.0592e+03	2.4e+00	4.3953e+04	1.2e+03
6.0627e+03	2.4e+00	4.3743e+04	1.2e+03
6.0661e+03	2.4e+00	4.3943e+04	1.2e+03
6.0695e+03	2.4e+00	4.3716e+04	1.2e+03
6.0729e+03	2.4e+00	4.3450e+04	1.3e+03
6.0763e+03	2.4e+00	4.3244e+04	1.1e+03
6.0798e+03	2.4e+00	4.3249e+04	1.1e+03
6.0832e+03	2.4e+00	4.2909e+04	1.1e+03
6.0866e+03	2.4e+00	4.2861e+04	1.2e+03
6.0900e+03	2.4e+00	4.2906e+04	1.2e+03
6.0934e+03	2.4e+00	4.2864e+04	1.3e+03
6.0969e+03	2.4e+00	4.3079e+04	1.2e+03
6.1003e+03	2.4e+00	4.2641e+04	1.2e+03
6.1037e+03	2.4e+00	4.2521e+04	1.3e+03
6.1071e+03	2.4e+00	4.2213e+04	1.3e+03
6.1105e+03	2.4e+00	4.2107e+04	1.3e+03
6.1139e+03	2.4e+00	4.2008e+04	1.3e+03
6.1174e+03	2.4e+00	4.1734e+04	1.2e+03
6.1208e+03	2.4e+00	4.1901e+04	1.2e+03
6.1242e+03	2.4e+00	4.1797e+04	1.2e+03
6.1276e+03	2.4e+00	4.1943e+04	1.3e+03
6.1310e+03	2.4e+00	4.1601e+04	1.3e+03
6.1344e+03	2.4e+00	4.1359e+04	1.2e+03
6.1378e+03	2.4e+00	4.1319e+04	1.0e+03
6.1412e+03	2.4e+00	4.1307e+04	1.0e+03
6.1447e+03	2.4e+00	4.1457e+04	1.1e+03
6.1481e+03	2.4e+00	4.1051e+04	1.1e+03
6.1515e+03	2.4e+00	4.0627e+04	1.0e+03
6.1549e+03	2.4e+00	4.0458e+04	1.1e+03
6.1583e+03	2.4e+00	4.0241e+04	1.0e+03
6.1617e+03	2.4e+00	4.0305e+04	1.1e+03
6.1651e+03	2.4e+00	4.0402e+04	1.2e+03
6.1685e+03	2.4e+00	4.0587e+04	1.1e+03
6.1719e+03	2.4e+00	4.1010e+04	1.0e+03
6.1753e+03	2.4e+00	4.0767e+04	1.2e+03
6.1787e+03	2.4e+00	4.0055e+04	1.2e+03
6.1822e+03	2.4e+00	3.9976e+04	1.3e+03
6.1856e+03	2.4e+00	3.9800e+04	1.2e+03
6.1890e+03	2.4e+00	3.9875e+04	1.1e+03
6.1924e+03	2.4e+00	3.9964e+04	1.2e+03
6.1958e+03	2.4e+00	3.9946e+04	1.2e+03
6.1992e+03	2.4e+00	3.9575e+04	1.1e+03
6.2026e+03	2.4e+00	3.9517e+04	1.2e+03
6.2060e+03	2.4e+00	3.9614e+04	1.3e+03
6.2094e+03	2.4e+00	3.9299e+04	1.2e+03
6.2128e+03	2.4e+00	3.9232e+04	1.2e+03
6.2162e+03	2.4e+00	3.9332e+04	1.1e+03
6.2196e+03	2.4e+00	3.9227e+04	1.1e+03
6.2230e+03	2.4e+00	3.9139e+04	1.1e+03
6.2264e+03	2.4e+00	3.8377e+04	1.1e+03
6.2298e+03	2.4e+00	3.8389e+04	1.2e+03
6.2332e+03	2.4e+00	3.8370e+04	1.2e+03
6.2366e+03	2.4e+00	3.8307e+04	1.1e+03
6.2400e+03	2.4e+00	3.8250e+04	1.2e+03
6.2434e+03	2.4e+00	3.8198e+04	1.2e+03
6.2468e+03	2.4e+00	3.7832e+04	1.1e+03
6.2502e+03	2.4e+00	3.7736e+04	1.2e+03
6.2536e+03	2.4e+00	3.7782e+04	1.2e+03
6.2570e+03	2.4e+00	3.7659e+04	1.2e+03
6.2604e+03	2.4e+00	3.7490e+04	1.1e+03
6.2638e+03	2.4e+00	3.7216e+04	1.1e+03
6.2672e+03	2.4e+00	3.7230e+04	1.0e+03
6.2706e+03	2.4e+00	3.7069e+04	1.1e+03
6.2740e+03	2.4e+00	3.6444e+04	1.1e+03
6.2774e+03	2.4e+00	3.5743e+04	1.2e+03
6.2808e+03	2.4e+00	3.5434e+04	1.1e+03
6.2841e+03	2.4e+00	3.5881e+04	9.5e+02
6.2875e+03	2.4e+00	3.6271e+04	1.0e+03
6.2909e+03	2.4e+00	3.5930e+04	1.1e+03
6.2943e+03	2.4e+00	3.5865e+04	1.1e+03
6.2977e+03	2.4e+00	3.5841e+04	1.0e+03
6.3011e+03	2.4e+00	3.5549e+04	1.1e+03
6.3045e+03	2.4e+00	3.5843e+04	1.2e+03
6.3079e+03	2.4e+00	3.5992e+04	1.1e+03
6.3113e+03	2.4e+00	3.5945e+04	1.2e+03
6.3147e+03	2.4e+00	3.6236e+04	1.2e+03
6.3181e+03	2.4e+00	3.6253e+04	1.1e+03
6.3214e+03	2.4e+00	3.5900e+04	1.2e+03
6.3248e+03	2.4e+00	3.5509e+04	1.3e+03
6.3282e+03	2.4e+00	3.5452e+04	1.2e+03
6.3316e+03	2.4e+00	3.5669e+04	1.1e+03
6.3350e+03	2.4e+00	3.5364e+04	1.1e+03
6.3384e+03	2.4e+00	3.4887e+04	1.1e+03
6.3418e+03	2.4e+00	3.4857e+04	1.2e+03
6.3452e+03	2.4e+00	3.4787e+04	1.2e+03
6.3485e+03	2.4e+00	3.4880e+04	1.1e+03
6.3519e+03	2.4e+00	3.5097e+04	1.2e+03
6.3553e+03	2.4e+00	3.5155e+04	1.2e+03
6.3587e+03	2.4e+00	3.4734e+04	1.1e+03
6.3621e+03	2.4e+00	3.4732e+04	1.2e+03
6.3655e+03	2.4e+00	3.4664e+04	1.1e+03
6.3688e+03	2.4e+00	3.4592e+04	1.1e+03
6.3722e+03	2.4e+00	3.4559e+04	1.2e+03
6.3756e+03	2.4e+00	3.4504e+04	1.1e+03
6.3790e+03	2.4e+00	3.4315e+04	1.2e+03
6.3824e+03	2.4e+00	3.4328e+04	1.1e+03
6.3857e+03	2.4e+00	3.4515e+04	1.1e+03
6.3891e+03	2.4e+00	3.4392e+04	1.3e+03
6.3925e+03	2.4e+00	3.4093e+04	1.2e+03
6.3959e+03	2.4e+00	3.3894e+04	1.1e+03
6.3993e+03	2.4e+00	3.3772e+04	1.1e+03
6.4026e+03	2.4e+00	3.3759e+04	1.1e+03
6.4060e+03	2.4e+00	3.3611e+04	9.6e+02
6.4094e+03	2.4e+00	3.3503e+04	9.9e+02
6.4128e+03	2.4e+00	3.3567e+04	1.1e+03
6.4162e+03	2.4e+00	3.3693e+04	1.1e+03
6.4195e+03	2.4e+00	3.3529e+04	1.1e+03
6.4229e+03	2.4e+00	3.3524e+04	1.1e+03
6.4263e+03	2.4e+00	3.3594e+04	1.1e+03
6.4297e+03	2.4e+00	3.3221e+04	1.2e+03
6.4330e+03	2.4e+00	3.3043e+04	1.2e+03
6.4364e+03	2.4e+00	3.3456e+04	1.2e+03
6.4398e+03	2.4e+00	3.3147e+04	1.2e+03
6.4432e+03	2.4e+00	3.3138e+04	1.1e+03
6.4465e+03	2.4e+00	3.3547e+04	1.2e+03
6.4499e+03	2.4e+00	3.3062e+04	1.1e+03
6.4533e+03	2.4e+00	3.2574e+04	1.1e+03
6.4566e+03	2.4e+00	3.2563e+04	1.2e+03
6.4600e+03	2.4e+00	3.2226e+04	1.2e+03
6.4634e+03	2.4e+00	3.2159e+04	1.1e+03
6.4667e+03	2.4e+00	3.1856e+04	1.1e+03
6.4701e+03	2.4e+00	3.1857e+04	1.1e+03
6.4735e+03	2.4e+00	3.1858e+04	1.0e+03
6.4769e+03	2.4e+00	3.1659e+04	1.1e+03
6.4802e+03	2.4e+00	3.1655e+04	1.3e+03
6.4836e+03	2.4e+00	3.1494e+04	1.3e+03
6.4870e+03	2.4e+00	3.1442e+04	1.3e+03
6.4903e+03	2.4e+00	3.1154e+04	1.1e+03
6.4937e+03	2.4e+00	3.0895e+04	1.1e+03
6.4971e+03	2.4e+00	3.1147e+04	1.1e+03
6.5004e+03	2.4e+00	3.1263e+04	1.1e+03
6.5038e+03	2.4e+00	3.0881e+04	1.1e+03
6.5072e+03	2.4e+00	3.0717e+04	1.2e+03
6.5105e+03	2.4e+00	3.0663e+04	1.1e+03
6.5139e+03	2.4e+00	3.0296e+04	1.0e+03
6.5172e+03	2.4e+00	2.9790e+04	1.0e+03
6.5206e+03	2.4e+00	2.9869e+04	1.2e+03
6.5240e+03	2.4e+00	2.9890e+04	1.2e+03
6.5273e+03	2.4e+00	2.9673e+04	1.2e+03
6.5307e+03	2.4e+00	2.9176e+04	1.0e+03
6.5341e+03	2.4e+00	2.8641e+04	1.1e+03
6.5374e+03	2.4e+00	2.8091e+04	9.7e+02
6.5408e+03	2.4e+00	2.7585e+04	9.4e+02
6.5441e+03	2.4e+00	2.6554e+04	9.6e+02
6.5475e+03	2.4e+00	2.5171e+04	9.7e+02
6.5509e+03	2.4e+00	2.3690e+04	9.4e+02
6.5542e+03	2.4e+00	2.1561e+04	8.7e+02
6.5576e+03	2.4e+00	1.9117e+04	7.9e+02
6.5609e+03	2.4e+00	1.7612e+04	7.0e+02
6.5643e+03	2.4e+00	1.7907e+04	6.8e+02
6.5676e+03	2.4e+00	2.0023e+04	6.8e+02
6.5710e+03	2.4e+00	2.2518e+04	7.7e+02
6.5744e+03	2.4e+00	2.4474e+04	9.1e+02
6.5777e+03	2.4e+00	2.5719e+04	9.7e+02
6.5811e+03	2.4e+00	2.6247e+04	1.0e+03
6.5844e+03	2.4e+00	2.7073e+04	1.1e+03
6.5878e+03	2.4e+00	2.7616e+04	1.1e+03
6.5911e+03	2.4e+00	2.7908e+04	1.1e+03
6.5945e+03	2.4e+00	2.8361e+04	1.2e+03
6.5978e+03	2.4e+00	2.8425e+04	1.0e+03
6.6012e+03	2.4e+00	2.8587e+04	1.1e+03
6.6045e+03	2.4e+00	2.8497e+04	1.2e+03
6.6079e+03	2.4e+00	2.8632e+04	1.2e+03
6.6112e+03	2.4e+00	2.8764e+04	1.2e+03
6.6146e+03	2.4e+00	2.8696e+04	1.1e+03
6.6179e+03	2.4e+00	2.8770e+04	1.1e+03
6.6213e+03	2.4e+00	2.8698e+04	1.2e+03
6.6246e+03	2.4e+00	2.8550e+04	1.2e+03
6.6280e+03	2.4e+00	2.8509e+04	1.1e+03
6.6313e+03	2.4e+00	2.8751e+04	1.1e+03
6.6347e+03	2.4e+00	2.8674e+04	1.2e+03
6.6380e+03	2.4e+00	2.8514e+04	1.2e+03
6.6414e+03	2.4e+00	2.8715e+04	1.2e+03
6.6447e+03	2.4e+00	2.8646e+04	1.3e+03
6.6481e+03	2.4e+00	2.8628e+04	1.1e+03
6.6514e+03	2.4e+00	2.8420e+04	1.1e+03
6.6548e+03	2.4e+00	2.8369e+04	1.1e+03
6.6581e+03	2.4e+00	2.8370e+04	1.1e+03
6.6615e+03	2.4e+00	2.8163e+04	1.2e+03
6.6648e+03	2.4e+00	2.8146e+04	1.2e+03
6.6681e+03	2.4e+00	2.8023e+04	1.2e+03
6.6715e+03	2.4e+00	2.7836e+04	1.1e+03
6.6748e+03	2.4e+00	2.7774e+04	1.1e+03
6.6782e+03	2.4e+00	2.7640e+04	1.2e+03
6.6815e+03	2.4e+00	2.7970e+04	1.2e+03
6.6849e+03	2.4e+00	2.8300e+04	1.1e+03
6.6882e+03	2.4e+00	2.7972e+04	1.1e+03
6.6915e+03	2.4e+00	2.7999e+04	1.1e+03
6.6949e+03	2.4e+00	2.7964e+04	1.1e+03
6.6982e+03	2.4e+00	2.7790e+04	1.2e+03
6.7016e+03	2.4e+00	2.7572e+04	1.2e+03
6.7049e+03	2.4e+00	2.7339e+04	1.1e+03
6.7082e+03	2.4e+00	2.7128e+04	1.1e+03
6.7116e+03	2.4e+00	2.7170e+04	1.2e+03
6.7149e+03	2.4e+00	2.7062e+04	1.2e+03
6.7183e+03	2.4e+00	2.7020e+04	1.2e+03
6.7216e+03	2.4e+00	2.7288e+04	1.1e+03
6.7249e+03	2.4e+00	2.7205e+04	1.1e+03
6.7283e+03	2.4e+00	2.6968e+04	1.2e+03
6.7316e+03	2.4e+00	2.6809e+04	1.3e+03
6.7349e+03	2.4e+00	2.6699e+04	1.2e+03
6.7383e+03	2.4e+00	2.6595e+04	1.1e+03
6.7416e+03	2.4e+00	2.6795e+04	1.1e+03
6.7449e+03	2.4e+00	2.6890e+04	1.1e+03
6.7483e+03	2.4e+00	2.6586e+04	1.1e+03
6.7516e+03	2.4e+00	2.6653e+04	9.9e+02
6.7549e+03	2.4e+00	2.6371e+04	9.6e+02
6.7583e+03	2.4e+00	2.6295e+04	1.1e+03
6.7616e+03	2.4e+00	2.6332e+04	1.1e+03
6.7649e+03	2.4e+00	2.6116e+04	1.2e+03
6.7683e+03	2.4e+00	2.5873e+04	1.1e+03
6.7716e+03	2.4e+00	2.5798e+04	1.1e+03
6.7749e+03	2.4e+00	2.5910e+04	1.2e+03
6.7782e+03	2.4e+00	2.5708e+04	1.1e+03
6.7816e+03	2.4e+00	2.5482e+04	1.2e+03
6.7849e+03	2.4e+00	2.5324e+04	1.2e+03
6.7882e+03	2.4e+00	2.5248e+04	1.2e+03
6.7916e+03	2.4e+00	2.5447e+04	1.1e+03
6.7949e+03	2.4e+00	2.5563e+04	1.0e+03
6.7982e+03	2.4e+00	2.5553e+04	1.1e+03
6.8015e+03	2.4e+00	2.5229e+04	1.0e+03
6.8049e+03	2.4e+00	2.5082e+04	1.1e+03
6.8082e+03	2.4e+00	2.5234e+04	1.1e+03
6.8115e+03	2.4e+00	2.4967e+04	9.6e+02
6.8148e+03	2.4e+00	2.4905e+04	1.0e+03
6.8182e+03	2.4e+00	2.4874e+04	9.7e+02
6.8215e+03	2.4e+00	2.4806e+04	9.4e+02
6.8248e+03	2.4e+00	2.4771e+04	1.1e+03
6.8281e+03	2.4e+00	2.4485e+04	1.0e+03
6.8315e+03	2.4e+00	2.4370e+04	9.9e+02
6.8348e+03	2.4e+00	2.4521e+04	1.1e+03
6.8381e+03	2.4e+00	2.4316e+04	1.0e+03
6.8414e+03	2.4e+00	2.4064e+04	1.0e+03
6.8447e+03	2.4e+00	2.3909e+04	1.0e+03
6.8481e+03	2.4e+00	2.3685e+04	1.1e+03
6.8514e+03	2.4e+00	2.3544e+04	1.1e+03
6.8547e+03	2.4e+00	2.3856e+04	1.1e+03
6.8580e+03	2.4e+00	2.3865e+04	1.1e+03
6.8613e+03	2.4e+00	2.2813e+04	9.6e+02
6.8647e+03	2.4e+00	2.0087e+04	9.2e+02
6.8680e+03	2.4e+00	1.7487e+04	8.6e+02
6.8713e+03	2.4e+00	1.6850e+04	7.5e+02
6.8746e+03	2.4e+00	1.8011e+04	8.5e+02
6.8779e+03	2.4e+00	1.9785e+04	9.4e+02
6.8812e+03	2.4e+00	2.0654e+04	9.3e+02
6.8846e+03	2.4e+00	2.0329e+04	9.7e+02
6.8879e+03	2.4e+00	2.0015e+04	9.3e+02
6.8912e+03	2.4e+00	1.9957e+04	8.1e+02
6.8945e+03	2.4e+00	2.0109e+04	8.6e+02
6.8978e+03	2.4e+00	2.0259e+04	9.8e+02
6.9011e+03	2.4e+00	2.0385e+04	9.4e+02
6.9044e+03	2.4e+00	2.0868e+04	9.7e+02
6.9078e+03	2.4e+00	2.1300e+04	1.1e+03
6.9111e+03	2.4e+00	2.1448e+04	9.9e+02
6.9144e+03	2.4e+00	2.1732e+04	9.3e+02
6.9177e+03	2.4e+00	2.1825e+04	1.1e+03
6.9210e+03	2.4e+00	2.1902e+04	1.1e+03
6.9243e+03	2.4e+00	2.1887e+04	1.1e+03
6.9276e+03	2.4e+00	2.1725e+04	1.1e+03
6.9309e+03	2.4e+00	2.1725e+04	9.4e+02
6.9342e+03	2.4e+00	2.1647e+04	9.2e+02
6.9375e+03	2.4e+00	2.1202e+04	9.3e+02
6.9409e+03	2.4e+00	2.1141e+04	8.6e+02
6.9442e+03	2.4e+00	2.1330e+04	9.1e+02
6.9475e+03	2.4e+00	2.1280e+04	1.1e+03
6.9508e+03	2.4e+00	2.1341e+04	1.1e+03
6.9541e+03	2.4e+00	2.1365e+04	1.1e+03
6.9574e+03	2.4e+00	2.1032e+04	9.4e+02
6.9607e+03	2.4e+00	2.1118e+04	8.8e+02
6.9640e+03	2.4e+00	2.1255e+04	1.0e+03
6.9673e+03	2.4e+00	2.1155e+04	1.1e+03
6.9706e+03	2.4e+00	2.1280e+04	1.1e+03
6.9739e+03	2.4e+00	2.1205e+04	9.9e+02
6.9772e+03	2.4e+00	2.1113e+04	9.4e+02
6.9805e+03	2.4e+00	2.1077e+04	9.6e+02
6.9838e+03	2.4e+00	2.1021e+04	1.0e+03
6.9871e+03	2.4e+00	2.0795e+04	1.1e+03
6.9904e+03	2.4e+00	2.0239e+04	9.5e+02
6.9937e+03	2.4e+00	2.0112e+04	9.3e+02
6.9970e+03	2.4e+00	2.0236e+04	1.0e+03
7.0003e+03	2.4e+00	2.0231e+04	9.7e+02
7.0036e+03	2.4e+00	2.0231e+04	9.3e+02
7.0069e+03	2.4e+00	2.0209e+04	1.1e+03
7.0102e+03	2.4e+00	2.0093e+04	1.1e+03
7.0135e+03	2.4e+00	1.9773e+04	1.0e+03
7.0168e+03	2.4e+00	1.9623e+04	9.5e+02
7.0201e+03	2.4e+00	1.9676e+04	1.0e+03
7.0234e+03	2.4e+00	1.9772e+04	1.1e+03
7.0267e+03	2.4e+00	1.9928e+04	1.1e+03
7.0300e+03	2.4e+00	1.9930e+04	9.6e+02
7.0333e+03	2.4e+00	1.9786e+04	9.2e+02
7.0366e+03	2.4e+00	1.9714e+04	9.8e+02
7.0399e+03	2.4e+00	1.9725e+04	1.1e+03
7.0432e+03	2.4e+00	1.9842e+04	9.8e+02
7.0465e+03	2.4e+00	1.9776e+04	9.4e+02
7.0498e+03	2.4e+00	1.9578e+04	9.7e+02
7.0531e+03	2.4e+00	1.9424e+04	9.3e+02
7.0564e+03	2.4e+00	1.9305e+04	9.9e+02
7.0597e+03	2.4e+00	1.9360e+04	1.1e+03
7.0629e+03	2.4e+00	1.9377e+04	1.1e+03
7.0662e+03	2.4e+00	1.9391e+04	1.0e+03
7.0695e+03	2.4e+00	1.9639e+04	9.3e+02
7.0728e+03	2.4e+00	1.9534e+04	9.6e+02
7.0761e+03	2.4e+00	1.9154e+04	9.5e+02
7.0794e+03	2.4e+00	1.9185e+04	9.2e+02
7.0827e+03	2.4e+00	1.9120e+04	9.4e+02
7.0860e+03	2.4e+00	1.8776e+04	9.4e+02
7.0893e+03	2.4e+00	1.8782e+04	9.5e+02
7.0926e+03	2.4e+00	1.8791e+04	9.4e+02
7.0958e+03	2.4e+00	1.8784e+04	9.5e+02
7.0991e+03	2.4e+00	1.8803e+04	1.0e+03
7.1024e+03	2.4e+00	1.8762e+04	1.0e+03
7.1057e+03	2.4e+00	1.8567e+04	9.4e+02
7.1090e+03	2.4e+00	1.8178e+04	8.7e+02
7.1123e+03	2.4e+00	1.8052e+04	8.4e+02
7.1156e+03	2.4e+00	1.8106e+04	8.9e+02
7.1188e+03	2.4e+00	1.8137e+04	8.6e+02
7.1221e+03	2.4e+00	1.8111e+04	9.3e+02
7.1254e+03	2.4e+00	1.8166e+04	9.2e+02
7.1287e+03	2.4e+00	1.8208e+04	8.6e+02
7.1320e+03	2.4e+00	1.8267e+04	9.6e+02
7.1353e+03	2.4e+00	1.8300e+04	8.8e+02
7.1385e+03	2.4e+00	1.8020e+04	8.8e+02
7.1418e+03	2.4e+00	1.7767e+04	8.5e+02
7.1451e+03	2.4e+00	1.7563e+04	7.6e+02
7.1484e+03	2.4e+00	1.7552e+04	8.3e+02
7.1517e+03	2.4e+00	1.7424e+04	9.0e+02
7.1549e+03	2.4e+00	1.7153e+04	8.6e+02
7.1582e+03	2.4e+00	1.7098e+04	8.9e+02
7.1615e+03	2.4e+00	1.6956e+04	9.0e+02
7.1648e+03	2.4e+00	1.6630e+04	7.8e+02
7.1681e+03	2.4e+00	1.6114e+04	7.7e+02
7.1713e+03	2.4e+00	1.5553e+04	7.7e+02
7.1746e+03	2.4e+00	1.5617e+04	7.8e+02
7.1779e+03	2.4e+00	1.5499e+04	7.3e+02
7.1812e+03	2.4e+00	1.4978e+04	7.2e+02
7.1844e+03	2.4e+00	1.4747e+04	7.1e+02
7.1877e+03	2.4e+00	1.4808e+04	7.1e+02
7.1910e+03	2.4e+00	1.4867e+04	7.0e+02
7.1943e+03	2.4e+00	1.4992e+04	7.8e+02
7.1975e+03	2.4e+00	1.5034e+04	7.5e+02
7.2008e+03	2.4e+00	1.4818e+04	7.4e+02
7.2041e+03	2.4e+00	1.5002e+04	7.6e+02
7.2074e+03	2.4e+00	1.5524e+04	8.2e+02
7.2106e+03	2.4e+00	1.5761e+04	8.5e+02
7.2139e+03	2.4e+00	1.5821e+04	7.7e+02
7.2172e+03	2.4e+00	1.6150e+04	7.8e+02
7.2204e+03	2.4e+00	1.5898e+04	7.5e+02
7.2237e+03	2.4e+00	1.5433e+04	7.4e+02
7.2270e+03	2.4e+00	1.5351e+04	7.5e+02
7.2303e+03	2.4e+00	1.4939e+04	7.6e+02
7.2335e+03	2.4e+00	1.4565e+04	7.0e+02
7.2368e+03	2.4e+00	1.4598e+04	6.8e+02
7.2401e+03	2.4e+00	1.4565e+04	7.4e+02
7.2433e+03	2.4e+00	1.4570e+04	7.3e+02
7.2466e+03	2.4e+00	1.4521e+04	7.0e+02
7.2499e+03	2.4e+00	1.4348e+04	7.0e+02
7.2531e+03	2.4e+00	1.4196e+04	6.8e+02
7.2564e+03	2.4e+00	1.4163e+04	6.9e+02
7.2597e+03	2.4e+00	1.4141e+04	7.3e+02
7.2629e+03	2.4e+00	1.3994e+04	6.7e+02
7.2662e+03	2.4e+00	1.4075e+04	6.6e+02
7.2695e+03	2.4e+00	1.4204e+04	7.2e+02
7.2727e+03	2.4e+00	1.3943e+04	7.2e+02
7.2760e+03	2.4e+00	1.3732e+04	6.7e+02
7.2792e+03	2.4e+00	1.3888e+04	7.1e+02
7.2825e+03	2.4e+00	1.4003e+04	7.2e+02
7.2858e+03	2.4e+00	1.3798e+04	7.0e+02
7.2890e+03	2.4e+00	1.3735e+04	6.8e+02
7.2923e+03	2.4e+00	1.3869e+04	7.1e+02
7.2956e+03	2.4e+00	1.3756e+04	7.3e+02
7.2988e+03	2.4e+00	1.3517e+04	7.5e+02
7.3021e+03	2.4e+00	1.3330e+04	7.1e+02
7.3053e+03	2.4e+00	1.3596e+04	6.9e+02
7.3086e+03	2.4e+00	1.3708e+04	7.1e+02
7.3119e+03	2.4e+00	1.3732e+04	7.4e+02
7.3151e+03	2.4e+00	1.3588e+04	7.4e+02
7.3184e+03	2.4e+00	1.3264e+04	7.1e+02
7.3216e+03	2.4e+00	1.3223e+04	7.1e+02
7.3249e+03	2.4e+00	1.3529e+04	7.3e+02
7.3281e+03	2.4e+00	1.3798e+04	7.3e+02
7.3314e+03	2.4e+00	1.3615e+04	7.2e+02
7.3346e+03	2.4e+00	1.3474e+04	7.3e+02
7.3379e+03	2.4e+00	1.3578e+04	7.3e+02
7.3412e+03	2.4e+00	1.3693e+04	7.8e+02
7.3444e+03	2.4e+00	1.3719e+04	7.7e+02
7.3477e+03	2.4e+00	1.3437e+04	7.6e+02
7.3509e+03	2.4e+00	1.3414e+04	7.5e+02
7.3542e+03	2.4e+00	1.3429e+04	7.5e+02
7.3574e+03	2.4e+00	1.3363e+04	7.4e+02
7.3607e+03	2.4e+00	1.3354e+04	7.1e+02
7.3639e+03	2.4e+00	1.3353e+04	7.3e+02
7.3672e+03	2.4e+00	1.3203e+04	7.3e+02
7.3704e+03	2.4e+00	1.3015e+04	7.6e+02
7.3737e+03	2.4e+00	1.3140e+04	7.6e+02
7.3769e+03	2.4e+00	1.3217e+04	7.2e+02
7.3802e+03	2.4e+00	1.3047e+04	7.4e+02
7.3834e+03	2.4e+00	1.2967e+04	7.3e+02
7.3867e+03	2.4e+00	1.3042e+04	7.2e+02
7.3899e+03	2.4e+00	1.2796e+04	7.3e+02
7.3932e+03	2.4e+00	1.2692e+04	7.3e+02
7.3964e+03	2.4e+00	1.2659e+04	7.5e+02
7.3997e+03	2.4e+00	1.2710e+04	7.4e+02
7.4029e+03	2.4e+00	1.2727e+04	7.0e+02
7.4062e+03	2.4e+00	1.2465e+04	6.8e+02
7.4094e+03	2.4e+00	1.2311e+04	7.0e+02
7.4127e+03	2.4e+00	1.2398e+04	7.3e+02
7.4159e+03	2.4e+00	1.2364e+04	7.2e+02
7.4191e+03	2.4e+00	1.2418e+04	7.3e+02
7.4224e+03	2.4e+00	1.2467e+04	7.6e+02
7.4256e+03	2.4e+00	1.2314e+04	7.3e+02
7.4289e+03	2.4e+00	1.2399e+04	7.5e+02
7.4321e+03	2.4e+00	1.2322e+04	7.9e+02
7.4354e+03	2.4e+00	1.2095e+04	7.6e+02
7.4386e+03	2.4e+00	1.2078e+04	7.3e+02
7.4418e+03	2.4e+00	1.2132e+04	7.3e+02
7.4451e+03	2.4e+00	1.1968e+04	7.3e+02
7.4483e+03	2.4e+00	1.2027e+04	7.5e+02
7.4516e+03	2.4e+00	1.2061e+04	7.6e+02
7.4548e+03	2.4e+00	1.1812e+04	7.5e+02
7.4580e+03	2.4e+00	1.1740e+04	7.5e+02
7.4613e+03	2.4e+00	1.1874e+04	7.5e+02
7.4645e+03	2.4e+00	1.2052e+04	7.6e+02
7.4678e+03	2.4e+00	1.1992e+04	7.5e+02
7.4710e+03	2.4e+00	1.1832e+04	7.4e+02
7.4742e+03	2.4e+00	1.1824e+04	7.3e+02
7.4775e+03	2.4e+00	1.1797e+04	7.3e+02
7.4807e+03	2.4e+00	1.1748e+04	7.6e+02
7.4839e+03	2.4e+00	1.1635e+04	7.5e+02
7.4872e+03	2.4e+00	1.1673e+04	7.2e+02
7.4904e+03	2.4e+00	1.1581e+04	7.2e+02
7.4936e+03	2.4e+00	1.1387e+04	7.2e+02
7.4969e+03	2.4e+00	1.1298e+04	7.1e+02
7.5001e+03	2.4e+00	1.1370e+04	8.0e+02
7.5033e+03	2.4e+00	1.1374e+04	8.1e+02
7.5066e+03	2.4e+00	1.1233e+04	7.2e+02
7.5098e+03	2.4e+00	1.1137e+04	6.5e+02
7.5130e+03	2.4e+00	1.0954e+04	6.7e+02
7.5163e+03	2.4e+00	1.0942e+04	7.6e+02
7.5195e+03	2.4e+00	1.0960e+04	7.7e+02
7.5227e+03	2.4e+00	1.0892e+04	6.8e+02
7.5260e+03	2.4e+00	1.0813e+04	6.8e+02
7.5292e+03	2.4e+00	1.0708e+04	7.1e+02
7.5324e+03	2.4e+00	1.0881e+04	7.3e+02
7.5356e+03	2.4e+00	1.0933e+04	7.5e+02
7.5389e+03	2.4e+00	1.0700e+04	7.4e+02
7.5421e+03	2.4e+00	1.0747e+04	7.4e+02
7.5453e+03	2.4e+00	1.0771e+04	7.2e+02
7.5486e+03	2.4e+00	1.0708e+04	7.1e+02
7.5518e+03	2.4e+00	1.0777e+04	7.1e+02
7.5550e+03	2.4e+00	1.0827e+04	7.4e+02
7.5582e+03	2.4e+00	1.0586e+04	7.7e+02
7.5615e+03	2.4e+00	1.0520e+04	7.7e+02
7.5647e+03	2.4e+00	1.0530e+04	7.6e+02
7.5679e+03	2.4e+00	1.0389e+04	7.7e+02
7.5711e+03	2.4e+00	1.0362e+04	7.8e+02
7.5744e+03	2.4e+00	1.0236e+04	7.2e+02
7.5776e+03	2.4e+00	1.0255e+04	6.8e+02
7.5808e+03	2.4e+00	1.0219e+04	7.1e+02
7.5840e+03	2.4e+00	1.0081e+04	7.4e+02
7.5872e+03	2.4e+00	9.9179e+03	7.4e+02
7.5905e+03	2.4e+00	9.4472e+03	7.3e+02
7.5937e+03	2.4e+00	8.1349e+03	6.7e+02
7.5969e+03	2.4e+00	5.9410e+03	4.8e+02
7.6001e+03	2.4e+00	4.0663e+03	3.5e+02
7.6033e+03	2.4e+00	3.0761e+03	2.6e+02
7.6066e+03	2.4e+00	2.6071e+03	1.9e+02
7.6098e+03	2.4e+00	2.7502e+03	2.2e+02
7.6130e+03	2.4e+00	3.4176e+03	2.8e+02
7.6162e+03	2.4e+00	4.6851e+03	3.5e+02
7.6194e+03	2.4e+00	5.9794e+03	4.1e+02
7.6227e+03	2.4e+00	6.0016e+03	4.0e+02
7.6259e+03	2.4e+00	5.2859e+03	3.7e+02
7.6291e+03	2.4e+00	4.9819e+03	3.6e+02
7.6323e+03	2.4e+00	4.7438e+03	3.5e+02
7.6355e+03	2.4e+00	4.6851e+03	3.6e+02
7.6387e+03	2.4e+00	4.8762e+03	3.9e+02
7.6419e+03	2.4e+00	5.1678e+03	4.3e+02
7.6452e+03	2.4e+00	5.5813e+03	4.5e+02
7.6484e+03	2.4e+00	5.9973e+03	4.7e+02
7.6516e+03	2.4e+00	6.4647e+03	5.4e+02
7.6548e+03	2.4e+00	6.6354e+03	5.7e+02
7.6580e+03	2.4e+00	6.7389e+03	5.4e+02
7.6612e+03	2.4e+00	7.2831e+03	5.8e+02
7.6644e+03	2.4e+00	7.5999e+03	6.1e+02
7.6676e+03	2.4e+00	7.6932e+03	6.1e+02
7.6709e+03	2.4e+00	7.9252e+03	6.4e+02
7.6741e+03	2.4e+00	8.1033e+03	6.5e+02
7.6773e+03	2.4e+00	8.0501e+03	6.2e+02
7.6805e+03	2.4e+00	8.2794e+03	6.5e+02
