# lambda [A]	Dlambda [A]	specval [counts]	Dspecval [counts]
4.18766e+03	1.0e+00	4.91144e+02	9.9e+00
4.19117e+03	1.0e+00	7.55917e+02	2.3e+01
4.19469e+03	1.0e+00	9.71467e+02	2.5e+01
4.19820e+03	1.0e+00	9.54217e+02	1.7e+01
4.20171e+03	1.0e+00	7.00148e+02	2.2e+01
4.20523e+03	1.0e+00	3.62610e+02	8.3e+00
4.20874e+03	1.0e+00	2.79538e+02	1.6e+01
4.21226e+03	1.0e+00	2.57623e+02	1.1e+01
4.21577e+03	1.0e+00	2.75617e+02	1.6e+01
4.21929e+03	1.0e+00	3.03853e+02	2.4e+01
4.22281e+03	1.0e+00	3.44746e+02	1.6e+01
4.22632e+03	1.0e+00	3.22833e+02	1.1e+01
4.22984e+03	1.0e+00	2.87392e+02	1.4e+01
4.23336e+03	1.0e+00	2.63478e+02	1.6e+01
4.23688e+03	1.0e+00	2.68335e+02	1.4e+01
4.24040e+03	1.0e+00	2.47240e+02	1.0e+01
4.24392e+03	1.0e+00	1.85306e+02	8.4e+00
4.24744e+03	1.0e+00	2.40641e+02	1.3e+01
4.25096e+03	1.0e+00	3.71617e+02	1.2e+01
4.25448e+03	1.0e+00	5.20627e+02	1.9e+01
4.25800e+03	1.0e+00	5.84911e+02	1.1e+01
4.26152e+03	1.0e+00	5.06385e+02	1.8e+01
4.26505e+03	1.0e+00	4.21934e+02	9.0e+00
4.26857e+03	1.0e+00	5.05754e+02	2.1e+01
4.27209e+03	1.0e+00	6.34962e+02	1.5e+01
4.27562e+03	1.0e+00	5.79426e+02	9.5e+00
4.27914e+03	1.0e+00	4.56672e+02	1.7e+01
4.28267e+03	1.0e+00	2.31667e+02	4.7e+00
4.28619e+03	1.0e+00	1.84288e+02	9.9e+00
4.28972e+03	1.0e+00	1.86133e+02	1.4e+01
4.29325e+03	1.0e+00	2.49888e+02	1.4e+01
4.29677e+03	1.0e+00	2.94678e+02	1.6e+01
4.30030e+03	1.0e+00	2.50002e+02	1.0e+01
4.30383e+03	1.0e+00	2.21923e+02	8.8e+00
4.30736e+03	1.0e+00	2.11648e+02	1.4e+01
4.31088e+03	1.0e+00	2.02151e+02	8.1e+00
4.31441e+03	1.0e+00	2.09531e+02	6.2e+00
4.31794e+03	1.0e+00	1.90193e+02	1.0e+01
4.32147e+03	1.0e+00	2.09330e+02	1.3e+01
4.32500e+03	1.0e+00	3.02368e+02	5.8e+00
4.32853e+03	1.0e+00	4.48650e+02	1.2e+01
4.33207e+03	1.0e+00	4.62281e+02	1.1e+01
4.33560e+03	1.0e+00	3.97436e+02	8.9e+00
4.33913e+03	1.0e+00	3.99220e+02	1.1e+01
4.34266e+03	1.0e+00	4.73522e+02	2.1e+01
4.34620e+03	1.0e+00	4.36040e+02	9.5e+00
4.34973e+03	1.0e+00	3.86403e+02	1.5e+01
4.35326e+03	1.0e+00	2.40940e+02	1.5e+01
4.35680e+03	1.0e+00	2.31862e+02	7.9e+00
4.36033e+03	1.0e+00	2.50404e+02	8.4e+00
4.36387e+03	1.0e+00	3.28685e+02	1.4e+01
4.36740e+03	1.0e+00	4.04968e+02	1.5e+01
4.37094e+03	1.0e+00	4.35854e+02	1.2e+01
4.37447e+03	1.0e+00	4.22698e+02	8.3e+00
4.37801e+03	1.0e+00	3.80129e+02	1.5e+01
4.38155e+03	1.0e+00	2.86655e+02	1.3e+01
4.38509e+03	1.0e+00	2.15215e+02	1.0e+01
4.38862e+03	1.0e+00	2.01883e+02	7.9e+00
4.39216e+03	1.0e+00	1.91171e+02	7.6e+00
4.39570e+03	1.0e+00	2.14706e+02	6.2e+00
4.39924e+03	1.0e+00	2.32904e+02	1.0e+01
4.40278e+03	1.0e+00	2.01196e+02	4.8e+00
4.40632e+03	1.0e+00	1.65243e+02	1.2e+01
4.40986e+03	1.0e+00	1.47206e+02	1.3e+01
4.41340e+03	1.0e+00	1.55159e+02	8.8e+00
4.41694e+03	1.0e+00	1.99538e+02	8.0e+00
4.42048e+03	1.0e+00	2.90987e+02	9.6e+00
4.42402e+03	1.0e+00	3.17649e+02	9.2e+00
4.42756e+03	1.0e+00	2.95324e+02	8.0e+00
4.43110e+03	1.0e+00	2.48436e+02	6.6e+00
4.43465e+03	1.0e+00	1.90903e+02	8.9e+00
4.43819e+03	1.0e+00	1.71653e+02	1.0e+01
4.44173e+03	1.0e+00	1.93951e+02	1.1e+01
4.44528e+03	1.0e+00	1.85467e+02	7.9e+00
4.44882e+03	1.0e+00	1.77099e+02	9.0e+00
4.45236e+03	1.0e+00	1.72050e+02	1.3e+01
4.45591e+03	1.0e+00	1.44627e+02	7.9e+00
4.45945e+03	1.0e+00	1.41492e+02	4.5e+00
4.46300e+03	1.0e+00	1.53445e+02	9.6e+00
4.46654e+03	1.0e+00	1.91759e+02	8.1e+00
4.47009e+03	1.0e+00	2.18992e+02	8.8e+00
4.47363e+03	1.0e+00	2.48031e+02	7.0e+00
4.47718e+03	1.0e+00	2.42339e+02	7.7e+00
4.48073e+03	1.0e+00	2.35158e+02	1.0e+01
4.48427e+03	1.0e+00	2.23622e+02	9.3e+00
4.48782e+03	1.0e+00	2.05721e+02	3.4e+00
4.49137e+03	1.0e+00	2.29336e+02	8.1e+00
4.49492e+03	1.0e+00	2.51943e+02	1.1e+01
4.49846e+03	1.0e+00	3.19262e+02	1.3e+01
4.50201e+03	1.0e+00	3.65377e+02	9.3e+00
4.50556e+03	1.0e+00	4.25957e+02	6.6e+00
4.50911e+03	1.0e+00	3.79632e+02	5.4e+00
4.51266e+03	1.0e+00	2.54319e+02	3.9e+00
4.51621e+03	1.0e+00	1.78868e+02	8.7e+00
4.51976e+03	1.0e+00	1.82659e+02	5.3e+00
4.52331e+03	1.0e+00	1.74002e+02	8.5e+00
4.52686e+03	1.0e+00	1.66332e+02	8.3e+00
4.53041e+03	1.0e+00	1.77890e+02	8.9e+00
4.53396e+03	1.0e+00	1.78272e+02	9.4e+00
4.53751e+03	1.0e+00	2.71139e+02	1.1e+01
4.54106e+03	1.0e+00	3.67408e+02	4.2e+00
4.54461e+03	1.0e+00	3.38277e+02	1.4e+01
4.54817e+03	1.0e+00	2.35452e+02	7.1e+00
4.55172e+03	1.0e+00	1.31395e+02	1.2e+01
4.55527e+03	1.0e+00	1.33832e+02	5.1e+00
4.55882e+03	1.0e+00	1.56570e+02	1.5e+01
4.56238e+03	1.0e+00	1.42417e+02	7.1e+00
4.56593e+03	1.0e+00	1.36971e+02	6.8e+00
4.56948e+03	1.0e+00	1.57265e+02	1.2e+01
4.57304e+03	1.0e+00	2.15526e+02	8.8e+00
4.57659e+03	1.0e+00	2.44016e+02	5.0e+00
4.58014e+03	1.0e+00	2.64004e+02	7.3e+00
4.58370e+03	1.0e+00	2.43238e+02	5.6e+00
4.58725e+03	1.0e+00	2.40332e+02	1.1e+01
4.59081e+03	1.0e+00	2.17458e+02	1.2e+01
4.59436e+03	1.0e+00	1.69017e+02	5.1e+00
4.59792e+03	1.0e+00	1.69067e+02	9.4e+00
4.60147e+03	1.0e+00	2.10162e+02	1.2e+01
4.60503e+03	1.0e+00	2.99244e+02	1.0e+01
4.60858e+03	1.0e+00	2.68341e+02	9.6e+00
4.61214e+03	1.0e+00	2.15634e+02	1.7e+01
4.61569e+03	1.0e+00	1.17295e+02	7.0e+00
4.61925e+03	1.0e+00	9.18664e+01	6.4e+00
4.62281e+03	1.0e+00	1.03417e+02	5.2e+00
4.62636e+03	1.0e+00	1.04320e+02	5.5e+00
4.62992e+03	1.0e+00	1.03986e+02	7.4e+00
4.63348e+03	1.0e+00	1.05063e+02	4.1e+00
4.63703e+03	1.0e+00	1.06500e+02	2.6e+00
4.64059e+03	1.0e+00	1.03422e+02	8.4e+00
4.64415e+03	1.0e+00	9.78952e+01	4.7e+00
4.64771e+03	1.0e+00	1.21614e+02	6.3e+00
4.65127e+03	1.0e+00	2.01440e+02	9.0e+00
4.65482e+03	1.0e+00	2.48497e+02	8.6e+00
4.65838e+03	1.0e+00	2.34165e+02	3.6e+00
4.66194e+03	1.0e+00	1.62058e+02	6.6e+00
4.66550e+03	1.0e+00	1.01672e+02	5.1e+00
4.66906e+03	1.0e+00	1.10026e+02	7.3e+00
4.67262e+03	1.0e+00	1.24484e+02	4.0e+00
4.67617e+03	1.0e+00	1.17709e+02	8.7e+00
4.67973e+03	1.0e+00	1.08078e+02	5.0e+00
4.68329e+03	1.0e+00	1.10330e+02	3.9e+00
4.68685e+03	1.0e+00	1.06692e+02	7.2e+00
4.69041e+03	1.0e+00	1.02524e+02	3.2e+00
4.69397e+03	1.0e+00	1.06058e+02	4.0e+00
4.69753e+03	1.0e+00	1.05723e+02	4.1e+00
4.70109e+03	1.0e+00	1.01014e+02	3.9e+00
4.70465e+03	1.0e+00	1.08411e+02	4.4e+00
4.70821e+03	1.0e+00	1.15044e+02	4.9e+00
4.71177e+03	1.0e+00	1.16018e+02	3.0e+00
4.71533e+03	1.0e+00	1.13154e+02	9.7e+00
4.71889e+03	1.0e+00	1.29899e+02	9.0e+00
4.72245e+03	1.0e+00	1.76638e+02	3.3e+00
4.72601e+03	1.0e+00	1.88925e+02	3.5e+00
4.72957e+03	1.0e+00	1.93170e+02	4.4e+00
4.73314e+03	1.0e+00	1.55832e+02	9.2e+00
4.73670e+03	1.0e+00	1.26983e+02	6.0e+00
4.74026e+03	1.0e+00	1.03155e+02	6.3e+00
4.74382e+03	1.0e+00	8.78829e+01	4.6e+00
4.74738e+03	1.0e+00	9.15475e+01	5.8e+00
4.75094e+03	1.0e+00	8.88093e+01	3.7e+00
4.75450e+03	1.0e+00	1.18779e+02	7.7e+00
4.75807e+03	1.0e+00	2.03768e+02	6.6e+00
4.76163e+03	1.0e+00	2.95236e+02	1.5e+01
4.76519e+03	1.0e+00	2.76724e+02	4.4e+00
4.76875e+03	1.0e+00	2.00693e+02	9.3e+00
4.77231e+03	1.0e+00	8.90924e+01	4.2e+00
4.77588e+03	1.0e+00	7.61816e+01	4.5e+00
4.77944e+03	1.0e+00	8.06307e+01	4.4e+00
4.78300e+03	1.0e+00	7.93624e+01	3.1e+00
4.78656e+03	1.0e+00	8.73999e+01	6.4e+00
4.79012e+03	1.0e+00	9.83359e+01	5.5e+00
4.79369e+03	1.0e+00	1.05379e+02	3.0e+00
4.79725e+03	1.0e+00	1.17247e+02	4.1e+00
4.80081e+03	1.0e+00	1.59187e+02	7.3e+00
4.80437e+03	1.0e+00	1.77465e+02	7.0e+00
4.80794e+03	1.0e+00	1.91384e+02	8.7e+00
4.81150e+03	1.0e+00	1.70158e+02	4.2e+00
4.81506e+03	1.0e+00	1.77714e+02	4.3e+00
4.81862e+03	1.0e+00	2.05220e+02	4.9e+00
4.82219e+03	1.0e+00	2.36083e+02	5.0e+00
4.82575e+03	1.0e+00	2.63063e+02	8.9e+00
4.82931e+03	1.0e+00	2.72421e+02	8.9e+00
4.83288e+03	1.0e+00	2.40042e+02	1.0e+01
4.83644e+03	1.0e+00	1.53755e+02	4.6e+00
4.84000e+03	1.0e+00	1.10947e+02	5.4e+00
4.84356e+03	1.0e+00	1.08136e+02	4.1e+00
4.84713e+03	1.0e+00	9.97116e+01	4.9e+00
4.85069e+03	1.0e+00	1.02356e+02	3.3e+00
4.85425e+03	1.0e+00	1.37837e+02	6.8e+00
4.85782e+03	1.0e+00	1.97048e+02	4.5e+00
4.86138e+03	1.0e+00	1.93940e+02	9.2e+00
4.86494e+03	1.0e+00	1.61678e+02	5.1e+00
4.86851e+03	1.0e+00	1.22295e+02	4.0e+00
4.87207e+03	1.0e+00	1.33018e+02	5.7e+00
4.87563e+03	1.0e+00	1.79760e+02	7.2e+00
4.87920e+03	1.0e+00	2.03142e+02	5.7e+00
4.88276e+03	1.0e+00	1.88799e+02	3.8e+00
4.88632e+03	1.0e+00	1.45838e+02	1.9e+00
4.88988e+03	1.0e+00	1.11633e+02	4.6e+00
4.89345e+03	1.0e+00	9.67314e+01	4.3e+00
4.89701e+03	1.0e+00	8.31885e+01	3.7e+00
4.90057e+03	1.0e+00	7.70767e+01	5.3e+00
4.90414e+03	1.0e+00	8.45473e+01	3.8e+00
4.90770e+03	1.0e+00	8.11527e+01	3.5e+00
4.91126e+03	1.0e+00	7.59170e+01	4.0e+00
4.91482e+03	1.0e+00	7.52213e+01	5.2e+00
4.91839e+03	1.0e+00	8.05827e+01	4.0e+00
4.92195e+03	1.0e+00	7.72199e+01	3.4e+00
4.92551e+03	1.0e+00	7.20445e+01	3.2e+00
4.92908e+03	1.0e+00	7.16078e+01	4.3e+00
4.93264e+03	1.0e+00	7.73427e+01	3.5e+00
4.93620e+03	1.0e+00	7.27245e+01	2.3e+00
4.93976e+03	1.0e+00	7.24147e+01	4.6e+00
4.94333e+03	1.0e+00	6.99835e+01	4.3e+00
4.94689e+03	1.0e+00	5.87832e+01	2.6e+00
4.95045e+03	1.0e+00	5.66599e+01	2.8e+00
4.95401e+03	1.0e+00	6.30715e+01	3.2e+00
4.95758e+03	1.0e+00	7.40182e+01	4.0e+00
4.96114e+03	1.0e+00	9.96126e+01	4.1e+00
4.96470e+03	1.0e+00	1.10329e+02	5.3e+00
4.96826e+03	1.0e+00	1.02558e+02	5.1e+00
4.97182e+03	1.0e+00	7.85784e+01	3.5e+00
4.97539e+03	1.0e+00	6.92075e+01	3.3e+00
4.97895e+03	1.0e+00	5.82855e+01	5.1e+00
4.98251e+03	1.0e+00	6.36658e+01	5.1e+00
4.98607e+03	1.0e+00	5.57376e+01	1.6e+00
4.98963e+03	1.0e+00	5.34704e+01	2.7e+00
4.99320e+03	1.0e+00	6.28653e+01	1.8e+00
4.99676e+03	1.0e+00	5.94860e+01	3.6e+00
5.00032e+03	1.0e+00	6.96350e+01	3.4e+00
5.00388e+03	1.0e+00	6.06650e+01	3.1e+00
5.00744e+03	1.0e+00	6.97991e+01	2.3e+00
5.01100e+03	1.0e+00	9.24354e+01	4.4e+00
5.01456e+03	1.0e+00	1.06958e+02	3.2e+00
5.01812e+03	1.0e+00	1.04493e+02	5.0e+00
5.02168e+03	1.0e+00	6.95255e+01	2.0e+00
5.02525e+03	1.0e+00	5.68057e+01	4.7e+00
5.02881e+03	1.0e+00	5.50204e+01	2.0e+00
5.03237e+03	1.0e+00	6.00534e+01	4.1e+00
5.03593e+03	1.0e+00	5.99928e+01	3.8e+00
5.03949e+03	1.0e+00	6.03868e+01	4.3e+00
5.04305e+03	1.0e+00	5.96896e+01	4.6e+00
5.04661e+03	1.0e+00	6.09649e+01	3.1e+00
5.05017e+03	1.0e+00	6.60254e+01	4.5e+00
5.05373e+03	1.0e+00	7.10288e+01	3.4e+00
5.05729e+03	1.0e+00	7.18885e+01	4.2e+00
5.06085e+03	1.0e+00	7.64675e+01	3.8e+00
5.06441e+03	1.0e+00	6.96859e+01	3.5e+00
5.06796e+03	1.0e+00	6.84202e+01	2.9e+00
5.07152e+03	1.0e+00	7.27089e+01	5.2e+00
5.07508e+03	1.0e+00	7.08406e+01	2.5e+00
5.07864e+03	1.0e+00	6.99393e+01	4.9e+00
5.08220e+03	1.0e+00	6.41024e+01	5.0e+00
5.08576e+03	1.0e+00	6.58465e+01	4.4e+00
5.08932e+03	1.0e+00	6.45041e+01	3.5e+00
5.09287e+03	1.0e+00	5.37684e+01	3.3e+00
5.09643e+03	1.0e+00	5.13063e+01	2.7e+00
5.09999e+03	1.0e+00	5.19571e+01	2.9e+00
5.10355e+03	1.0e+00	4.38252e+01	3.2e+00
5.10711e+03	1.0e+00	3.91310e+01	3.1e+00
5.11066e+03	1.0e+00	4.35813e+01	4.3e+00
5.11422e+03	1.0e+00	4.77357e+01	2.9e+00
5.11778e+03	1.0e+00	4.72476e+01	3.5e+00
5.12133e+03	1.0e+00	4.77855e+01	4.9e+00
5.12489e+03	1.0e+00	6.12751e+01	3.0e+00
5.12845e+03	1.0e+00	5.78421e+01	1.9e+00
5.13200e+03	1.0e+00	6.60686e+01	3.3e+00
5.13556e+03	1.0e+00	6.21086e+01	4.5e+00
5.13911e+03	1.0e+00	7.04690e+01	2.7e+00
5.14267e+03	1.0e+00	7.99632e+01	1.7e+00
5.14623e+03	1.0e+00	7.77089e+01	3.1e+00
5.14978e+03	1.0e+00	7.84802e+01	4.6e+00
5.15334e+03	1.0e+00	6.94589e+01	5.1e+00
5.15689e+03	1.0e+00	6.47667e+01	4.4e+00
5.16045e+03	1.0e+00	8.03963e+01	3.4e+00
5.16400e+03	1.0e+00	8.12692e+01	7.2e+00
5.16755e+03	1.0e+00	8.77638e+01	4.8e+00
5.17111e+03	1.0e+00	8.44711e+01	4.9e+00
5.17466e+03	1.0e+00	8.76934e+01	3.6e+00
5.17822e+03	1.0e+00	1.11201e+02	5.1e+00
5.18177e+03	1.0e+00	1.19730e+02	2.9e+00
5.18532e+03	1.0e+00	1.44340e+02	3.4e+00
5.18888e+03	1.0e+00	1.72639e+02	6.5e+00
5.19243e+03	1.0e+00	1.78559e+02	3.3e+00
5.19598e+03	1.0e+00	1.62928e+02	3.5e+00
5.19953e+03	1.0e+00	1.25277e+02	4.2e+00
5.20308e+03	1.0e+00	7.69063e+01	6.0e+00
5.20664e+03	1.0e+00	4.85150e+01	2.2e+00
5.21019e+03	1.0e+00	3.63752e+01	1.9e+00
5.21374e+03	1.0e+00	3.81923e+01	3.1e+00
5.21729e+03	1.0e+00	4.84584e+01	2.1e+00
5.22084e+03	1.0e+00	4.99159e+01	5.5e+00
5.22439e+03	1.0e+00	4.72307e+01	3.0e+00
5.22794e+03	1.0e+00	3.93233e+01	3.8e+00
5.23149e+03	1.0e+00	3.71157e+01	1.9e+00
5.23504e+03	1.0e+00	3.53519e+01	3.1e+00
5.23859e+03	1.0e+00	3.49492e+01	1.7e+00
5.24214e+03	1.0e+00	3.98157e+01	3.1e+00
5.24569e+03	1.0e+00	3.94733e+01	3.0e+00
5.24924e+03	1.0e+00	4.25819e+01	1.8e+00
5.25279e+03	1.0e+00	4.74723e+01	1.8e+00
5.25634e+03	1.0e+00	4.72176e+01	2.3e+00
5.25988e+03	1.0e+00	4.83313e+01	2.8e+00
5.26343e+03	1.0e+00	4.90357e+01	2.4e+00
5.26698e+03	1.0e+00	4.15204e+01	1.8e+00
5.27053e+03	1.0e+00	4.47623e+01	3.1e+00
5.27407e+03	1.0e+00	4.25060e+01	2.0e+00
5.27762e+03	1.0e+00	3.62468e+01	1.9e+00
5.28116e+03	1.0e+00	3.56431e+01	3.0e+00
5.28471e+03	1.0e+00	4.05955e+01	2.2e+00
5.28826e+03	1.0e+00	3.59769e+01	2.8e+00
5.29180e+03	1.0e+00	3.65960e+01	2.3e+00
5.29535e+03	1.0e+00	3.47650e+01	2.8e+00
5.29889e+03	1.0e+00	3.04025e+01	2.0e+00
5.30244e+03	1.0e+00	3.62127e+01	2.8e+00
5.30598e+03	1.0e+00	4.10978e+01	2.1e+00
5.30952e+03	1.0e+00	3.68843e+01	3.3e+00
5.31307e+03	1.0e+00	3.70386e+01	2.3e+00
5.31661e+03	1.0e+00	3.58019e+01	3.0e+00
5.32015e+03	1.0e+00	3.85392e+01	4.2e+00
5.32370e+03	1.0e+00	3.86078e+01	3.7e+00
5.32724e+03	1.0e+00	3.64447e+01	3.5e+00
5.33078e+03	1.0e+00	3.75124e+01	3.0e+00
5.33432e+03	1.0e+00	4.32467e+01	3.5e+00
5.33786e+03	1.0e+00	4.64561e+01	3.5e+00
5.34140e+03	1.0e+00	4.50084e+01	4.0e+00
5.34494e+03	1.0e+00	4.28517e+01	1.7e+00
5.34848e+03	1.0e+00	4.41945e+01	3.3e+00
5.35202e+03	1.0e+00	4.23607e+01	2.7e+00
5.35556e+03	1.0e+00	3.70499e+01	2.5e+00
5.35910e+03	1.0e+00	2.87803e+01	2.2e+00
5.36264e+03	1.0e+00	3.60711e+01	2.5e+00
5.36618e+03	1.0e+00	3.11212e+01	1.7e+00
5.36972e+03	1.0e+00	3.22562e+01	1.6e+00
5.37326e+03	1.0e+00	2.76458e+01	1.9e+00
5.37679e+03	1.0e+00	3.06685e+01	3.3e+00
5.38033e+03	1.0e+00	3.51397e+01	2.3e+00
5.38387e+03	1.0e+00	2.91635e+01	1.1e+00
5.38741e+03	1.0e+00	3.23945e+01	1.6e+00
5.39094e+03	1.0e+00	2.39221e+01	3.1e+00
5.39448e+03	1.0e+00	2.87622e+01	2.3e+00
5.39801e+03	1.0e+00	4.18753e+01	2.0e+00
5.40155e+03	1.0e+00	5.00022e+01	2.8e+00
5.40508e+03	1.0e+00	4.67253e+01	1.5e+00
5.40862e+03	1.0e+00	3.69925e+01	2.4e+00
5.41215e+03	1.0e+00	3.11390e+01	1.5e+00
5.41568e+03	1.0e+00	2.99028e+01	2.2e+00
5.41922e+03	1.0e+00	2.98941e+01	2.8e+00
5.42275e+03	1.0e+00	3.38345e+01	2.2e+00
5.42628e+03	1.0e+00	2.92768e+01	3.3e+00
5.42981e+03	1.0e+00	2.93395e+01	2.3e+00
5.43335e+03	1.0e+00	2.48059e+01	2.0e+00
5.43688e+03	1.0e+00	2.59640e+01	2.1e+00
5.44041e+03	1.0e+00	2.73278e+01	2.7e+00
5.44394e+03	1.0e+00	2.49755e+01	1.2e+00
5.44747e+03	1.0e+00	2.81354e+01	2.2e+00
5.45100e+03	1.0e+00	2.86869e+01	2.9e+00
5.45453e+03	1.0e+00	2.73266e+01	2.7e+00
5.45805e+03	1.0e+00	3.20169e+01	1.1e+00
5.46158e+03	1.0e+00	2.85282e+01	1.1e+00
5.46511e+03	1.0e+00	2.75143e+01	2.5e+00
5.46864e+03	1.0e+00	2.69890e+01	1.6e+00
5.47217e+03	1.0e+00	2.53097e+01	2.3e+00
5.47569e+03	1.0e+00	2.32755e+01	1.8e+00
5.47922e+03	1.0e+00	2.15300e+01	1.9e+00
5.48274e+03	1.0e+00	2.16244e+01	1.7e+00
5.48627e+03	1.0e+00	2.33621e+01	1.7e+00
5.48979e+03	1.0e+00	2.93881e+01	4.3e+00
5.49332e+03	1.0e+00	3.02358e+01	2.4e+00
5.49684e+03	1.0e+00	4.08089e+01	1.9e+00
5.50037e+03	1.0e+00	4.21375e+01	2.5e+00
5.50389e+03	1.0e+00	3.27630e+01	2.3e+00
5.50741e+03	1.0e+00	2.85113e+01	2.9e+00
5.51094e+03	1.0e+00	2.99403e+01	1.6e+00
5.51446e+03	1.0e+00	2.57209e+01	3.2e+00
5.51798e+03	1.0e+00	2.07057e+01	2.3e+00
5.52150e+03	1.0e+00	2.14214e+01	1.8e+00
5.52502e+03	1.0e+00	1.99359e+01	2.0e+00
5.52854e+03	1.0e+00	2.65213e+01	3.0e+00
5.53206e+03	1.0e+00	2.62170e+01	2.7e+00
5.53558e+03	1.0e+00	1.97963e+01	2.3e+00
5.53910e+03	1.0e+00	2.96649e+01	2.1e+00
5.54262e+03	1.0e+00	3.03227e+01	2.6e+00
5.54613e+03	1.0e+00	2.53789e+01	2.4e+00
5.54965e+03	1.0e+00	2.88087e+01	1.9e+00
5.55317e+03	1.0e+00	3.35700e+01	2.5e+00
5.55668e+03	1.0e+00	3.84338e+01	1.8e+00
5.56020e+03	1.0e+00	4.72865e+01	2.5e+00
5.56372e+03	1.0e+00	5.25449e+01	4.0e+00
5.56723e+03	1.0e+00	4.38775e+01	2.5e+00
5.57074e+03	1.0e+00	3.70616e+01	2.6e+00
5.57426e+03	1.0e+00	4.33626e+01	2.3e+00
5.57777e+03	1.0e+00	4.51460e+01	2.9e+00
5.58129e+03	1.0e+00	4.39612e+01	4.2e+00
5.58480e+03	1.0e+00	4.87781e+01	1.9e+00
5.58831e+03	1.0e+00	4.82961e+01	3.5e+00
5.59182e+03	1.0e+00	4.92889e+01	2.4e+00
5.59533e+03	1.0e+00	4.87135e+01	3.7e+00
5.59884e+03	1.0e+00	6.09659e+01	8.0e-01
5.60235e+03	1.0e+00	7.43448e+01	2.3e+00
5.60586e+03	1.0e+00	8.18359e+01	4.8e+00
5.60937e+03	1.0e+00	8.88180e+01	2.4e+00
5.61288e+03	1.0e+00	7.48312e+01	3.1e+00
5.61639e+03	1.0e+00	5.08063e+01	1.5e+00
5.61990e+03	1.0e+00	2.91354e+01	1.9e+00
5.62340e+03	1.0e+00	2.17694e+01	1.7e+00
5.62691e+03	1.0e+00	2.48436e+01	1.8e+00
5.63041e+03	1.0e+00	2.45498e+01	2.2e+00
5.63392e+03	1.0e+00	2.61999e+01	1.4e+00
5.63743e+03	1.0e+00	2.86408e+01	2.8e+00
5.64093e+03	1.0e+00	2.84858e+01	2.8e+00
5.64443e+03	1.0e+00	2.96206e+01	1.6e+00
5.64794e+03	1.0e+00	2.97667e+01	2.2e+00
5.65144e+03	1.0e+00	3.69253e+01	2.7e+00
5.65494e+03	1.0e+00	3.88002e+01	2.1e+00
5.65844e+03	1.0e+00	3.95534e+01	2.9e+00
5.66194e+03	1.0e+00	3.61572e+01	3.5e+00
5.66544e+03	1.0e+00	3.43802e+01	1.9e+00
5.66895e+03	1.0e+00	3.81143e+01	1.6e+00
5.67244e+03	1.0e+00	3.64816e+01	2.2e+00
5.67594e+03	1.0e+00	3.84645e+01	2.5e+00
5.67944e+03	1.0e+00	4.24595e+01	2.1e+00
5.68294e+03	1.0e+00	4.40917e+01	2.1e+00
5.68644e+03	1.0e+00	4.06417e+01	3.2e+00
5.68993e+03	1.0e+00	4.65500e+01	3.8e+00
5.69343e+03	1.0e+00	4.11113e+01	2.5e+00
5.69693e+03	1.0e+00	4.18549e+01	3.2e+00
5.70042e+03	1.0e+00	3.87094e+01	2.9e+00
5.70392e+03	1.0e+00	3.53116e+01	1.8e+00
5.70741e+03	1.0e+00	3.12091e+01	3.4e+00
5.71090e+03	1.0e+00	3.15751e+01	2.3e+00
5.71440e+03	1.0e+00	2.75150e+01	3.1e+00
5.71789e+03	1.0e+00	2.55150e+01	2.0e+00
5.72138e+03	1.0e+00	2.47902e+01	2.2e+00
5.72487e+03	1.0e+00	1.97865e+01	2.8e+00
5.72836e+03	1.0e+00	2.26817e+01	2.4e+00
5.73185e+03	1.0e+00	2.32001e+01	1.4e+00
5.73534e+03	1.0e+00	2.08176e+01	2.3e+00
5.73883e+03	1.0e+00	2.66381e+01	2.0e+00
5.74232e+03	1.0e+00	2.85287e+01	2.0e+00
5.74580e+03	1.0e+00	2.82623e+01	2.4e+00
5.74929e+03	1.0e+00	2.64934e+01	1.9e+00
5.75278e+03	1.0e+00	2.33684e+01	1.1e+00
5.75626e+03	1.0e+00	2.42813e+01	1.9e+00
5.75975e+03	1.0e+00	2.31681e+01	4.0e+00
5.76323e+03	1.0e+00	2.46038e+01	1.8e+00
5.76672e+03	1.0e+00	3.62675e+01	2.1e+00
5.77020e+03	1.0e+00	3.74654e+01	3.2e+00
5.77368e+03	1.0e+00	3.31677e+01	2.3e+00
5.77716e+03	1.0e+00	2.69310e+01	1.9e+00
5.78065e+03	1.0e+00	2.39508e+01	2.7e+00
5.78413e+03	1.0e+00	2.01055e+01	1.6e+00
5.78761e+03	1.0e+00	2.38553e+01	2.0e+00
5.79109e+03	1.0e+00	2.73630e+01	1.3e+00
5.79457e+03	1.0e+00	2.42666e+01	2.1e+00
5.79804e+03	1.0e+00	2.44732e+01	1.6e+00
5.80152e+03	1.0e+00	2.61676e+01	1.1e+00
5.80500e+03	1.0e+00	2.45635e+01	3.3e+00
5.80847e+03	1.0e+00	2.08207e+01	2.0e+00
5.81195e+03	1.0e+00	2.34786e+01	1.9e+00
5.81543e+03	1.0e+00	2.80580e+01	1.2e+00
5.81890e+03	1.0e+00	2.85265e+01	1.6e+00
5.82237e+03	1.0e+00	2.97599e+01	1.4e+00
5.82585e+03	1.0e+00	2.91865e+01	2.3e+00
5.82932e+03	1.0e+00	2.80902e+01	2.1e+00
5.83279e+03	1.0e+00	2.80957e+01	2.3e+00
5.83626e+03	1.0e+00	2.96687e+01	1.6e+00
5.83973e+03	1.0e+00	3.28167e+01	1.5e+00
5.84320e+03	1.0e+00	6.13659e+01	3.1e+00
5.84667e+03	1.0e+00	1.32223e+02	5.3e+00
5.85014e+03	1.0e+00	3.69369e+02	2.1e+01
5.85361e+03	1.0e+00	1.04646e+03	3.4e+01
5.85708e+03	1.0e+00	1.28120e+03	1.1e+01
5.86054e+03	1.0e+00	1.03789e+03	1.4e+01
5.86401e+03	1.0e+00	4.69582e+02	1.6e+01
5.86748e+03	1.0e+00	3.94132e+01	6.5e+00
5.87094e+03	1.0e+00	3.77969e+01	1.9e+00
5.87440e+03	1.0e+00	4.22740e+01	2.7e+00
5.87787e+03	1.0e+00	6.13184e+01	3.4e+00
5.88133e+03	1.0e+00	7.24431e+01	2.5e+00
5.88479e+03	1.0e+00	9.50140e+01	2.6e+00
5.88825e+03	1.0e+00	8.05014e+01	3.8e+00
5.89171e+03	1.0e+00	6.27774e+01	1.8e+00
5.89517e+03	1.0e+00	3.96923e+01	1.7e+00
5.89863e+03	1.0e+00	2.54748e+01	2.7e+00
5.90209e+03	1.0e+00	2.65542e+01	3.0e+00
5.90555e+03	1.0e+00	2.97075e+01	2.8e+00
5.90901e+03	1.0e+00	3.06962e+01	2.2e+00
5.91246e+03	1.0e+00	4.03671e+01	2.0e+00
5.91592e+03	1.0e+00	3.96191e+01	2.7e+00
5.91937e+03	1.0e+00	3.90374e+01	2.7e+00
5.92283e+03	1.0e+00	2.81370e+01	2.7e+00
5.92628e+03	1.0e+00	2.29145e+01	9.5e-01
5.92973e+03	1.0e+00	2.43840e+01	2.8e+00
5.93319e+03	1.0e+00	2.42286e+01	3.1e+00
5.93664e+03	1.0e+00	2.74979e+01	2.0e+00
5.94009e+03	1.0e+00	3.51850e+01	3.1e+00
5.94354e+03	1.0e+00	5.43662e+01	3.1e+00
5.94699e+03	1.0e+00	1.00654e+02	4.5e+00
5.95044e+03	1.0e+00	1.02618e+02	4.5e+00
5.95389e+03	1.0e+00	7.28689e+01	2.6e+00
5.95733e+03	1.0e+00	3.40254e+01	2.4e+00
5.96078e+03	9.9e-01	1.86231e+01	1.6e+00
5.96422e+03	9.9e-01	1.78628e+01	2.0e+00
5.96767e+03	9.9e-01	2.05950e+01	1.5e+00
5.97111e+03	9.9e-01	2.36619e+01	1.7e+00
5.97456e+03	9.9e-01	2.87064e+01	2.9e+00
5.97800e+03	9.9e-01	3.53052e+01	2.9e+00
5.98144e+03	9.9e-01	4.09936e+01	1.5e+00
5.98488e+03	9.9e-01	3.36403e+01	1.7e+00
5.98832e+03	9.9e-01	3.03222e+01	2.2e+00
5.99176e+03	9.9e-01	2.76694e+01	1.6e+00
5.99520e+03	9.9e-01	2.69635e+01	2.1e+00
5.99864e+03	9.9e-01	2.80623e+01	1.5e+00
6.00208e+03	9.9e-01	2.53379e+01	1.7e+00
6.00552e+03	9.9e-01	2.44816e+01	1.9e+00
6.00895e+03	9.9e-01	2.34169e+01	2.0e+00
6.01239e+03	9.9e-01	2.62311e+01	2.1e+00
6.01582e+03	9.9e-01	2.97906e+01	2.0e+00
6.01926e+03	9.9e-01	2.75086e+01	2.1e+00
6.02269e+03	9.9e-01	3.00047e+01	2.0e+00
6.02612e+03	9.9e-01	3.42315e+01	1.5e+00
6.02955e+03	9.9e-01	5.26478e+01	1.6e+00
6.03298e+03	9.9e-01	8.75036e+01	2.8e+00
6.03641e+03	9.9e-01	8.93313e+01	1.7e+00
6.03984e+03	9.9e-01	7.67428e+01	2.1e+00
6.04327e+03	9.9e-01	5.70850e+01	1.7e+00
6.04670e+03	9.9e-01	4.26579e+01	1.9e+00
6.05013e+03	9.9e-01	4.29721e+01	2.4e+00
6.05355e+03	9.9e-01	4.07508e+01	2.0e+00
6.05698e+03	9.9e-01	3.46500e+01	3.9e+00
6.06040e+03	9.9e-01	4.05384e+01	1.3e+00
6.06382e+03	9.9e-01	4.17236e+01	3.1e+00
6.06725e+03	9.9e-01	4.46746e+01	2.4e+00
6.07067e+03	9.9e-01	5.50509e+01	1.9e+00
6.07409e+03	9.9e-01	8.64946e+01	4.0e+00
6.07751e+03	9.9e-01	1.18185e+02	4.4e+00
6.08093e+03	9.9e-01	1.07798e+02	2.5e+00
6.08435e+03	9.9e-01	7.00399e+01	2.5e+00
6.08777e+03	9.9e-01	3.29269e+01	1.7e+00
6.09119e+03	9.9e-01	3.42836e+01	3.0e+00
6.09460e+03	9.9e-01	6.71418e+01	3.4e+00
6.09802e+03	9.9e-01	1.35478e+02	4.9e+00
6.10143e+03	9.9e-01	1.41082e+02	3.2e+00
6.10485e+03	9.9e-01	9.92871e+01	2.8e+00
6.10826e+03	9.9e-01	4.75164e+01	2.9e+00
6.11167e+03	9.8e-01	2.47002e+01	2.3e+00
6.11508e+03	9.8e-01	2.59049e+01	8.7e-01
6.11850e+03	9.8e-01	2.46504e+01	2.0e+00
6.12191e+03	9.8e-01	2.84247e+01	1.5e+00
6.12531e+03	9.8e-01	2.11829e+01	2.2e+00
6.12872e+03	9.8e-01	2.13487e+01	1.9e+00
6.13213e+03	9.8e-01	2.37534e+01	2.9e+00
6.13554e+03	9.8e-01	3.67838e+01	2.2e+00
6.13894e+03	9.8e-01	5.07040e+01	3.0e+00
6.14235e+03	9.8e-01	1.24772e+02	4.5e+00
6.14575e+03	9.8e-01	1.87240e+02	7.0e+00
6.14916e+03	9.8e-01	1.67662e+02	5.2e+00
6.15256e+03	9.8e-01	1.12535e+02	6.3e+00
6.15596e+03	9.8e-01	3.33717e+01	4.2e+00
6.15936e+03	9.8e-01	2.96955e+01	2.5e+00
6.16276e+03	9.8e-01	5.52394e+01	1.1e+00
6.16616e+03	9.8e-01	6.96471e+01	2.5e+00
6.16956e+03	9.8e-01	7.03318e+01	4.3e+00
6.17296e+03	9.8e-01	5.88619e+01	3.8e+00
6.17635e+03	9.8e-01	3.08453e+01	3.0e+00
6.17975e+03	9.8e-01	2.42970e+01	1.9e+00
6.18314e+03	9.8e-01	1.87320e+01	1.4e+00
6.18654e+03	9.8e-01	1.77598e+01	1.6e+00
6.18993e+03	9.8e-01	1.59926e+01	1.7e+00
6.19332e+03	9.8e-01	1.18075e+01	1.7e+00
6.19671e+03	9.8e-01	1.18654e+01	1.8e+00
6.20010e+03	9.8e-01	1.12459e+01	8.5e-01
6.20349e+03	9.8e-01	1.39024e+01	1.5e+00
6.20688e+03	9.8e-01	1.42042e+01	8.5e-01
6.21027e+03	9.8e-01	1.42778e+01	1.1e+00
6.21366e+03	9.8e-01	2.64923e+01	1.3e+00
6.21704e+03	9.8e-01	3.74644e+01	2.3e+00
6.22043e+03	9.8e-01	4.06706e+01	1.1e+00
6.22381e+03	9.8e-01	3.22606e+01	2.4e+00
6.22720e+03	9.8e-01	2.03143e+01	2.1e+00
6.23058e+03	9.8e-01	1.29356e+01	1.5e+00
6.23396e+03	9.8e-01	1.42759e+01	6.9e-01
6.23734e+03	9.8e-01	1.34088e+01	1.4e+00
6.24072e+03	9.8e-01	1.30413e+01	1.8e+00
6.24410e+03	9.8e-01	1.48406e+01	1.1e+00
6.24748e+03	9.8e-01	1.62328e+01	1.2e+00
6.25086e+03	9.7e-01	1.59981e+01	1.7e+00
6.25423e+03	9.7e-01	1.44369e+01	1.8e+00
6.25761e+03	9.7e-01	2.08673e+01	1.8e+00
6.26098e+03	9.7e-01	3.07694e+01	3.5e+00
6.26436e+03	9.7e-01	7.33652e+01	1.9e+00
6.26773e+03	9.7e-01	1.11939e+02	3.6e+00
6.27110e+03	9.7e-01	1.04964e+02	4.4e+00
6.27447e+03	9.7e-01	7.15981e+01	3.3e+00
6.27784e+03	9.7e-01	2.05522e+01	1.6e+00
6.28121e+03	9.7e-01	1.27093e+01	1.4e+00
6.28458e+03	9.7e-01	1.45642e+01	1.9e+00
6.28795e+03	9.7e-01	1.73506e+01	2.5e+00
6.29131e+03	9.7e-01	1.34575e+01	1.9e+00
6.29468e+03	9.7e-01	1.51509e+01	1.6e+00
6.29804e+03	9.7e-01	1.90270e+01	1.8e+00
6.30141e+03	9.7e-01	2.76013e+01	1.3e+00
6.30477e+03	9.7e-01	3.95401e+01	2.8e+00
6.30813e+03	9.7e-01	3.57157e+01	2.0e+00
6.31149e+03	9.7e-01	3.39038e+01	7.5e-01
6.31485e+03	9.7e-01	1.87129e+01	1.3e+00
6.31821e+03	9.7e-01	1.45356e+01	1.9e+00
6.32157e+03	9.7e-01	1.51183e+01	1.9e+00
6.32492e+03	9.7e-01	2.00869e+01	2.9e+00
6.32828e+03	9.7e-01	2.58896e+01	2.0e+00
6.33163e+03	9.7e-01	4.64663e+01	2.9e+00
6.33499e+03	9.7e-01	6.62031e+01	2.8e+00
6.33834e+03	9.7e-01	6.50323e+01	2.9e+00
6.34169e+03	9.7e-01	4.47147e+01	2.9e+00
6.34505e+03	9.7e-01	1.34457e+01	1.4e+00
6.34840e+03	9.7e-01	1.53266e+01	1.4e+00
6.35175e+03	9.7e-01	1.04206e+01	1.2e+00
6.35509e+03	9.7e-01	1.15023e+01	1.4e+00
6.35844e+03	9.7e-01	1.22216e+01	8.5e-01
6.36179e+03	9.7e-01	1.12839e+01	1.1e+00
6.36513e+03	9.7e-01	1.26523e+01	1.1e+00
6.36848e+03	9.7e-01	1.75244e+01	1.8e+00
6.37182e+03	9.7e-01	2.55353e+01	1.8e+00
6.37516e+03	9.6e-01	2.98148e+01	1.7e+00
6.37851e+03	9.6e-01	5.99959e+01	4.5e+00
6.38185e+03	9.6e-01	1.05171e+02	2.7e+00
6.38519e+03	9.6e-01	1.09878e+02	4.9e+00
6.38853e+03	9.6e-01	9.91211e+01	2.1e+00
6.39186e+03	9.6e-01	5.34883e+01	2.8e+00
6.39520e+03	9.6e-01	6.20548e+01	3.1e+00
6.39854e+03	9.6e-01	1.54109e+02	7.7e+00
6.40187e+03	9.6e-01	2.20656e+02	4.7e+00
6.40520e+03	9.6e-01	2.14539e+02	2.5e+00
6.40854e+03	9.6e-01	1.44994e+02	3.3e+00
6.41187e+03	9.6e-01	4.39820e+01	3.9e+00
6.41520e+03	9.6e-01	3.27613e+01	2.4e+00
6.41853e+03	9.6e-01	2.92201e+01	2.1e+00
6.42186e+03	9.6e-01	2.67426e+01	2.3e+00
6.42519e+03	9.6e-01	1.30250e+01	1.6e+00
6.42851e+03	9.6e-01	1.21355e+01	1.2e+00
6.43184e+03	9.6e-01	1.90288e+01	1.1e+00
6.43516e+03	9.6e-01	1.59497e+01	1.4e+00
6.43849e+03	9.6e-01	1.70142e+01	1.7e+00
6.44181e+03	9.6e-01	1.58973e+01	2.0e+00
6.44513e+03	9.6e-01	1.58927e+01	3.2e+00
6.44845e+03	9.6e-01	1.18072e+01	2.1e+00
6.45177e+03	9.6e-01	1.27121e+01	1.3e+00
6.45509e+03	9.6e-01	1.26299e+01	1.2e+00
6.45841e+03	9.6e-01	1.16370e+01	2.0e+00
6.46173e+03	9.6e-01	1.45538e+01	1.7e+00
6.46504e+03	9.6e-01	1.64432e+01	2.9e+00
6.46836e+03	9.6e-01	2.05716e+01	1.8e+00
6.47167e+03	9.6e-01	1.84276e+01	1.8e+00
6.47498e+03	9.6e-01	1.41330e+01	2.7e+00
6.47830e+03	9.6e-01	2.23054e+01	2.5e+00
6.48161e+03	9.6e-01	1.56419e+01	2.9e+00
6.48492e+03	9.6e-01	1.68847e+01	2.4e+00
6.48822e+03	9.5e-01	1.78654e+01	1.9e+00
6.49153e+03	9.5e-01	2.10447e+01	2.1e+00
6.49484e+03	9.5e-01	2.61164e+01	1.9e+00
6.49814e+03	9.5e-01	4.07175e+01	2.0e+00
6.50145e+03	9.5e-01	8.01602e+01	4.1e+00
6.50475e+03	9.5e-01	1.04920e+02	2.2e+00
6.50805e+03	9.5e-01	9.62473e+01	3.5e+00
6.51136e+03	9.5e-01	6.05863e+01	2.0e+00
6.51466e+03	9.5e-01	2.28723e+01	2.1e+00
6.51795e+03	9.5e-01	1.15803e+01	2.7e+00
6.52125e+03	9.5e-01	1.98476e+01	1.1e+00
6.52455e+03	9.5e-01	2.83199e+01	2.1e+00
6.52785e+03	9.5e-01	4.47287e+01	3.6e+00
6.53114e+03	9.5e-01	4.57733e+01	1.5e+00
6.53443e+03	9.5e-01	4.10130e+01	1.7e+00
6.53773e+03	9.5e-01	2.84970e+01	2.7e+00
6.54102e+03	9.5e-01	1.75650e+01	1.3e+00
6.54431e+03	9.5e-01	2.16401e+01	1.7e+00
6.54760e+03	9.5e-01	3.67010e+01	2.0e+00
6.55089e+03	9.5e-01	6.00096e+01	3.6e+00
6.55418e+03	9.5e-01	1.22704e+02	4.3e+00
6.55746e+03	9.5e-01	2.43714e+02	6.2e+00
6.56075e+03	9.5e-01	2.67440e+02	4.4e+00
6.56403e+03	9.5e-01	2.29283e+02	6.9e+00
6.56732e+03	9.5e-01	1.09723e+02	4.8e+00
6.57060e+03	9.5e-01	2.42161e+01	3.0e+00
6.57388e+03	9.5e-01	2.14931e+01	1.9e+00
6.57716e+03	9.5e-01	1.91416e+01	9.2e-01
6.58044e+03	9.5e-01	1.80827e+01	2.1e+00
6.58372e+03	9.5e-01	2.28203e+01	1.0e+00
6.58699e+03	9.5e-01	3.34161e+01	3.2e+00
6.59027e+03	9.5e-01	4.81557e+01	2.0e+00
6.59354e+03	9.5e-01	8.23889e+01	2.8e+00
6.59682e+03	9.4e-01	8.90101e+01	4.1e+00
6.60009e+03	9.4e-01	7.38612e+01	2.5e+00
6.60336e+03	9.4e-01	3.69987e+01	2.3e+00
6.60663e+03	9.4e-01	1.97998e+01	9.1e-01
6.60990e+03	9.4e-01	2.18899e+01	2.8e+00
6.61317e+03	9.4e-01	1.68093e+01	2.2e+00
6.61643e+03	9.4e-01	2.09510e+01	1.3e+00
6.61970e+03	9.4e-01	1.74854e+01	2.0e+00
6.62296e+03	9.4e-01	1.48595e+01	2.2e+00
6.62623e+03	9.4e-01	1.38523e+01	2.3e+00
6.62949e+03	9.4e-01	1.28054e+01	1.1e+00
6.63275e+03	9.4e-01	1.68787e+01	1.9e+00
6.63601e+03	9.4e-01	1.96041e+01	2.0e+00
6.63927e+03	9.4e-01	1.39244e+01	2.4e+00
6.64253e+03	9.4e-01	1.14167e+01	1.3e+00
6.64579e+03	9.4e-01	1.43324e+01	1.7e+00
6.64904e+03	9.4e-01	1.59511e+01	2.7e+00
6.65230e+03	9.4e-01	1.46267e+01	2.3e+00
6.65555e+03	9.4e-01	1.79706e+01	2.7e+00
6.65880e+03	9.4e-01	3.35852e+01	3.1e+00
6.66205e+03	9.4e-01	4.57446e+01	2.3e+00
6.66530e+03	9.4e-01	7.82738e+01	4.9e+00
6.66855e+03	9.4e-01	1.69191e+02	4.4e+00
6.67180e+03	9.4e-01	2.21566e+02	6.1e+00
6.67505e+03	9.4e-01	1.96525e+02	4.9e+00
6.67829e+03	9.4e-01	1.29430e+02	5.3e+00
6.68154e+03	9.4e-01	2.06983e+01	2.3e+00
6.68478e+03	9.4e-01	1.36718e+01	2.6e+00
6.68802e+03	9.4e-01	1.40675e+01	1.5e+00
6.69126e+03	9.4e-01	1.57267e+01	1.9e+00
6.69450e+03	9.4e-01	1.38820e+01	2.6e+00
6.69774e+03	9.3e-01	1.76347e+01	1.9e+00
6.70098e+03	9.3e-01	2.28290e+01	1.2e+00
6.70422e+03	9.3e-01	3.69548e+01	2.4e+00
6.70745e+03	9.3e-01	6.55226e+01	2.2e+00
6.71069e+03	9.3e-01	7.62510e+01	4.0e+00
6.71392e+03	9.3e-01	6.51416e+01	2.8e+00
6.71715e+03	9.3e-01	3.44590e+01	4.3e+00
6.72038e+03	9.3e-01	1.11043e+01	2.7e+00
6.72361e+03	9.3e-01	9.94454e+00	1.5e+00
6.72684e+03	9.3e-01	1.29453e+01	2.4e+00
6.73007e+03	9.3e-01	1.18969e+01	9.5e-01
6.73329e+03	9.3e-01	1.29124e+01	1.5e+00
6.73652e+03	9.3e-01	2.50000e+01	1.5e+00
6.73974e+03	9.3e-01	3.91590e+01	2.4e+00
6.74296e+03	9.3e-01	5.17773e+01	2.8e+00
6.74618e+03	9.3e-01	5.22873e+01	2.7e+00
6.74940e+03	9.3e-01	4.89587e+01	3.1e+00
6.75262e+03	9.3e-01	2.46201e+01	1.9e+00
6.75584e+03	9.3e-01	1.30461e+01	1.5e+00
6.75906e+03	9.3e-01	1.51702e+01	1.2e+00
6.76227e+03	9.3e-01	1.28997e+01	2.0e+00
6.76549e+03	9.3e-01	1.28204e+01	2.5e+00
6.76870e+03	9.3e-01	1.15538e+01	1.6e+00
6.77191e+03	9.3e-01	9.45695e+00	1.8e+00
6.77512e+03	9.3e-01	1.21649e+01	2.3e+00
6.77833e+03	9.3e-01	9.33104e+00	1.4e+00
6.78154e+03	9.3e-01	1.09806e+01	1.7e+00
6.78475e+03	9.3e-01	8.69091e+00	2.5e+00
6.78795e+03	9.3e-01	1.01200e+01	2.6e+00
6.79116e+03	9.2e-01	1.47817e+01	1.7e+00
6.79436e+03	9.2e-01	1.34283e+01	1.7e+00
6.79756e+03	9.2e-01	1.33931e+01	9.9e-01
6.80077e+03	9.2e-01	1.21211e+01	1.4e+00
6.80397e+03	9.2e-01	1.35130e+01	2.9e+00
6.80716e+03	9.2e-01	1.30816e+01	3.5e+00
6.81036e+03	9.2e-01	1.30759e+01	2.5e+00
6.81356e+03	9.2e-01	1.38231e+01	1.7e+00
6.81675e+03	9.2e-01	1.44827e+01	1.9e+00
6.81995e+03	9.2e-01	9.34912e+00	1.6e+00
6.82314e+03	9.2e-01	1.45492e+01	2.1e+00
6.82633e+03	9.2e-01	1.57255e+01	1.4e+00
6.82952e+03	9.2e-01	1.87927e+01	2.5e+00
6.83271e+03	9.2e-01	1.23167e+01	2.5e+00
6.83590e+03	9.2e-01	1.21047e+01	2.8e+00
6.83908e+03	9.2e-01	1.69506e+01	1.7e+00
6.84227e+03	9.2e-01	1.70198e+01	2.2e+00
6.84545e+03	9.2e-01	1.90439e+01	7.1e-01
6.84864e+03	9.2e-01	2.27658e+01	8.1e-01
6.85182e+03	9.2e-01	2.58493e+01	2.6e+00
6.85500e+03	9.2e-01	3.53746e+01	3.0e+00
6.85818e+03	9.2e-01	4.45416e+01	9.7e-01
6.86136e+03	9.2e-01	4.23671e+01	2.6e+00
6.86453e+03	9.2e-01	3.76083e+01	1.3e+00
6.86771e+03	9.2e-01	2.01009e+01	1.5e+00
6.87088e+03	9.2e-01	1.84046e+01	2.9e+00
6.87406e+03	9.2e-01	1.64447e+01	2.7e+00
6.87723e+03	9.2e-01	1.79511e+01	2.0e+00
6.88040e+03	9.2e-01	1.38179e+01	1.6e+00
6.88357e+03	9.1e-01	1.52913e+01	2.2e+00
6.88674e+03	9.1e-01	1.36131e+01	2.0e+00
6.88990e+03	9.1e-01	1.64432e+01	1.8e+00
6.89307e+03	9.1e-01	1.40215e+01	1.5e+00
6.89623e+03	9.1e-01	1.52498e+01	3.4e+00
6.89940e+03	9.1e-01	1.70914e+01	2.1e+00
6.90256e+03	9.1e-01	2.11195e+01	2.0e+00
6.90572e+03	9.1e-01	2.66380e+01	2.1e+00
6.90888e+03	9.1e-01	4.35787e+01	4.3e+00
6.91203e+03	9.1e-01	6.43753e+01	2.8e+00
6.91519e+03	9.1e-01	7.29994e+01	3.5e+00
6.91835e+03	9.1e-01	7.58804e+01	2.9e+00
6.92150e+03	9.1e-01	4.80959e+01	3.1e+00
6.92465e+03	9.1e-01	2.79533e+01	1.5e+00
6.92781e+03	9.1e-01	3.10153e+01	2.4e+00
6.93096e+03	9.1e-01	3.07752e+01	2.6e+00
6.93411e+03	9.1e-01	7.11541e+01	3.7e+00
6.93725e+03	9.1e-01	1.48008e+02	4.8e+00
6.94040e+03	9.1e-01	2.51440e+02	1.1e+01
6.94355e+03	9.1e-01	4.35244e+02	1.1e+01
6.94669e+03	9.1e-01	7.46299e+02	1.4e+01
6.94983e+03	9.1e-01	8.32482e+02	1.3e+01
6.95297e+03	9.1e-01	7.23661e+02	1.0e+01
6.95611e+03	9.1e-01	3.46442e+02	1.6e+01
6.95925e+03	9.1e-01	2.63244e+01	6.5e+00
6.96239e+03	9.1e-01	2.39661e+01	4.1e+00
6.96553e+03	9.1e-01	1.92675e+01	1.5e+00
6.96866e+03	9.0e-01	1.82500e+01	9.3e-01
6.97180e+03	9.0e-01	1.70037e+01	1.4e+00
6.97493e+03	9.0e-01	1.42086e+01	1.9e+00
6.97806e+03	9.0e-01	1.69580e+01	1.5e+00
6.98119e+03	9.0e-01	1.37300e+01	1.6e+00
6.98432e+03	9.0e-01	1.41905e+01	2.7e+00
6.98745e+03	9.0e-01	1.67626e+01	2.8e+00
6.99057e+03	9.0e-01	1.45440e+01	2.7e+00
6.99370e+03	9.0e-01	1.96467e+01	2.9e+00
6.99682e+03	9.0e-01	2.23409e+01	2.0e+00
6.99994e+03	9.0e-01	2.83297e+01	3.1e+00
7.00306e+03	9.0e-01	4.39323e+01	3.5e+00
7.00618e+03	9.0e-01	6.48427e+01	3.0e+00
7.00930e+03	9.0e-01	8.94496e+01	2.7e+00
7.01242e+03	9.0e-01	9.89939e+01	3.5e+00
7.01553e+03	9.0e-01	9.90475e+01	4.4e+00
7.01865e+03	9.0e-01	6.49746e+01	1.6e+00
7.02176e+03	9.0e-01	1.84483e+01	1.9e+00
7.02487e+03	9.0e-01	1.65224e+01	1.6e+00
7.02798e+03	9.0e-01	2.92738e+01	3.6e+00
7.03109e+03	9.0e-01	5.62755e+01	2.8e+00
7.03420e+03	9.0e-01	1.20883e+02	5.8e+00
7.03730e+03	9.0e-01	1.84403e+02	3.5e+00
7.04041e+03	9.0e-01	2.98335e+02	6.7e+00
7.04351e+03	9.0e-01	4.58434e+02	1.4e+01
7.04661e+03	9.0e-01	5.00000e+02	7.9e+00
7.04972e+03	8.9e-01	4.40126e+02	9.1e+00
7.05282e+03	8.9e-01	2.27976e+02	1.6e+01
7.05591e+03	8.9e-01	3.01975e+01	4.6e+00
7.05901e+03	8.9e-01	1.25424e+01	3.2e+00
7.06211e+03	8.9e-01	1.56770e+01	3.3e+00
7.06520e+03	8.9e-01	1.82409e+01	1.3e+00
7.06829e+03	8.9e-01	1.38509e+01	1.2e+00
7.07139e+03	8.9e-01	1.22658e+01	3.4e+00
7.07448e+03	8.9e-01	1.43507e+01	1.5e+00
7.07756e+03	8.9e-01	1.75806e+01	2.5e+00
7.08065e+03	8.9e-01	1.42473e+01	2.4e+00
7.08374e+03	8.9e-01	1.63275e+01	2.8e+00
7.08682e+03	8.9e-01	2.05730e+01	1.3e+00
7.08991e+03	8.9e-01	1.91772e+01	3.3e+00
7.09299e+03	8.9e-01	1.67842e+01	2.5e+00
7.09607e+03	8.9e-01	1.65696e+01	2.0e+00
7.09915e+03	8.9e-01	1.63452e+01	1.3e+00
7.10223e+03	8.9e-01	1.89141e+01	2.4e+00
7.10530e+03	8.9e-01	1.63384e+01	9.3e-01
7.10838e+03	8.9e-01	2.83473e+01	2.6e+00
7.11145e+03	8.9e-01	3.17770e+01	4.5e+00
7.11453e+03	8.9e-01	4.26290e+01	1.6e+00
7.11760e+03	8.9e-01	5.31903e+01	4.6e+00
7.12067e+03	8.9e-01	7.09276e+01	3.8e+00
7.12374e+03	8.9e-01	6.87816e+01	2.3e+00
7.12680e+03	8.9e-01	5.50933e+01	3.4e+00
7.12987e+03	8.8e-01	2.51317e+01	3.1e+00
7.13293e+03	8.8e-01	1.66639e+01	1.4e+00
7.13600e+03	8.8e-01	1.83210e+01	1.8e+00
7.13906e+03	8.8e-01	1.99780e+01	2.3e+00
7.14212e+03	8.8e-01	1.98139e+01	3.1e+00
7.14518e+03	8.8e-01	2.21858e+01	2.2e+00
7.14824e+03	8.8e-01	1.87654e+01	1.9e+00
7.15129e+03	8.8e-01	1.98118e+01	2.6e+00
7.15435e+03	8.8e-01	2.15090e+01	2.4e+00
7.15740e+03	8.8e-01	1.86106e+01	2.1e+00
7.16045e+03	8.8e-01	1.29362e+01	1.9e+00
7.16350e+03	8.8e-01	1.36060e+01	2.2e+00
7.16655e+03	8.8e-01	1.77010e+01	2.5e+00
7.16960e+03	8.8e-01	2.13115e+01	1.6e+00
7.17265e+03	8.8e-01	2.28693e+01	1.7e+00
7.17569e+03	8.8e-01	2.58656e+01	1.8e+00
7.17874e+03	8.8e-01	2.94571e+01	2.5e+00
7.18178e+03	8.8e-01	2.11381e+01	2.2e+00
7.18482e+03	8.8e-01	2.00374e+01	2.7e+00
7.18786e+03	8.8e-01	2.64519e+01	2.4e+00
7.19090e+03	8.8e-01	2.11047e+01	1.7e+00
7.19393e+03	8.8e-01	1.95094e+01	2.6e+00
7.19697e+03	8.8e-01	2.02449e+01	1.6e+00
7.20000e+03	8.8e-01	2.39366e+01	2.5e+00
7.20304e+03	8.8e-01	2.67923e+01	2.5e+00
7.20607e+03	8.7e-01	3.09150e+01	3.6e+00
7.20910e+03	8.7e-01	3.29612e+01	2.7e+00
7.21212e+03	8.7e-01	3.86709e+01	2.3e+00
7.21515e+03	8.7e-01	3.61593e+01	3.4e+00
7.21818e+03	8.7e-01	3.72313e+01	3.2e+00
7.22120e+03	8.7e-01	3.16693e+01	3.0e+00
7.22422e+03	8.7e-01	4.32734e+01	3.4e+00
7.22725e+03	8.7e-01	6.09823e+01	4.0e+00
7.23027e+03	8.7e-01	9.29809e+01	5.1e+00
7.23328e+03	8.7e-01	1.27138e+02	3.8e+00
7.23630e+03	8.7e-01	1.56667e+02	2.5e+00
7.23932e+03	8.7e-01	1.97220e+02	6.6e+00
7.24233e+03	8.7e-01	1.81199e+02	6.1e+00
7.24534e+03	8.7e-01	1.26958e+02	4.0e+00
7.24835e+03	8.7e-01	4.68641e+01	3.3e+00
7.25136e+03	8.7e-01	2.11687e+01	2.3e+00
7.25437e+03	8.7e-01	2.13895e+01	3.5e+00
7.25738e+03	8.7e-01	2.20157e+01	2.3e+00
7.26038e+03	8.7e-01	1.77672e+01	1.8e+00
7.26339e+03	8.7e-01	2.57547e+01	1.5e+00
7.26639e+03	8.7e-01	2.21056e+01	3.3e+00
7.26939e+03	8.7e-01	2.15886e+01	2.8e+00
7.27239e+03	8.7e-01	2.72348e+01	1.8e+00
7.27539e+03	8.7e-01	2.85942e+01	2.5e+00
7.27839e+03	8.6e-01	3.01783e+01	2.5e+00
7.28138e+03	8.6e-01	2.70567e+01	3.7e+00
7.28438e+03	8.6e-01	1.78908e+01	2.4e+00
7.28737e+03	8.6e-01	2.09084e+01	3.1e+00
7.29036e+03	8.6e-01	1.71006e+01	2.3e+00
7.29335e+03	8.6e-01	1.76633e+01	2.3e+00
7.29634e+03	8.6e-01	2.37001e+01	3.0e+00
7.29933e+03	8.6e-01	1.78030e+01	2.1e+00
7.30231e+03	8.6e-01	2.35239e+01	1.4e+00
7.30529e+03	8.6e-01	2.95951e+01	3.9e+00
7.30828e+03	8.6e-01	2.41560e+01	1.7e+00
7.31126e+03	8.6e-01	3.07098e+01	3.4e+00
7.31424e+03	8.6e-01	3.80067e+01	2.6e+00
7.31722e+03	8.6e-01	4.31256e+01	5.6e+00
7.32019e+03	8.6e-01	4.50318e+01	4.1e+00
7.32317e+03	8.6e-01	6.88056e+01	6.6e+00
7.32614e+03	8.6e-01	1.15348e+02	3.7e+00
7.32911e+03	8.6e-01	2.14083e+02	1.0e+01
7.33208e+03	8.6e-01	3.36460e+02	1.2e+01
7.33505e+03	8.6e-01	4.57526e+02	1.2e+01
7.33802e+03	8.6e-01	5.60098e+02	8.6e+00
7.34099e+03	8.6e-01	7.30309e+02	1.0e+01
7.34395e+03	8.6e-01	7.35562e+02	4.7e+00
7.34691e+03	8.6e-01	6.17589e+02	1.8e+01
7.34988e+03	8.5e-01	3.06843e+02	1.9e+01
7.35284e+03	8.5e-01	4.07645e+01	5.3e+00
7.35580e+03	8.5e-01	2.87058e+01	3.9e+00
7.35875e+03	8.5e-01	2.61603e+01	3.7e+00
7.36171e+03	8.5e-01	2.81765e+01	2.2e+00
7.36466e+03	8.5e-01	2.78486e+01	2.9e+00
7.36762e+03	8.5e-01	2.58750e+01	2.5e+00
7.37057e+03	8.5e-01	2.60879e+01	2.4e+00
7.37352e+03	8.5e-01	2.99804e+01	8.5e-01
7.37647e+03	8.5e-01	2.81181e+01	2.0e+00
7.37941e+03	8.5e-01	3.24255e+01	2.2e+00
7.38236e+03	8.5e-01	3.24730e+01	2.8e+00
7.38530e+03	8.5e-01	3.42246e+01	3.3e+00
7.38824e+03	8.5e-01	3.72071e+01	3.8e+00
7.39119e+03	8.5e-01	3.72390e+01	3.0e+00
7.39413e+03	8.5e-01	3.84795e+01	3.4e+00
7.39706e+03	8.5e-01	3.86214e+01	3.8e+00
7.40000e+03	8.5e-01	3.65633e+01	3.3e+00
7.40293e+03	8.5e-01	3.46758e+01	3.2e+00
7.40587e+03	8.5e-01	3.07660e+01	4.7e+00
7.40880e+03	8.5e-01	3.32492e+01	2.9e+00
7.41173e+03	8.5e-01	3.05062e+01	2.1e+00
7.41466e+03	8.5e-01	3.34731e+01	3.5e+00
7.41759e+03	8.4e-01	3.48686e+01	4.1e+00
7.42051e+03	8.4e-01	4.42063e+01	1.7e+00
7.42344e+03	8.4e-01	5.00793e+01	3.6e+00
7.42636e+03	8.4e-01	4.58776e+01	1.8e+00
7.42928e+03	8.4e-01	6.86483e+01	4.1e+00
7.43220e+03	8.4e-01	1.79645e+02	7.1e+00
7.43512e+03	8.4e-01	5.24242e+02	2.1e+01
7.43804e+03	8.4e-01	1.14648e+03	3.8e+01
7.44095e+03	8.4e-01	2.00619e+03	2.9e+01
7.44387e+03	8.4e-01	2.99565e+03	5.0e+01
7.44678e+03	8.4e-01	3.75925e+03	4.3e+01
7.44969e+03	8.4e-01	4.81752e+03	7.4e+01
7.45260e+03	8.4e-01	5.83071e+03	6.0e+01
7.45551e+03	8.4e-01	5.51326e+03	3.4e+01
7.45841e+03	8.4e-01	4.36465e+03	8.6e+01
7.46132e+03	8.4e-01	2.30821e+03	6.4e+01
7.46422e+03	8.4e-01	1.42593e+03	3.2e+01
7.46712e+03	8.4e-01	1.15278e+03	3.3e+01
7.47002e+03	8.4e-01	5.61643e+02	3.5e+01
7.47292e+03	8.4e-01	8.21763e+01	6.2e+00
7.47582e+03	8.4e-01	4.64447e+01	4.6e+00
7.47871e+03	8.4e-01	5.08909e+01	2.7e+00
7.48161e+03	8.4e-01	5.19906e+01	5.2e+00
7.48450e+03	8.3e-01	4.22124e+01	2.9e+00
7.48739e+03	8.3e-01	5.08423e+01	4.1e+00
7.49028e+03	8.3e-01	3.89519e+01	3.5e+00
7.49317e+03	8.3e-01	3.98916e+01	4.7e+00
7.49605e+03	8.3e-01	3.06854e+01	3.2e+00
7.49894e+03	8.3e-01	3.66127e+01	2.7e+00
7.50182e+03	8.3e-01	3.68169e+01	1.8e+00
7.50470e+03	8.3e-01	3.54895e+01	4.4e+00
7.50758e+03	8.3e-01	3.22458e+01	2.6e+00
7.51046e+03	8.3e-01	3.62247e+01	3.2e+00
7.51334e+03	8.3e-01	3.33549e+01	2.0e+00
7.51621e+03	8.3e-01	3.38541e+01	2.3e+00
7.51909e+03	8.3e-01	3.64794e+01	2.4e+00
7.52196e+03	8.3e-01	3.36161e+01	4.4e+00
7.52483e+03	8.3e-01	3.27858e+01	2.6e+00
7.52770e+03	8.3e-01	2.91996e+01	3.3e+00
7.53057e+03	8.3e-01	3.09431e+01	2.8e+00
7.53343e+03	8.3e-01	3.61577e+01	3.4e+00
7.53630e+03	8.3e-01	2.99686e+01	3.9e+00
7.53916e+03	8.3e-01	2.79781e+01	2.0e+00
7.54202e+03	8.3e-01	2.59928e+01	2.3e+00
7.54488e+03	8.3e-01	3.15546e+01	2.3e+00
7.54774e+03	8.2e-01	5.04684e+01	3.6e+00
7.55059e+03	8.2e-01	9.73820e+01	5.3e+00
7.55345e+03	8.2e-01	2.62745e+02	1.2e+01
7.55630e+03	8.2e-01	5.74571e+02	1.5e+01
7.55915e+03	8.2e-01	9.63340e+02	1.6e+01
7.56200e+03	8.2e-01	1.39216e+03	1.8e+01
7.56485e+03	8.2e-01	1.72392e+03	1.1e+01
7.56770e+03	8.2e-01	1.89227e+03	2.5e+01
7.57055e+03	8.2e-01	2.43200e+03	5.2e+01
7.57339e+03	8.2e-01	2.39142e+03	1.1e+01
7.57623e+03	8.2e-01	2.00699e+03	4.4e+01
7.57907e+03	8.2e-01	1.03384e+03	6.0e+01
7.58191e+03	8.2e-01	1.30806e+02	7.8e+00
7.58475e+03	8.2e-01	4.05199e+01	4.3e+00
7.58759e+03	8.2e-01	3.58516e+01	3.2e+00
7.59042e+03	8.2e-01	3.62836e+01	6.1e+00
7.59325e+03	8.2e-01	2.99558e+01	5.1e+00
7.59608e+03	8.2e-01	3.51120e+01	3.9e+00
