# lambda [A]	Dlambda [A]	specval [counts]	Dspecval [counts]
3.6153e+03	2.5e+00	1.53109e+04	1.9e+02
3.6190e+03	2.5e+00	1.49845e+04	1.6e+02
3.6227e+03	2.5e+00	1.53862e+04	5.0e+02
3.6264e+03	2.5e+00	1.47653e+04	2.6e+02
3.6302e+03	2.5e+00	1.64695e+04	6.4e+02
3.6339e+03	2.5e+00	1.83502e+04	5.7e+02
3.6376e+03	2.5e+00	1.81419e+04	7.7e+02
3.6413e+03	2.5e+00	1.78131e+04	3.7e+02
3.6451e+03	2.5e+00	1.81853e+04	2.1e+02
3.6488e+03	2.5e+00	1.98057e+04	4.1e+02
3.6525e+03	2.5e+00	2.09438e+04	2.7e+02
3.6562e+03	2.5e+00	2.05202e+04	8.2e+02
3.6599e+03	2.5e+00	2.50903e+04	2.0e+02
3.6637e+03	2.5e+00	2.33027e+04	6.4e+02
3.6674e+03	2.5e+00	2.64095e+04	1.8e+02
3.6711e+03	2.5e+00	2.80111e+04	4.2e+02
3.6748e+03	2.5e+00	2.87786e+04	2.0e+02
3.6785e+03	2.5e+00	2.95920e+04	5.5e+02
3.6822e+03	2.5e+00	2.96650e+04	1.0e+03
3.6860e+03	2.5e+00	3.37728e+04	8.8e+02
3.6897e+03	2.5e+00	3.60128e+04	4.2e+02
3.6934e+03	2.5e+00	3.91223e+04	1.1e+03
3.6971e+03	2.5e+00	4.37270e+04	5.1e+02
3.7008e+03	2.5e+00	4.84040e+04	5.2e+02
3.7045e+03	2.5e+00	5.22556e+04	5.1e+02
3.7083e+03	2.5e+00	4.99132e+04	5.8e+02
3.7120e+03	2.5e+00	5.18295e+04	6.1e+02
3.7157e+03	2.5e+00	5.75012e+04	4.0e+02
3.7194e+03	2.5e+00	6.81061e+04	7.0e+02
3.7231e+03	2.5e+00	7.99271e+04	2.2e+03
3.7268e+03	2.5e+00	7.46960e+04	3.0e+03
3.7305e+03	2.5e+00	6.49810e+04	7.5e+02
3.7342e+03	2.5e+00	6.99747e+04	1.6e+03
3.7380e+03	2.5e+00	7.96657e+04	1.1e+03
3.7417e+03	2.5e+00	1.04708e+05	1.1e+03
3.7454e+03	2.5e+00	1.29613e+05	3.1e+03
3.7491e+03	2.5e+00	1.42245e+05	1.2e+03
3.7528e+03	2.5e+00	1.39605e+05	1.3e+03
3.7565e+03	2.5e+00	1.25128e+05	1.2e+03
3.7602e+03	2.5e+00	1.04800e+05	8.9e+02
3.7639e+03	2.5e+00	1.03648e+05	1.9e+03
3.7676e+03	2.5e+00	1.27968e+05	4.5e+02
3.7713e+03	2.5e+00	1.72713e+05	4.0e+03
3.7750e+03	2.5e+00	2.07272e+05	3.3e+03
3.7788e+03	2.5e+00	2.47038e+05	6.2e+03
3.7825e+03	2.5e+00	2.65554e+05	2.5e+03
3.7862e+03	2.5e+00	2.67276e+05	6.3e+03
3.7899e+03	2.5e+00	2.60563e+05	3.3e+03
3.7936e+03	2.5e+00	2.42818e+05	3.6e+03
3.7973e+03	2.5e+00	2.07505e+05	3.4e+03
3.8010e+03	2.5e+00	1.62604e+05	4.1e+03
3.8047e+03	2.5e+00	1.63916e+05	1.9e+03
3.8084e+03	2.5e+00	2.10023e+05	3.2e+03
3.8121e+03	2.5e+00	2.80332e+05	2.8e+03
3.8158e+03	2.5e+00	3.48368e+05	6.5e+03
3.8195e+03	2.5e+00	3.99657e+05	7.9e+03
3.8232e+03	2.5e+00	4.38765e+05	7.0e+03
3.8269e+03	2.5e+00	4.74438e+05	5.4e+03
3.8306e+03	2.5e+00	5.13750e+05	9.0e+03
3.8343e+03	2.5e+00	5.32688e+05	7.5e+03
3.8380e+03	2.5e+00	5.35855e+05	1.1e+04
3.8417e+03	2.5e+00	5.32247e+05	1.0e+04
3.8454e+03	2.5e+00	5.09333e+05	6.2e+03
3.8491e+03	2.5e+00	4.54299e+05	1.2e+04
3.8528e+03	2.5e+00	3.92906e+05	9.9e+03
3.8565e+03	2.5e+00	3.05541e+05	6.9e+03
3.8602e+03	2.5e+00	2.65274e+05	7.6e+03
3.8639e+03	2.5e+00	2.92215e+05	2.8e+03
3.8676e+03	2.5e+00	3.96172e+05	1.0e+04
3.8713e+03	2.5e+00	5.04238e+05	1.1e+04
3.8750e+03	2.5e+00	5.98775e+05	1.5e+04
3.8786e+03	2.5e+00	6.68802e+05	6.8e+03
3.8823e+03	2.5e+00	7.36687e+05	1.9e+04
3.8860e+03	2.5e+00	7.56604e+05	1.6e+04
3.8897e+03	2.5e+00	8.05562e+05	1.4e+04
3.8934e+03	2.5e+00	8.33035e+05	2.4e+04
3.8971e+03	2.5e+00	8.35889e+05	1.8e+04
3.9008e+03	2.5e+00	8.40820e+05	1.3e+04
3.9045e+03	2.5e+00	8.04099e+05	1.4e+04
3.9082e+03	2.5e+00	8.05257e+05	2.1e+04
3.9119e+03	2.5e+00	8.29043e+05	2.4e+04
3.9156e+03	2.5e+00	8.36113e+05	1.7e+04
3.9193e+03	2.5e+00	8.36960e+05	2.2e+04
3.9229e+03	2.5e+00	8.34028e+05	1.9e+04
3.9266e+03	2.5e+00	7.94412e+05	1.3e+04
3.9303e+03	2.5e+00	7.45052e+05	1.8e+04
3.9340e+03	2.5e+00	6.73451e+05	1.1e+04
3.9377e+03	2.5e+00	5.66996e+05	1.4e+04
3.9414e+03	2.5e+00	4.30493e+05	9.2e+03
3.9451e+03	2.5e+00	3.56176e+05	7.7e+03
3.9487e+03	2.5e+00	3.60576e+05	6.4e+03
3.9524e+03	2.5e+00	4.73824e+05	4.7e+03
3.9561e+03	2.5e+00	6.12497e+05	1.2e+04
3.9598e+03	2.5e+00	7.09958e+05	1.4e+04
3.9635e+03	2.5e+00	8.04210e+05	1.6e+04
3.9672e+03	2.5e+00	8.56731e+05	1.2e+04
3.9709e+03	2.5e+00	8.97584e+05	2.9e+04
3.9745e+03	2.5e+00	9.28198e+05	1.5e+04
3.9782e+03	2.5e+00	9.16492e+05	2.2e+04
3.9819e+03	2.5e+00	9.51359e+05	2.4e+04
3.9856e+03	2.5e+00	9.43604e+05	1.7e+04
3.9893e+03	2.5e+00	9.52569e+05	1.8e+04
3.9929e+03	2.5e+00	9.51240e+05	1.6e+04
3.9966e+03	2.5e+00	9.43479e+05	2.3e+04
4.0003e+03	2.5e+00	9.44221e+05	1.9e+04
4.0040e+03	2.5e+00	9.39652e+05	1.8e+04
4.0077e+03	2.5e+00	9.44148e+05	1.7e+04
4.0113e+03	2.5e+00	9.29215e+05	1.3e+04
4.0150e+03	2.5e+00	9.54078e+05	1.4e+04
4.0187e+03	2.5e+00	9.34534e+05	1.3e+04
4.0224e+03	2.5e+00	9.27023e+05	1.8e+04
4.0260e+03	2.5e+00	9.23996e+05	1.2e+04
4.0297e+03	2.5e+00	9.10399e+05	1.6e+04
4.0334e+03	2.5e+00	8.98803e+05	1.6e+04
4.0371e+03	2.5e+00	8.76221e+05	1.5e+04
4.0407e+03	2.5e+00	8.76138e+05	1.1e+04
4.0444e+03	2.5e+00	8.63959e+05	1.7e+04
4.0481e+03	2.5e+00	8.47644e+05	1.1e+04
4.0518e+03	2.5e+00	8.32967e+05	1.4e+04
4.0554e+03	2.5e+00	8.11555e+05	9.3e+03
4.0591e+03	2.5e+00	7.84217e+05	1.1e+04
4.0628e+03	2.5e+00	7.57617e+05	8.3e+03
4.0665e+03	2.5e+00	7.14995e+05	8.9e+03
4.0701e+03	2.5e+00	6.47453e+05	1.1e+04
4.0738e+03	2.5e+00	5.59536e+05	6.6e+03
4.0775e+03	2.5e+00	4.56290e+05	8.8e+03
4.0811e+03	2.5e+00	3.51392e+05	8.3e+03
4.0848e+03	2.5e+00	3.12845e+05	1.8e+03
4.0885e+03	2.5e+00	3.58814e+05	6.1e+03
4.0921e+03	2.5e+00	4.65390e+05	2.8e+03
4.0958e+03	2.5e+00	5.54514e+05	7.7e+03
4.0995e+03	2.5e+00	6.36862e+05	6.7e+03
4.1031e+03	2.5e+00	6.81456e+05	1.5e+04
4.1068e+03	2.5e+00	7.14786e+05	1.1e+04
4.1105e+03	2.5e+00	7.24212e+05	1.5e+04
4.1141e+03	2.5e+00	7.43022e+05	1.1e+04
4.1178e+03	2.5e+00	7.59739e+05	6.9e+03
4.1215e+03	2.5e+00	7.68255e+05	1.1e+04
4.1251e+03	2.5e+00	7.72920e+05	1.4e+04
4.1288e+03	2.5e+00	7.75128e+05	1.3e+04
4.1325e+03	2.5e+00	7.78312e+05	9.9e+03
4.1361e+03	2.5e+00	7.82114e+05	1.6e+04
4.1398e+03	2.5e+00	7.74718e+05	1.0e+04
4.1435e+03	2.5e+00	7.73157e+05	1.1e+04
4.1471e+03	2.5e+00	7.75043e+05	1.0e+04
4.1508e+03	2.5e+00	7.74567e+05	1.2e+04
4.1544e+03	2.5e+00	7.66697e+05	1.4e+04
4.1581e+03	2.5e+00	7.69259e+05	1.2e+04
4.1618e+03	2.5e+00	7.63895e+05	1.1e+04
4.1654e+03	2.5e+00	7.59076e+05	7.4e+03
4.1691e+03	2.5e+00	7.65555e+05	8.6e+03
4.1727e+03	2.5e+00	7.58862e+05	1.2e+04
4.1764e+03	2.5e+00	7.63130e+05	9.3e+03
4.1800e+03	2.5e+00	7.58975e+05	5.6e+03
4.1837e+03	2.5e+00	7.60997e+05	1.4e+04
4.1874e+03	2.5e+00	7.52952e+05	7.8e+03
4.1910e+03	2.5e+00	7.53436e+05	8.1e+03
4.1947e+03	2.5e+00	7.51424e+05	8.9e+03
4.1983e+03	2.5e+00	7.50281e+05	6.2e+03
4.2020e+03	2.5e+00	7.44523e+05	1.2e+04
4.2056e+03	2.5e+00	7.47860e+05	6.2e+03
4.2093e+03	2.5e+00	7.36096e+05	1.2e+04
4.2129e+03	2.5e+00	7.41091e+05	9.4e+03
4.2166e+03	2.5e+00	7.26202e+05	8.8e+03
4.2203e+03	2.5e+00	7.23023e+05	8.5e+03
4.2239e+03	2.5e+00	7.27552e+05	1.1e+04
4.2276e+03	2.5e+00	7.22673e+05	6.2e+03
4.2312e+03	2.5e+00	7.31685e+05	8.2e+03
4.2349e+03	2.5e+00	7.23187e+05	8.2e+03
4.2385e+03	2.5e+00	7.15827e+05	7.7e+03
4.2422e+03	2.5e+00	7.20413e+05	9.2e+03
4.2458e+03	2.5e+00	7.18408e+05	5.9e+03
4.2495e+03	2.5e+00	7.12812e+05	9.2e+03
4.2531e+03	2.5e+00	7.11563e+05	1.2e+04
4.2568e+03	2.5e+00	6.99696e+05	1.1e+04
4.2604e+03	2.5e+00	7.05800e+05	1.1e+04
4.2641e+03	2.5e+00	7.00676e+05	1.1e+04
4.2677e+03	2.5e+00	6.96696e+05	8.4e+03
4.2713e+03	2.5e+00	6.98397e+05	1.2e+04
4.2750e+03	2.5e+00	6.92845e+05	1.1e+04
4.2786e+03	2.5e+00	6.83754e+05	1.0e+04
4.2823e+03	2.5e+00	6.70085e+05	8.5e+03
4.2859e+03	2.5e+00	6.67773e+05	1.1e+04
4.2896e+03	2.5e+00	6.48673e+05	8.8e+03
4.2932e+03	2.5e+00	6.49652e+05	1.1e+04
4.2969e+03	2.5e+00	6.39730e+05	1.1e+04
4.3005e+03	2.5e+00	6.30963e+05	7.8e+03
4.3041e+03	2.5e+00	6.20955e+05	1.4e+04
4.3078e+03	2.5e+00	5.96456e+05	8.7e+03
4.3114e+03	2.5e+00	5.74212e+05	5.6e+03
4.3151e+03	2.5e+00	5.43789e+05	8.2e+03
4.3187e+03	2.5e+00	4.85488e+05	7.0e+03
4.3224e+03	2.5e+00	4.21729e+05	4.9e+03
4.3260e+03	2.5e+00	3.38547e+05	4.3e+03
4.3296e+03	2.5e+00	2.74858e+05	4.8e+03
4.3333e+03	2.5e+00	2.64574e+05	3.3e+03
4.3369e+03	2.5e+00	3.12322e+05	5.3e+03
4.3405e+03	2.5e+00	3.88663e+05	6.4e+03
4.3442e+03	2.5e+00	4.59887e+05	5.1e+03
4.3478e+03	2.5e+00	5.04633e+05	7.5e+03
4.3515e+03	2.5e+00	5.41194e+05	8.0e+03
4.3551e+03	2.5e+00	5.66218e+05	8.1e+03
4.3587e+03	2.5e+00	5.82231e+05	6.6e+03
4.3624e+03	2.5e+00	5.87798e+05	7.4e+03
4.3660e+03	2.5e+00	5.91024e+05	8.0e+03
4.3696e+03	2.5e+00	5.97660e+05	6.4e+03
4.3733e+03	2.5e+00	5.95881e+05	8.9e+03
4.3769e+03	2.5e+00	5.90972e+05	6.6e+03
4.3805e+03	2.5e+00	5.95958e+05	8.0e+03
4.3842e+03	2.5e+00	5.89804e+05	9.3e+03
4.3878e+03	2.5e+00	5.94730e+05	6.7e+03
4.3914e+03	2.5e+00	5.93217e+05	1.1e+04
4.3951e+03	2.5e+00	5.97128e+05	9.8e+03
4.3987e+03	2.5e+00	5.91272e+05	1.0e+04
4.4023e+03	2.5e+00	5.92481e+05	1.0e+04
4.4060e+03	2.5e+00	5.83522e+05	9.1e+03
4.4096e+03	2.5e+00	5.78394e+05	7.9e+03
4.4132e+03	2.5e+00	5.73723e+05	8.0e+03
4.4168e+03	2.5e+00	5.80120e+05	9.3e+03
4.4205e+03	2.5e+00	5.76345e+05	7.9e+03
4.4241e+03	2.5e+00	5.78439e+05	7.8e+03
4.4277e+03	2.5e+00	5.74929e+05	6.6e+03
4.4314e+03	2.5e+00	5.70872e+05	6.5e+03
4.4350e+03	2.5e+00	5.62291e+05	5.6e+03
4.4386e+03	2.5e+00	5.55819e+05	7.6e+03
4.4422e+03	2.5e+00	5.53875e+05	6.9e+03
4.4459e+03	2.5e+00	5.52229e+05	7.0e+03
4.4495e+03	2.5e+00	5.50401e+05	6.8e+03
4.4531e+03	2.5e+00	5.44951e+05	7.3e+03
4.4567e+03	2.5e+00	5.47313e+05	4.0e+03
4.4604e+03	2.5e+00	5.42882e+05	5.5e+03
4.4640e+03	2.5e+00	5.33657e+05	7.8e+03
4.4676e+03	2.5e+00	5.32594e+05	7.5e+03
4.4712e+03	2.5e+00	5.18731e+05	5.4e+03
4.4748e+03	2.5e+00	5.16970e+05	6.6e+03
4.4785e+03	2.5e+00	5.13593e+05	6.9e+03
4.4821e+03	2.5e+00	5.21267e+05	5.2e+03
4.4857e+03	2.5e+00	5.22125e+05	5.1e+03
4.4893e+03	2.5e+00	5.24029e+05	4.0e+03
4.4929e+03	2.5e+00	5.18604e+05	6.9e+03
4.4966e+03	2.5e+00	5.20670e+05	6.5e+03
4.5002e+03	2.5e+00	5.17783e+05	5.5e+03
4.5038e+03	2.5e+00	5.14382e+05	5.4e+03
4.5074e+03	2.5e+00	5.10150e+05	5.1e+03
4.5110e+03	2.5e+00	5.09913e+05	6.2e+03
4.5147e+03	2.5e+00	5.04336e+05	5.2e+03
4.5183e+03	2.5e+00	5.00804e+05	5.1e+03
4.5219e+03	2.5e+00	4.96471e+05	5.5e+03
4.5255e+03	2.5e+00	4.92030e+05	4.4e+03
4.5291e+03	2.5e+00	4.92454e+05	6.5e+03
4.5327e+03	2.5e+00	4.89216e+05	6.0e+03
4.5363e+03	2.5e+00	4.89399e+05	6.7e+03
4.5400e+03	2.5e+00	4.86798e+05	6.8e+03
4.5436e+03	2.5e+00	4.76623e+05	9.0e+03
4.5472e+03	2.5e+00	4.73694e+05	8.8e+03
4.5508e+03	2.5e+00	4.67962e+05	6.3e+03
4.5544e+03	2.5e+00	4.69922e+05	4.4e+03
4.5580e+03	2.5e+00	4.70683e+05	8.2e+03
4.5616e+03	2.5e+00	4.64759e+05	7.7e+03
4.5652e+03	2.5e+00	4.62772e+05	7.2e+03
4.5689e+03	2.5e+00	4.60910e+05	6.6e+03
4.5725e+03	2.5e+00	4.56908e+05	5.3e+03
4.5761e+03	2.5e+00	4.52009e+05	4.8e+03
4.5797e+03	2.5e+00	4.51244e+05	5.8e+03
4.5833e+03	2.5e+00	4.45676e+05	6.0e+03
4.5869e+03	2.5e+00	4.43174e+05	6.4e+03
4.5905e+03	2.5e+00	4.45299e+05	4.9e+03
4.5941e+03	2.5e+00	4.44621e+05	5.2e+03
4.5977e+03	2.5e+00	4.42619e+05	5.9e+03
4.6013e+03	2.5e+00	4.43494e+05	4.2e+03
4.6049e+03	2.5e+00	4.38433e+05	4.6e+03
4.6085e+03	2.5e+00	4.33757e+05	4.6e+03
4.6121e+03	2.5e+00	4.28907e+05	4.2e+03
4.6157e+03	2.5e+00	4.29862e+05	3.8e+03
4.6193e+03	2.5e+00	4.25531e+05	4.3e+03
4.6230e+03	2.5e+00	4.20907e+05	4.4e+03
4.6266e+03	2.5e+00	4.22109e+05	3.9e+03
4.6302e+03	2.5e+00	4.17424e+05	4.7e+03
4.6338e+03	2.5e+00	4.16927e+05	3.9e+03
4.6374e+03	2.5e+00	4.15824e+05	5.1e+03
4.6410e+03	2.5e+00	4.12324e+05	5.2e+03
4.6446e+03	2.5e+00	4.10532e+05	4.0e+03
4.6482e+03	2.5e+00	4.09553e+05	3.6e+03
4.6518e+03	2.5e+00	4.04835e+05	4.1e+03
4.6554e+03	2.5e+00	4.02080e+05	4.5e+03
4.6590e+03	2.5e+00	4.01466e+05	4.1e+03
4.6626e+03	2.5e+00	4.01170e+05	3.7e+03
4.6662e+03	2.5e+00	3.98175e+05	3.7e+03
4.6698e+03	2.5e+00	3.95563e+05	4.2e+03
4.6734e+03	2.5e+00	3.94153e+05	5.1e+03
4.6770e+03	2.5e+00	3.90338e+05	3.4e+03
4.6805e+03	2.5e+00	3.92791e+05	3.9e+03
4.6841e+03	2.5e+00	3.84248e+05	3.9e+03
4.6877e+03	2.5e+00	3.84894e+05	4.2e+03
4.6913e+03	2.5e+00	3.87108e+05	2.8e+03
4.6949e+03	2.5e+00	3.82121e+05	3.6e+03
4.6985e+03	2.5e+00	3.78495e+05	2.9e+03
4.7021e+03	2.5e+00	3.80984e+05	5.6e+03
4.7057e+03	2.5e+00	3.76772e+05	3.2e+03
4.7093e+03	2.5e+00	3.76235e+05	3.0e+03
4.7129e+03	2.5e+00	3.76058e+05	4.0e+03
4.7165e+03	2.5e+00	3.72405e+05	2.2e+03
4.7201e+03	2.5e+00	3.70220e+05	3.3e+03
4.7237e+03	2.5e+00	3.69152e+05	2.8e+03
4.7273e+03	2.5e+00	3.64325e+05	2.8e+03
4.7308e+03	2.5e+00	3.60730e+05	3.5e+03
4.7344e+03	2.5e+00	3.58536e+05	3.2e+03
4.7380e+03	2.5e+00	3.56060e+05	3.3e+03
4.7416e+03	2.5e+00	3.57132e+05	5.0e+03
4.7452e+03	2.5e+00	3.51843e+05	2.6e+03
4.7488e+03	2.5e+00	3.50333e+05	3.7e+03
4.7524e+03	2.5e+00	3.45214e+05	2.8e+03
4.7560e+03	2.5e+00	3.47568e+05	3.7e+03
4.7596e+03	2.5e+00	3.43418e+05	2.4e+03
4.7631e+03	2.5e+00	3.41194e+05	3.0e+03
4.7667e+03	2.5e+00	3.34538e+05	1.9e+03
4.7703e+03	2.5e+00	3.34527e+05	2.3e+03
4.7739e+03	2.5e+00	3.30214e+05	2.7e+03
4.7775e+03	2.5e+00	3.29412e+05	3.7e+03
4.7811e+03	2.5e+00	3.27448e+05	2.6e+03
4.7846e+03	2.5e+00	3.26254e+05	2.8e+03
4.7882e+03	2.5e+00	3.24918e+05	2.7e+03
4.7918e+03	2.5e+00	3.22108e+05	2.8e+03
4.7954e+03	2.5e+00	3.20739e+05	3.2e+03
4.7990e+03	2.5e+00	3.17505e+05	3.8e+03
4.8026e+03	2.5e+00	3.16081e+05	2.6e+03
4.8061e+03	2.5e+00	3.15394e+05	2.5e+03
4.8097e+03	2.5e+00	3.10389e+05	2.5e+03
4.8133e+03	2.5e+00	3.08670e+05	2.7e+03
4.8169e+03	2.5e+00	3.01588e+05	2.4e+03
4.8205e+03	2.5e+00	3.00768e+05	3.1e+03
4.8240e+03	2.5e+00	2.94624e+05	2.9e+03
4.8276e+03	2.5e+00	2.92705e+05	2.5e+03
4.8312e+03	2.5e+00	2.88381e+05	3.1e+03
4.8348e+03	2.5e+00	2.81495e+05	2.4e+03
4.8383e+03	2.5e+00	2.73159e+05	2.1e+03
4.8419e+03	2.5e+00	2.61133e+05	2.0e+03
4.8455e+03	2.5e+00	2.45056e+05	2.7e+03
4.8491e+03	2.5e+00	2.21931e+05	2.0e+03
4.8527e+03	2.5e+00	1.97667e+05	1.7e+03
4.8562e+03	2.5e+00	1.66347e+05	1.5e+03
4.8598e+03	2.5e+00	1.39233e+05	1.6e+03
4.8634e+03	2.5e+00	1.33033e+05	1.0e+03
4.8669e+03	2.5e+00	1.52763e+05	8.8e+02
4.8705e+03	2.5e+00	1.83476e+05	1.2e+03
4.8741e+03	2.5e+00	2.10333e+05	1.6e+03
4.8777e+03	2.5e+00	2.27595e+05	1.7e+03
4.8812e+03	2.5e+00	2.42431e+05	1.3e+03
4.8848e+03	2.5e+00	2.51468e+05	1.7e+03
4.8884e+03	2.5e+00	2.58472e+05	2.0e+03
4.8919e+03	2.5e+00	2.62085e+05	2.3e+03
4.8955e+03	2.5e+00	2.65933e+05	1.8e+03
4.8991e+03	2.5e+00	2.69604e+05	2.1e+03
4.9027e+03	2.5e+00	2.68764e+05	1.6e+03
4.9062e+03	2.5e+00	2.67609e+05	2.2e+03
4.9098e+03	2.4e+00	2.69346e+05	1.4e+03
4.9134e+03	2.4e+00	2.68497e+05	2.2e+03
4.9169e+03	2.4e+00	2.67351e+05	1.5e+03
4.9205e+03	2.4e+00	2.66512e+05	1.6e+03
4.9241e+03	2.4e+00	2.65358e+05	1.6e+03
4.9276e+03	2.4e+00	2.62872e+05	1.5e+03
4.9312e+03	2.4e+00	2.65893e+05	1.9e+03
4.9348e+03	2.4e+00	2.65563e+05	2.2e+03
4.9383e+03	2.4e+00	2.67049e+05	1.8e+03
4.9419e+03	2.4e+00	2.66921e+05	1.4e+03
4.9454e+03	2.4e+00	2.65061e+05	1.9e+03
4.9490e+03	2.4e+00	2.61496e+05	1.5e+03
4.9526e+03	2.4e+00	2.60941e+05	1.4e+03
4.9561e+03	2.4e+00	2.60747e+05	8.4e+02
4.9597e+03	2.4e+00	2.60237e+05	1.6e+03
4.9633e+03	2.4e+00	2.57154e+05	1.2e+03
4.9668e+03	2.4e+00	2.56219e+05	1.6e+03
4.9704e+03	2.4e+00	2.54827e+05	1.7e+03
4.9739e+03	2.4e+00	2.55008e+05	2.1e+03
4.9775e+03	2.4e+00	2.52159e+05	1.8e+03
4.9811e+03	2.4e+00	2.51589e+05	1.5e+03
4.9846e+03	2.4e+00	2.48597e+05	1.5e+03
4.9882e+03	2.4e+00	2.50497e+05	1.3e+03
4.9917e+03	2.4e+00	2.48243e+05	1.7e+03
4.9953e+03	2.4e+00	2.46515e+05	1.9e+03
4.9988e+03	2.4e+00	2.44782e+05	1.8e+03
5.0024e+03	2.4e+00	2.44428e+05	1.3e+03
5.0060e+03	2.4e+00	2.43386e+05	1.6e+03
5.0095e+03	2.4e+00	2.39021e+05	1.4e+03
5.0131e+03	2.4e+00	2.38712e+05	2.0e+03
5.0166e+03	2.4e+00	2.33931e+05	1.8e+03
5.0202e+03	2.4e+00	2.32304e+05	2.0e+03
5.0237e+03	2.4e+00	2.32264e+05	1.8e+03
5.0273e+03	2.4e+00	2.33988e+05	1.8e+03
5.0308e+03	2.4e+00	2.34038e+05	1.6e+03
5.0344e+03	2.4e+00	2.31203e+05	1.9e+03
5.0379e+03	2.4e+00	2.27460e+05	1.6e+03
5.0415e+03	2.4e+00	2.28266e+05	1.7e+03
5.0450e+03	2.4e+00	2.27092e+05	1.9e+03
5.0486e+03	2.4e+00	2.24336e+05	1.3e+03
5.0521e+03	2.4e+00	2.26271e+05	1.8e+03
5.0557e+03	2.4e+00	2.21934e+05	1.5e+03
5.0592e+03	2.4e+00	2.22950e+05	1.7e+03
5.0628e+03	2.4e+00	2.22165e+05	1.7e+03
5.0663e+03	2.4e+00	2.22141e+05	2.1e+03
5.0699e+03	2.4e+00	2.19995e+05	1.7e+03
5.0734e+03	2.4e+00	2.21233e+05	1.9e+03
5.0770e+03	2.4e+00	2.18600e+05	1.6e+03
5.0805e+03	2.4e+00	2.17138e+05	1.8e+03
5.0841e+03	2.4e+00	2.15985e+05	2.0e+03
5.0876e+03	2.4e+00	2.17155e+05	1.9e+03
5.0912e+03	2.4e+00	2.15109e+05	1.3e+03
5.0947e+03	2.4e+00	2.14630e+05	1.9e+03
5.0983e+03	2.4e+00	2.12419e+05	1.4e+03
5.1018e+03	2.4e+00	2.10810e+05	1.7e+03
5.1053e+03	2.4e+00	2.10373e+05	1.4e+03
5.1089e+03	2.4e+00	2.10480e+05	1.4e+03
5.1124e+03	2.4e+00	2.08196e+05	1.5e+03
5.1160e+03	2.4e+00	2.07546e+05	1.3e+03
5.1195e+03	2.4e+00	2.05752e+05	1.8e+03
5.1231e+03	2.4e+00	2.05606e+05	1.1e+03
5.1266e+03	2.4e+00	2.04873e+05	1.3e+03
5.1301e+03	2.4e+00	2.02356e+05	1.2e+03
5.1337e+03	2.4e+00	2.01236e+05	1.3e+03
5.1372e+03	2.4e+00	1.99849e+05	1.3e+03
5.1408e+03	2.4e+00	1.99729e+05	1.2e+03
5.1443e+03	2.4e+00	1.97755e+05	9.4e+02
5.1478e+03	2.4e+00	1.97228e+05	1.2e+03
5.1514e+03	2.4e+00	1.95297e+05	1.1e+03
5.1549e+03	2.4e+00	1.93731e+05	9.8e+02
5.1584e+03	2.4e+00	1.94076e+05	5.7e+02
5.1620e+03	2.4e+00	1.91158e+05	1.1e+03
5.1655e+03	2.4e+00	1.90119e+05	1.2e+03
5.1691e+03	2.4e+00	1.86782e+05	1.0e+03
5.1726e+03	2.4e+00	1.84703e+05	8.8e+02
5.1761e+03	2.4e+00	1.84912e+05	1.1e+03
5.1797e+03	2.4e+00	1.86158e+05	1.1e+03
5.1832e+03	2.4e+00	1.86640e+05	1.1e+03
5.1867e+03	2.4e+00	1.84428e+05	1.2e+03
5.1903e+03	2.4e+00	1.84073e+05	9.5e+02
5.1938e+03	2.4e+00	1.83835e+05	1.1e+03
5.1973e+03	2.4e+00	1.83539e+05	9.5e+02
5.2009e+03	2.4e+00	1.82827e+05	1.3e+03
5.2044e+03	2.4e+00	1.81410e+05	1.4e+03
5.2079e+03	2.4e+00	1.79948e+05	1.2e+03
5.2114e+03	2.4e+00	1.79443e+05	7.9e+02
5.2150e+03	2.4e+00	1.79278e+05	1.0e+03
5.2185e+03	2.4e+00	1.75805e+05	1.3e+03
5.2220e+03	2.4e+00	1.75987e+05	1.2e+03
5.2256e+03	2.4e+00	1.74240e+05	1.3e+03
5.2291e+03	2.4e+00	1.74505e+05	1.7e+03
5.2326e+03	2.4e+00	1.71867e+05	1.3e+03
5.2361e+03	2.4e+00	1.70059e+05	1.1e+03
5.2397e+03	2.4e+00	1.69278e+05	1.4e+03
5.2432e+03	2.4e+00	1.69850e+05	1.3e+03
5.2467e+03	2.4e+00	1.68625e+05	1.4e+03
5.2502e+03	2.4e+00	1.68569e+05	1.4e+03
5.2538e+03	2.4e+00	1.67874e+05	1.2e+03
5.2573e+03	2.4e+00	1.67618e+05	1.3e+03
5.2608e+03	2.4e+00	1.65597e+05	1.2e+03
5.2643e+03	2.4e+00	1.64138e+05	1.5e+03
5.2679e+03	2.4e+00	1.63416e+05	1.0e+03
5.2714e+03	2.4e+00	1.62434e+05	1.3e+03
5.2749e+03	2.4e+00	1.60958e+05	9.6e+02
5.2784e+03	2.4e+00	1.60142e+05	1.3e+03
5.2820e+03	2.4e+00	1.57933e+05	1.3e+03
5.2855e+03	2.4e+00	1.58971e+05	1.3e+03
5.2890e+03	2.4e+00	1.58778e+05	1.3e+03
5.2925e+03	2.4e+00	1.59161e+05	1.2e+03
5.2960e+03	2.4e+00	1.57091e+05	1.1e+03
5.2996e+03	2.4e+00	1.56497e+05	1.0e+03
5.3031e+03	2.4e+00	1.56914e+05	1.1e+03
5.3066e+03	2.4e+00	1.54693e+05	1.0e+03
5.3101e+03	2.4e+00	1.53863e+05	1.1e+03
5.3136e+03	2.4e+00	1.53551e+05	1.1e+03
5.3171e+03	2.4e+00	1.51892e+05	9.1e+02
5.3207e+03	2.4e+00	1.51516e+05	1.2e+03
5.3242e+03	2.4e+00	1.51479e+05	1.1e+03
5.3277e+03	2.4e+00	1.49897e+05	1.3e+03
5.3312e+03	2.4e+00	1.49090e+05	8.2e+02
5.3347e+03	2.4e+00	1.49346e+05	1.2e+03
5.3382e+03	2.4e+00	1.49728e+05	9.9e+02
5.3418e+03	2.4e+00	1.48190e+05	7.9e+02
5.3453e+03	2.4e+00	1.48346e+05	9.4e+02
5.3488e+03	2.4e+00	1.48150e+05	5.9e+02
5.3523e+03	2.4e+00	1.48024e+05	1.0e+03
5.3558e+03	2.4e+00	1.47728e+05	1.4e+03
5.3593e+03	2.4e+00	1.45975e+05	7.7e+02
5.3628e+03	2.4e+00	1.45143e+05	8.6e+02
5.3663e+03	2.4e+00	1.44189e+05	9.1e+02
5.3698e+03	2.4e+00	1.44028e+05	1.1e+03
5.3734e+03	2.4e+00	1.43733e+05	1.2e+03
5.3769e+03	2.4e+00	1.42570e+05	1.1e+03
5.3804e+03	2.4e+00	1.43283e+05	9.9e+02
5.3839e+03	2.4e+00	1.43049e+05	7.9e+02
5.3874e+03	2.4e+00	1.41680e+05	6.5e+02
5.3909e+03	2.4e+00	1.41066e+05	6.6e+02
5.3944e+03	2.4e+00	1.40067e+05	8.0e+02
5.3979e+03	2.4e+00	1.39238e+05	8.2e+02
5.4014e+03	2.4e+00	1.38303e+05	7.2e+02
5.4049e+03	2.4e+00	1.37004e+05	7.9e+02
5.4084e+03	2.4e+00	1.36529e+05	5.9e+02
5.4119e+03	2.4e+00	1.36265e+05	8.4e+02
5.4154e+03	2.4e+00	1.35807e+05	7.3e+02
5.4189e+03	2.4e+00	1.34262e+05	8.9e+02
5.4224e+03	2.4e+00	1.34525e+05	8.5e+02
5.4260e+03	2.4e+00	1.34664e+05	9.0e+02
5.4295e+03	2.4e+00	1.32715e+05	1.1e+03
5.4330e+03	2.4e+00	1.32926e+05	9.1e+02
5.4365e+03	2.4e+00	1.32797e+05	8.6e+02
5.4400e+03	2.4e+00	1.31704e+05	1.1e+03
5.4435e+03	2.4e+00	1.31167e+05	1.0e+03
5.4470e+03	2.4e+00	1.31321e+05	1.1e+03
5.4505e+03	2.4e+00	1.29769e+05	1.0e+03
5.4540e+03	2.4e+00	1.29885e+05	1.0e+03
5.4575e+03	2.4e+00	1.29979e+05	1.1e+03
5.4610e+03	2.4e+00	1.29100e+05	8.2e+02
5.4645e+03	2.4e+00	1.28475e+05	8.1e+02
5.4680e+03	2.4e+00	1.28974e+05	9.9e+02
5.4715e+03	2.4e+00	1.27845e+05	8.5e+02
5.4749e+03	2.4e+00	1.26929e+05	1.1e+03
5.4784e+03	2.4e+00	1.25905e+05	9.1e+02
5.4819e+03	2.4e+00	1.24805e+05	7.8e+02
5.4854e+03	2.4e+00	1.24604e+05	9.0e+02
5.4889e+03	2.4e+00	1.24892e+05	8.5e+02
5.4924e+03	2.4e+00	1.25026e+05	9.3e+02
5.4959e+03	2.4e+00	1.23960e+05	7.8e+02
5.4994e+03	2.4e+00	1.24270e+05	5.5e+02
5.5029e+03	2.4e+00	1.22738e+05	5.9e+02
5.5064e+03	2.4e+00	1.22730e+05	8.5e+02
5.5099e+03	2.4e+00	1.22245e+05	8.9e+02
5.5134e+03	2.4e+00	1.21089e+05	8.4e+02
5.5169e+03	2.4e+00	1.20329e+05	8.9e+02
5.5204e+03	2.4e+00	1.21054e+05	9.2e+02
5.5239e+03	2.4e+00	1.20141e+05	6.3e+02
5.5273e+03	2.4e+00	1.19805e+05	9.8e+02
5.5308e+03	2.4e+00	1.18471e+05	1.0e+03
5.5343e+03	2.4e+00	1.17558e+05	7.3e+02
5.5378e+03	2.4e+00	1.17365e+05	7.8e+02
5.5413e+03	2.4e+00	1.17830e+05	6.9e+02
5.5448e+03	2.4e+00	1.17111e+05	9.1e+02
5.5483e+03	2.4e+00	1.16238e+05	6.5e+02
5.5518e+03	2.4e+00	1.16396e+05	7.2e+02
5.5553e+03	2.4e+00	1.16399e+05	8.4e+02
5.5587e+03	2.4e+00	1.15249e+05	8.8e+02
5.5622e+03	2.4e+00	1.14691e+05	9.6e+02
5.5657e+03	2.4e+00	1.12545e+05	6.2e+02
5.5692e+03	2.4e+00	1.13651e+05	7.9e+02
5.5727e+03	2.4e+00	1.12605e+05	8.7e+02
5.5762e+03	2.4e+00	1.11716e+05	8.1e+02
5.5796e+03	2.4e+00	1.12146e+05	5.2e+02
5.5831e+03	2.4e+00	1.11412e+05	7.3e+02
5.5866e+03	2.4e+00	1.11148e+05	7.7e+02
5.5901e+03	2.4e+00	1.10627e+05	5.4e+02
5.5936e+03	2.4e+00	1.10206e+05	7.5e+02
5.5971e+03	2.4e+00	1.10290e+05	8.0e+02
5.6005e+03	2.4e+00	1.09230e+05	7.3e+02
5.6040e+03	2.4e+00	1.09600e+05	8.6e+02
5.6075e+03	2.4e+00	1.09582e+05	1.0e+03
5.6110e+03	2.4e+00	1.09085e+05	9.4e+02
5.6145e+03	2.4e+00	1.07768e+05	9.4e+02
5.6179e+03	2.4e+00	1.07626e+05	8.6e+02
5.6214e+03	2.4e+00	1.07320e+05	1.0e+03
5.6249e+03	2.4e+00	1.07291e+05	8.0e+02
5.6284e+03	2.4e+00	1.06656e+05	6.8e+02
5.6319e+03	2.4e+00	1.06361e+05	8.1e+02
5.6353e+03	2.4e+00	1.05506e+05	7.0e+02
5.6388e+03	2.4e+00	1.06308e+05	9.0e+02
5.6423e+03	2.4e+00	1.05367e+05	9.6e+02
5.6458e+03	2.4e+00	1.03546e+05	8.0e+02
5.6492e+03	2.4e+00	1.04172e+05	9.3e+02
5.6527e+03	2.4e+00	1.03305e+05	7.6e+02
5.6562e+03	2.4e+00	1.02764e+05	9.3e+02
5.6597e+03	2.4e+00	1.03503e+05	8.9e+02
5.6631e+03	2.4e+00	1.02277e+05	9.1e+02
5.6666e+03	2.4e+00	1.02224e+05	9.7e+02
5.6701e+03	2.4e+00	1.00929e+05	1.1e+03
5.6735e+03	2.4e+00	1.00703e+05	9.0e+02
5.6770e+03	2.4e+00	9.98805e+04	8.6e+02
5.6805e+03	2.4e+00	9.95614e+04	8.1e+02
5.6840e+03	2.4e+00	9.91738e+04	9.0e+02
5.6874e+03	2.4e+00	9.85303e+04	7.6e+02
5.6909e+03	2.4e+00	9.86170e+04	7.5e+02
5.6944e+03	2.4e+00	9.81657e+04	7.0e+02
5.6978e+03	2.4e+00	9.76565e+04	8.9e+02
5.7013e+03	2.4e+00	9.80125e+04	6.8e+02
5.7048e+03	2.4e+00	9.79527e+04	6.5e+02
5.7082e+03	2.4e+00	9.75035e+04	8.6e+02
5.7117e+03	2.4e+00	9.65610e+04	8.2e+02
5.7152e+03	2.4e+00	9.54915e+04	7.5e+02
5.7186e+03	2.4e+00	9.50321e+04	8.3e+02
5.7221e+03	2.4e+00	9.52205e+04	5.0e+02
5.7256e+03	2.4e+00	9.51952e+04	6.2e+02
5.7290e+03	2.4e+00	9.47453e+04	7.9e+02
5.7325e+03	2.4e+00	9.37668e+04	7.8e+02
5.7360e+03	2.4e+00	9.35732e+04	7.9e+02
5.7394e+03	2.4e+00	9.34064e+04	6.6e+02
5.7429e+03	2.4e+00	9.32075e+04	7.1e+02
5.7463e+03	2.4e+00	9.32047e+04	8.2e+02
5.7498e+03	2.4e+00	9.28701e+04	7.0e+02
5.7533e+03	2.4e+00	9.16827e+04	7.7e+02
5.7567e+03	2.4e+00	9.16889e+04	5.8e+02
5.7602e+03	2.4e+00	9.09772e+04	4.5e+02
5.7636e+03	2.4e+00	9.18200e+04	7.0e+02
5.7671e+03	2.4e+00	9.11153e+04	6.7e+02
5.7706e+03	2.4e+00	9.09129e+04	7.0e+02
5.7740e+03	2.4e+00	9.09703e+04	6.1e+02
5.7775e+03	2.4e+00	9.07853e+04	5.0e+02
5.7809e+03	2.4e+00	9.12700e+04	6.6e+02
5.7844e+03	2.4e+00	9.01570e+04	7.0e+02
5.7879e+03	2.4e+00	8.94634e+04	6.9e+02
5.7913e+03	2.4e+00	8.92680e+04	5.9e+02
5.7948e+03	2.4e+00	8.90997e+04	7.3e+02
5.7982e+03	2.4e+00	8.92581e+04	7.0e+02
5.8017e+03	2.4e+00	8.88172e+04	7.1e+02
5.8051e+03	2.4e+00	8.92978e+04	6.3e+02
5.8086e+03	2.4e+00	8.98738e+04	6.4e+02
5.8120e+03	2.4e+00	8.86591e+04	7.1e+02
5.8155e+03	2.4e+00	8.79461e+04	5.3e+02
5.8189e+03	2.4e+00	8.82330e+04	6.6e+02
5.8224e+03	2.4e+00	8.76007e+04	5.6e+02
5.8259e+03	2.4e+00	8.83159e+04	6.0e+02
5.8293e+03	2.4e+00	8.84283e+04	7.2e+02
5.8328e+03	2.4e+00	8.86616e+04	6.9e+02
5.8362e+03	2.4e+00	8.80013e+04	7.1e+02
5.8397e+03	2.4e+00	8.81318e+04	6.8e+02
5.8431e+03	2.4e+00	8.76029e+04	8.6e+02
5.8466e+03	2.4e+00	8.74742e+04	7.7e+02
5.8500e+03	2.4e+00	8.67154e+04	8.3e+02
5.8535e+03	2.4e+00	8.62495e+04	7.2e+02
5.8569e+03	2.4e+00	8.68238e+04	7.8e+02
5.8603e+03	2.4e+00	8.71114e+04	7.7e+02
5.8638e+03	2.4e+00	8.53762e+04	8.1e+02
5.8672e+03	2.4e+00	8.56898e+04	8.2e+02
5.8707e+03	2.4e+00	8.56793e+04	9.5e+02
5.8741e+03	2.4e+00	8.49805e+04	7.9e+02
5.8776e+03	2.4e+00	8.44834e+04	8.2e+02
5.8810e+03	2.4e+00	8.38164e+04	6.9e+02
5.8845e+03	2.4e+00	8.32867e+04	5.8e+02
5.8879e+03	2.4e+00	8.22942e+04	7.2e+02
5.8914e+03	2.4e+00	8.11375e+04	7.9e+02
5.8948e+03	2.4e+00	8.09891e+04	6.1e+02
5.8982e+03	2.4e+00	8.17215e+04	5.4e+02
5.9017e+03	2.4e+00	8.14910e+04	7.4e+02
5.9051e+03	2.4e+00	8.22933e+04	7.5e+02
5.9086e+03	2.4e+00	8.21784e+04	4.9e+02
5.9120e+03	2.4e+00	8.16883e+04	7.1e+02
5.9154e+03	2.4e+00	8.11298e+04	7.4e+02
5.9189e+03	2.4e+00	8.09348e+04	6.6e+02
5.9223e+03	2.4e+00	8.02947e+04	5.9e+02
5.9258e+03	2.4e+00	8.08916e+04	6.1e+02
5.9292e+03	2.4e+00	8.12868e+04	6.4e+02
5.9326e+03	2.4e+00	8.09409e+04	3.4e+02
5.9361e+03	2.4e+00	8.03247e+04	8.7e+02
5.9395e+03	2.4e+00	7.96997e+04	6.6e+02
5.9430e+03	2.4e+00	7.96006e+04	5.6e+02
5.9464e+03	2.4e+00	7.82455e+04	7.2e+02
5.9498e+03	2.4e+00	7.93284e+04	6.0e+02
5.9533e+03	2.4e+00	7.90468e+04	7.1e+02
5.9567e+03	2.4e+00	7.89395e+04	6.6e+02
5.9601e+03	2.4e+00	7.85965e+04	7.8e+02
5.9636e+03	2.4e+00	7.90825e+04	6.8e+02
5.9670e+03	2.4e+00	7.84584e+04	6.2e+02
5.9704e+03	2.4e+00	7.83697e+04	6.9e+02
5.9739e+03	2.4e+00	7.72007e+04	4.8e+02
5.9773e+03	2.4e+00	7.70444e+04	5.5e+02
5.9807e+03	2.4e+00	7.74982e+04	6.1e+02
5.9842e+03	2.4e+00	7.72534e+04	6.5e+02
5.9876e+03	2.4e+00	7.69769e+04	6.5e+02
5.9910e+03	2.4e+00	7.65004e+04	4.1e+02
5.9945e+03	2.4e+00	7.67549e+04	5.4e+02
5.9979e+03	2.4e+00	7.63012e+04	8.2e+02
6.0013e+03	2.4e+00	7.66928e+04	5.8e+02
6.0047e+03	2.4e+00	7.60155e+04	5.1e+02
6.0082e+03	2.4e+00	7.56763e+04	5.3e+02
6.0116e+03	2.4e+00	7.59650e+04	5.9e+02
6.0150e+03	2.4e+00	7.55023e+04	5.9e+02
6.0185e+03	2.4e+00	7.48877e+04	6.8e+02
6.0219e+03	2.4e+00	7.55234e+04	6.7e+02
6.0253e+03	2.4e+00	7.48792e+04	5.2e+02
6.0287e+03	2.4e+00	7.46849e+04	6.6e+02
6.0322e+03	2.4e+00	7.46246e+04	5.9e+02
6.0356e+03	2.4e+00	7.42588e+04	7.2e+02
6.0390e+03	2.4e+00	7.42249e+04	6.7e+02
6.0424e+03	2.4e+00	7.36693e+04	5.5e+02
6.0459e+03	2.4e+00	7.32506e+04	5.6e+02
6.0493e+03	2.4e+00	7.27884e+04	5.5e+02
6.0527e+03	2.4e+00	7.31532e+04	5.8e+02
6.0561e+03	2.4e+00	7.35675e+04	6.5e+02
6.0596e+03	2.4e+00	7.22640e+04	6.7e+02
6.0630e+03	2.4e+00	7.20334e+04	5.3e+02
6.0664e+03	2.4e+00	7.27865e+04	6.7e+02
6.0698e+03	2.4e+00	7.21244e+04	5.3e+02
6.0732e+03	2.4e+00	7.19004e+04	4.6e+02
6.0767e+03	2.4e+00	7.19795e+04	6.0e+02
6.0801e+03	2.4e+00	7.14707e+04	5.3e+02
6.0835e+03	2.4e+00	7.16545e+04	6.2e+02
6.0869e+03	2.4e+00	7.14395e+04	5.1e+02
6.0903e+03	2.4e+00	7.17363e+04	5.8e+02
6.0937e+03	2.4e+00	7.13687e+04	5.2e+02
6.0972e+03	2.4e+00	7.10530e+04	4.9e+02
6.1006e+03	2.4e+00	7.00903e+04	7.0e+02
6.1040e+03	2.4e+00	7.06440e+04	4.6e+02
6.1074e+03	2.4e+00	7.09166e+04	4.8e+02
6.1108e+03	2.4e+00	7.09839e+04	5.2e+02
6.1142e+03	2.4e+00	7.09427e+04	4.2e+02
6.1177e+03	2.4e+00	7.06635e+04	5.9e+02
6.1211e+03	2.4e+00	7.08191e+04	5.0e+02
6.1245e+03	2.4e+00	7.00492e+04	5.1e+02
6.1279e+03	2.4e+00	7.00290e+04	5.1e+02
6.1313e+03	2.4e+00	6.93470e+04	4.8e+02
6.1347e+03	2.4e+00	6.93281e+04	4.8e+02
6.1381e+03	2.4e+00	6.98468e+04	4.9e+02
6.1415e+03	2.4e+00	6.92445e+04	4.1e+02
6.1450e+03	2.4e+00	6.94543e+04	4.7e+02
6.1484e+03	2.4e+00	6.94377e+04	4.4e+02
6.1518e+03	2.4e+00	6.80702e+04	5.8e+02
6.1552e+03	2.4e+00	6.81679e+04	4.3e+02
6.1586e+03	2.4e+00	6.80143e+04	3.9e+02
6.1620e+03	2.4e+00	6.82869e+04	5.5e+02
6.1654e+03	2.4e+00	6.82968e+04	7.0e+02
6.1688e+03	2.4e+00	6.75731e+04	3.7e+02
6.1722e+03	2.4e+00	6.80257e+04	4.8e+02
6.1756e+03	2.4e+00	6.74004e+04	4.2e+02
6.1790e+03	2.4e+00	6.68977e+04	4.4e+02
6.1824e+03	2.4e+00	6.70682e+04	4.5e+02
6.1858e+03	2.4e+00	6.68486e+04	5.5e+02
6.1893e+03	2.4e+00	6.67791e+04	4.6e+02
6.1927e+03	2.4e+00	6.66580e+04	3.1e+02
6.1961e+03	2.4e+00	6.60658e+04	5.7e+02
6.1995e+03	2.4e+00	6.61247e+04	5.8e+02
6.2029e+03	2.4e+00	6.58135e+04	4.8e+02
6.2063e+03	2.4e+00	6.58087e+04	5.5e+02
6.2097e+03	2.4e+00	6.52424e+04	3.6e+02
6.2131e+03	2.4e+00	6.52795e+04	5.5e+02
6.2165e+03	2.4e+00	6.58410e+04	4.7e+02
6.2199e+03	2.4e+00	6.52386e+04	3.7e+02
6.2233e+03	2.4e+00	6.55516e+04	3.0e+02
6.2267e+03	2.4e+00	6.45927e+04	4.8e+02
6.2301e+03	2.4e+00	6.47607e+04	3.2e+02
6.2335e+03	2.4e+00	6.42708e+04	4.0e+02
6.2369e+03	2.4e+00	6.39367e+04	3.2e+02
6.2403e+03	2.4e+00	6.39360e+04	3.3e+02
6.2437e+03	2.4e+00	6.33427e+04	3.4e+02
6.2471e+03	2.4e+00	6.31548e+04	3.4e+02
6.2505e+03	2.4e+00	6.36857e+04	4.4e+02
6.2539e+03	2.4e+00	6.33708e+04	5.5e+02
6.2573e+03	2.4e+00	6.33750e+04	4.0e+02
6.2607e+03	2.4e+00	6.32852e+04	3.4e+02
6.2641e+03	2.4e+00	6.28300e+04	3.0e+02
6.2674e+03	2.4e+00	6.29737e+04	3.6e+02
6.2708e+03	2.4e+00	6.19568e+04	3.7e+02
6.2742e+03	2.4e+00	6.07374e+04	5.0e+02
6.2776e+03	2.4e+00	5.94644e+04	5.1e+02
6.2810e+03	2.4e+00	5.91435e+04	3.1e+02
6.2844e+03	2.4e+00	5.98803e+04	3.1e+02
6.2878e+03	2.4e+00	6.09698e+04	4.0e+02
6.2912e+03	2.4e+00	6.10234e+04	3.9e+02
6.2946e+03	2.4e+00	5.99503e+04	3.3e+02
6.2980e+03	2.4e+00	5.99678e+04	3.8e+02
6.3014e+03	2.4e+00	6.01289e+04	2.2e+02
6.3048e+03	2.4e+00	6.02978e+04	2.2e+02
6.3082e+03	2.4e+00	6.08233e+04	3.1e+02
6.3115e+03	2.4e+00	5.97680e+04	3.1e+02
6.3149e+03	2.4e+00	6.00614e+04	2.3e+02
6.3183e+03	2.4e+00	6.10386e+04	3.4e+02
6.3217e+03	2.4e+00	6.04703e+04	3.3e+02
6.3251e+03	2.4e+00	6.06753e+04	3.6e+02
6.3285e+03	2.4e+00	6.06404e+04	1.8e+02
6.3319e+03	2.4e+00	6.09929e+04	2.7e+02
6.3353e+03	2.4e+00	6.07755e+04	2.1e+02
6.3386e+03	2.4e+00	6.08347e+04	3.7e+02
6.3420e+03	2.4e+00	5.99079e+04	2.2e+02
6.3454e+03	2.4e+00	5.97401e+04	4.4e+02
6.3488e+03	2.4e+00	5.95366e+04	3.9e+02
6.3522e+03	2.4e+00	5.96223e+04	4.8e+02
6.3556e+03	2.4e+00	5.99581e+04	3.0e+02
6.3589e+03	2.4e+00	6.00593e+04	3.5e+02
6.3623e+03	2.4e+00	5.96259e+04	4.0e+02
6.3657e+03	2.4e+00	6.00721e+04	4.6e+02
6.3691e+03	2.4e+00	5.90173e+04	2.7e+02
6.3725e+03	2.4e+00	5.89154e+04	3.0e+02
6.3758e+03	2.4e+00	5.93282e+04	3.8e+02
6.3792e+03	2.4e+00	5.90419e+04	3.8e+02
6.3826e+03	2.4e+00	5.96249e+04	3.6e+02
6.3860e+03	2.4e+00	5.90373e+04	3.2e+02
6.3894e+03	2.4e+00	5.86546e+04	3.5e+02
6.3927e+03	2.4e+00	5.89615e+04	3.1e+02
6.3961e+03	2.4e+00	5.81732e+04	3.0e+02
6.3995e+03	2.4e+00	5.78468e+04	3.4e+02
6.4029e+03	2.4e+00	5.87430e+04	2.1e+02
6.4063e+03	2.4e+00	5.89203e+04	4.2e+02
6.4096e+03	2.4e+00	5.86926e+04	3.8e+02
6.4130e+03	2.4e+00	5.86860e+04	3.7e+02
6.4164e+03	2.4e+00	5.86977e+04	2.9e+02
6.4198e+03	2.4e+00	5.81482e+04	3.4e+02
6.4231e+03	2.4e+00	5.77029e+04	3.1e+02
6.4265e+03	2.4e+00	5.79468e+04	3.8e+02
6.4299e+03	2.4e+00	5.76105e+04	4.0e+02
6.4332e+03	2.4e+00	5.71640e+04	2.4e+02
6.4366e+03	2.4e+00	5.65418e+04	3.6e+02
6.4400e+03	2.4e+00	5.69942e+04	3.7e+02
6.4434e+03	2.4e+00	5.70489e+04	3.1e+02
6.4467e+03	2.4e+00	5.69463e+04	4.7e+02
6.4501e+03	2.4e+00	5.59868e+04	2.5e+02
6.4535e+03	2.4e+00	5.60261e+04	3.0e+02
6.4568e+03	2.4e+00	5.52217e+04	2.5e+02
6.4602e+03	2.4e+00	5.64530e+04	3.1e+02
6.4636e+03	2.4e+00	5.57197e+04	3.4e+02
6.4670e+03	2.4e+00	5.50114e+04	2.6e+02
6.4703e+03	2.4e+00	5.51950e+04	3.5e+02
6.4737e+03	2.4e+00	5.54533e+04	3.1e+02
6.4771e+03	2.4e+00	5.50756e+04	2.2e+02
6.4804e+03	2.4e+00	5.46828e+04	1.0e+02
6.4838e+03	2.4e+00	5.45584e+04	2.4e+02
6.4872e+03	2.4e+00	5.47246e+04	3.6e+02
6.4905e+03	2.4e+00	5.47073e+04	3.2e+02
6.4939e+03	2.4e+00	5.44935e+04	3.4e+02
6.4973e+03	2.4e+00	5.46330e+04	2.6e+02
6.5006e+03	2.4e+00	5.45760e+04	2.0e+02
6.5040e+03	2.4e+00	5.46097e+04	1.9e+02
6.5073e+03	2.4e+00	5.43099e+04	1.6e+02
6.5107e+03	2.4e+00	5.31113e+04	1.6e+02
6.5141e+03	2.4e+00	5.28706e+04	1.3e+02
6.5174e+03	2.4e+00	5.23299e+04	8.5e+01
6.5208e+03	2.4e+00	5.26331e+04	2.5e+02
6.5242e+03	2.4e+00	5.25261e+04	2.3e+02
6.5275e+03	2.4e+00	5.17123e+04	2.1e+02
6.5309e+03	2.4e+00	5.10797e+04	4.6e+02
6.5342e+03	2.4e+00	5.02263e+04	3.4e+02
6.5376e+03	2.4e+00	4.87924e+04	2.3e+02
6.5410e+03	2.4e+00	4.72054e+04	2.1e+02
6.5443e+03	2.4e+00	4.63586e+04	3.5e+02
6.5477e+03	2.4e+00	4.35433e+04	1.2e+02
6.5510e+03	2.4e+00	4.10053e+04	3.5e+02
6.5544e+03	2.4e+00	3.66217e+04	1.3e+02
6.5577e+03	2.4e+00	3.28210e+04	1.6e+02
6.5611e+03	2.4e+00	3.05823e+04	1.5e+02
6.5645e+03	2.4e+00	3.20142e+04	7.2e+01
6.5678e+03	2.4e+00	3.65722e+04	2.3e+02
6.5712e+03	2.4e+00	4.02099e+04	1.5e+02
6.5745e+03	2.4e+00	4.31578e+04	1.5e+02
6.5779e+03	2.4e+00	4.50184e+04	1.7e+02
6.5812e+03	2.4e+00	4.65312e+04	1.5e+02
6.5846e+03	2.4e+00	4.75173e+04	2.3e+02
6.5879e+03	2.4e+00	4.89076e+04	2.0e+02
6.5913e+03	2.4e+00	4.89466e+04	1.2e+02
6.5946e+03	2.4e+00	4.93657e+04	2.1e+02
6.5980e+03	2.4e+00	4.98082e+04	2.5e+02
6.6013e+03	2.4e+00	4.99527e+04	1.8e+02
6.6047e+03	2.4e+00	4.99123e+04	1.9e+02
6.6080e+03	2.4e+00	5.00144e+04	2.7e+02
6.6114e+03	2.4e+00	4.98745e+04	1.8e+02
6.6147e+03	2.4e+00	4.98942e+04	3.7e+02
6.6181e+03	2.4e+00	5.02780e+04	2.6e+02
6.6214e+03	2.4e+00	5.01519e+04	1.5e+02
6.6248e+03	2.4e+00	5.03324e+04	3.9e+02
6.6281e+03	2.4e+00	5.01368e+04	2.5e+02
6.6315e+03	2.4e+00	4.99831e+04	4.6e+02
6.6348e+03	2.4e+00	5.02068e+04	4.0e+02
6.6382e+03	2.4e+00	5.01476e+04	2.1e+02
6.6415e+03	2.4e+00	4.97665e+04	2.3e+02
6.6449e+03	2.4e+00	5.01921e+04	3.4e+02
6.6482e+03	2.4e+00	5.02592e+04	2.1e+02
6.6515e+03	2.4e+00	5.03395e+04	1.2e+02
6.6549e+03	2.4e+00	5.00014e+04	2.9e+02
6.6582e+03	2.4e+00	5.01172e+04	3.8e+02
6.6616e+03	2.4e+00	4.99799e+04	2.2e+02
6.6649e+03	2.4e+00	4.98621e+04	2.4e+02
6.6683e+03	2.4e+00	4.96956e+04	2.5e+02
6.6716e+03	2.4e+00	4.95253e+04	1.9e+02
6.6749e+03	2.4e+00	4.95426e+04	2.1e+02
6.6783e+03	2.4e+00	4.95150e+04	1.7e+02
6.6816e+03	2.4e+00	4.98118e+04	3.6e+02
6.6850e+03	2.4e+00	5.00096e+04	3.9e+02
6.6883e+03	2.4e+00	4.96742e+04	3.3e+02
6.6916e+03	2.4e+00	4.95118e+04	1.4e+02
6.6950e+03	2.4e+00	4.91428e+04	2.4e+02
6.6983e+03	2.4e+00	4.90090e+04	4.6e+02
6.7017e+03	2.4e+00	4.87820e+04	2.6e+02
6.7050e+03	2.4e+00	4.91514e+04	1.8e+02
6.7083e+03	2.4e+00	4.92259e+04	4.5e+02
6.7117e+03	2.4e+00	4.90606e+04	2.6e+02
6.7150e+03	2.4e+00	4.88015e+04	3.7e+02
6.7183e+03	2.4e+00	4.86196e+04	3.6e+02
6.7217e+03	2.4e+00	4.88756e+04	2.8e+02
6.7250e+03	2.4e+00	4.84497e+04	4.0e+02
6.7283e+03	2.4e+00	4.84597e+04	4.5e+02
6.7317e+03	2.4e+00	4.83456e+04	2.5e+02
6.7350e+03	2.4e+00	4.80451e+04	1.2e+02
6.7383e+03	2.4e+00	4.81143e+04	2.5e+02
6.7417e+03	2.4e+00	4.81772e+04	4.3e+02
6.7450e+03	2.4e+00	4.76005e+04	2.7e+02
6.7483e+03	2.4e+00	4.78543e+04	4.3e+02
6.7517e+03	2.4e+00	4.73787e+04	3.2e+02
6.7550e+03	2.4e+00	4.69986e+04	1.8e+02
6.7583e+03	2.4e+00	4.74127e+04	3.5e+02
6.7617e+03	2.4e+00	4.71929e+04	3.6e+02
6.7650e+03	2.4e+00	4.75348e+04	6.1e+02
6.7683e+03	2.4e+00	4.76656e+04	3.6e+02
6.7716e+03	2.4e+00	4.72827e+04	4.4e+02
6.7750e+03	2.4e+00	4.68327e+04	4.2e+02
6.7783e+03	2.4e+00	4.70494e+04	3.8e+02
6.7816e+03	2.4e+00	4.71191e+04	5.1e+02
6.7849e+03	2.4e+00	4.67169e+04	3.5e+02
6.7883e+03	2.4e+00	4.63839e+04	5.3e+02
6.7916e+03	2.4e+00	4.66201e+04	5.6e+02
6.7949e+03	2.4e+00	4.63933e+04	4.4e+02
6.7983e+03	2.4e+00	4.58174e+04	4.0e+02
6.8016e+03	2.4e+00	4.59231e+04	2.2e+02
6.8049e+03	2.4e+00	4.62589e+04	3.9e+02
6.8082e+03	2.4e+00	4.56752e+04	3.1e+02
6.8115e+03	2.4e+00	4.57605e+04	3.9e+02
6.8149e+03	2.4e+00	4.53533e+04	4.2e+02
6.8182e+03	2.4e+00	4.55466e+04	2.0e+02
6.8215e+03	2.4e+00	4.55814e+04	3.8e+02
6.8248e+03	2.4e+00	4.49631e+04	2.6e+02
6.8282e+03	2.4e+00	4.47675e+04	3.6e+02
6.8315e+03	2.4e+00	4.49576e+04	5.1e+02
6.8348e+03	2.4e+00	4.47746e+04	3.2e+02
6.8381e+03	2.4e+00	4.43035e+04	4.1e+02
6.8414e+03	2.4e+00	4.47874e+04	2.8e+02
6.8447e+03	2.4e+00	4.45568e+04	5.6e+02
6.8481e+03	2.4e+00	4.39915e+04	2.9e+02
6.8514e+03	2.4e+00	4.36580e+04	2.9e+02
6.8547e+03	2.4e+00	4.33989e+04	2.7e+02
6.8580e+03	2.4e+00	4.28250e+04	4.0e+02
6.8613e+03	2.4e+00	4.09794e+04	2.2e+02
6.8647e+03	2.4e+00	3.62269e+04	3.5e+02
6.8680e+03	2.4e+00	3.12914e+04	4.3e+02
6.8713e+03	2.4e+00	2.92806e+04	3.2e+02
6.8746e+03	2.4e+00	3.16632e+04	2.1e+02
6.8779e+03	2.4e+00	3.55758e+04	3.6e+02
6.8812e+03	2.4e+00	3.78453e+04	4.1e+02
6.8845e+03	2.4e+00	3.75354e+04	5.2e+02
6.8878e+03	2.4e+00	3.59434e+04	4.1e+02
6.8912e+03	2.4e+00	3.57756e+04	6.2e+02
6.8945e+03	2.4e+00	3.60521e+04	6.2e+02
6.8978e+03	2.4e+00	3.67280e+04	2.6e+02
6.9011e+03	2.4e+00	3.74899e+04	3.8e+02
6.9044e+03	2.4e+00	3.81777e+04	4.2e+02
6.9077e+03	2.4e+00	3.83767e+04	5.8e+02
6.9110e+03	2.4e+00	3.87177e+04	4.1e+02
6.9143e+03	2.4e+00	3.96966e+04	3.1e+02
6.9176e+03	2.4e+00	4.02375e+04	3.7e+02
6.9210e+03	2.4e+00	4.00910e+04	3.0e+02
6.9243e+03	2.4e+00	4.01652e+04	5.2e+02
6.9276e+03	2.4e+00	4.02937e+04	7.2e+02
6.9309e+03	2.4e+00	4.00900e+04	7.1e+02
6.9342e+03	2.4e+00	3.95458e+04	5.5e+02
6.9375e+03	2.4e+00	3.97326e+04	7.0e+02
6.9408e+03	2.4e+00	3.99635e+04	5.2e+02
6.9441e+03	2.4e+00	3.94944e+04	6.4e+02
6.9474e+03	2.4e+00	3.99914e+04	3.5e+02
6.9507e+03	2.4e+00	3.98484e+04	7.4e+02
6.9540e+03	2.4e+00	3.98683e+04	7.0e+02
6.9573e+03	2.4e+00	3.95978e+04	4.9e+02
6.9606e+03	2.4e+00	4.03070e+04	5.9e+02
6.9639e+03	2.4e+00	4.02926e+04	7.9e+02
6.9672e+03	2.4e+00	4.01949e+04	6.1e+02
6.9705e+03	2.4e+00	4.02316e+04	3.8e+02
6.9738e+03	2.4e+00	4.03274e+04	5.1e+02
6.9771e+03	2.4e+00	4.04855e+04	6.1e+02
6.9804e+03	2.4e+00	4.00726e+04	6.0e+02
6.9837e+03	2.4e+00	3.99859e+04	4.7e+02
6.9870e+03	2.4e+00	3.92990e+04	5.0e+02
6.9903e+03	2.4e+00	3.88477e+04	3.7e+02
6.9936e+03	2.4e+00	3.89181e+04	4.2e+02
6.9969e+03	2.4e+00	3.88375e+04	4.6e+02
7.0002e+03	2.4e+00	3.87840e+04	3.8e+02
7.0035e+03	2.4e+00	3.81765e+04	6.0e+02
7.0068e+03	2.4e+00	3.84442e+04	4.9e+02
7.0101e+03	2.4e+00	3.81102e+04	4.5e+02
7.0134e+03	2.4e+00	3.81417e+04	4.5e+02
7.0167e+03	2.4e+00	3.81157e+04	6.2e+02
7.0200e+03	2.4e+00	3.83259e+04	6.2e+02
7.0233e+03	2.4e+00	3.83699e+04	5.6e+02
7.0266e+03	2.4e+00	3.80570e+04	6.9e+02
7.0299e+03	2.4e+00	3.78720e+04	7.0e+02
7.0332e+03	2.4e+00	3.78367e+04	6.9e+02
7.0365e+03	2.4e+00	3.78795e+04	6.4e+02
7.0398e+03	2.4e+00	3.74202e+04	6.3e+02
7.0430e+03	2.4e+00	3.68739e+04	5.9e+02
7.0463e+03	2.4e+00	3.68956e+04	7.3e+02
7.0496e+03	2.4e+00	3.72598e+04	6.3e+02
7.0529e+03	2.4e+00	3.72935e+04	5.0e+02
7.0562e+03	2.4e+00	3.68661e+04	4.0e+02
7.0595e+03	2.4e+00	3.69153e+04	7.0e+02
7.0628e+03	2.4e+00	3.69920e+04	4.3e+02
7.0661e+03	2.4e+00	3.66543e+04	5.3e+02
7.0694e+03	2.4e+00	3.68526e+04	8.4e+02
7.0726e+03	2.4e+00	3.63677e+04	4.7e+02
7.0759e+03	2.4e+00	3.62385e+04	6.4e+02
7.0792e+03	2.4e+00	3.63430e+04	6.1e+02
7.0825e+03	2.4e+00	3.66813e+04	5.4e+02
7.0858e+03	2.4e+00	3.62874e+04	4.5e+02
7.0891e+03	2.4e+00	3.63524e+04	4.3e+02
7.0924e+03	2.4e+00	3.63172e+04	4.5e+02
7.0957e+03	2.4e+00	3.57092e+04	5.4e+02
7.0989e+03	2.4e+00	3.57503e+04	4.1e+02
7.1022e+03	2.4e+00	3.56182e+04	5.5e+02
7.1055e+03	2.4e+00	3.50379e+04	6.3e+02
7.1088e+03	2.4e+00	3.52253e+04	5.9e+02
7.1121e+03	2.4e+00	3.48633e+04	5.4e+02
7.1154e+03	2.4e+00	3.50237e+04	7.4e+02
7.1186e+03	2.4e+00	3.49429e+04	7.2e+02
7.1219e+03	2.4e+00	3.49408e+04	5.0e+02
7.1252e+03	2.4e+00	3.50744e+04	7.3e+02
7.1285e+03	2.4e+00	3.52488e+04	7.0e+02
7.1318e+03	2.4e+00	3.47692e+04	5.6e+02
7.1350e+03	2.4e+00	3.42617e+04	6.0e+02
7.1383e+03	2.4e+00	3.40485e+04	7.5e+02
7.1416e+03	2.4e+00	3.35793e+04	6.3e+02
7.1449e+03	2.4e+00	3.36561e+04	4.8e+02
7.1481e+03	2.4e+00	3.37527e+04	5.2e+02
7.1514e+03	2.4e+00	3.36541e+04	8.6e+02
7.1547e+03	2.4e+00	3.31241e+04	5.9e+02
7.1580e+03	2.4e+00	3.29048e+04	5.5e+02
7.1613e+03	2.4e+00	3.26597e+04	5.5e+02
7.1645e+03	2.4e+00	3.23708e+04	5.1e+02
7.1678e+03	2.4e+00	3.13022e+04	5.0e+02
7.1711e+03	2.4e+00	3.03222e+04	5.9e+02
7.1744e+03	2.4e+00	2.98504e+04	5.6e+02
7.1776e+03	2.4e+00	2.90145e+04	6.6e+02
7.1809e+03	2.4e+00	2.89872e+04	5.9e+02
7.1842e+03	2.4e+00	2.84334e+04	6.2e+02
7.1874e+03	2.4e+00	2.81188e+04	5.7e+02
7.1907e+03	2.4e+00	2.76577e+04	6.8e+02
7.1940e+03	2.4e+00	2.82920e+04	6.7e+02
7.1973e+03	2.4e+00	2.82149e+04	7.1e+02
7.2005e+03	2.4e+00	2.85188e+04	5.8e+02
7.2038e+03	2.4e+00	2.83004e+04	5.9e+02
7.2071e+03	2.4e+00	2.91855e+04	6.4e+02
7.2103e+03	2.4e+00	2.96023e+04	4.9e+02
7.2136e+03	2.4e+00	2.99831e+04	5.7e+02
7.2169e+03	2.4e+00	3.06070e+04	6.8e+02
7.2201e+03	2.4e+00	3.07547e+04	7.4e+02
7.2234e+03	2.4e+00	3.01318e+04	4.7e+02
7.2267e+03	2.4e+00	2.95245e+04	6.4e+02
7.2299e+03	2.4e+00	2.92920e+04	6.7e+02
7.2332e+03	2.4e+00	2.86224e+04	7.7e+02
7.2365e+03	2.4e+00	2.78415e+04	6.8e+02
7.2397e+03	2.4e+00	2.75212e+04	6.4e+02
7.2430e+03	2.4e+00	2.78958e+04	6.4e+02
7.2463e+03	2.4e+00	2.76921e+04	5.7e+02
7.2495e+03	2.4e+00	2.74599e+04	8.6e+02
7.2528e+03	2.4e+00	2.78673e+04	5.5e+02
7.2561e+03	2.4e+00	2.80072e+04	5.7e+02
7.2593e+03	2.4e+00	2.80227e+04	6.2e+02
7.2626e+03	2.4e+00	2.77164e+04	6.3e+02
7.2658e+03	2.4e+00	2.81885e+04	4.9e+02
7.2691e+03	2.4e+00	2.76765e+04	6.8e+02
7.2724e+03	2.4e+00	2.75894e+04	5.9e+02
7.2756e+03	2.4e+00	2.71069e+04	7.4e+02
7.2789e+03	2.4e+00	2.71144e+04	6.7e+02
7.2821e+03	2.4e+00	2.78178e+04	5.9e+02
7.2854e+03	2.4e+00	2.80360e+04	6.3e+02
7.2887e+03	2.4e+00	2.77509e+04	6.2e+02
7.2919e+03	2.4e+00	2.67860e+04	6.5e+02
7.2952e+03	2.4e+00	2.69695e+04	5.9e+02
7.2984e+03	2.4e+00	2.72717e+04	5.1e+02
7.3017e+03	2.4e+00	2.76076e+04	5.9e+02
7.3049e+03	2.4e+00	2.72078e+04	7.0e+02
7.3082e+03	2.4e+00	2.67454e+04	6.3e+02
7.3115e+03	2.4e+00	2.66309e+04	6.2e+02
7.3147e+03	2.4e+00	2.69772e+04	5.3e+02
7.3180e+03	2.4e+00	2.69543e+04	4.9e+02
7.3212e+03	2.4e+00	2.68240e+04	6.2e+02
7.3245e+03	2.4e+00	2.71818e+04	5.6e+02
7.3277e+03	2.4e+00	2.74172e+04	6.8e+02
7.3310e+03	2.4e+00	2.73667e+04	7.0e+02
7.3342e+03	2.4e+00	2.68916e+04	6.5e+02
7.3375e+03	2.4e+00	2.70331e+04	5.8e+02
7.3407e+03	2.4e+00	2.73406e+04	6.8e+02
7.3440e+03	2.4e+00	2.71037e+04	6.6e+02
7.3472e+03	2.4e+00	2.66976e+04	7.2e+02
7.3505e+03	2.4e+00	2.64558e+04	6.4e+02
7.3537e+03	2.4e+00	2.67490e+04	7.3e+02
7.3570e+03	2.4e+00	2.64896e+04	7.7e+02
7.3602e+03	2.4e+00	2.65364e+04	6.9e+02
7.3635e+03	2.4e+00	2.63709e+04	7.7e+02
7.3667e+03	2.4e+00	2.60214e+04	7.0e+02
7.3700e+03	2.4e+00	2.57407e+04	7.6e+02
7.3732e+03	2.4e+00	2.60518e+04	7.1e+02
7.3765e+03	2.4e+00	2.63822e+04	7.0e+02
7.3797e+03	2.4e+00	2.56723e+04	6.8e+02
7.3830e+03	2.4e+00	2.55288e+04	6.3e+02
7.3862e+03	2.4e+00	2.59487e+04	6.2e+02
7.3895e+03	2.4e+00	2.56553e+04	7.5e+02
7.3927e+03	2.4e+00	2.57902e+04	7.7e+02
7.3959e+03	2.4e+00	2.59217e+04	6.9e+02
7.3992e+03	2.4e+00	2.58802e+04	7.6e+02
7.4024e+03	2.4e+00	2.57913e+04	6.5e+02
7.4057e+03	2.4e+00	2.55880e+04	7.5e+02
7.4089e+03	2.4e+00	2.52662e+04	7.3e+02
7.4122e+03	2.4e+00	2.51519e+04	7.1e+02
7.4154e+03	2.4e+00	2.51811e+04	7.2e+02
7.4186e+03	2.4e+00	2.52923e+04	6.7e+02
7.4219e+03	2.4e+00	2.52726e+04	6.3e+02
7.4251e+03	2.4e+00	2.52877e+04	7.3e+02
7.4284e+03	2.4e+00	2.50180e+04	7.8e+02
7.4316e+03	2.4e+00	2.45967e+04	7.2e+02
7.4348e+03	2.4e+00	2.46306e+04	7.1e+02
7.4381e+03	2.4e+00	2.47355e+04	8.0e+02
7.4413e+03	2.4e+00	2.46092e+04	8.1e+02
7.4445e+03	2.4e+00	2.44317e+04	7.0e+02
7.4478e+03	2.4e+00	2.43653e+04	6.9e+02
7.4510e+03	2.4e+00	2.41289e+04	7.4e+02
7.4543e+03	2.4e+00	2.43673e+04	7.2e+02
7.4575e+03	2.4e+00	2.43317e+04	8.4e+02
7.4607e+03	2.4e+00	2.42106e+04	7.8e+02
7.4640e+03	2.4e+00	2.42782e+04	8.6e+02
7.4672e+03	2.4e+00	2.40914e+04	8.5e+02
7.4704e+03	2.4e+00	2.39360e+04	7.2e+02
7.4737e+03	2.4e+00	2.33602e+04	8.0e+02
7.4769e+03	2.4e+00	2.36326e+04	8.7e+02
7.4801e+03	2.4e+00	2.35912e+04	8.4e+02
7.4834e+03	2.4e+00	2.37218e+04	8.9e+02
7.4866e+03	2.4e+00	2.37111e+04	8.8e+02
7.4898e+03	2.4e+00	2.29998e+04	8.9e+02
7.4931e+03	2.4e+00	2.29785e+04	9.1e+02
7.4963e+03	2.4e+00	2.31412e+04	8.4e+02
7.4995e+03	2.4e+00	2.31053e+04	7.4e+02
7.5027e+03	2.4e+00	2.28853e+04	7.6e+02
7.5060e+03	2.4e+00	2.28916e+04	7.2e+02
7.5092e+03	2.4e+00	2.24333e+04	8.4e+02
7.5124e+03	2.4e+00	2.25482e+04	7.4e+02
7.5157e+03	2.4e+00	2.27003e+04	8.8e+02
7.5189e+03	2.4e+00	2.26237e+04	8.2e+02
7.5221e+03	2.4e+00	2.23204e+04	8.4e+02
7.5253e+03	2.4e+00	2.20231e+04	9.1e+02
7.5286e+03	2.4e+00	2.25003e+04	8.5e+02
7.5318e+03	2.4e+00	2.22563e+04	8.1e+02
7.5350e+03	2.4e+00	2.23831e+04	7.9e+02
7.5382e+03	2.4e+00	2.24384e+04	8.3e+02
7.5415e+03	2.4e+00	2.19595e+04	7.8e+02
7.5447e+03	2.4e+00	2.14599e+04	9.4e+02
7.5479e+03	2.4e+00	2.23345e+04	8.6e+02
7.5511e+03	2.4e+00	2.22389e+04	9.1e+02
7.5543e+03	2.4e+00	2.19782e+04	9.2e+02
7.5576e+03	2.4e+00	2.15903e+04	8.7e+02
7.5608e+03	2.4e+00	2.12896e+04	9.2e+02
7.5640e+03	2.4e+00	2.14137e+04	9.3e+02
7.5672e+03	2.4e+00	2.14485e+04	8.6e+02
7.5705e+03	2.4e+00	2.16512e+04	9.3e+02
7.5737e+03	2.4e+00	2.15151e+04	9.1e+02
7.5769e+03	2.4e+00	2.10286e+04	8.9e+02
7.5801e+03	2.4e+00	2.09597e+04	8.8e+02
7.5833e+03	2.4e+00	2.08739e+04	8.4e+02
7.5865e+03	2.4e+00	2.05448e+04	7.9e+02
7.5898e+03	2.4e+00	1.96578e+04	7.1e+02
7.5930e+03	2.4e+00	1.81173e+04	7.0e+02
7.5962e+03	2.4e+00	1.48319e+04	6.4e+02
7.5994e+03	2.4e+00	1.08261e+04	4.8e+02
7.6026e+03	2.4e+00	6.93881e+03	2.5e+02
7.6058e+03	2.4e+00	4.50410e+03	2.1e+02
7.6091e+03	2.4e+00	3.93323e+03	1.9e+02
7.6123e+03	2.4e+00	4.50603e+03	2.2e+02
7.6155e+03	2.4e+00	6.20004e+03	2.8e+02
7.6187e+03	2.4e+00	8.43782e+03	3.5e+02
7.6219e+03	2.4e+00	1.02993e+04	5.2e+02
7.6251e+03	2.4e+00	1.09405e+04	5.4e+02
7.6283e+03	2.4e+00	1.01558e+04	4.7e+02
7.6315e+03	2.4e+00	8.94140e+03	4.7e+02
7.6348e+03	2.4e+00	8.14912e+03	3.9e+02
7.6380e+03	2.4e+00	8.24260e+03	4.6e+02
7.6412e+03	2.4e+00	9.00141e+03	5.3e+02
7.6444e+03	2.4e+00	9.65841e+03	5.1e+02
7.6476e+03	2.4e+00	1.05487e+04	5.8e+02
7.6508e+03	2.4e+00	1.13671e+04	6.8e+02
7.6540e+03	2.4e+00	1.25680e+04	7.6e+02
7.6572e+03	2.4e+00	1.33739e+04	7.1e+02
7.6604e+03	2.4e+00	1.39669e+04	7.3e+02
7.6636e+03	2.4e+00	1.44194e+04	7.2e+02
7.6668e+03	2.4e+00	1.53609e+04	7.5e+02
