# lambda [A]	Dlambda [A]	specval [counts]	Dspecval [counts]
3.7625e+03	5.3e+00	7.2346e-01	8.3e-02
3.7659e+03	5.3e+00	6.7891e-01	8.5e-02
3.7693e+03	5.2e+00	6.7139e-01	8.0e-02
3.7728e+03	5.2e+00	7.2414e-01	7.6e-02
3.7762e+03	5.2e+00	9.2972e-01	9.8e-02
3.7796e+03	5.1e+00	1.0801e+00	1.0e-01
3.7830e+03	5.1e+00	1.1805e+00	1.2e-01
3.7865e+03	5.1e+00	1.1800e+00	1.2e-01
3.7899e+03	5.0e+00	1.0729e+00	1.1e-01
3.7933e+03	5.0e+00	9.4645e-01	1.0e-01
3.7968e+03	5.0e+00	9.2345e-01	9.8e-02
3.8002e+03	5.0e+00	1.0510e+00	1.0e-01
3.8036e+03	4.9e+00	1.3253e+00	1.2e-01
3.8070e+03	4.9e+00	1.6167e+00	1.4e-01
3.8105e+03	4.9e+00	1.8601e+00	1.7e-01
3.8139e+03	4.8e+00	2.0249e+00	1.8e-01
3.8174e+03	4.8e+00	2.0399e+00	1.7e-01
3.8208e+03	4.8e+00	1.9747e+00	1.7e-01
3.8242e+03	4.8e+00	1.8687e+00	1.7e-01
3.8277e+03	4.7e+00	1.5908e+00	1.4e-01
3.8311e+03	4.7e+00	1.3560e+00	1.4e-01
3.8345e+03	4.7e+00	1.3426e+00	1.4e-01
3.8380e+03	4.7e+00	1.5868e+00	1.3e-01
3.8414e+03	4.6e+00	2.0332e+00	1.6e-01
3.8449e+03	4.6e+00	2.4623e+00	2.0e-01
3.8483e+03	4.6e+00	2.8257e+00	2.2e-01
3.8518e+03	4.6e+00	3.0446e+00	2.3e-01
3.8552e+03	4.6e+00	3.2369e+00	2.4e-01
3.8587e+03	4.5e+00	3.3712e+00	2.4e-01
3.8621e+03	4.5e+00	3.5109e+00	2.5e-01
3.8655e+03	4.5e+00	3.5810e+00	2.6e-01
3.8690e+03	4.5e+00	3.5587e+00	2.6e-01
3.8724e+03	4.5e+00	3.3709e+00	2.5e-01
3.8759e+03	4.4e+00	3.1226e+00	2.3e-01
3.8793e+03	4.4e+00	2.6950e+00	2.1e-01
3.8828e+03	4.4e+00	2.2097e+00	1.8e-01
3.8863e+03	4.4e+00	1.9476e+00	1.6e-01
3.8897e+03	4.4e+00	2.1120e+00	1.6e-01
3.8932e+03	4.4e+00	2.6860e+00	1.9e-01
3.8966e+03	4.3e+00	3.2761e+00	2.2e-01
3.9001e+03	4.3e+00	3.7815e+00	2.4e-01
3.9035e+03	4.3e+00	4.2131e+00	2.7e-01
3.9070e+03	4.3e+00	4.5103e+00	2.8e-01
3.9104e+03	4.3e+00	4.7051e+00	2.9e-01
3.9139e+03	4.3e+00	4.8702e+00	2.9e-01
3.9174e+03	4.2e+00	5.0291e+00	3.0e-01
3.9208e+03	4.2e+00	5.0812e+00	3.0e-01
3.9243e+03	4.2e+00	5.0847e+00	3.0e-01
3.9278e+03	4.2e+00	4.8899e+00	2.9e-01
3.9312e+03	4.2e+00	4.8705e+00	2.8e-01
3.9347e+03	4.2e+00	4.9513e+00	2.9e-01
3.9381e+03	4.2e+00	5.0846e+00	2.9e-01
3.9416e+03	4.2e+00	5.1097e+00	2.9e-01
3.9451e+03	4.1e+00	4.9913e+00	2.8e-01
3.9485e+03	4.1e+00	4.7813e+00	2.7e-01
3.9520e+03	4.1e+00	4.5325e+00	2.6e-01
3.9555e+03	4.1e+00	4.0569e+00	2.3e-01
3.9589e+03	4.1e+00	3.4726e+00	2.1e-01
3.9624e+03	4.1e+00	2.7470e+00	1.8e-01
3.9659e+03	4.1e+00	2.2714e+00	1.4e-01
3.9694e+03	4.1e+00	2.3564e+00	1.5e-01
3.9728e+03	4.1e+00	2.9394e+00	1.6e-01
3.9763e+03	4.1e+00	3.6246e+00	1.8e-01
3.9798e+03	4.0e+00	4.1950e+00	2.1e-01
3.9833e+03	4.0e+00	4.6039e+00	2.2e-01
3.9867e+03	4.0e+00	4.8884e+00	2.3e-01
3.9902e+03	4.0e+00	5.1145e+00	2.4e-01
3.9937e+03	4.0e+00	5.1885e+00	2.4e-01
3.9972e+03	4.0e+00	5.2449e+00	2.4e-01
4.0006e+03	4.0e+00	5.2769e+00	2.4e-01
4.0041e+03	4.0e+00	5.2879e+00	2.4e-01
4.0076e+03	4.0e+00	5.2994e+00	2.3e-01
4.0111e+03	4.0e+00	5.2979e+00	2.3e-01
4.0146e+03	4.0e+00	5.2807e+00	2.3e-01
4.0180e+03	4.0e+00	5.2370e+00	2.2e-01
4.0215e+03	3.9e+00	5.1828e+00	2.1e-01
4.0250e+03	3.9e+00	5.1353e+00	2.1e-01
4.0285e+03	3.9e+00	5.1341e+00	2.1e-01
4.0320e+03	3.9e+00	5.1206e+00	2.0e-01
4.0355e+03	3.9e+00	5.0753e+00	2.0e-01
4.0389e+03	3.9e+00	4.9836e+00	1.9e-01
4.0424e+03	3.9e+00	4.9225e+00	1.8e-01
4.0459e+03	3.9e+00	4.8814e+00	1.8e-01
4.0494e+03	3.9e+00	4.8589e+00	1.8e-01
4.0529e+03	3.9e+00	4.7940e+00	1.7e-01
4.0564e+03	3.9e+00	4.7010e+00	1.7e-01
4.0599e+03	3.9e+00	4.6521e+00	1.6e-01
4.0634e+03	3.9e+00	4.5380e+00	1.5e-01
4.0668e+03	3.9e+00	4.4651e+00	1.5e-01
4.0703e+03	3.9e+00	4.3543e+00	1.5e-01
4.0738e+03	3.9e+00	4.2068e+00	1.4e-01
4.0773e+03	3.8e+00	4.0218e+00	1.3e-01
4.0808e+03	3.8e+00	3.8171e+00	1.3e-01
4.0843e+03	3.8e+00	3.4937e+00	1.2e-01
4.0878e+03	3.8e+00	3.0629e+00	1.1e-01
4.0913e+03	3.8e+00	2.5479e+00	9.9e-02
4.0948e+03	3.8e+00	1.9957e+00	8.7e-02
4.0983e+03	3.8e+00	1.8001e+00	7.7e-02
4.1018e+03	3.8e+00	2.0090e+00	7.3e-02
4.1053e+03	3.8e+00	2.5105e+00	7.9e-02
4.1088e+03	3.8e+00	2.9654e+00	9.0e-02
4.1123e+03	3.8e+00	3.3307e+00	9.3e-02
4.1158e+03	3.8e+00	3.5331e+00	9.5e-02
4.1193e+03	3.8e+00	3.6886e+00	1.0e-01
4.1228e+03	3.8e+00	3.7620e+00	9.9e-02
4.1263e+03	3.8e+00	3.8031e+00	9.9e-02
4.1298e+03	3.8e+00	3.8403e+00	1.0e-01
4.1333e+03	3.8e+00	3.8753e+00	9.7e-02
4.1368e+03	3.8e+00	3.9089e+00	9.4e-02
4.1403e+03	3.8e+00	3.9298e+00	9.3e-02
4.1438e+03	3.7e+00	3.9249e+00	9.3e-02
4.1473e+03	3.7e+00	3.9194e+00	9.3e-02
4.1508e+03	3.7e+00	3.9258e+00	9.1e-02
4.1543e+03	3.7e+00	3.9086e+00	8.7e-02
4.1578e+03	3.7e+00	3.8837e+00	8.5e-02
4.1613e+03	3.7e+00	3.8755e+00	8.1e-02
4.1648e+03	3.7e+00	3.8296e+00	7.9e-02
4.1684e+03	3.7e+00	3.8367e+00	8.4e-02
4.1719e+03	3.7e+00	3.8113e+00	7.8e-02
4.1754e+03	3.7e+00	3.8110e+00	7.8e-02
4.1789e+03	3.7e+00	3.7935e+00	7.7e-02
4.1824e+03	3.7e+00	3.7694e+00	7.5e-02
4.1859e+03	3.7e+00	3.7646e+00	7.1e-02
4.1894e+03	3.7e+00	3.7579e+00	6.9e-02
4.1929e+03	3.7e+00	3.7234e+00	7.0e-02
4.1964e+03	3.7e+00	3.6946e+00	6.5e-02
4.2000e+03	3.7e+00	3.7103e+00	6.5e-02
4.2035e+03	3.7e+00	3.7015e+00	6.3e-02
4.2070e+03	3.7e+00	3.6655e+00	6.2e-02
4.2105e+03	3.6e+00	3.6521e+00	6.1e-02
4.2140e+03	3.6e+00	3.6485e+00	5.8e-02
4.2175e+03	3.6e+00	3.6187e+00	5.9e-02
4.2210e+03	3.6e+00	3.6073e+00	5.8e-02
4.2246e+03	3.6e+00	3.5748e+00	5.5e-02
4.2281e+03	3.6e+00	3.5451e+00	5.4e-02
4.2316e+03	3.6e+00	3.5427e+00	4.9e-02
4.2351e+03	3.6e+00	3.5332e+00	4.6e-02
4.2386e+03	3.6e+00	3.5194e+00	4.8e-02
4.2422e+03	3.6e+00	3.5034e+00	5.0e-02
4.2457e+03	3.6e+00	3.4984e+00	4.8e-02
4.2492e+03	3.6e+00	3.4898e+00	4.7e-02
4.2527e+03	3.6e+00	3.4732e+00	4.6e-02
4.2562e+03	3.6e+00	3.4592e+00	4.5e-02
4.2598e+03	3.6e+00	3.4301e+00	4.6e-02
4.2633e+03	3.6e+00	3.3939e+00	4.4e-02
4.2668e+03	3.5e+00	3.3861e+00	3.9e-02
4.2703e+03	3.5e+00	3.3539e+00	3.7e-02
4.2739e+03	3.5e+00	3.3486e+00	3.9e-02
4.2774e+03	3.5e+00	3.3295e+00	3.9e-02
4.2809e+03	3.5e+00	3.2952e+00	3.9e-02
4.2844e+03	3.5e+00	3.2691e+00	3.5e-02
4.2880e+03	3.5e+00	3.2233e+00	3.5e-02
4.2915e+03	3.5e+00	3.2027e+00	3.0e-02
4.2950e+03	3.5e+00	3.1327e+00	3.5e-02
4.2985e+03	3.5e+00	3.0974e+00	3.1e-02
4.3021e+03	3.5e+00	3.0759e+00	2.6e-02
4.3056e+03	3.5e+00	3.0220e+00	2.8e-02
4.3091e+03	3.5e+00	2.9545e+00	2.8e-02
4.3126e+03	3.5e+00	2.8650e+00	2.6e-02
4.3162e+03	3.4e+00	2.7602e+00	2.2e-02
4.3197e+03	3.4e+00	2.5890e+00	2.1e-02
4.3232e+03	3.4e+00	2.3657e+00	1.7e-02
4.3268e+03	3.4e+00	2.0897e+00	1.9e-02
4.3303e+03	3.4e+00	1.7142e+00	2.0e-02
4.3338e+03	3.4e+00	1.4059e+00	2.8e-02
4.3374e+03	3.4e+00	1.3461e+00	2.6e-02
4.3409e+03	3.4e+00	1.5712e+00	1.8e-02
4.3444e+03	3.4e+00	1.9325e+00	1.5e-02
4.3480e+03	3.4e+00	2.2030e+00	1.4e-02
4.3515e+03	3.4e+00	2.4077e+00	1.8e-02
4.3550e+03	3.4e+00	2.5845e+00	2.0e-02
4.3586e+03	3.3e+00	2.6801e+00	2.5e-02
4.3621e+03	3.3e+00	2.7451e+00	2.5e-02
4.3656e+03	3.3e+00	2.7864e+00	2.7e-02
4.3692e+03	3.3e+00	2.8089e+00	2.6e-02
4.3727e+03	3.3e+00	2.8083e+00	2.7e-02
4.3762e+03	3.3e+00	2.8061e+00	2.7e-02
4.3798e+03	3.3e+00	2.8011e+00	2.4e-02
4.3833e+03	3.3e+00	2.8035e+00	2.5e-02
4.3869e+03	3.3e+00	2.7813e+00	2.8e-02
4.3904e+03	3.3e+00	2.7750e+00	2.9e-02
4.3939e+03	3.3e+00	2.7820e+00	2.6e-02
4.3975e+03	3.3e+00	2.7860e+00	2.6e-02
4.4010e+03	3.2e+00	2.7624e+00	3.0e-02
4.4045e+03	3.2e+00	2.7438e+00	3.4e-02
4.4081e+03	3.2e+00	2.7251e+00	3.1e-02
4.4116e+03	3.2e+00	2.7175e+00	3.0e-02
4.4152e+03	3.2e+00	2.7105e+00	3.1e-02
4.4187e+03	3.2e+00	2.7158e+00	3.4e-02
4.4222e+03	3.2e+00	2.6951e+00	3.2e-02
4.4258e+03	3.2e+00	2.6924e+00	3.3e-02
4.4293e+03	3.2e+00	2.6819e+00	3.2e-02
4.4329e+03	3.2e+00	2.6646e+00	3.3e-02
4.4364e+03	3.2e+00	2.6252e+00	3.5e-02
4.4400e+03	3.1e+00	2.5981e+00	3.6e-02
4.4435e+03	3.1e+00	2.5831e+00	3.3e-02
4.4470e+03	3.1e+00	2.5817e+00	3.6e-02
4.4506e+03	3.1e+00	2.5687e+00	3.6e-02
4.4541e+03	3.1e+00	2.5546e+00	3.4e-02
4.4577e+03	3.1e+00	2.5401e+00	3.8e-02
4.4612e+03	3.1e+00	2.5183e+00	3.7e-02
4.4648e+03	3.1e+00	2.4843e+00	3.4e-02
4.4683e+03	3.1e+00	2.4848e+00	3.6e-02
4.4719e+03	3.1e+00	2.4313e+00	3.6e-02
4.4754e+03	3.1e+00	2.3960e+00	3.7e-02
4.4790e+03	3.0e+00	2.3971e+00	3.5e-02
4.4825e+03	3.0e+00	2.4086e+00	3.8e-02
4.4860e+03	3.0e+00	2.4216e+00	3.9e-02
4.4896e+03	3.0e+00	2.4133e+00	3.9e-02
4.4931e+03	3.0e+00	2.3985e+00	3.8e-02
4.4967e+03	3.0e+00	2.3869e+00	4.0e-02
4.5002e+03	3.0e+00	2.3727e+00	4.1e-02
4.5038e+03	3.0e+00	2.3677e+00	3.9e-02
4.5073e+03	3.0e+00	2.3536e+00	4.0e-02
4.5109e+03	3.0e+00	2.3431e+00	4.3e-02
4.5144e+03	2.9e+00	2.3073e+00	4.1e-02
4.5180e+03	2.9e+00	2.2920e+00	4.2e-02
4.5215e+03	2.9e+00	2.2875e+00	4.2e-02
4.5251e+03	2.9e+00	2.2744e+00	4.3e-02
4.5286e+03	2.9e+00	2.2573e+00	4.2e-02
4.5322e+03	2.9e+00	2.2342e+00	4.2e-02
4.5357e+03	2.9e+00	2.2458e+00	4.4e-02
4.5393e+03	2.9e+00	2.2366e+00	4.2e-02
4.5428e+03	2.9e+00	2.2016e+00	4.1e-02
4.5464e+03	2.9e+00	2.1762e+00	4.1e-02
4.5499e+03	2.9e+00	2.1449e+00	4.1e-02
4.5535e+03	2.8e+00	2.1548e+00	4.4e-02
4.5570e+03	2.8e+00	2.1382e+00	4.4e-02
4.5606e+03	2.8e+00	2.1311e+00	4.3e-02
4.5642e+03	2.8e+00	2.1174e+00	4.5e-02
4.5677e+03	2.8e+00	2.0992e+00	4.6e-02
4.5713e+03	2.8e+00	2.0868e+00	4.5e-02
4.5748e+03	2.8e+00	2.0783e+00	4.5e-02
4.5784e+03	2.8e+00	2.0541e+00	4.4e-02
4.5819e+03	2.8e+00	2.0362e+00	4.5e-02
4.5855e+03	2.8e+00	2.0253e+00	4.7e-02
4.5890e+03	2.8e+00	2.0302e+00	4.8e-02
4.5926e+03	2.8e+00	2.0291e+00	4.8e-02
4.5961e+03	2.7e+00	2.0164e+00	4.6e-02
4.5997e+03	2.7e+00	2.0243e+00	4.7e-02
4.6032e+03	2.7e+00	2.0095e+00	4.6e-02
4.6068e+03	2.7e+00	1.9878e+00	4.7e-02
4.6104e+03	2.7e+00	1.9612e+00	4.9e-02
4.6139e+03	2.7e+00	1.9530e+00	4.7e-02
4.6175e+03	2.7e+00	1.9424e+00	4.8e-02
4.6210e+03	2.7e+00	1.9357e+00	4.8e-02
4.6246e+03	2.7e+00	1.9204e+00	4.8e-02
4.6281e+03	2.7e+00	1.9053e+00	4.8e-02
4.6317e+03	2.7e+00	1.9034e+00	4.8e-02
4.6353e+03	2.7e+00	1.8995e+00	4.9e-02
4.6388e+03	2.7e+00	1.8898e+00	4.9e-02
4.6424e+03	2.7e+00	1.8746e+00	5.1e-02
4.6459e+03	2.6e+00	1.8569e+00	5.1e-02
4.6495e+03	2.6e+00	1.8607e+00	4.9e-02
4.6530e+03	2.6e+00	1.8352e+00	5.0e-02
4.6566e+03	2.6e+00	1.8177e+00	5.1e-02
4.6602e+03	2.6e+00	1.8167e+00	5.0e-02
4.6637e+03	2.6e+00	1.8020e+00	5.0e-02
4.6673e+03	2.6e+00	1.7925e+00	5.0e-02
4.6708e+03	2.6e+00	1.7954e+00	4.9e-02
4.6744e+03	2.6e+00	1.7734e+00	5.1e-02
4.6780e+03	2.6e+00	1.7657e+00	5.0e-02
4.6815e+03	2.6e+00	1.7613e+00	5.0e-02
4.6851e+03	2.6e+00	1.7408e+00	5.0e-02
4.6886e+03	2.6e+00	1.7300e+00	5.1e-02
4.6922e+03	2.6e+00	1.7196e+00	5.1e-02
4.6958e+03	2.6e+00	1.7079e+00	5.2e-02
4.6993e+03	2.6e+00	1.7038e+00	5.3e-02
4.7029e+03	2.6e+00	1.6895e+00	5.3e-02
4.7064e+03	2.6e+00	1.6867e+00	5.4e-02
4.7100e+03	2.6e+00	1.6752e+00	5.2e-02
4.7136e+03	2.6e+00	1.6673e+00	5.3e-02
4.7171e+03	2.6e+00	1.6637e+00	5.3e-02
4.7207e+03	2.6e+00	1.6504e+00	5.3e-02
4.7242e+03	2.6e+00	1.6400e+00	5.3e-02
4.7278e+03	2.6e+00	1.6341e+00	5.3e-02
4.7314e+03	2.6e+00	1.6210e+00	5.3e-02
4.7349e+03	2.5e+00	1.6064e+00	5.3e-02
4.7385e+03	2.5e+00	1.5922e+00	5.4e-02
4.7420e+03	2.5e+00	1.5822e+00	5.2e-02
4.7456e+03	2.5e+00	1.5790e+00	5.2e-02
4.7492e+03	2.5e+00	1.5666e+00	5.2e-02
4.7527e+03	2.5e+00	1.5586e+00	5.3e-02
4.7563e+03	2.5e+00	1.5329e+00	5.4e-02
4.7598e+03	2.5e+00	1.5278e+00	5.2e-02
4.7634e+03	2.5e+00	1.5197e+00	5.1e-02
4.7670e+03	2.5e+00	1.5032e+00	5.1e-02
4.7705e+03	2.5e+00	1.4905e+00	5.3e-02
4.7741e+03	2.6e+00	1.4879e+00	5.3e-02
4.7777e+03	2.6e+00	1.4789e+00	5.3e-02
4.7812e+03	2.6e+00	1.4723e+00	5.2e-02
4.7848e+03	2.6e+00	1.4675e+00	5.1e-02
4.7883e+03	2.6e+00	1.4552e+00	5.2e-02
4.7919e+03	2.6e+00	1.4459e+00	5.2e-02
4.7955e+03	2.6e+00	1.4325e+00	5.3e-02
4.7990e+03	2.6e+00	1.4195e+00	5.2e-02
4.8026e+03	2.6e+00	1.4139e+00	5.1e-02
4.8062e+03	2.6e+00	1.4009e+00	5.0e-02
4.8097e+03	2.6e+00	1.3875e+00	5.2e-02
4.8133e+03	2.6e+00	1.3761e+00	5.1e-02
4.8168e+03	2.6e+00	1.3553e+00	5.0e-02
4.8204e+03	2.6e+00	1.3352e+00	5.1e-02
4.8240e+03	2.6e+00	1.3244e+00	4.9e-02
4.8275e+03	2.6e+00	1.3086e+00	4.8e-02
4.8311e+03	2.6e+00	1.2748e+00	4.9e-02
4.8347e+03	2.6e+00	1.2361e+00	4.7e-02
4.8382e+03	2.6e+00	1.1835e+00	4.4e-02
4.8418e+03	2.6e+00	1.1166e+00	4.2e-02
4.8453e+03	2.6e+00	1.0305e+00	3.7e-02
4.8489e+03	2.6e+00	9.2148e-01	3.2e-02
4.8525e+03	2.7e+00	7.8841e-01	2.6e-02
4.8560e+03	2.7e+00	6.6865e-01	2.2e-02
4.8596e+03	2.7e+00	6.3903e-01	2.0e-02
4.8632e+03	2.7e+00	7.1438e-01	2.4e-02
4.8667e+03	2.7e+00	8.4959e-01	3.1e-02
4.8703e+03	2.7e+00	9.5464e-01	3.6e-02
4.8739e+03	2.7e+00	1.0310e+00	4.0e-02
4.8774e+03	2.7e+00	1.0922e+00	4.3e-02
4.8810e+03	2.7e+00	1.1313e+00	4.6e-02
4.8845e+03	2.7e+00	1.1575e+00	4.6e-02
4.8881e+03	2.7e+00	1.1748e+00	4.8e-02
4.8917e+03	2.7e+00	1.1853e+00	4.9e-02
4.8952e+03	2.8e+00	1.1976e+00	4.9e-02
4.8988e+03	2.8e+00	1.1999e+00	5.1e-02
4.9024e+03	2.8e+00	1.2029e+00	5.1e-02
4.9059e+03	2.8e+00	1.2013e+00	5.0e-02
4.9095e+03	2.8e+00	1.1960e+00	5.2e-02
4.9130e+03	2.8e+00	1.1917e+00	5.1e-02
4.9166e+03	2.8e+00	1.1767e+00	5.1e-02
4.9202e+03	2.8e+00	1.1749e+00	5.0e-02
4.9237e+03	2.9e+00	1.1767e+00	5.1e-02
4.9273e+03	2.9e+00	1.1811e+00	5.1e-02
4.9309e+03	2.9e+00	1.1771e+00	5.1e-02
4.9344e+03	2.9e+00	1.1748e+00	5.2e-02
4.9380e+03	2.9e+00	1.1649e+00	5.2e-02
4.9415e+03	2.9e+00	1.1733e+00	5.2e-02
4.9451e+03	2.9e+00	1.1653e+00	5.1e-02
4.9487e+03	2.9e+00	1.1563e+00	5.2e-02
4.9522e+03	3.0e+00	1.1505e+00	5.2e-02
4.9558e+03	3.0e+00	1.1467e+00	5.2e-02
4.9594e+03	3.0e+00	1.1382e+00	5.1e-02
4.9629e+03	3.0e+00	1.1373e+00	5.1e-02
4.9665e+03	3.0e+00	1.1292e+00	5.1e-02
4.9700e+03	3.0e+00	1.1261e+00	5.0e-02
4.9736e+03	3.0e+00	1.1186e+00	4.9e-02
4.9772e+03	3.1e+00	1.1132e+00	5.1e-02
4.9807e+03	3.1e+00	1.1035e+00	5.0e-02
4.9843e+03	3.1e+00	1.0985e+00	4.9e-02
4.9879e+03	3.1e+00	1.0976e+00	5.0e-02
4.9914e+03	3.1e+00	1.0903e+00	5.0e-02
4.9950e+03	3.1e+00	1.0812e+00	4.9e-02
4.9985e+03	3.2e+00	1.0701e+00	5.0e-02
5.0021e+03	3.2e+00	1.0673e+00	5.0e-02
5.0057e+03	3.2e+00	1.0605e+00	5.0e-02
5.0092e+03	3.2e+00	1.0520e+00	4.9e-02
5.0128e+03	3.2e+00	1.0400e+00	4.8e-02
5.0163e+03	3.2e+00	1.0325e+00	4.8e-02
5.0199e+03	3.3e+00	1.0253e+00	4.8e-02
5.0235e+03	3.3e+00	1.0289e+00	4.9e-02
5.0270e+03	3.3e+00	1.0278e+00	5.0e-02
5.0306e+03	3.3e+00	1.0172e+00	4.9e-02
5.0341e+03	3.3e+00	1.0094e+00	4.8e-02
5.0377e+03	3.4e+00	1.0053e+00	4.8e-02
5.0413e+03	3.4e+00	1.0037e+00	4.8e-02
5.0448e+03	3.4e+00	1.0007e+00	4.8e-02
5.0484e+03	3.4e+00	9.9075e-01	4.7e-02
5.0519e+03	3.4e+00	9.7987e-01	4.8e-02
5.0555e+03	3.4e+00	9.8155e-01	4.8e-02
5.0591e+03	3.5e+00	9.8004e-01	4.8e-02
5.0626e+03	3.5e+00	9.7762e-01	4.8e-02
5.0662e+03	3.5e+00	9.6979e-01	4.8e-02
5.0697e+03	3.5e+00	9.6555e-01	4.8e-02
5.0733e+03	3.5e+00	9.5885e-01	4.7e-02
5.0769e+03	3.6e+00	9.5318e-01	4.7e-02
5.0804e+03	3.6e+00	9.5148e-01	4.7e-02
5.0840e+03	3.6e+00	9.5200e-01	4.7e-02
5.0875e+03	3.6e+00	9.4656e-01	4.7e-02
5.0911e+03	3.6e+00	9.3676e-01	4.7e-02
5.0947e+03	3.7e+00	9.3420e-01	4.7e-02
5.0982e+03	3.7e+00	9.2853e-01	4.7e-02
5.1018e+03	3.7e+00	9.2416e-01	4.7e-02
5.1053e+03	3.7e+00	9.2205e-01	4.6e-02
5.1089e+03	3.7e+00	9.1816e-01	4.6e-02
5.1124e+03	3.8e+00	9.1161e-01	4.6e-02
5.1160e+03	3.8e+00	9.0753e-01	4.6e-02
5.1196e+03	3.8e+00	9.0033e-01	4.5e-02
5.1231e+03	3.8e+00	8.9085e-01	4.5e-02
5.1267e+03	3.8e+00	8.8587e-01	4.4e-02
5.1302e+03	3.9e+00	8.8327e-01	4.5e-02
5.1338e+03	3.9e+00	8.7351e-01	4.5e-02
5.1373e+03	3.9e+00	8.7256e-01	4.4e-02
5.1409e+03	3.9e+00	8.6329e-01	4.4e-02
5.1444e+03	3.9e+00	8.5626e-01	4.4e-02
5.1480e+03	4.0e+00	8.5344e-01	4.4e-02
5.1516e+03	4.0e+00	8.5029e-01	4.4e-02
5.1551e+03	4.0e+00	8.4584e-01	4.4e-02
5.1587e+03	4.0e+00	8.4356e-01	4.4e-02
5.1622e+03	4.0e+00	8.3115e-01	4.3e-02
5.1658e+03	4.1e+00	8.1680e-01	4.2e-02
5.1693e+03	4.1e+00	8.0952e-01	4.2e-02
5.1729e+03	4.1e+00	8.1253e-01	4.2e-02
5.1764e+03	4.1e+00	8.1502e-01	4.3e-02
5.1800e+03	4.2e+00	8.0865e-01	4.3e-02
5.1835e+03	4.2e+00	8.0491e-01	4.2e-02
5.1871e+03	4.2e+00	8.0181e-01	4.3e-02
5.1907e+03	4.2e+00	8.0441e-01	4.3e-02
5.1942e+03	4.2e+00	7.9979e-01	4.3e-02
5.1978e+03	4.3e+00	7.9689e-01	4.3e-02
5.2013e+03	4.3e+00	7.9545e-01	4.3e-02
5.2049e+03	4.3e+00	7.9093e-01	4.2e-02
5.2084e+03	4.3e+00	7.8853e-01	4.2e-02
5.2120e+03	4.3e+00	7.8359e-01	4.2e-02
5.2155e+03	4.4e+00	7.7539e-01	4.2e-02
5.2191e+03	4.4e+00	7.7344e-01	4.2e-02
5.2226e+03	4.4e+00	7.6558e-01	4.1e-02
5.2262e+03	4.4e+00	7.5949e-01	4.1e-02
5.2297e+03	4.5e+00	7.5460e-01	4.1e-02
5.2333e+03	4.5e+00	7.5186e-01	4.1e-02
5.2368e+03	4.5e+00	7.4817e-01	4.0e-02
5.2404e+03	4.5e+00	7.4360e-01	4.0e-02
5.2439e+03	4.5e+00	7.4286e-01	4.0e-02
5.2475e+03	4.6e+00	7.4071e-01	4.0e-02
5.2510e+03	4.6e+00	7.3738e-01	3.9e-02
5.2546e+03	4.6e+00	7.3285e-01	4.0e-02
5.2581e+03	4.6e+00	7.2278e-01	3.9e-02
5.2617e+03	4.6e+00	7.2110e-01	4.0e-02
5.2652e+03	4.7e+00	7.1520e-01	3.9e-02
5.2688e+03	4.7e+00	7.1130e-01	3.9e-02
5.2723e+03	4.7e+00	7.0412e-01	3.9e-02
5.2758e+03	4.7e+00	6.9861e-01	3.8e-02
5.2794e+03	4.7e+00	6.9855e-01	3.8e-02
5.2829e+03	4.8e+00	6.9842e-01	3.8e-02
5.2865e+03	4.8e+00	6.9545e-01	3.8e-02
5.2900e+03	4.8e+00	6.9142e-01	3.8e-02
5.2936e+03	4.8e+00	6.8906e-01	3.8e-02
5.2971e+03	4.9e+00	6.8513e-01	3.7e-02
5.3007e+03	4.9e+00	6.8012e-01	3.7e-02
5.3042e+03	4.9e+00	6.7797e-01	3.9e-02
5.3078e+03	4.9e+00	6.7331e-01	3.7e-02
5.3113e+03	4.9e+00	6.6750e-01	3.7e-02
5.3148e+03	5.0e+00	6.6414e-01	3.7e-02
5.3184e+03	5.0e+00	6.6153e-01	3.6e-02
5.3219e+03	5.0e+00	6.5868e-01	3.6e-02
5.3255e+03	5.0e+00	6.5494e-01	3.6e-02
5.3290e+03	5.0e+00	6.4896e-01	3.7e-02
5.3326e+03	5.1e+00	6.4830e-01	3.6e-02
5.3361e+03	5.1e+00	6.5038e-01	3.7e-02
5.3396e+03	5.1e+00	6.4788e-01	3.6e-02
5.3432e+03	5.1e+00	6.4556e-01	3.6e-02
5.3467e+03	5.1e+00	6.4368e-01	3.6e-02
5.3503e+03	5.2e+00	6.4029e-01	3.6e-02
5.3538e+03	5.2e+00	6.3760e-01	3.6e-02
5.3573e+03	5.2e+00	6.3673e-01	3.6e-02
5.3609e+03	5.2e+00	6.3038e-01	3.6e-02
5.3644e+03	5.2e+00	6.2536e-01	3.6e-02
5.3680e+03	5.3e+00	6.2326e-01	3.6e-02
5.3715e+03	5.3e+00	6.2019e-01	3.5e-02
5.3750e+03	5.3e+00	6.1984e-01	3.5e-02
5.3786e+03	5.3e+00	6.1804e-01	3.5e-02
5.3821e+03	5.3e+00	6.1466e-01	3.5e-02
5.3856e+03	5.4e+00	6.1093e-01	3.6e-02
5.3892e+03	5.4e+00	6.0898e-01	3.6e-02
5.3927e+03	5.4e+00	6.0609e-01	3.5e-02
5.3962e+03	5.4e+00	6.0200e-01	3.5e-02
5.3998e+03	5.4e+00	5.9925e-01	3.4e-02
5.4033e+03	5.5e+00	5.9584e-01	3.4e-02
5.4068e+03	5.5e+00	5.9177e-01	3.4e-02
5.4104e+03	5.5e+00	5.8754e-01	3.4e-02
5.4139e+03	5.5e+00	5.8581e-01	3.4e-02
5.4175e+03	5.5e+00	5.8067e-01	3.4e-02
5.4210e+03	5.6e+00	5.7948e-01	3.4e-02
5.4245e+03	5.6e+00	5.8083e-01	3.4e-02
5.4280e+03	5.6e+00	5.7522e-01	3.3e-02
5.4316e+03	5.6e+00	5.7326e-01	3.3e-02
5.4351e+03	5.6e+00	5.7070e-01	3.3e-02
5.4386e+03	5.7e+00	5.6839e-01	3.3e-02
5.4422e+03	5.7e+00	5.6453e-01	3.4e-02
5.4457e+03	5.7e+00	5.6732e-01	3.3e-02
5.4492e+03	5.7e+00	5.6418e-01	3.2e-02
5.4528e+03	5.7e+00	5.5972e-01	3.3e-02
5.4563e+03	5.7e+00	5.5909e-01	3.3e-02
5.4598e+03	5.8e+00	5.5405e-01	3.3e-02
5.4633e+03	5.8e+00	5.5311e-01	3.3e-02
5.4669e+03	5.8e+00	5.5238e-01	3.2e-02
5.4704e+03	5.8e+00	5.4834e-01	3.3e-02
5.4739e+03	5.8e+00	5.4337e-01	3.3e-02
5.4775e+03	5.8e+00	5.4240e-01	3.2e-02
5.4810e+03	5.9e+00	5.3945e-01	3.2e-02
5.4845e+03	5.9e+00	5.3764e-01	3.2e-02
5.4880e+03	5.9e+00	5.3608e-01	3.2e-02
5.4916e+03	5.9e+00	5.3322e-01	3.2e-02
5.4951e+03	5.9e+00	5.3254e-01	3.2e-02
5.4986e+03	6.0e+00	5.2854e-01	3.1e-02
5.5021e+03	6.0e+00	5.2613e-01	3.1e-02
5.5057e+03	6.0e+00	5.2278e-01	3.2e-02
5.5092e+03	6.0e+00	5.2165e-01	3.2e-02
5.5127e+03	6.0e+00	5.1801e-01	3.1e-02
5.5162e+03	6.0e+00	5.1705e-01	3.1e-02
5.5197e+03	6.0e+00	5.1551e-01	3.1e-02
5.5233e+03	6.1e+00	5.1260e-01	3.1e-02
5.5268e+03	6.1e+00	5.0878e-01	3.1e-02
5.5303e+03	6.1e+00	5.0528e-01	3.1e-02
5.5338e+03	6.1e+00	5.0290e-01	3.0e-02
5.5373e+03	6.1e+00	5.0138e-01	3.0e-02
5.5409e+03	6.1e+00	5.0180e-01	3.1e-02
5.5444e+03	6.2e+00	5.0067e-01	3.0e-02
5.5479e+03	6.2e+00	4.9704e-01	3.0e-02
5.5514e+03	6.2e+00	4.9446e-01	3.0e-02
5.5549e+03	6.2e+00	4.9328e-01	3.0e-02
5.5584e+03	6.2e+00	4.9127e-01	3.0e-02
5.5620e+03	6.2e+00	4.8696e-01	3.0e-02
5.5655e+03	6.2e+00	4.8534e-01	2.9e-02
5.5690e+03	6.3e+00	4.8425e-01	2.9e-02
5.5725e+03	6.3e+00	4.8238e-01	2.9e-02
5.5760e+03	6.3e+00	4.7914e-01	2.9e-02
5.5795e+03	6.3e+00	4.7622e-01	2.9e-02
5.5830e+03	6.3e+00	4.7573e-01	2.9e-02
5.5866e+03	6.3e+00	4.7355e-01	2.9e-02
5.5901e+03	6.3e+00	4.6999e-01	2.9e-02
5.5936e+03	6.4e+00	4.6644e-01	2.9e-02
5.5971e+03	6.4e+00	4.6632e-01	2.9e-02
5.6006e+03	6.4e+00	4.6549e-01	2.9e-02
5.6041e+03	6.4e+00	4.6317e-01	2.8e-02
5.6076e+03	6.4e+00	4.6420e-01	2.8e-02
5.6111e+03	6.4e+00	4.5965e-01	2.8e-02
5.6146e+03	6.4e+00	4.5767e-01	2.8e-02
5.6181e+03	6.4e+00	4.5681e-01	2.8e-02
5.6216e+03	6.5e+00	4.5516e-01	2.8e-02
5.6252e+03	6.5e+00	4.5360e-01	2.8e-02
5.6287e+03	6.5e+00	4.5165e-01	2.8e-02
5.6322e+03	6.5e+00	4.4873e-01	2.8e-02
5.6357e+03	6.5e+00	4.4600e-01	2.8e-02
5.6392e+03	6.5e+00	4.4414e-01	2.8e-02
5.6427e+03	6.5e+00	4.4153e-01	2.8e-02
5.6462e+03	6.5e+00	4.3930e-01	2.8e-02
5.6497e+03	6.5e+00	4.3647e-01	2.8e-02
5.6532e+03	6.6e+00	4.3632e-01	2.7e-02
5.6567e+03	6.6e+00	4.3617e-01	2.7e-02
5.6602e+03	6.6e+00	4.3294e-01	2.7e-02
5.6637e+03	6.6e+00	4.3048e-01	2.7e-02
5.6672e+03	6.6e+00	4.3145e-01	2.7e-02
5.6707e+03	6.6e+00	4.2823e-01	2.7e-02
5.6742e+03	6.6e+00	4.2508e-01	2.7e-02
5.6777e+03	6.6e+00	4.2476e-01	2.7e-02
5.6812e+03	6.6e+00	4.2306e-01	2.6e-02
5.6847e+03	6.6e+00	4.2061e-01	2.7e-02
5.6882e+03	6.7e+00	4.1834e-01	2.6e-02
5.6917e+03	6.7e+00	4.1707e-01	2.6e-02
5.6952e+03	6.7e+00	4.1568e-01	2.6e-02
5.6987e+03	6.7e+00	4.1171e-01	2.6e-02
5.7022e+03	6.7e+00	4.0979e-01	2.6e-02
5.7057e+03	6.7e+00	4.0823e-01	2.6e-02
5.7092e+03	6.7e+00	4.0360e-01	2.6e-02
5.7126e+03	6.7e+00	4.0411e-01	2.6e-02
5.7161e+03	6.7e+00	4.0324e-01	2.5e-02
5.7196e+03	6.7e+00	4.0121e-01	2.5e-02
5.7231e+03	6.7e+00	3.9916e-01	2.5e-02
5.7266e+03	6.7e+00	3.9721e-01	2.5e-02
5.7301e+03	6.7e+00	3.9568e-01	2.5e-02
5.7336e+03	6.8e+00	3.9310e-01	2.5e-02
5.7371e+03	6.8e+00	3.9107e-01	2.5e-02
5.7406e+03	6.8e+00	3.9024e-01	2.5e-02
5.7441e+03	6.8e+00	3.8849e-01	2.4e-02
5.7475e+03	6.8e+00	3.8878e-01	2.4e-02
5.7510e+03	6.8e+00	3.8521e-01	2.4e-02
5.7545e+03	6.8e+00	3.8236e-01	2.4e-02
5.7580e+03	6.8e+00	3.8320e-01	2.4e-02
5.7615e+03	6.8e+00	3.8037e-01	2.4e-02
5.7650e+03	6.8e+00	3.7923e-01	2.4e-02
5.7685e+03	6.8e+00	3.7812e-01	2.4e-02
5.7719e+03	6.8e+00	3.7908e-01	2.4e-02
5.7754e+03	6.8e+00	3.7546e-01	2.4e-02
5.7789e+03	6.8e+00	3.7528e-01	2.4e-02
5.7824e+03	6.8e+00	3.7706e-01	2.4e-02
5.7859e+03	6.8e+00	3.7143e-01	2.4e-02
5.7893e+03	6.8e+00	3.7017e-01	2.4e-02
5.7928e+03	6.8e+00	3.7089e-01	2.3e-02
5.7963e+03	6.8e+00	3.6887e-01	2.4e-02
5.7998e+03	6.8e+00	3.6843e-01	2.4e-02
5.8033e+03	6.8e+00	3.6770e-01	2.4e-02
5.8067e+03	6.8e+00	3.6765e-01	2.4e-02
5.8102e+03	6.8e+00	3.6802e-01	2.3e-02
5.8137e+03	6.8e+00	3.6571e-01	2.3e-02
5.8172e+03	6.9e+00	3.6509e-01	2.3e-02
5.8206e+03	6.9e+00	3.6177e-01	2.4e-02
5.8241e+03	6.9e+00	3.6224e-01	2.3e-02
5.8276e+03	6.9e+00	3.6204e-01	2.3e-02
5.8311e+03	6.9e+00	3.6206e-01	2.3e-02
5.8345e+03	6.9e+00	3.6250e-01	2.4e-02
5.8380e+03	6.9e+00	3.5883e-01	2.3e-02
5.8415e+03	6.9e+00	3.5753e-01	2.3e-02
5.8449e+03	6.9e+00	3.5637e-01	2.3e-02
5.8484e+03	6.9e+00	3.5364e-01	2.3e-02
5.8519e+03	6.9e+00	3.5374e-01	2.3e-02
5.8553e+03	6.9e+00	3.5544e-01	2.3e-02
5.8588e+03	6.9e+00	3.5245e-01	2.3e-02
5.8623e+03	6.9e+00	3.5091e-01	2.3e-02
5.8657e+03	6.9e+00	3.4823e-01	2.3e-02
5.8692e+03	6.9e+00	3.4861e-01	2.2e-02
5.8727e+03	6.9e+00	3.4846e-01	2.3e-02
5.8761e+03	6.8e+00	3.4476e-01	2.3e-02
5.8796e+03	6.8e+00	3.4303e-01	2.2e-02
5.8831e+03	6.8e+00	3.4128e-01	2.2e-02
5.8865e+03	6.8e+00	3.3696e-01	2.2e-02
5.8900e+03	6.8e+00	3.3365e-01	2.2e-02
5.8934e+03	6.8e+00	3.3111e-01	2.1e-02
5.8969e+03	6.8e+00	3.2814e-01	2.1e-02
5.9004e+03	6.8e+00	3.2834e-01	2.1e-02
5.9038e+03	6.8e+00	3.2971e-01	2.2e-02
5.9073e+03	6.8e+00	3.3108e-01	2.2e-02
5.9107e+03	6.8e+00	3.3203e-01	2.1e-02
5.9142e+03	6.8e+00	3.3051e-01	2.2e-02
5.9176e+03	6.8e+00	3.2799e-01	2.1e-02
5.9211e+03	6.8e+00	3.2540e-01	2.1e-02
5.9246e+03	6.8e+00	3.2510e-01	2.1e-02
5.9280e+03	6.8e+00	3.2353e-01	2.1e-02
5.9315e+03	6.8e+00	3.2634e-01	2.1e-02
5.9349e+03	6.8e+00	3.2475e-01	2.1e-02
5.9384e+03	6.8e+00	3.2070e-01	2.1e-02
5.9418e+03	6.8e+00	3.1786e-01	2.1e-02
5.9453e+03	6.8e+00	3.1662e-01	2.1e-02
5.9487e+03	6.8e+00	3.1324e-01	2.1e-02
5.9522e+03	6.8e+00	3.1587e-01	2.1e-02
5.9556e+03	6.7e+00	3.1584e-01	2.1e-02
5.9591e+03	6.7e+00	3.1499e-01	2.1e-02
5.9625e+03	6.7e+00	3.1232e-01	2.0e-02
5.9659e+03	6.7e+00	3.1194e-01	2.0e-02
5.9694e+03	6.7e+00	3.1027e-01	2.0e-02
5.9728e+03	6.7e+00	3.1122e-01	2.0e-02
5.9763e+03	6.7e+00	3.1042e-01	2.0e-02
5.9797e+03	6.7e+00	3.0834e-01	2.0e-02
5.9832e+03	6.7e+00	3.0781e-01	2.0e-02
5.9866e+03	6.7e+00	3.0693e-01	2.0e-02
5.9900e+03	6.7e+00	3.0656e-01	2.0e-02
5.9935e+03	6.6e+00	3.0546e-01	2.0e-02
5.9969e+03	6.6e+00	3.0532e-01	2.0e-02
6.0004e+03	6.6e+00	3.0343e-01	2.0e-02
6.0038e+03	6.6e+00	3.0091e-01	1.9e-02
6.0072e+03	6.6e+00	3.0012e-01	1.9e-02
6.0107e+03	6.6e+00	2.9926e-01	2.0e-02
6.0141e+03	6.6e+00	2.9830e-01	2.0e-02
6.0175e+03	6.6e+00	2.9766e-01	2.0e-02
6.0210e+03	6.6e+00	2.9771e-01	2.0e-02
6.0244e+03	6.5e+00	2.9539e-01	1.9e-02
6.0278e+03	6.5e+00	2.9558e-01	1.9e-02
6.0313e+03	6.5e+00	2.9553e-01	1.9e-02
6.0347e+03	6.5e+00	2.9447e-01	1.9e-02
6.0381e+03	6.5e+00	2.9397e-01	1.9e-02
6.0416e+03	6.5e+00	2.9209e-01	1.9e-02
6.0450e+03	6.5e+00	2.9137e-01	1.9e-02
6.0484e+03	6.5e+00	2.9100e-01	1.9e-02
6.0518e+03	6.4e+00	2.8820e-01	1.9e-02
6.0553e+03	6.4e+00	2.8830e-01	1.9e-02
6.0587e+03	6.4e+00	2.8728e-01	1.9e-02
6.0621e+03	6.4e+00	2.8645e-01	1.9e-02
6.0655e+03	6.4e+00	2.8658e-01	1.9e-02
6.0690e+03	6.4e+00	2.8484e-01	1.9e-02
6.0724e+03	6.4e+00	2.8378e-01	1.9e-02
6.0758e+03	6.3e+00	2.8283e-01	1.8e-02
6.0792e+03	6.3e+00	2.8349e-01	1.8e-02
6.0826e+03	6.3e+00	2.8144e-01	1.8e-02
6.0861e+03	6.3e+00	2.7974e-01	1.9e-02
6.0895e+03	6.3e+00	2.8109e-01	1.8e-02
6.0929e+03	6.3e+00	2.8055e-01	1.8e-02
6.0963e+03	6.2e+00	2.7909e-01	1.8e-02
6.0997e+03	6.2e+00	2.7779e-01	1.8e-02
6.1031e+03	6.2e+00	2.7485e-01	1.8e-02
6.1066e+03	6.2e+00	2.7517e-01	1.8e-02
6.1100e+03	6.2e+00	2.7601e-01	1.8e-02
6.1134e+03	6.1e+00	2.7539e-01	1.8e-02
6.1168e+03	6.1e+00	2.7276e-01	1.8e-02
6.1202e+03	6.1e+00	2.7087e-01	1.8e-02
6.1236e+03	6.1e+00	2.7106e-01	1.8e-02
6.1270e+03	6.1e+00	2.7025e-01	1.8e-02
6.1304e+03	6.0e+00	2.7022e-01	1.8e-02
6.1338e+03	6.0e+00	2.6836e-01	1.8e-02
6.1372e+03	6.0e+00	2.6758e-01	1.8e-02
6.1406e+03	6.0e+00	2.6691e-01	1.7e-02
6.1441e+03	6.0e+00	2.6645e-01	1.8e-02
6.1475e+03	5.9e+00	2.6508e-01	1.8e-02
6.1509e+03	5.9e+00	2.6469e-01	1.7e-02
6.1543e+03	5.9e+00	2.6169e-01	1.7e-02
6.1577e+03	5.9e+00	2.6056e-01	1.7e-02
6.1611e+03	5.9e+00	2.5980e-01	1.7e-02
6.1645e+03	5.8e+00	2.6086e-01	1.7e-02
6.1679e+03	5.8e+00	2.6006e-01	1.7e-02
6.1713e+03	5.8e+00	2.5706e-01	1.7e-02
6.1747e+03	5.8e+00	2.5915e-01	1.7e-02
6.1781e+03	5.7e+00	2.5908e-01	1.7e-02
6.1814e+03	5.7e+00	2.5775e-01	1.7e-02
6.1848e+03	5.7e+00	2.5574e-01	1.7e-02
6.1882e+03	5.7e+00	2.5417e-01	1.7e-02
6.1916e+03	5.6e+00	2.5534e-01	1.7e-02
6.1950e+03	5.6e+00	2.5523e-01	1.7e-02
6.1984e+03	5.6e+00	2.5334e-01	1.7e-02
6.2018e+03	5.6e+00	2.5167e-01	1.7e-02
6.2052e+03	5.5e+00	2.5097e-01	1.7e-02
6.2086e+03	5.5e+00	2.5086e-01	1.6e-02
6.2120e+03	5.5e+00	2.5066e-01	1.6e-02
6.2154e+03	5.5e+00	2.4904e-01	1.7e-02
6.2187e+03	5.4e+00	2.4843e-01	1.6e-02
6.2221e+03	5.4e+00	2.4677e-01	1.6e-02
6.2255e+03	5.4e+00	2.4600e-01	1.6e-02
6.2289e+03	5.3e+00	2.4533e-01	1.6e-02
6.2323e+03	5.3e+00	2.4445e-01	1.6e-02
6.2357e+03	5.3e+00	2.4314e-01	1.6e-02
6.2390e+03	5.3e+00	2.4161e-01	1.6e-02
6.2424e+03	5.2e+00	2.4252e-01	1.6e-02
6.2458e+03	5.2e+00	2.3979e-01	1.6e-02
6.2492e+03	5.2e+00	2.4015e-01	1.6e-02
6.2525e+03	5.1e+00	2.3946e-01	1.6e-02
6.2559e+03	5.1e+00	2.3819e-01	1.6e-02
6.2593e+03	5.1e+00	2.3792e-01	1.6e-02
6.2627e+03	5.1e+00	2.3698e-01	1.5e-02
6.2660e+03	5.0e+00	2.3605e-01	1.5e-02
6.2694e+03	5.0e+00	2.3478e-01	1.5e-02
6.2728e+03	5.0e+00	2.3109e-01	1.5e-02
6.2762e+03	4.9e+00	2.2675e-01	1.5e-02
6.2795e+03	4.9e+00	2.2203e-01	1.4e-02
6.2829e+03	4.9e+00	2.2101e-01	1.4e-02
6.2863e+03	4.8e+00	2.2473e-01	1.5e-02
6.2896e+03	4.8e+00	2.2646e-01	1.5e-02
6.2930e+03	4.8e+00	2.2578e-01	1.5e-02
6.2964e+03	4.7e+00	2.2348e-01	1.5e-02
6.2997e+03	4.7e+00	2.2228e-01	1.5e-02
6.3031e+03	4.7e+00	2.2435e-01	1.5e-02
6.3064e+03	4.6e+00	2.2327e-01	1.5e-02
6.3098e+03	4.6e+00	2.2368e-01	1.5e-02
6.3132e+03	4.6e+00	2.2353e-01	1.5e-02
6.3165e+03	4.5e+00	2.2356e-01	1.5e-02
6.3199e+03	4.5e+00	2.2300e-01	1.5e-02
6.3232e+03	4.5e+00	2.2325e-01	1.5e-02
6.3266e+03	4.4e+00	2.2271e-01	1.5e-02
6.3300e+03	4.4e+00	2.2154e-01	1.5e-02
6.3333e+03	4.4e+00	2.2150e-01	1.5e-02
6.3367e+03	4.3e+00	2.2158e-01	1.5e-02
6.3400e+03	4.3e+00	2.2127e-01	1.5e-02
6.3434e+03	4.3e+00	2.1957e-01	1.4e-02
6.3467e+03	4.2e+00	2.1765e-01	1.4e-02
6.3501e+03	4.2e+00	2.1845e-01	1.4e-02
6.3534e+03	4.2e+00	2.1982e-01	1.4e-02
6.3568e+03	4.1e+00	2.1946e-01	1.4e-02
6.3601e+03	4.1e+00	2.1844e-01	1.4e-02
6.3635e+03	4.0e+00	2.1668e-01	1.4e-02
6.3668e+03	4.0e+00	2.1621e-01	1.4e-02
6.3702e+03	4.0e+00	2.1531e-01	1.4e-02
6.3735e+03	3.9e+00	2.1391e-01	1.4e-02
6.3768e+03	3.9e+00	2.1381e-01	1.4e-02
6.3802e+03	3.9e+00	2.1413e-01	1.4e-02
6.3835e+03	3.8e+00	2.1434e-01	1.4e-02
6.3869e+03	3.8e+00	2.1401e-01	1.4e-02
6.3902e+03	3.8e+00	2.1336e-01	1.4e-02
6.3935e+03	3.7e+00	2.1171e-01	1.4e-02
6.3969e+03	3.7e+00	2.1241e-01	1.4e-02
6.4002e+03	3.7e+00	2.1163e-01	1.4e-02
6.4035e+03	3.6e+00	2.0970e-01	1.4e-02
6.4069e+03	3.6e+00	2.0901e-01	1.4e-02
6.4102e+03	3.5e+00	2.1037e-01	1.4e-02
6.4135e+03	3.5e+00	2.0990e-01	1.4e-02
6.4169e+03	3.5e+00	2.0757e-01	1.4e-02
6.4202e+03	3.4e+00	2.0788e-01	1.4e-02
6.4235e+03	3.4e+00	2.0641e-01	1.4e-02
6.4269e+03	3.4e+00	2.0811e-01	1.3e-02
6.4302e+03	3.3e+00	2.0674e-01	1.4e-02
6.4335e+03	3.3e+00	2.0478e-01	1.3e-02
6.4368e+03	3.3e+00	2.0388e-01	1.3e-02
6.4401e+03	3.2e+00	2.0368e-01	1.3e-02
6.4435e+03	3.2e+00	2.0427e-01	1.3e-02
6.4468e+03	3.2e+00	2.0254e-01	1.3e-02
6.4501e+03	3.1e+00	2.0169e-01	1.3e-02
6.4534e+03	3.1e+00	2.0029e-01	1.3e-02
6.4568e+03	3.1e+00	1.9736e-01	1.3e-02
6.4601e+03	3.0e+00	2.0034e-01	1.3e-02
6.4634e+03	3.0e+00	2.0044e-01	1.3e-02
6.4667e+03	3.0e+00	1.9710e-01	1.3e-02
6.4700e+03	2.9e+00	1.9545e-01	1.3e-02
6.4733e+03	2.9e+00	1.9381e-01	1.3e-02
6.4766e+03	2.9e+00	1.9268e-01	1.3e-02
6.4800e+03	2.8e+00	1.9261e-01	1.3e-02
6.4833e+03	2.8e+00	1.9348e-01	1.3e-02
6.4866e+03	2.8e+00	1.9320e-01	1.3e-02
6.4899e+03	2.8e+00	1.9306e-01	1.3e-02
6.4932e+03	2.7e+00	1.9280e-01	1.2e-02
6.4965e+03	2.7e+00	1.9165e-01	1.3e-02
6.4998e+03	2.7e+00	1.9013e-01	1.3e-02
6.5031e+03	2.7e+00	1.9105e-01	1.3e-02
6.5064e+03	2.6e+00	1.8872e-01	1.2e-02
6.5097e+03	2.6e+00	1.8731e-01	1.2e-02
6.5130e+03	2.6e+00	1.8609e-01	1.2e-02
6.5163e+03	2.6e+00	1.8284e-01	1.2e-02
6.5196e+03	2.6e+00	1.8236e-01	1.2e-02
6.5229e+03	2.6e+00	1.8132e-01	1.2e-02
6.5262e+03	2.5e+00	1.7975e-01	1.2e-02
6.5295e+03	2.5e+00	1.7848e-01	1.1e-02
6.5328e+03	2.5e+00	1.7457e-01	1.2e-02
6.5361e+03	2.5e+00	1.6891e-01	1.1e-02
6.5394e+03	2.5e+00	1.6551e-01	1.1e-02
6.5427e+03	2.5e+00	1.6001e-01	1.0e-02
6.5460e+03	2.5e+00	1.5162e-01	9.7e-03
6.5492e+03	2.5e+00	1.4265e-01	9.0e-03
6.5525e+03	2.5e+00	1.3021e-01	8.1e-03
6.5558e+03	2.5e+00	1.1716e-01	7.0e-03
6.5591e+03	2.5e+00	1.0910e-01	6.4e-03
6.5624e+03	2.5e+00	1.1281e-01	6.8e-03
6.5657e+03	2.5e+00	1.3005e-01	7.9e-03
6.5690e+03	2.5e+00	1.4094e-01	8.9e-03
6.5722e+03	2.5e+00	1.4911e-01	9.4e-03
6.5755e+03	2.5e+00	1.5607e-01	1.0e-02
6.5788e+03	2.6e+00	1.6009e-01	1.0e-02
6.5821e+03	2.6e+00	1.6355e-01	1.1e-02
6.5854e+03	2.6e+00	1.6580e-01	1.1e-02
6.5886e+03	2.6e+00	1.6761e-01	1.1e-02
6.5919e+03	2.6e+00	1.6982e-01	1.1e-02
6.5952e+03	2.7e+00	1.6921e-01	1.1e-02
6.5985e+03	2.7e+00	1.7102e-01	1.1e-02
6.6017e+03	2.7e+00	1.7192e-01	1.1e-02
6.6050e+03	2.7e+00	1.7026e-01	1.1e-02
6.6083e+03	2.8e+00	1.7096e-01	1.1e-02
6.6115e+03	2.8e+00	1.7013e-01	1.1e-02
6.6148e+03	2.8e+00	1.7080e-01	1.1e-02
6.6181e+03	2.9e+00	1.7058e-01	1.1e-02
6.6213e+03	2.9e+00	1.7004e-01	1.1e-02
6.6246e+03	3.0e+00	1.7043e-01	1.1e-02
6.6279e+03	3.0e+00	1.6937e-01	1.1e-02
6.6311e+03	3.0e+00	1.7058e-01	1.1e-02
6.6344e+03	3.1e+00	1.6864e-01	1.1e-02
6.6376e+03	3.1e+00	1.6870e-01	1.1e-02
6.6409e+03	3.2e+00	1.6955e-01	1.1e-02
6.6442e+03	3.2e+00	1.6828e-01	1.1e-02
6.6474e+03	3.3e+00	1.6940e-01	1.1e-02
6.6507e+03	3.3e+00	1.6841e-01	1.1e-02
6.6539e+03	3.4e+00	1.6744e-01	1.1e-02
6.6572e+03	3.4e+00	1.6700e-01	1.1e-02
6.6604e+03	3.5e+00	1.6577e-01	1.1e-02
6.6637e+03	3.6e+00	1.6680e-01	1.1e-02
6.6669e+03	3.6e+00	1.6568e-01	1.1e-02
6.6702e+03	3.7e+00	1.6575e-01	1.1e-02
6.6734e+03	3.7e+00	1.6582e-01	1.1e-02
6.6767e+03	3.8e+00	1.6525e-01	1.1e-02
6.6799e+03	3.9e+00	1.6394e-01	1.1e-02
6.6832e+03	3.9e+00	1.6395e-01	1.1e-02
6.6864e+03	4.0e+00	1.6453e-01	1.1e-02
6.6896e+03	4.1e+00	1.6412e-01	1.1e-02
6.6929e+03	4.1e+00	1.6377e-01	1.0e-02
6.6961e+03	4.2e+00	1.6317e-01	1.0e-02
6.6994e+03	4.3e+00	1.6270e-01	1.1e-02
6.7026e+03	4.3e+00	1.6262e-01	1.1e-02
6.7058e+03	4.4e+00	1.6110e-01	1.0e-02
6.7091e+03	4.5e+00	1.5955e-01	1.0e-02
6.7123e+03	4.6e+00	1.5964e-01	1.1e-02
6.7155e+03	4.6e+00	1.5993e-01	1.1e-02
6.7188e+03	4.7e+00	1.5971e-01	1.0e-02
6.7220e+03	4.8e+00	1.5796e-01	1.1e-02
6.7252e+03	4.9e+00	1.5769e-01	1.0e-02
6.7285e+03	4.9e+00	1.5804e-01	1.0e-02
6.7317e+03	5.0e+00	1.5670e-01	1.0e-02
6.7349e+03	5.1e+00	1.5761e-01	1.0e-02
6.7381e+03	5.2e+00	1.5673e-01	1.0e-02
6.7414e+03	5.3e+00	1.5549e-01	1.0e-02
6.7446e+03	5.3e+00	1.5358e-01	1.0e-02
6.7478e+03	5.4e+00	1.5320e-01	1.0e-02
6.7510e+03	5.5e+00	1.5344e-01	1.0e-02
6.7542e+03	5.6e+00	1.5365e-01	1.0e-02
6.7574e+03	5.7e+00	1.5394e-01	9.9e-03
6.7607e+03	5.8e+00	1.5374e-01	1.0e-02
6.7639e+03	5.8e+00	1.5362e-01	1.0e-02
6.7671e+03	5.9e+00	1.5190e-01	1.0e-02
6.7703e+03	6.0e+00	1.5077e-01	1.0e-02
6.7735e+03	6.1e+00	1.5088e-01	1.0e-02
6.7767e+03	6.2e+00	1.5232e-01	9.8e-03
6.7799e+03	6.3e+00	1.5078e-01	9.7e-03
6.7831e+03	6.4e+00	1.4924e-01	1.0e-02
6.7864e+03	6.5e+00	1.4833e-01	1.0e-02
6.7896e+03	6.6e+00	1.4935e-01	9.9e-03
6.7928e+03	6.6e+00	1.4841e-01	9.9e-03
6.7960e+03	6.7e+00	1.4753e-01	9.7e-03
6.7992e+03	6.8e+00	1.4704e-01	9.6e-03
6.8024e+03	6.9e+00	1.4629e-01	9.5e-03
6.8056e+03	7.0e+00	1.4408e-01	9.9e-03
6.8088e+03	7.1e+00	1.4431e-01	9.7e-03
6.8120e+03	7.2e+00	1.4509e-01	9.3e-03
6.8152e+03	7.3e+00	1.4330e-01	9.6e-03
6.8183e+03	7.4e+00	1.4334e-01	9.3e-03
6.8215e+03	7.5e+00	1.4305e-01	9.5e-03
6.8247e+03	7.6e+00	1.4262e-01	9.5e-03
6.8279e+03	7.7e+00	1.4291e-01	9.4e-03
6.8311e+03	7.8e+00	1.4175e-01	9.4e-03
6.8343e+03	7.9e+00	1.4087e-01	9.5e-03
6.8375e+03	8.0e+00	1.4097e-01	9.2e-03
6.8407e+03	8.1e+00	1.4021e-01	9.1e-03
6.8439e+03	8.2e+00	1.3880e-01	9.2e-03
6.8470e+03	8.3e+00	1.3598e-01	9.0e-03
6.8502e+03	8.4e+00	1.3004e-01	8.7e-03
6.8534e+03	8.5e+00	1.1634e-01	7.5e-03
6.8566e+03	8.6e+00	1.0117e-01	6.2e-03
6.8598e+03	8.7e+00	9.4781e-02	5.7e-03
6.8629e+03	8.8e+00	1.0239e-01	6.3e-03
6.8661e+03	8.9e+00	1.1310e-01	7.3e-03
6.8693e+03	9.0e+00	1.1937e-01	7.7e-03
6.8725e+03	9.1e+00	1.2010e-01	7.5e-03
6.8756e+03	9.3e+00	1.1404e-01	7.3e-03
6.8788e+03	9.4e+00	1.1274e-01	7.3e-03
6.8820e+03	9.5e+00	1.1549e-01	7.3e-03
6.8852e+03	9.6e+00	1.1678e-01	7.3e-03
6.8883e+03	9.7e+00	1.1823e-01	7.4e-03
6.8915e+03	9.8e+00	1.1942e-01	7.6e-03
6.8946e+03	9.9e+00	1.2110e-01	7.8e-03
6.8978e+03	1.0e+01	1.2212e-01	7.8e-03
6.9010e+03	1.0e+01	1.2467e-01	8.1e-03
6.9041e+03	1.0e+01	1.2540e-01	8.0e-03
6.9073e+03	1.0e+01	1.2470e-01	8.1e-03
6.9105e+03	1.0e+01	1.2392e-01	8.3e-03
6.9136e+03	1.1e+01	1.2474e-01	8.2e-03
6.9168e+03	1.1e+01	1.2470e-01	8.2e-03
6.9199e+03	1.1e+01	1.2401e-01	8.0e-03
6.9231e+03	1.1e+01	1.2424e-01	8.1e-03
6.9262e+03	1.1e+01	1.2246e-01	8.3e-03
6.9294e+03	1.1e+01	1.2277e-01	8.1e-03
6.9325e+03	1.1e+01	1.2342e-01	8.2e-03
6.9357e+03	1.1e+01	1.2303e-01	8.1e-03
6.9388e+03	1.2e+01	1.2353e-01	8.0e-03
6.9420e+03	1.2e+01	1.2347e-01	7.8e-03
6.9451e+03	1.2e+01	1.2378e-01	8.0e-03
6.9483e+03	1.2e+01	1.2461e-01	8.2e-03
6.9514e+03	1.2e+01	1.2454e-01	8.2e-03
6.9545e+03	1.2e+01	1.2396e-01	8.3e-03
6.9577e+03	1.2e+01	1.2318e-01	8.3e-03
6.9608e+03	1.2e+01	1.2174e-01	8.4e-03
6.9640e+03	1.2e+01	1.2251e-01	8.3e-03
6.9671e+03	1.3e+01	1.2081e-01	8.1e-03
6.9702e+03	1.3e+01	1.1903e-01	8.0e-03
6.9734e+03	1.3e+01	1.1805e-01	7.9e-03
6.9765e+03	1.3e+01	1.1750e-01	8.1e-03
6.9796e+03	1.3e+01	1.1792e-01	7.8e-03
6.9828e+03	1.3e+01	1.1742e-01	7.8e-03
6.9859e+03	1.3e+01	1.1849e-01	7.6e-03
6.9890e+03	1.3e+01	1.1803e-01	7.8e-03
6.9921e+03	1.4e+01	1.1645e-01	7.9e-03
6.9953e+03	1.4e+01	1.1579e-01	7.8e-03
6.9984e+03	1.4e+01	1.1626e-01	7.8e-03
7.0015e+03	1.4e+01	1.1579e-01	7.6e-03
7.0046e+03	1.4e+01	1.1450e-01	8.0e-03
7.0077e+03	1.4e+01	1.1486e-01	7.8e-03
7.0109e+03	1.4e+01	1.1549e-01	7.6e-03
7.0140e+03	1.5e+01	1.1540e-01	7.6e-03
7.0171e+03	1.5e+01	1.1392e-01	7.6e-03
7.0202e+03	1.5e+01	1.1382e-01	7.4e-03
7.0233e+03	1.5e+01	1.1438e-01	7.3e-03
7.0264e+03	1.5e+01	1.1391e-01	7.4e-03
7.0295e+03	1.5e+01	1.1254e-01	7.5e-03
7.0326e+03	1.5e+01	1.1255e-01	7.4e-03
7.0357e+03	1.5e+01	1.1147e-01	7.4e-03
7.0389e+03	1.6e+01	1.1197e-01	7.3e-03
7.0420e+03	1.6e+01	1.1164e-01	7.3e-03
7.0451e+03	1.6e+01	1.0989e-01	7.6e-03
7.0482e+03	1.6e+01	1.1007e-01	7.4e-03
7.0513e+03	1.6e+01	1.1000e-01	7.2e-03
7.0544e+03	1.6e+01	1.0923e-01	7.2e-03
7.0575e+03	1.6e+01	1.0871e-01	7.4e-03
7.0606e+03	1.7e+01	1.0908e-01	7.3e-03
7.0637e+03	1.7e+01	1.0853e-01	7.1e-03
7.0667e+03	1.7e+01	1.0828e-01	7.0e-03
7.0698e+03	1.7e+01	1.0748e-01	7.2e-03
7.0729e+03	1.7e+01	1.0604e-01	7.1e-03
7.0760e+03	1.7e+01	1.0665e-01	7.0e-03
7.0791e+03	1.7e+01	1.0749e-01	6.9e-03
7.0822e+03	1.8e+01	1.0617e-01	6.8e-03
7.0853e+03	1.8e+01	1.0582e-01	6.9e-03
7.0884e+03	1.8e+01	1.0314e-01	6.9e-03
7.0914e+03	1.8e+01	1.0408e-01	6.9e-03
7.0945e+03	1.8e+01	1.0444e-01	6.8e-03
7.0976e+03	1.8e+01	1.0437e-01	7.0e-03
7.1007e+03	1.8e+01	1.0530e-01	6.8e-03
7.1038e+03	1.9e+01	1.0512e-01	6.6e-03
7.1068e+03	1.9e+01	1.0329e-01	6.6e-03
7.1099e+03	1.9e+01	1.0304e-01	6.6e-03
7.1130e+03	1.9e+01	1.0324e-01	6.5e-03
7.1161e+03	1.9e+01	1.0291e-01	6.5e-03
7.1191e+03	1.9e+01	1.0094e-01	6.4e-03
7.1222e+03	1.9e+01	1.0060e-01	6.5e-03
7.1253e+03	2.0e+01	1.0105e-01	6.4e-03
7.1283e+03	2.0e+01	1.0042e-01	6.4e-03
7.1314e+03	2.0e+01	9.8048e-02	6.5e-03
7.1345e+03	2.0e+01	9.6868e-02	6.3e-03
7.1375e+03	2.0e+01	9.6123e-02	6.0e-03
7.1406e+03	2.0e+01	9.2824e-02	5.9e-03
7.1436e+03	2.1e+01	9.1614e-02	5.7e-03
7.1467e+03	2.1e+01	8.8209e-02	5.6e-03
7.1498e+03	2.1e+01	8.7772e-02	5.6e-03
7.1528e+03	2.1e+01	8.8193e-02	5.4e-03
7.1559e+03	2.1e+01	8.6052e-02	5.5e-03
7.1589e+03	2.1e+01	8.5790e-02	5.1e-03
7.1620e+03	2.1e+01	8.4716e-02	5.1e-03
7.1650e+03	2.2e+01	8.5462e-02	5.3e-03
7.1681e+03	2.2e+01	8.5733e-02	5.3e-03
7.1711e+03	2.2e+01	8.4494e-02	5.2e-03
7.1742e+03	2.2e+01	8.5313e-02	5.1e-03
7.1772e+03	2.2e+01	8.6893e-02	5.2e-03
7.1803e+03	2.2e+01	8.9710e-02	5.4e-03
7.1833e+03	2.3e+01	9.1119e-02	5.7e-03
7.1863e+03	2.3e+01	9.1394e-02	5.7e-03
7.1894e+03	2.3e+01	9.2456e-02	5.7e-03
7.1924e+03	2.3e+01	9.0858e-02	5.6e-03
7.1955e+03	2.3e+01	8.9380e-02	5.5e-03
7.1985e+03	2.3e+01	8.7087e-02	5.3e-03
7.2015e+03	2.4e+01	8.4129e-02	5.3e-03
7.2045e+03	2.4e+01	8.2375e-02	5.0e-03
7.2076e+03	2.4e+01	8.4479e-02	4.9e-03
7.2106e+03	2.4e+01	8.4822e-02	4.9e-03
7.2136e+03	2.4e+01	8.3547e-02	5.0e-03
7.2167e+03	2.4e+01	8.2173e-02	5.0e-03
7.2197e+03	2.5e+01	8.2652e-02	5.0e-03
7.2227e+03	2.5e+01	8.5358e-02	4.9e-03
7.2257e+03	2.5e+01	8.5297e-02	5.1e-03
7.2288e+03	2.5e+01	8.3417e-02	5.0e-03
7.2318e+03	2.5e+01	8.1480e-02	5.1e-03
7.2348e+03	2.5e+01	8.2241e-02	5.0e-03
7.2378e+03	2.6e+01	8.1728e-02	4.9e-03
7.2408e+03	2.6e+01	8.0218e-02	4.9e-03
7.2438e+03	2.6e+01	8.1035e-02	4.8e-03
7.2468e+03	2.6e+01	8.3213e-02	4.8e-03
7.2499e+03	2.6e+01	8.2254e-02	5.0e-03
7.2529e+03	2.6e+01	8.0362e-02	4.9e-03
7.2559e+03	2.7e+01	8.0362e-02	4.7e-03
7.2589e+03	2.7e+01	8.1367e-02	4.7e-03
7.2619e+03	2.7e+01	8.1543e-02	4.7e-03
7.2649e+03	2.7e+01	7.9644e-02	4.9e-03
7.2679e+03	2.7e+01	7.9509e-02	4.8e-03
7.2709e+03	2.8e+01	7.9900e-02	4.7e-03
7.2739e+03	2.8e+01	7.9820e-02	4.9e-03
7.2769e+03	2.8e+01	8.0879e-02	4.7e-03
7.2799e+03	2.8e+01	7.9078e-02	4.9e-03
7.2829e+03	2.8e+01	7.8541e-02	5.0e-03
7.2859e+03	2.8e+01	7.9737e-02	5.0e-03
7.2889e+03	2.9e+01	8.0255e-02	4.9e-03
7.2919e+03	2.9e+01	8.2097e-02	4.8e-03
7.2948e+03	2.9e+01	8.0462e-02	4.7e-03
7.2978e+03	2.9e+01	8.0368e-02	4.8e-03
7.3008e+03	2.9e+01	8.1641e-02	4.8e-03
7.3038e+03	3.0e+01	7.9930e-02	4.8e-03
7.3068e+03	3.0e+01	7.9585e-02	4.8e-03
7.3098e+03	3.0e+01	8.1105e-02	4.6e-03
7.3127e+03	3.0e+01	7.8937e-02	4.7e-03
7.3157e+03	3.0e+01	7.8544e-02	4.7e-03
7.3187e+03	3.0e+01	7.8716e-02	4.7e-03
7.3217e+03	3.1e+01	7.8036e-02	4.6e-03
7.3247e+03	3.1e+01	7.7006e-02	4.6e-03
7.3276e+03	3.1e+01	7.7249e-02	4.6e-03
7.3306e+03	3.1e+01	7.6685e-02	4.7e-03
7.3336e+03	3.1e+01	7.7543e-02	4.7e-03
7.3365e+03	3.2e+01	7.6014e-02	4.6e-03
7.3395e+03	3.2e+01	7.4849e-02	4.6e-03
7.3425e+03	3.2e+01	7.5455e-02	4.6e-03
7.3454e+03	3.2e+01	7.6120e-02	4.7e-03
7.3484e+03	3.2e+01	7.5283e-02	4.5e-03
7.3514e+03	3.3e+01	7.3067e-02	4.7e-03
7.3543e+03	3.3e+01	7.3461e-02	4.8e-03
7.3573e+03	3.3e+01	7.2931e-02	4.8e-03
7.3602e+03	3.3e+01	7.3282e-02	4.7e-03
7.3632e+03	3.3e+01	7.3252e-02	4.6e-03
7.3661e+03	3.4e+01	7.3043e-02	4.5e-03
7.3691e+03	3.4e+01	7.1668e-02	4.6e-03
7.3720e+03	3.4e+01	7.3010e-02	4.6e-03
7.3750e+03	3.4e+01	7.1973e-02	4.6e-03
7.3779e+03	3.4e+01	7.2716e-02	4.4e-03
7.3809e+03	3.5e+01	7.2346e-02	4.4e-03
7.3838e+03	3.5e+01	7.2976e-02	4.3e-03
7.3868e+03	3.5e+01	7.3750e-02	4.3e-03
7.3897e+03	3.5e+01	7.1609e-02	4.5e-03
7.3927e+03	3.5e+01	7.1219e-02	4.3e-03
7.3956e+03	3.6e+01	7.1459e-02	4.3e-03
7.3985e+03	3.6e+01	7.1498e-02	4.3e-03
7.4015e+03	3.6e+01	7.1749e-02	4.1e-03
7.4044e+03	3.6e+01	7.1418e-02	4.2e-03
7.4073e+03	3.6e+01	7.0236e-02	4.3e-03
7.4103e+03	3.7e+01	7.1065e-02	4.1e-03
7.4132e+03	3.7e+01	7.2369e-02	4.0e-03
7.4161e+03	3.7e+01	7.2117e-02	4.0e-03
7.4190e+03	3.7e+01	6.8943e-02	4.1e-03
7.4220e+03	3.7e+01	6.9945e-02	4.1e-03
7.4249e+03	3.8e+01	6.9960e-02	4.0e-03
7.4278e+03	3.8e+01	6.8359e-02	4.1e-03
7.4307e+03	3.8e+01	6.7906e-02	4.1e-03
7.4337e+03	3.8e+01	6.7660e-02	4.2e-03
7.4366e+03	3.8e+01	6.6992e-02	4.2e-03
7.4395e+03	3.9e+01	6.7106e-02	4.2e-03
7.4424e+03	3.9e+01	6.7671e-02	4.1e-03
7.4453e+03	3.9e+01	6.6127e-02	4.3e-03
7.4482e+03	3.9e+01	6.4140e-02	4.3e-03
7.4511e+03	3.9e+01	6.5133e-02	4.2e-03
7.4540e+03	4.0e+01	6.3141e-02	4.4e-03
7.4570e+03	4.0e+01	6.0826e-02	4.6e-03
7.4599e+03	4.0e+01	6.3360e-02	4.4e-03
7.4628e+03	4.0e+01	6.4435e-02	4.2e-03
7.4657e+03	4.1e+01	6.4054e-02	4.1e-03
7.4686e+03	4.1e+01	6.3252e-02	4.1e-03
7.4715e+03	4.1e+01	6.2527e-02	4.2e-03
7.4744e+03	4.1e+01	6.4105e-02	4.1e-03
7.4773e+03	4.1e+01	6.5901e-02	4.0e-03
7.4802e+03	4.2e+01	6.5267e-02	3.9e-03
7.4830e+03	4.2e+01	6.5884e-02	3.7e-03
7.4859e+03	4.2e+01	6.4413e-02	3.8e-03
7.4888e+03	4.2e+01	6.3426e-02	4.0e-03
7.4917e+03	4.3e+01	6.6087e-02	3.8e-03
7.4946e+03	4.3e+01	6.4554e-02	3.7e-03
7.4975e+03	4.3e+01	6.5088e-02	3.9e-03
7.5004e+03	4.3e+01	6.5765e-02	3.6e-03
7.5033e+03	4.3e+01	6.4564e-02	3.6e-03
7.5061e+03	4.4e+01	6.3895e-02	3.7e-03
7.5090e+03	4.4e+01	6.4321e-02	3.6e-03
7.5119e+03	4.4e+01	6.4656e-02	3.5e-03
7.5148e+03	4.4e+01	6.3918e-02	3.6e-03
7.5176e+03	4.5e+01	6.4336e-02	3.6e-03
7.5205e+03	4.5e+01	6.2240e-02	3.6e-03
7.5234e+03	4.5e+01	6.1638e-02	3.5e-03
7.5263e+03	4.5e+01	6.1096e-02	3.2e-03
7.5291e+03	4.6e+01	5.5431e-02	3.2e-03
7.5320e+03	4.6e+01	4.7746e-02	2.7e-03
7.5349e+03	4.6e+01	3.8257e-02	2.2e-03
7.5377e+03	4.6e+01	2.9433e-02	2.0e-03
7.5406e+03	4.6e+01	2.2750e-02	1.6e-03
7.5434e+03	4.7e+01	2.0253e-02	1.2e-03
7.5463e+03	4.7e+01	2.3784e-02	1.5e-03
7.5492e+03	4.7e+01	3.0147e-02	1.5e-03
7.5520e+03	4.7e+01	3.5692e-02	1.2e-03
7.5549e+03	4.8e+01	3.8903e-02	1.6e-03
7.5577e+03	4.8e+01	3.9490e-02	1.9e-03
7.5606e+03	4.8e+01	3.6207e-02	1.7e-03
7.5634e+03	4.8e+01	3.3620e-02	1.5e-03
7.5663e+03	4.9e+01	3.1320e-02	1.5e-03
7.5691e+03	4.9e+01	3.3967e-02	1.6e-03
7.5720e+03	4.9e+01	3.5972e-02	1.6e-03
7.5748e+03	4.9e+01	3.6395e-02	1.6e-03
7.5776e+03	5.0e+01	3.9544e-02	2.0e-03
7.5805e+03	5.0e+01	3.9225e-02	1.7e-03
7.5833e+03	5.0e+01	4.0650e-02	2.1e-03
7.5862e+03	5.0e+01	4.5896e-02	2.4e-03
7.5890e+03	5.0e+01	4.6095e-02	2.2e-03
7.5918e+03	5.1e+01	4.6215e-02	2.4e-03
7.5947e+03	5.1e+01	4.7060e-02	2.7e-03
