# lambda [A]	Dlambda [A]	specval [counts]	Dspecval [counts]
3.6165e+03	2.4e+00	1.657164e+04	4.0e+02
3.6202e+03	2.4e+00	1.833311e+04	7.8e+02
3.6239e+03	2.4e+00	1.842859e+04	5.0e+02
3.6277e+03	2.4e+00	1.874858e+04	4.1e+02
3.6314e+03	2.4e+00	1.825602e+04	5.5e+02
3.6351e+03	2.4e+00	1.802545e+04	3.5e+02
3.6388e+03	2.4e+00	1.982546e+04	4.8e+02
3.6425e+03	2.4e+00	2.168170e+04	3.4e+02
3.6462e+03	2.4e+00	2.158103e+04	3.4e+02
3.6500e+03	2.4e+00	2.352571e+04	4.9e+02
3.6537e+03	2.4e+00	2.485333e+04	4.5e+02
3.6574e+03	2.4e+00	2.467601e+04	1.2e+02
3.6611e+03	2.4e+00	2.787762e+04	2.1e+01
3.6648e+03	2.4e+00	2.661598e+04	2.4e+02
3.6685e+03	2.4e+00	2.834622e+04	5.6e+02
3.6723e+03	2.4e+00	3.219439e+04	2.7e+02
3.6760e+03	2.4e+00	3.302802e+04	6.3e+02
3.6797e+03	2.4e+00	3.665837e+04	6.3e+01
3.6834e+03	2.4e+00	3.520160e+04	1.2e+03
3.6871e+03	2.4e+00	4.077273e+04	1.2e+03
3.6908e+03	2.4e+00	4.448661e+04	9.4e+02
3.6945e+03	2.4e+00	4.490483e+04	1.3e+03
3.6982e+03	2.4e+00	4.947921e+04	1.2e+03
3.7019e+03	2.4e+00	5.443980e+04	1.3e+03
3.7057e+03	2.4e+00	6.185989e+04	1.1e+03
3.7094e+03	2.4e+00	5.700591e+04	1.5e+03
3.7131e+03	2.4e+00	5.791090e+04	3.4e+02
3.7168e+03	2.4e+00	6.843079e+04	7.7e+02
3.7205e+03	2.4e+00	8.296090e+04	2.2e+03
3.7242e+03	2.4e+00	9.275251e+04	1.5e+03
3.7279e+03	2.4e+00	9.019798e+04	2.3e+03
3.7316e+03	2.4e+00	8.167534e+04	1.4e+03
3.7353e+03	2.4e+00	8.101902e+04	9.6e+02
3.7390e+03	2.4e+00	9.616862e+04	1.4e+03
3.7427e+03	2.4e+00	1.239054e+05	3.0e+02
3.7464e+03	2.4e+00	1.561635e+05	1.5e+03
3.7501e+03	2.4e+00	1.684604e+05	1.5e+03
3.7539e+03	2.4e+00	1.710708e+05	2.6e+03
3.7576e+03	2.4e+00	1.498161e+05	1.2e+03
3.7613e+03	2.4e+00	1.227970e+05	1.9e+03
3.7650e+03	2.4e+00	1.267066e+05	1.1e+03
3.7687e+03	2.4e+00	1.491075e+05	1.3e+03
3.7724e+03	2.4e+00	2.033276e+05	2.5e+03
3.7761e+03	2.4e+00	2.468248e+05	8.0e+02
3.7798e+03	2.4e+00	2.907202e+05	4.6e+03
3.7835e+03	2.4e+00	3.124697e+05	5.0e+03
3.7872e+03	2.4e+00	3.259265e+05	2.2e+03
3.7909e+03	2.4e+00	3.112029e+05	2.5e+03
3.7946e+03	2.4e+00	2.944024e+05	3.1e+03
3.7983e+03	2.4e+00	2.437067e+05	2.7e+03
3.8020e+03	2.4e+00	1.982670e+05	3.7e+03
3.8057e+03	2.4e+00	1.964158e+05	2.0e+03
3.8094e+03	2.4e+00	2.408094e+05	7.0e+02
3.8131e+03	2.4e+00	3.321579e+05	2.0e+03
3.8168e+03	2.4e+00	4.098540e+05	3.0e+03
3.8205e+03	2.4e+00	4.698033e+05	3.6e+03
3.8242e+03	2.4e+00	5.229507e+05	4.2e+03
3.8279e+03	2.4e+00	5.720553e+05	3.8e+03
3.8315e+03	2.4e+00	6.116009e+05	3.9e+03
3.8352e+03	2.4e+00	6.163645e+05	3.1e+03
3.8389e+03	2.4e+00	6.441174e+05	4.8e+03
3.8426e+03	2.4e+00	6.296666e+05	4.1e+03
3.8463e+03	2.4e+00	6.050954e+05	5.3e+03
3.8500e+03	2.4e+00	5.475627e+05	6.5e+03
3.8537e+03	2.4e+00	4.674767e+05	7.2e+03
3.8574e+03	2.4e+00	3.645585e+05	3.2e+03
3.8611e+03	2.4e+00	3.152047e+05	7.8e+03
3.8648e+03	2.4e+00	3.516011e+05	8.7e+02
3.8685e+03	2.4e+00	4.663577e+05	5.5e+03
3.8722e+03	2.4e+00	5.884425e+05	2.5e+03
3.8759e+03	2.4e+00	7.089733e+05	5.1e+03
3.8795e+03	2.4e+00	7.914303e+05	7.7e+03
3.8832e+03	2.4e+00	8.605696e+05	7.2e+03
3.8869e+03	2.4e+00	9.054156e+05	6.5e+03
3.8906e+03	2.4e+00	9.524839e+05	1.0e+04
3.8943e+03	2.4e+00	9.787779e+05	1.0e+04
3.8980e+03	2.4e+00	9.920024e+05	9.2e+03
3.9017e+03	2.4e+00	9.969814e+05	1.4e+04
3.9054e+03	2.4e+00	9.545974e+05	8.4e+03
3.9090e+03	2.4e+00	9.475249e+05	9.9e+03
3.9127e+03	2.4e+00	9.675825e+05	8.6e+03
3.9164e+03	2.4e+00	9.966143e+05	9.2e+03
3.9201e+03	2.4e+00	9.976842e+05	8.7e+03
3.9238e+03	2.4e+00	9.748195e+05	5.2e+03
3.9275e+03	2.4e+00	9.426993e+05	4.9e+03
3.9312e+03	2.4e+00	8.775609e+05	7.6e+03
3.9348e+03	2.4e+00	7.939677e+05	8.8e+03
3.9385e+03	2.4e+00	6.613954e+05	1.1e+04
3.9422e+03	2.4e+00	5.106115e+05	7.0e+03
3.9459e+03	2.4e+00	4.240331e+05	4.5e+03
3.9496e+03	2.4e+00	4.200938e+05	3.6e+03
3.9532e+03	2.4e+00	5.585374e+05	6.2e+03
3.9569e+03	2.4e+00	7.054721e+05	8.4e+03
3.9606e+03	2.4e+00	8.313032e+05	9.1e+03
3.9643e+03	2.4e+00	9.381668e+05	7.2e+03
3.9680e+03	2.4e+00	1.000529e+06	8.1e+03
3.9716e+03	2.4e+00	1.051372e+06	1.4e+04
3.9753e+03	2.4e+00	1.083299e+06	9.5e+03
3.9790e+03	2.4e+00	1.074636e+06	9.8e+03
3.9827e+03	2.4e+00	1.113596e+06	1.3e+04
3.9864e+03	2.4e+00	1.102753e+06	5.5e+03
3.9900e+03	2.4e+00	1.108241e+06	6.6e+03
3.9937e+03	2.4e+00	1.109908e+06	6.1e+03
3.9974e+03	2.4e+00	1.108129e+06	1.1e+04
4.0011e+03	2.4e+00	1.111029e+06	1.3e+04
4.0047e+03	2.4e+00	1.112046e+06	7.7e+03
4.0084e+03	2.4e+00	1.102169e+06	1.1e+04
4.0121e+03	2.4e+00	1.090775e+06	1.0e+04
4.0158e+03	2.4e+00	1.109249e+06	1.3e+04
4.0194e+03	2.4e+00	1.107674e+06	8.5e+03
4.0231e+03	2.4e+00	1.097000e+06	8.4e+03
4.0268e+03	2.4e+00	1.087653e+06	1.0e+04
4.0304e+03	2.4e+00	1.068253e+06	7.3e+03
4.0341e+03	2.4e+00	1.053819e+06	4.4e+03
4.0378e+03	2.4e+00	1.038819e+06	7.3e+03
4.0415e+03	2.4e+00	1.030937e+06	1.1e+04
4.0451e+03	2.4e+00	1.007953e+06	9.9e+03
4.0488e+03	2.4e+00	9.983703e+05	9.2e+03
4.0525e+03	2.4e+00	9.842346e+05	9.7e+03
4.0561e+03	2.4e+00	9.634566e+05	1.0e+04
4.0598e+03	2.4e+00	9.173860e+05	1.0e+04
4.0635e+03	2.4e+00	8.956497e+05	9.6e+03
4.0671e+03	2.4e+00	8.439674e+05	1.0e+04
4.0708e+03	2.4e+00	7.611002e+05	8.5e+03
4.0745e+03	2.4e+00	6.635910e+05	8.1e+03
4.0781e+03	2.4e+00	5.398534e+05	6.4e+03
4.0818e+03	2.4e+00	4.147611e+05	4.2e+03
4.0855e+03	2.4e+00	3.617826e+05	2.4e+03
4.0891e+03	2.4e+00	4.157545e+05	3.8e+03
4.0928e+03	2.4e+00	5.355779e+05	5.1e+03
4.0965e+03	2.4e+00	6.464929e+05	4.9e+03
4.1001e+03	2.4e+00	7.413423e+05	5.1e+03
4.1038e+03	2.4e+00	7.970539e+05	7.4e+03
4.1075e+03	2.4e+00	8.266680e+05	6.3e+03
4.1111e+03	2.4e+00	8.472159e+05	8.7e+03
4.1148e+03	2.4e+00	8.708855e+05	7.2e+03
4.1184e+03	2.4e+00	8.775126e+05	3.8e+03
4.1221e+03	2.4e+00	8.891131e+05	8.3e+03
4.1258e+03	2.4e+00	9.041935e+05	7.7e+03
4.1294e+03	2.4e+00	9.030095e+05	9.5e+03
4.1331e+03	2.4e+00	9.041068e+05	7.7e+03
4.1367e+03	2.4e+00	9.064535e+05	9.1e+03
4.1404e+03	2.4e+00	9.013489e+05	9.3e+03
4.1441e+03	2.4e+00	9.041496e+05	6.3e+03
4.1477e+03	2.4e+00	9.001379e+05	6.3e+03
4.1514e+03	2.4e+00	9.002555e+05	7.9e+03
4.1550e+03	2.4e+00	8.936238e+05	8.4e+03
4.1587e+03	2.4e+00	8.900985e+05	9.3e+03
4.1623e+03	2.4e+00	8.861014e+05	6.6e+03
4.1660e+03	2.4e+00	8.831525e+05	7.8e+03
4.1697e+03	2.4e+00	8.869075e+05	7.2e+03
4.1733e+03	2.4e+00	8.850015e+05	9.2e+03
4.1770e+03	2.4e+00	8.818289e+05	7.3e+03
4.1806e+03	2.4e+00	8.817410e+05	7.4e+03
4.1843e+03	2.4e+00	8.740956e+05	6.8e+03
4.1879e+03	2.4e+00	8.690362e+05	8.9e+03
4.1916e+03	2.4e+00	8.767233e+05	5.8e+03
4.1952e+03	2.4e+00	8.737762e+05	6.6e+03
4.1989e+03	2.4e+00	8.760384e+05	7.4e+03
4.2025e+03	2.4e+00	8.749025e+05	7.2e+03
4.2062e+03	2.4e+00	8.676767e+05	6.6e+03
4.2098e+03	2.4e+00	8.558785e+05	8.6e+03
4.2135e+03	2.4e+00	8.593792e+05	7.1e+03
4.2171e+03	2.4e+00	8.429245e+05	5.9e+03
4.2208e+03	2.4e+00	8.353420e+05	7.3e+03
4.2244e+03	2.4e+00	8.489556e+05	4.8e+03
4.2281e+03	2.4e+00	8.339068e+05	5.9e+03
4.2317e+03	2.4e+00	8.438402e+05	5.1e+03
4.2354e+03	2.4e+00	8.326375e+05	7.5e+03
4.2390e+03	2.4e+00	8.347793e+05	7.0e+03
4.2427e+03	2.4e+00	8.383576e+05	5.7e+03
4.2463e+03	2.4e+00	8.299814e+05	3.2e+03
4.2500e+03	2.4e+00	8.320949e+05	6.2e+03
4.2536e+03	2.4e+00	8.238835e+05	6.4e+03
4.2572e+03	2.4e+00	8.155185e+05	5.6e+03
4.2609e+03	2.4e+00	8.210877e+05	7.9e+03
4.2645e+03	2.4e+00	8.082795e+05	7.0e+03
4.2682e+03	2.4e+00	8.089679e+05	6.3e+03
4.2718e+03	2.4e+00	8.106688e+05	7.2e+03
4.2755e+03	2.4e+00	7.970204e+05	5.7e+03
4.2791e+03	2.4e+00	7.867861e+05	5.5e+03
4.2827e+03	2.4e+00	7.725423e+05	4.6e+03
4.2864e+03	2.4e+00	7.683128e+05	5.6e+03
4.2900e+03	2.4e+00	7.509273e+05	4.7e+03
4.2937e+03	2.4e+00	7.482614e+05	6.3e+03
4.2973e+03	2.4e+00	7.419519e+05	5.9e+03
4.3010e+03	2.4e+00	7.318609e+05	3.9e+03
4.3046e+03	2.4e+00	7.210933e+05	9.5e+03
4.3082e+03	2.4e+00	6.956759e+05	4.6e+03
4.3119e+03	2.4e+00	6.664543e+05	5.3e+03
4.3155e+03	2.4e+00	6.294630e+05	6.2e+03
4.3191e+03	2.4e+00	5.658685e+05	4.6e+03
4.3228e+03	2.4e+00	4.936911e+05	3.9e+03
4.3264e+03	2.4e+00	3.954078e+05	4.1e+03
4.3301e+03	2.4e+00	3.129494e+05	2.6e+03
4.3337e+03	2.4e+00	2.979606e+05	3.1e+03
4.3373e+03	2.4e+00	3.546773e+05	3.9e+03
4.3410e+03	2.4e+00	4.409549e+05	4.7e+03
4.3446e+03	2.4e+00	5.215056e+05	3.9e+03
4.3482e+03	2.4e+00	5.774309e+05	4.8e+03
4.3519e+03	2.4e+00	6.197958e+05	7.1e+03
4.3555e+03	2.4e+00	6.483276e+05	4.9e+03
4.3591e+03	2.4e+00	6.634463e+05	4.7e+03
4.3628e+03	2.4e+00	6.786380e+05	5.0e+03
4.3664e+03	2.4e+00	6.810378e+05	4.3e+03
4.3700e+03	2.4e+00	6.867158e+05	4.6e+03
4.3737e+03	2.4e+00	6.853657e+05	4.6e+03
4.3773e+03	2.4e+00	6.788210e+05	4.0e+03
4.3809e+03	2.4e+00	6.829185e+05	5.2e+03
4.3845e+03	2.4e+00	6.723212e+05	6.9e+03
4.3882e+03	2.4e+00	6.867464e+05	5.7e+03
4.3918e+03	2.4e+00	6.765400e+05	7.6e+03
4.3954e+03	2.4e+00	6.797602e+05	6.7e+03
4.3991e+03	2.4e+00	6.801003e+05	6.4e+03
4.4027e+03	2.4e+00	6.744890e+05	6.0e+03
4.4063e+03	2.4e+00	6.684771e+05	6.2e+03
4.4099e+03	2.4e+00	6.613476e+05	4.2e+03
4.4136e+03	2.4e+00	6.566543e+05	3.4e+03
4.4172e+03	2.4e+00	6.625758e+05	4.4e+03
4.4208e+03	2.4e+00	6.525303e+05	3.2e+03
4.4244e+03	2.4e+00	6.549777e+05	3.7e+03
4.4281e+03	2.4e+00	6.522724e+05	2.1e+03
4.4317e+03	2.4e+00	6.471637e+05	3.1e+03
4.4353e+03	2.4e+00	6.385901e+05	3.1e+03
4.4389e+03	2.4e+00	6.329960e+05	3.2e+03
4.4426e+03	2.4e+00	6.343118e+05	2.9e+03
4.4462e+03	2.4e+00	6.291278e+05	4.4e+03
4.4498e+03	2.4e+00	6.239677e+05	3.6e+03
4.4534e+03	2.4e+00	6.206407e+05	3.8e+03
4.4570e+03	2.4e+00	6.202363e+05	1.4e+03
4.4607e+03	2.4e+00	6.145468e+05	2.3e+03
4.4643e+03	2.4e+00	6.054753e+05	4.8e+03
4.4679e+03	2.4e+00	6.068701e+05	3.3e+03
4.4715e+03	2.4e+00	5.915285e+05	3.5e+03
4.4751e+03	2.4e+00	5.903820e+05	2.6e+03
4.4788e+03	2.4e+00	5.852375e+05	6.2e+03
4.4824e+03	2.4e+00	5.931546e+05	3.5e+03
4.4860e+03	2.4e+00	5.933915e+05	3.0e+03
4.4896e+03	2.4e+00	5.908202e+05	2.3e+03
4.4932e+03	2.4e+00	5.870463e+05	3.1e+03
4.4968e+03	2.4e+00	5.910212e+05	3.1e+03
4.5005e+03	2.4e+00	5.878659e+05	3.5e+03
4.5041e+03	2.4e+00	5.803672e+05	2.0e+03
4.5077e+03	2.4e+00	5.790412e+05	3.2e+03
4.5113e+03	2.4e+00	5.770895e+05	2.3e+03
4.5149e+03	2.4e+00	5.730193e+05	3.3e+03
4.5185e+03	2.4e+00	5.678028e+05	2.8e+03
4.5221e+03	2.4e+00	5.625606e+05	3.1e+03
4.5258e+03	2.4e+00	5.570910e+05	9.8e+02
4.5294e+03	2.4e+00	5.565436e+05	2.9e+03
4.5330e+03	2.4e+00	5.538092e+05	3.3e+03
4.5366e+03	2.4e+00	5.552165e+05	4.9e+03
4.5402e+03	2.4e+00	5.547791e+05	3.5e+03
4.5438e+03	2.4e+00	5.441257e+05	7.4e+03
4.5474e+03	2.4e+00	5.401587e+05	6.6e+03
4.5510e+03	2.4e+00	5.314891e+05	2.5e+03
4.5546e+03	2.4e+00	5.324759e+05	3.0e+03
4.5582e+03	2.4e+00	5.317199e+05	6.5e+03
4.5619e+03	2.4e+00	5.274762e+05	5.0e+03
4.5655e+03	2.4e+00	5.209174e+05	3.0e+03
4.5691e+03	2.4e+00	5.221547e+05	3.7e+03
4.5727e+03	2.4e+00	5.175413e+05	4.4e+03
4.5763e+03	2.4e+00	5.160653e+05	3.1e+03
4.5799e+03	2.4e+00	5.123129e+05	5.1e+03
4.5835e+03	2.4e+00	5.059067e+05	4.8e+03
4.5871e+03	2.4e+00	5.059283e+05	4.0e+03
4.5907e+03	2.4e+00	5.094669e+05	3.3e+03
4.5943e+03	2.4e+00	5.064125e+05	4.0e+03
4.5979e+03	2.4e+00	5.021483e+05	4.5e+03
4.6015e+03	2.4e+00	5.039023e+05	3.4e+03
4.6051e+03	2.4e+00	4.985080e+05	3.4e+03
4.6087e+03	2.4e+00	4.942432e+05	2.0e+03
4.6123e+03	2.4e+00	4.896221e+05	4.7e+03
4.6159e+03	2.4e+00	4.873283e+05	4.0e+03
4.6195e+03	2.4e+00	4.826567e+05	4.0e+03
4.6231e+03	2.4e+00	4.779052e+05	3.8e+03
4.6267e+03	2.4e+00	4.782118e+05	3.1e+03
4.6303e+03	2.4e+00	4.726081e+05	4.0e+03
4.6339e+03	2.4e+00	4.730031e+05	3.3e+03
4.6375e+03	2.4e+00	4.716182e+05	3.2e+03
4.6411e+03	2.4e+00	4.673888e+05	3.2e+03
4.6447e+03	2.4e+00	4.658418e+05	4.0e+03
4.6483e+03	2.4e+00	4.613606e+05	2.1e+03
4.6519e+03	2.4e+00	4.556594e+05	2.5e+03
4.6555e+03	2.4e+00	4.548995e+05	3.9e+03
4.6591e+03	2.4e+00	4.526077e+05	2.9e+03
4.6627e+03	2.4e+00	4.498402e+05	2.6e+03
4.6663e+03	2.4e+00	4.475035e+05	2.5e+03
4.6699e+03	2.4e+00	4.517253e+05	3.3e+03
4.6735e+03	2.4e+00	4.455530e+05	5.1e+03
4.6771e+03	2.4e+00	4.414500e+05	3.5e+03
4.6807e+03	2.4e+00	4.408187e+05	3.1e+03
4.6843e+03	2.4e+00	4.341724e+05	2.3e+03
4.6879e+03	2.4e+00	4.364338e+05	3.7e+03
4.6915e+03	2.4e+00	4.358063e+05	3.2e+03
4.6950e+03	2.4e+00	4.318422e+05	3.7e+03
4.6986e+03	2.4e+00	4.287464e+05	2.6e+03
4.7022e+03	2.4e+00	4.312640e+05	4.6e+03
4.7058e+03	2.4e+00	4.258966e+05	2.8e+03
4.7094e+03	2.4e+00	4.240184e+05	2.0e+03
4.7130e+03	2.4e+00	4.210371e+05	3.4e+03
4.7166e+03	2.4e+00	4.193024e+05	1.4e+03
4.7202e+03	2.4e+00	4.182502e+05	2.3e+03
4.7238e+03	2.4e+00	4.174308e+05	2.2e+03
4.7274e+03	2.4e+00	4.129743e+05	4.1e+03
4.7309e+03	2.4e+00	4.107596e+05	4.4e+03
4.7345e+03	2.4e+00	4.079391e+05	3.9e+03
4.7381e+03	2.4e+00	4.020480e+05	3.3e+03
4.7417e+03	2.4e+00	4.025168e+05	4.1e+03
4.7453e+03	2.4e+00	3.987021e+05	2.8e+03
4.7489e+03	2.4e+00	3.962878e+05	2.9e+03
4.7525e+03	2.4e+00	3.916596e+05	2.7e+03
4.7560e+03	2.4e+00	3.911102e+05	3.7e+03
4.7596e+03	2.4e+00	3.861397e+05	4.1e+03
4.7632e+03	2.4e+00	3.824972e+05	2.4e+03
4.7668e+03	2.4e+00	3.764968e+05	2.3e+03
4.7704e+03	2.4e+00	3.750450e+05	1.9e+03
4.7740e+03	2.4e+00	3.719562e+05	2.7e+03
4.7775e+03	2.4e+00	3.702836e+05	5.4e+03
4.7811e+03	2.4e+00	3.681020e+05	2.5e+03
4.7847e+03	2.4e+00	3.660935e+05	3.4e+03
4.7883e+03	2.4e+00	3.641995e+05	2.3e+03
4.7919e+03	2.4e+00	3.648407e+05	3.2e+03
4.7954e+03	2.4e+00	3.601644e+05	3.1e+03
4.7990e+03	2.4e+00	3.562252e+05	2.3e+03
4.8026e+03	2.4e+00	3.544488e+05	2.3e+03
4.8062e+03	2.4e+00	3.557680e+05	2.2e+03
4.8098e+03	2.4e+00	3.487806e+05	2.8e+03
4.8133e+03	2.4e+00	3.457564e+05	2.2e+03
4.8169e+03	2.4e+00	3.424709e+05	2.4e+03
4.8205e+03	2.4e+00	3.395992e+05	2.6e+03
4.8241e+03	2.4e+00	3.292360e+05	3.0e+03
4.8276e+03	2.4e+00	3.293112e+05	3.4e+03
4.8312e+03	2.4e+00	3.261087e+05	3.1e+03
4.8348e+03	2.4e+00	3.185291e+05	2.6e+03
4.8384e+03	2.4e+00	3.077657e+05	1.7e+03
4.8419e+03	2.4e+00	2.924986e+05	2.1e+03
4.8455e+03	2.4e+00	2.777361e+05	2.7e+03
4.8491e+03	2.4e+00	2.509193e+05	2.0e+03
4.8527e+03	2.4e+00	2.235145e+05	1.6e+03
4.8562e+03	2.4e+00	1.857233e+05	1.0e+03
4.8598e+03	2.4e+00	1.563514e+05	1.1e+03
4.8634e+03	2.4e+00	1.489416e+05	1.8e+03
4.8669e+03	2.4e+00	1.697252e+05	1.2e+03
4.8705e+03	2.4e+00	2.036914e+05	2.3e+03
4.8741e+03	2.4e+00	2.338244e+05	2.6e+03
4.8777e+03	2.4e+00	2.552919e+05	1.6e+03
4.8812e+03	2.4e+00	2.722375e+05	2.3e+03
4.8848e+03	2.4e+00	2.805618e+05	2.0e+03
4.8884e+03	2.4e+00	2.886167e+05	2.5e+03
4.8919e+03	2.4e+00	2.941834e+05	2.0e+03
4.8955e+03	2.4e+00	2.973076e+05	2.1e+03
4.8991e+03	2.4e+00	3.003396e+05	2.2e+03
4.9026e+03	2.4e+00	3.002799e+05	1.8e+03
4.9062e+03	2.4e+00	2.986309e+05	1.9e+03
4.9098e+03	2.4e+00	2.996284e+05	1.6e+03
4.9133e+03	2.4e+00	3.018899e+05	2.1e+03
4.9169e+03	2.4e+00	2.980514e+05	1.7e+03
4.9205e+03	2.4e+00	2.978216e+05	1.8e+03
4.9240e+03	2.4e+00	2.971191e+05	2.6e+03
4.9276e+03	2.4e+00	2.937606e+05	2.7e+03
4.9312e+03	2.4e+00	2.970631e+05	2.6e+03
4.9347e+03	2.4e+00	2.949818e+05	2.5e+03
4.9383e+03	2.4e+00	3.002513e+05	3.5e+03
4.9418e+03	2.4e+00	2.970480e+05	2.0e+03
4.9454e+03	2.4e+00	2.941849e+05	2.0e+03
4.9490e+03	2.4e+00	2.929807e+05	2.8e+03
4.9525e+03	2.4e+00	2.935711e+05	1.7e+03
4.9561e+03	2.4e+00	2.903309e+05	2.6e+03
4.9596e+03	2.4e+00	2.903714e+05	2.6e+03
4.9632e+03	2.4e+00	2.854103e+05	3.2e+03
4.9668e+03	2.4e+00	2.851031e+05	2.0e+03
4.9703e+03	2.4e+00	2.841491e+05	2.7e+03
4.9739e+03	2.4e+00	2.828681e+05	1.6e+03
4.9774e+03	2.4e+00	2.829764e+05	2.5e+03
4.9810e+03	2.4e+00	2.816383e+05	2.1e+03
4.9845e+03	2.4e+00	2.783984e+05	2.4e+03
4.9881e+03	2.4e+00	2.789625e+05	2.7e+03
4.9917e+03	2.4e+00	2.755289e+05	2.9e+03
4.9952e+03	2.4e+00	2.730560e+05	2.9e+03
4.9988e+03	2.4e+00	2.716338e+05	2.2e+03
5.0023e+03	2.4e+00	2.669743e+05	3.5e+03
5.0059e+03	2.4e+00	2.667836e+05	1.8e+03
5.0094e+03	2.4e+00	2.656183e+05	3.2e+03
5.0130e+03	2.4e+00	2.629373e+05	2.2e+03
5.0165e+03	2.4e+00	2.618367e+05	2.3e+03
5.0201e+03	2.4e+00	2.580329e+05	1.8e+03
5.0236e+03	2.4e+00	2.573219e+05	1.9e+03
5.0272e+03	2.4e+00	2.593361e+05	2.5e+03
5.0307e+03	2.4e+00	2.584261e+05	3.6e+03
5.0343e+03	2.4e+00	2.557011e+05	2.2e+03
5.0378e+03	2.4e+00	2.526072e+05	1.8e+03
5.0414e+03	2.4e+00	2.529038e+05	3.2e+03
5.0449e+03	2.4e+00	2.517068e+05	2.6e+03
5.0485e+03	2.4e+00	2.501267e+05	1.5e+03
5.0520e+03	2.4e+00	2.480216e+05	2.1e+03
5.0556e+03	2.4e+00	2.449817e+05	2.3e+03
5.0591e+03	2.4e+00	2.466382e+05	2.7e+03
5.0627e+03	2.4e+00	2.448362e+05	2.6e+03
5.0662e+03	2.4e+00	2.455236e+05	2.2e+03
5.0698e+03	2.4e+00	2.429231e+05	1.9e+03
5.0733e+03	2.4e+00	2.424184e+05	2.2e+03
5.0769e+03	2.4e+00	2.418144e+05	3.1e+03
5.0804e+03	2.4e+00	2.392957e+05	2.4e+03
5.0840e+03	2.4e+00	2.375538e+05	2.3e+03
5.0875e+03	2.4e+00	2.383244e+05	1.7e+03
5.0910e+03	2.4e+00	2.379437e+05	1.9e+03
5.0946e+03	2.4e+00	2.367521e+05	1.8e+03
5.0981e+03	2.4e+00	2.353795e+05	1.3e+03
5.1017e+03	2.4e+00	2.320893e+05	2.2e+03
5.1052e+03	2.4e+00	2.321447e+05	1.7e+03
5.1088e+03	2.4e+00	2.323619e+05	2.4e+03
5.1123e+03	2.4e+00	2.298810e+05	1.9e+03
5.1158e+03	2.4e+00	2.276348e+05	2.2e+03
5.1194e+03	2.4e+00	2.267502e+05	2.3e+03
5.1229e+03	2.4e+00	2.256037e+05	1.9e+03
5.1265e+03	2.4e+00	2.231965e+05	1.3e+03
5.1300e+03	2.4e+00	2.225534e+05	1.6e+03
5.1335e+03	2.4e+00	2.206022e+05	1.7e+03
5.1371e+03	2.4e+00	2.194379e+05	1.7e+03
5.1406e+03	2.4e+00	2.188091e+05	2.3e+03
5.1441e+03	2.4e+00	2.168130e+05	1.7e+03
5.1477e+03	2.4e+00	2.149163e+05	2.3e+03
5.1512e+03	2.4e+00	2.153350e+05	1.8e+03
5.1548e+03	2.4e+00	2.150039e+05	1.5e+03
5.1583e+03	2.4e+00	2.121406e+05	1.7e+03
5.1618e+03	2.4e+00	2.100661e+05	1.1e+03
5.1654e+03	2.4e+00	2.081452e+05	1.1e+03
5.1689e+03	2.4e+00	2.040602e+05	1.2e+03
5.1724e+03	2.4e+00	2.028521e+05	2.1e+03
5.1760e+03	2.4e+00	2.015924e+05	2.5e+03
5.1795e+03	2.4e+00	2.034137e+05	2.1e+03
5.1830e+03	2.4e+00	2.042257e+05	2.3e+03
5.1866e+03	2.4e+00	2.001978e+05	1.5e+03
5.1901e+03	2.4e+00	2.009608e+05	1.5e+03
5.1936e+03	2.4e+00	2.015041e+05	1.6e+03
5.1971e+03	2.4e+00	1.991961e+05	1.4e+03
5.2007e+03	2.4e+00	1.976276e+05	1.9e+03
5.2042e+03	2.4e+00	1.965395e+05	1.7e+03
5.2077e+03	2.4e+00	1.967531e+05	1.0e+03
5.2113e+03	2.4e+00	1.958261e+05	1.2e+03
5.2148e+03	2.4e+00	1.939877e+05	1.8e+03
5.2183e+03	2.4e+00	1.928262e+05	1.4e+03
5.2219e+03	2.4e+00	1.919802e+05	1.9e+03
5.2254e+03	2.4e+00	1.910206e+05	1.7e+03
5.2289e+03	2.4e+00	1.881260e+05	1.9e+03
5.2324e+03	2.4e+00	1.853135e+05	1.7e+03
5.2360e+03	2.4e+00	1.854473e+05	2.1e+03
5.2395e+03	2.4e+00	1.845201e+05	1.8e+03
5.2430e+03	2.4e+00	1.846470e+05	1.9e+03
5.2465e+03	2.4e+00	1.832298e+05	1.3e+03
5.2501e+03	2.4e+00	1.826888e+05	1.4e+03
5.2536e+03	2.4e+00	1.804470e+05	1.7e+03
5.2571e+03	2.4e+00	1.807145e+05	1.8e+03
5.2606e+03	2.4e+00	1.803222e+05	1.6e+03
5.2641e+03	2.4e+00	1.783455e+05	1.4e+03
5.2677e+03	2.4e+00	1.767564e+05	1.4e+03
5.2712e+03	2.4e+00	1.769257e+05	1.5e+03
5.2747e+03	2.4e+00	1.746541e+05	1.8e+03
5.2782e+03	2.4e+00	1.729750e+05	1.5e+03
5.2817e+03	2.4e+00	1.718176e+05	1.5e+03
5.2853e+03	2.4e+00	1.719776e+05	1.5e+03
5.2888e+03	2.4e+00	1.714057e+05	1.2e+03
5.2923e+03	2.4e+00	1.722999e+05	1.2e+03
5.2958e+03	2.4e+00	1.707310e+05	1.4e+03
5.2993e+03	2.4e+00	1.694338e+05	1.2e+03
5.3029e+03	2.4e+00	1.672239e+05	1.2e+03
5.3064e+03	2.4e+00	1.678134e+05	9.1e+02
5.3099e+03	2.4e+00	1.668169e+05	1.5e+03
5.3134e+03	2.4e+00	1.655887e+05	1.2e+03
5.3169e+03	2.4e+00	1.644805e+05	1.1e+03
5.3204e+03	2.4e+00	1.630155e+05	9.1e+02
5.3240e+03	2.4e+00	1.642948e+05	1.4e+03
5.3275e+03	2.4e+00	1.625236e+05	1.3e+03
5.3310e+03	2.4e+00	1.614654e+05	1.2e+03
5.3345e+03	2.4e+00	1.599238e+05	1.4e+03
5.3380e+03	2.4e+00	1.606476e+05	1.4e+03
5.3415e+03	2.4e+00	1.596682e+05	1.4e+03
5.3450e+03	2.4e+00	1.597421e+05	9.2e+02
5.3485e+03	2.4e+00	1.590383e+05	1.1e+03
5.3521e+03	2.4e+00	1.580318e+05	1.0e+03
5.3556e+03	2.4e+00	1.581751e+05	1.3e+03
5.3591e+03	2.4e+00	1.583266e+05	1.0e+03
5.3626e+03	2.4e+00	1.567015e+05	9.2e+02
5.3661e+03	2.4e+00	1.555126e+05	9.9e+02
5.3696e+03	2.4e+00	1.548269e+05	1.1e+03
5.3731e+03	2.4e+00	1.541621e+05	1.0e+03
5.3766e+03	2.4e+00	1.531883e+05	1.7e+03
5.3801e+03	2.4e+00	1.538587e+05	1.6e+03
5.3836e+03	2.4e+00	1.532866e+05	1.1e+03
5.3871e+03	2.4e+00	1.523471e+05	1.5e+03
5.3907e+03	2.4e+00	1.519568e+05	1.7e+03
5.3942e+03	2.4e+00	1.506836e+05	1.5e+03
5.3977e+03	2.4e+00	1.491881e+05	1.5e+03
5.4012e+03	2.4e+00	1.487454e+05	1.5e+03
5.4047e+03	2.4e+00	1.473747e+05	1.1e+03
5.4082e+03	2.4e+00	1.463570e+05	1.7e+03
5.4117e+03	2.4e+00	1.453995e+05	1.4e+03
5.4152e+03	2.4e+00	1.456203e+05	1.7e+03
5.4187e+03	2.4e+00	1.446982e+05	7.5e+02
5.4222e+03	2.4e+00	1.439370e+05	1.5e+03
5.4257e+03	2.4e+00	1.440019e+05	1.4e+03
5.4292e+03	2.4e+00	1.419944e+05	1.7e+03
5.4327e+03	2.4e+00	1.433464e+05	1.4e+03
5.4362e+03	2.4e+00	1.424808e+05	1.7e+03
5.4397e+03	2.4e+00	1.416027e+05	1.8e+03
5.4432e+03	2.4e+00	1.411101e+05	1.6e+03
5.4467e+03	2.4e+00	1.403116e+05	1.2e+03
5.4502e+03	2.4e+00	1.396707e+05	1.2e+03
5.4537e+03	2.4e+00	1.390899e+05	1.8e+03
5.4572e+03	2.4e+00	1.387146e+05	1.5e+03
5.4607e+03	2.4e+00	1.377862e+05	1.7e+03
5.4642e+03	2.4e+00	1.375374e+05	1.3e+03
5.4677e+03	2.4e+00	1.373176e+05	1.7e+03
5.4712e+03	2.4e+00	1.373148e+05	1.3e+03
5.4747e+03	2.4e+00	1.366519e+05	1.2e+03
5.4782e+03	2.4e+00	1.345288e+05	1.0e+03
5.4817e+03	2.4e+00	1.335037e+05	1.4e+03
5.4852e+03	2.4e+00	1.336913e+05	8.5e+02
5.4887e+03	2.4e+00	1.341485e+05	1.3e+03
5.4922e+03	2.4e+00	1.332211e+05	1.4e+03
5.4956e+03	2.4e+00	1.329063e+05	1.1e+03
5.4991e+03	2.4e+00	1.326889e+05	1.2e+03
5.5026e+03	2.4e+00	1.318331e+05	1.5e+03
5.5061e+03	2.4e+00	1.300488e+05	1.1e+03
5.5096e+03	2.4e+00	1.303748e+05	1.0e+03
5.5131e+03	2.4e+00	1.292028e+05	1.4e+03
5.5166e+03	2.4e+00	1.281080e+05	1.3e+03
5.5201e+03	2.4e+00	1.289052e+05	9.6e+02
5.5236e+03	2.4e+00	1.276568e+05	8.3e+02
5.5271e+03	2.4e+00	1.268503e+05	1.2e+03
5.5306e+03	2.4e+00	1.256981e+05	1.5e+03
5.5340e+03	2.4e+00	1.253191e+05	7.8e+02
5.5375e+03	2.4e+00	1.254003e+05	1.0e+03
5.5410e+03	2.4e+00	1.248897e+05	8.2e+02
5.5445e+03	2.4e+00	1.254279e+05	1.1e+03
5.5480e+03	2.4e+00	1.238905e+05	1.0e+03
5.5515e+03	2.4e+00	1.236267e+05	7.4e+02
5.5550e+03	2.4e+00	1.232782e+05	8.8e+02
5.5585e+03	2.4e+00	1.224068e+05	9.6e+02
5.5619e+03	2.4e+00	1.220582e+05	8.7e+02
5.5654e+03	2.4e+00	1.205712e+05	1.4e+03
5.5689e+03	2.4e+00	1.201669e+05	8.3e+02
5.5724e+03	2.4e+00	1.196337e+05	1.1e+03
5.5759e+03	2.4e+00	1.191840e+05	7.8e+02
5.5794e+03	2.4e+00	1.184320e+05	1.1e+03
5.5828e+03	2.4e+00	1.185285e+05	1.0e+03
5.5863e+03	2.4e+00	1.170237e+05	1.5e+03
5.5898e+03	2.4e+00	1.172831e+05	1.1e+03
5.5933e+03	2.4e+00	1.164908e+05	1.1e+03
5.5968e+03	2.4e+00	1.165571e+05	1.3e+03
5.6002e+03	2.4e+00	1.147354e+05	1.3e+03
5.6037e+03	2.4e+00	1.158721e+05	1.3e+03
5.6072e+03	2.4e+00	1.155579e+05	1.4e+03
5.6107e+03	2.4e+00	1.142421e+05	1.1e+03
5.6142e+03	2.4e+00	1.137587e+05	1.6e+03
5.6176e+03	2.4e+00	1.132213e+05	1.2e+03
5.6211e+03	2.4e+00	1.124564e+05	1.0e+03
5.6246e+03	2.4e+00	1.127479e+05	1.2e+03
5.6281e+03	2.4e+00	1.120063e+05	1.1e+03
5.6315e+03	2.4e+00	1.117616e+05	1.1e+03
5.6350e+03	2.4e+00	1.104338e+05	9.0e+02
5.6385e+03	2.4e+00	1.109707e+05	9.7e+02
5.6420e+03	2.4e+00	1.102121e+05	1.1e+03
5.6454e+03	2.4e+00	1.094032e+05	1.3e+03
5.6489e+03	2.4e+00	1.092164e+05	1.3e+03
5.6524e+03	2.4e+00	1.081118e+05	1.2e+03
5.6559e+03	2.4e+00	1.077410e+05	1.2e+03
5.6593e+03	2.4e+00	1.068055e+05	9.7e+02
5.6628e+03	2.4e+00	1.070011e+05	1.0e+03
5.6663e+03	2.4e+00	1.073065e+05	7.0e+02
5.6698e+03	2.4e+00	1.065942e+05	8.8e+02
5.6732e+03	2.4e+00	1.054189e+05	1.0e+03
5.6767e+03	2.4e+00	1.050989e+05	9.4e+02
5.6802e+03	2.4e+00	1.052185e+05	7.4e+02
5.6836e+03	2.4e+00	1.037475e+05	1.2e+03
5.6871e+03	2.4e+00	1.046033e+05	9.1e+02
5.6906e+03	2.4e+00	1.040565e+05	1.1e+03
5.6940e+03	2.4e+00	1.025631e+05	1.0e+03
5.6975e+03	2.4e+00	1.025001e+05	8.0e+02
5.7010e+03	2.4e+00	1.020319e+05	1.0e+03
5.7045e+03	2.4e+00	1.017123e+05	7.5e+02
5.7079e+03	2.4e+00	1.010426e+05	8.4e+02
5.7114e+03	2.4e+00	1.000309e+05	7.8e+02
5.7149e+03	2.4e+00	9.954486e+04	9.3e+02
5.7183e+03	2.4e+00	9.900930e+04	8.9e+02
5.7218e+03	2.4e+00	9.913516e+04	7.8e+02
5.7252e+03	2.4e+00	9.946314e+04	9.3e+02
5.7287e+03	2.4e+00	9.852714e+04	6.0e+02
5.7322e+03	2.4e+00	9.746670e+04	5.8e+02
5.7356e+03	2.4e+00	9.782998e+04	1.0e+03
5.7391e+03	2.4e+00	9.726557e+04	6.3e+02
5.7426e+03	2.4e+00	9.712707e+04	6.6e+02
5.7460e+03	2.4e+00	9.628497e+04	1.1e+03
5.7495e+03	2.4e+00	9.651320e+04	6.5e+02
5.7529e+03	2.4e+00	9.491749e+04	6.7e+02
5.7564e+03	2.4e+00	9.517533e+04	4.6e+02
5.7599e+03	2.4e+00	9.463600e+04	7.0e+02
5.7633e+03	2.4e+00	9.430207e+04	7.4e+02
5.7668e+03	2.4e+00	9.434356e+04	6.0e+02
5.7702e+03	2.4e+00	9.457544e+04	6.7e+02
5.7737e+03	2.4e+00	9.430197e+04	6.9e+02
5.7772e+03	2.4e+00	9.343370e+04	1.1e+03
5.7806e+03	2.4e+00	9.349669e+04	1.1e+03
5.7841e+03	2.4e+00	9.270116e+04	1.2e+03
5.7875e+03	2.4e+00	9.265645e+04	7.4e+02
5.7910e+03	2.4e+00	9.203643e+04	1.1e+03
5.7944e+03	2.4e+00	9.274947e+04	1.1e+03
5.7979e+03	2.4e+00	9.262461e+04	1.0e+03
5.8014e+03	2.4e+00	9.224861e+04	9.6e+02
5.8048e+03	2.4e+00	9.224072e+04	1.2e+03
5.8083e+03	2.4e+00	9.205726e+04	1.2e+03
5.8117e+03	2.4e+00	9.087820e+04	1.0e+03
5.8152e+03	2.4e+00	9.101389e+04	1.1e+03
5.8186e+03	2.4e+00	9.058468e+04	9.8e+02
5.8221e+03	2.4e+00	9.139056e+04	1.2e+03
5.8255e+03	2.4e+00	9.101166e+04	1.3e+03
5.8290e+03	2.4e+00	9.099777e+04	9.9e+02
5.8324e+03	2.4e+00	9.071724e+04	1.0e+03
5.8359e+03	2.4e+00	9.055901e+04	1.0e+03
5.8393e+03	2.4e+00	8.994262e+04	7.4e+02
5.8428e+03	2.4e+00	9.029266e+04	1.1e+03
5.8462e+03	2.4e+00	8.951235e+04	1.0e+03
5.8497e+03	2.4e+00	8.978953e+04	1.1e+03
5.8531e+03	2.4e+00	8.874320e+04	1.0e+03
5.8566e+03	2.4e+00	8.796216e+04	7.5e+02
5.8600e+03	2.4e+00	8.889843e+04	1.0e+03
5.8635e+03	2.4e+00	8.853020e+04	1.1e+03
5.8669e+03	2.4e+00	8.831209e+04	9.4e+02
5.8704e+03	2.4e+00	8.754511e+04	1.1e+03
5.8738e+03	2.4e+00	8.741995e+04	9.0e+02
5.8773e+03	2.4e+00	8.638617e+04	7.9e+02
5.8807e+03	2.4e+00	8.636235e+04	1.1e+03
5.8841e+03	2.4e+00	8.546428e+04	1.1e+03
5.8876e+03	2.4e+00	8.432582e+04	6.9e+02
5.8910e+03	2.4e+00	8.354206e+04	5.8e+02
5.8945e+03	2.4e+00	8.265458e+04	8.9e+02
5.8979e+03	2.4e+00	8.307848e+04	7.8e+02
5.9014e+03	2.4e+00	8.364071e+04	8.8e+02
5.9048e+03	2.4e+00	8.345031e+04	1.0e+03
5.9082e+03	2.4e+00	8.389111e+04	9.7e+02
5.9117e+03	2.4e+00	8.349494e+04	9.1e+02
5.9151e+03	2.4e+00	8.320565e+04	6.9e+02
5.9186e+03	2.4e+00	8.266199e+04	8.1e+02
5.9220e+03	2.4e+00	8.320907e+04	8.1e+02
5.9254e+03	2.4e+00	8.210345e+04	5.6e+02
5.9289e+03	2.4e+00	8.246798e+04	7.9e+02
5.9323e+03	2.4e+00	8.186837e+04	1.0e+03
5.9358e+03	2.4e+00	8.189710e+04	1.1e+03
5.9392e+03	2.4e+00	8.075476e+04	6.5e+02
5.9426e+03	2.4e+00	8.075415e+04	5.7e+02
5.9461e+03	2.4e+00	8.020844e+04	4.3e+02
5.9495e+03	2.4e+00	7.987623e+04	6.8e+02
5.9529e+03	2.4e+00	8.020937e+04	5.3e+02
5.9564e+03	2.4e+00	8.016985e+04	6.3e+02
5.9598e+03	2.4e+00	7.961933e+04	9.9e+02
5.9633e+03	2.4e+00	7.970249e+04	9.1e+02
5.9667e+03	2.4e+00	7.924307e+04	8.7e+02
5.9701e+03	2.4e+00	7.903637e+04	1.1e+03
5.9736e+03	2.4e+00	7.893260e+04	8.8e+02
5.9770e+03	2.4e+00	7.841983e+04	8.6e+02
5.9804e+03	2.4e+00	7.808593e+04	1.0e+03
5.9838e+03	2.4e+00	7.776140e+04	1.2e+03
5.9873e+03	2.4e+00	7.812512e+04	9.1e+02
5.9907e+03	2.4e+00	7.736742e+04	1.2e+03
5.9941e+03	2.4e+00	7.794882e+04	1.0e+03
5.9976e+03	2.4e+00	7.750987e+04	8.6e+02
6.0010e+03	2.4e+00	7.715492e+04	7.2e+02
6.0044e+03	2.4e+00	7.642500e+04	1.0e+03
6.0079e+03	2.4e+00	7.645511e+04	9.0e+02
6.0113e+03	2.4e+00	7.633414e+04	9.1e+02
6.0147e+03	2.4e+00	7.569441e+04	9.7e+02
6.0181e+03	2.4e+00	7.542639e+04	1.2e+03
6.0216e+03	2.4e+00	7.519666e+04	1.3e+03
6.0250e+03	2.4e+00	7.543084e+04	8.8e+02
6.0284e+03	2.4e+00	7.495605e+04	8.7e+02
6.0318e+03	2.4e+00	7.526214e+04	7.8e+02
6.0353e+03	2.4e+00	7.511835e+04	9.1e+02
6.0387e+03	2.4e+00	7.512895e+04	9.2e+02
6.0421e+03	2.4e+00	7.443361e+04	1.3e+03
6.0455e+03	2.4e+00	7.407948e+04	1.0e+03
6.0490e+03	2.4e+00	7.318593e+04	7.4e+02
6.0524e+03	2.4e+00	7.367960e+04	9.8e+02
6.0558e+03	2.4e+00	7.391926e+04	7.3e+02
6.0592e+03	2.4e+00	7.325488e+04	9.4e+02
6.0627e+03	2.4e+00	7.306335e+04	9.2e+02
6.0661e+03	2.4e+00	7.292101e+04	9.1e+02
6.0695e+03	2.4e+00	7.289803e+04	7.0e+02
6.0729e+03	2.4e+00	7.290335e+04	8.2e+02
6.0763e+03	2.4e+00	7.240281e+04	8.7e+02
6.0798e+03	2.4e+00	7.216054e+04	8.7e+02
6.0832e+03	2.4e+00	7.246786e+04	1.1e+03
6.0866e+03	2.4e+00	7.198803e+04	1.1e+03
6.0900e+03	2.4e+00	7.187035e+04	9.4e+02
6.0934e+03	2.4e+00	7.199241e+04	7.9e+02
6.0969e+03	2.4e+00	7.154670e+04	9.2e+02
6.1003e+03	2.4e+00	7.074540e+04	8.3e+02
6.1037e+03	2.4e+00	7.089643e+04	7.5e+02
6.1071e+03	2.4e+00	7.116189e+04	7.1e+02
6.1105e+03	2.4e+00	7.019782e+04	9.3e+02
6.1139e+03	2.4e+00	7.085597e+04	8.3e+02
6.1174e+03	2.4e+00	7.065601e+04	7.1e+02
6.1208e+03	2.4e+00	7.054543e+04	6.5e+02
6.1242e+03	2.4e+00	7.048511e+04	7.2e+02
6.1276e+03	2.4e+00	7.010638e+04	5.3e+02
6.1310e+03	2.4e+00	6.994334e+04	8.8e+02
6.1344e+03	2.4e+00	6.986463e+04	1.1e+03
6.1378e+03	2.4e+00	6.950113e+04	7.7e+02
6.1412e+03	2.4e+00	6.890350e+04	8.3e+02
6.1447e+03	2.4e+00	6.867309e+04	9.3e+02
6.1481e+03	2.4e+00	6.866141e+04	5.7e+02
6.1515e+03	2.4e+00	6.787373e+04	6.3e+02
6.1549e+03	2.4e+00	6.755087e+04	8.4e+02
6.1583e+03	2.4e+00	6.723273e+04	8.3e+02
6.1617e+03	2.4e+00	6.768260e+04	1.0e+03
6.1651e+03	2.4e+00	6.803494e+04	7.2e+02
6.1685e+03	2.4e+00	6.709769e+04	6.6e+02
6.1719e+03	2.4e+00	6.643050e+04	4.1e+02
6.1753e+03	2.4e+00	6.674083e+04	7.6e+02
6.1787e+03	2.4e+00	6.676241e+04	1.1e+03
6.1822e+03	2.4e+00	6.598281e+04	6.9e+02
6.1856e+03	2.4e+00	6.628770e+04	7.3e+02
6.1890e+03	2.4e+00	6.539273e+04	8.2e+02
6.1924e+03	2.4e+00	6.620108e+04	8.4e+02
6.1958e+03	2.4e+00	6.579956e+04	8.2e+02
6.1992e+03	2.4e+00	6.530691e+04	7.0e+02
6.2026e+03	2.4e+00	6.502741e+04	7.2e+02
6.2060e+03	2.4e+00	6.457489e+04	9.7e+02
6.2094e+03	2.4e+00	6.446627e+04	7.9e+02
6.2128e+03	2.4e+00	6.422397e+04	7.3e+02
6.2162e+03	2.4e+00	6.481953e+04	7.1e+02
6.2196e+03	2.4e+00	6.400182e+04	9.2e+02
6.2230e+03	2.4e+00	6.389495e+04	8.8e+02
6.2264e+03	2.4e+00	6.403673e+04	1.1e+03
6.2298e+03	2.4e+00	6.338156e+04	8.8e+02
6.2332e+03	2.4e+00	6.334064e+04	1.2e+03
6.2366e+03	2.4e+00	6.293122e+04	8.5e+02
6.2400e+03	2.4e+00	6.312285e+04	8.2e+02
6.2434e+03	2.4e+00	6.288469e+04	8.3e+02
6.2468e+03	2.4e+00	6.265895e+04	1.0e+03
6.2502e+03	2.4e+00	6.195749e+04	7.2e+02
6.2536e+03	2.4e+00	6.206031e+04	8.9e+02
6.2570e+03	2.4e+00	6.213454e+04	9.7e+02
6.2604e+03	2.4e+00	6.186737e+04	9.3e+02
6.2638e+03	2.4e+00	6.232848e+04	9.7e+02
6.2672e+03	2.4e+00	6.189565e+04	6.0e+02
6.2706e+03	2.4e+00	6.108251e+04	7.5e+02
6.2740e+03	2.4e+00	5.950370e+04	7.0e+02
6.2774e+03	2.4e+00	5.840123e+04	6.3e+02
6.2808e+03	2.4e+00	5.810367e+04	5.8e+02
6.2841e+03	2.4e+00	5.873297e+04	6.3e+02
6.2875e+03	2.4e+00	5.978726e+04	6.4e+02
6.2909e+03	2.4e+00	5.917385e+04	7.7e+02
6.2943e+03	2.4e+00	5.900718e+04	8.9e+02
6.2977e+03	2.4e+00	5.957897e+04	8.1e+02
6.3011e+03	2.4e+00	5.918143e+04	6.9e+02
6.3045e+03	2.4e+00	5.906551e+04	7.7e+02
6.3079e+03	2.4e+00	5.904728e+04	8.0e+02
6.3113e+03	2.4e+00	5.955595e+04	8.3e+02
6.3147e+03	2.4e+00	5.947510e+04	7.1e+02
6.3181e+03	2.4e+00	5.922769e+04	7.1e+02
6.3214e+03	2.4e+00	5.897292e+04	6.5e+02
6.3248e+03	2.4e+00	5.905938e+04	5.3e+02
6.3282e+03	2.4e+00	5.937756e+04	7.7e+02
6.3316e+03	2.4e+00	5.909032e+04	8.9e+02
6.3350e+03	2.4e+00	5.914009e+04	9.8e+02
6.3384e+03	2.4e+00	5.907026e+04	6.8e+02
6.3418e+03	2.4e+00	5.838938e+04	6.4e+02
6.3452e+03	2.4e+00	5.821436e+04	7.3e+02
6.3485e+03	2.4e+00	5.800726e+04	8.3e+02
6.3519e+03	2.4e+00	5.841706e+04	1.0e+03
6.3553e+03	2.4e+00	5.834594e+04	7.0e+02
6.3587e+03	2.4e+00	5.852736e+04	6.8e+02
6.3621e+03	2.4e+00	5.772202e+04	5.4e+02
6.3655e+03	2.4e+00	5.777323e+04	5.3e+02
6.3688e+03	2.4e+00	5.721435e+04	5.4e+02
6.3722e+03	2.4e+00	5.746854e+04	7.4e+02
6.3756e+03	2.4e+00	5.758540e+04	9.2e+02
6.3790e+03	2.4e+00	5.741503e+04	8.5e+02
6.3824e+03	2.4e+00	5.755350e+04	8.1e+02
6.3857e+03	2.4e+00	5.722876e+04	7.8e+02
6.3891e+03	2.4e+00	5.691445e+04	1.1e+03
6.3925e+03	2.4e+00	5.686251e+04	1.0e+03
6.3959e+03	2.4e+00	5.673288e+04	9.2e+02
6.3993e+03	2.4e+00	5.639970e+04	8.1e+02
6.4026e+03	2.4e+00	5.612608e+04	1.1e+03
6.4060e+03	2.4e+00	5.650508e+04	9.6e+02
6.4094e+03	2.4e+00	5.625215e+04	9.0e+02
6.4128e+03	2.4e+00	5.615568e+04	1.1e+03
6.4162e+03	2.4e+00	5.602504e+04	1.1e+03
6.4195e+03	2.4e+00	5.539970e+04	8.6e+02
6.4229e+03	2.4e+00	5.535190e+04	7.0e+02
6.4263e+03	2.4e+00	5.597056e+04	8.7e+02
6.4297e+03	2.4e+00	5.578195e+04	7.6e+02
6.4330e+03	2.4e+00	5.481895e+04	8.6e+02
6.4364e+03	2.4e+00	5.481072e+04	1.0e+03
6.4398e+03	2.4e+00	5.508334e+04	8.8e+02
6.4432e+03	2.4e+00	5.480190e+04	8.5e+02
6.4465e+03	2.4e+00	5.449156e+04	8.6e+02
6.4499e+03	2.4e+00	5.453146e+04	7.0e+02
6.4533e+03	2.4e+00	5.432628e+04	1.0e+03
6.4566e+03	2.4e+00	5.332835e+04	8.6e+02
6.4600e+03	2.4e+00	5.338574e+04	1.1e+03
6.4634e+03	2.4e+00	5.338460e+04	9.5e+02
6.4667e+03	2.4e+00	5.336334e+04	6.5e+02
6.4701e+03	2.4e+00	5.372318e+04	8.3e+02
6.4735e+03	2.4e+00	5.340764e+04	9.6e+02
6.4769e+03	2.4e+00	5.263675e+04	6.6e+02
6.4802e+03	2.4e+00	5.266443e+04	8.7e+02
6.4836e+03	2.4e+00	5.253716e+04	7.8e+02
6.4870e+03	2.4e+00	5.311002e+04	8.7e+02
6.4903e+03	2.4e+00	5.209320e+04	7.6e+02
6.4937e+03	2.4e+00	5.200290e+04	7.6e+02
6.4971e+03	2.4e+00	5.241547e+04	9.5e+02
6.5004e+03	2.4e+00	5.208883e+04	9.1e+02
6.5038e+03	2.4e+00	5.219664e+04	9.4e+02
6.5072e+03	2.4e+00	5.193773e+04	7.1e+02
6.5105e+03	2.4e+00	5.106550e+04	8.0e+02
6.5139e+03	2.4e+00	5.077235e+04	7.7e+02
6.5172e+03	2.4e+00	5.011687e+04	7.2e+02
6.5206e+03	2.4e+00	5.028048e+04	7.3e+02
6.5240e+03	2.4e+00	5.038707e+04	8.7e+02
6.5273e+03	2.4e+00	4.996792e+04	8.1e+02
6.5307e+03	2.4e+00	4.871517e+04	7.7e+02
6.5341e+03	2.4e+00	4.777122e+04	6.7e+02
6.5374e+03	2.4e+00	4.683960e+04	1.0e+03
6.5408e+03	2.4e+00	4.556197e+04	8.5e+02
6.5441e+03	2.4e+00	4.382582e+04	8.3e+02
6.5475e+03	2.4e+00	4.161875e+04	6.3e+02
6.5509e+03	2.4e+00	3.965267e+04	7.8e+02
6.5542e+03	2.4e+00	3.598276e+04	5.7e+02
6.5576e+03	2.4e+00	3.151441e+04	6.1e+02
6.5609e+03	2.4e+00	2.933904e+04	5.5e+02
6.5643e+03	2.4e+00	2.997177e+04	4.2e+02
6.5676e+03	2.4e+00	3.437530e+04	4.7e+02
6.5710e+03	2.4e+00	3.751226e+04	7.8e+02
6.5744e+03	2.4e+00	4.043804e+04	8.1e+02
6.5777e+03	2.4e+00	4.246412e+04	8.5e+02
6.5811e+03	2.4e+00	4.382517e+04	8.2e+02
6.5844e+03	2.4e+00	4.454407e+04	6.8e+02
6.5878e+03	2.4e+00	4.522800e+04	7.5e+02
6.5911e+03	2.4e+00	4.597137e+04	8.8e+02
6.5945e+03	2.4e+00	4.645115e+04	8.9e+02
6.5978e+03	2.4e+00	4.708727e+04	9.6e+02
6.6012e+03	2.4e+00	4.741200e+04	1.0e+03
6.6045e+03	2.4e+00	4.711024e+04	9.0e+02
6.6079e+03	2.4e+00	4.711746e+04	7.3e+02
6.6112e+03	2.4e+00	4.728258e+04	8.7e+02
6.6146e+03	2.4e+00	4.725408e+04	8.3e+02
6.6179e+03	2.4e+00	4.707680e+04	9.9e+02
6.6213e+03	2.4e+00	4.741827e+04	9.9e+02
6.6246e+03	2.4e+00	4.732003e+04	8.8e+02
6.6280e+03	2.4e+00	4.732753e+04	7.5e+02
6.6313e+03	2.4e+00	4.737192e+04	8.6e+02
6.6347e+03	2.4e+00	4.689163e+04	7.1e+02
6.6380e+03	2.4e+00	4.670375e+04	7.3e+02
6.6414e+03	2.4e+00	4.736077e+04	9.6e+02
6.6447e+03	2.4e+00	4.695561e+04	7.2e+02
6.6481e+03	2.4e+00	4.665197e+04	8.1e+02
6.6514e+03	2.4e+00	4.676926e+04	9.0e+02
6.6548e+03	2.4e+00	4.657227e+04	9.4e+02
6.6581e+03	2.4e+00	4.726314e+04	8.9e+02
6.6615e+03	2.4e+00	4.721994e+04	9.4e+02
6.6648e+03	2.4e+00	4.657994e+04	8.5e+02
6.6681e+03	2.4e+00	4.683763e+04	1.0e+03
6.6715e+03	2.4e+00	4.664564e+04	9.1e+02
6.6748e+03	2.4e+00	4.691062e+04	7.8e+02
6.6782e+03	2.4e+00	4.664199e+04	9.0e+02
6.6815e+03	2.4e+00	4.617587e+04	9.6e+02
6.6849e+03	2.4e+00	4.644900e+04	7.8e+02
6.6882e+03	2.4e+00	4.601185e+04	8.9e+02
6.6915e+03	2.4e+00	4.650890e+04	8.9e+02
6.6949e+03	2.4e+00	4.662402e+04	8.7e+02
6.6982e+03	2.4e+00	4.571750e+04	8.7e+02
6.7016e+03	2.4e+00	4.565071e+04	1.1e+03
6.7049e+03	2.4e+00	4.599407e+04	8.7e+02
6.7082e+03	2.4e+00	4.567454e+04	1.0e+03
6.7116e+03	2.4e+00	4.531462e+04	7.2e+02
6.7149e+03	2.4e+00	4.530540e+04	6.7e+02
6.7183e+03	2.4e+00	4.536246e+04	1.0e+03
6.7216e+03	2.4e+00	4.531671e+04	8.7e+02
6.7249e+03	2.4e+00	4.516183e+04	9.3e+02
6.7283e+03	2.4e+00	4.518355e+04	9.6e+02
6.7316e+03	2.4e+00	4.530645e+04	5.8e+02
6.7349e+03	2.4e+00	4.543326e+04	1.0e+03
6.7383e+03	2.4e+00	4.459401e+04	1.1e+03
6.7416e+03	2.4e+00	4.469127e+04	1.0e+03
6.7449e+03	2.4e+00	4.478804e+04	9.5e+02
6.7483e+03	2.4e+00	4.450617e+04	8.1e+02
6.7516e+03	2.4e+00	4.414713e+04	9.4e+02
6.7549e+03	2.4e+00	4.390740e+04	6.8e+02
6.7583e+03	2.4e+00	4.375409e+04	9.0e+02
6.7616e+03	2.4e+00	4.419690e+04	9.1e+02
6.7649e+03	2.4e+00	4.459993e+04	9.3e+02
6.7683e+03	2.4e+00	4.440193e+04	1.2e+03
6.7716e+03	2.4e+00	4.392548e+04	9.7e+02
6.7749e+03	2.4e+00	4.384450e+04	9.2e+02
6.7782e+03	2.4e+00	4.416331e+04	1.0e+03
6.7816e+03	2.4e+00	4.368079e+04	1.0e+03
6.7849e+03	2.4e+00	4.328823e+04	7.7e+02
6.7882e+03	2.4e+00	4.354998e+04	9.3e+02
6.7916e+03	2.4e+00	4.302761e+04	9.5e+02
6.7949e+03	2.4e+00	4.306787e+04	1.1e+03
6.7982e+03	2.4e+00	4.353184e+04	1.0e+03
6.8015e+03	2.4e+00	4.293261e+04	7.4e+02
6.8049e+03	2.4e+00	4.310181e+04	9.6e+02
6.8082e+03	2.4e+00	4.242339e+04	9.2e+02
6.8115e+03	2.4e+00	4.219627e+04	1.0e+03
6.8148e+03	2.4e+00	4.221002e+04	9.4e+02
6.8182e+03	2.4e+00	4.204784e+04	8.9e+02
6.8215e+03	2.4e+00	4.204795e+04	7.8e+02
6.8248e+03	2.4e+00	4.228214e+04	7.9e+02
6.8281e+03	2.4e+00	4.168742e+04	8.0e+02
6.8315e+03	2.4e+00	4.132351e+04	9.0e+02
6.8348e+03	2.4e+00	4.174928e+04	9.7e+02
6.8381e+03	2.4e+00	4.133880e+04	1.0e+03
6.8414e+03	2.4e+00	4.108122e+04	9.0e+02
6.8447e+03	2.4e+00	4.099668e+04	5.0e+02
6.8481e+03	2.4e+00	4.103470e+04	8.2e+02
6.8514e+03	2.4e+00	4.099179e+04	1.1e+03
6.8547e+03	2.4e+00	4.058572e+04	9.1e+02
6.8580e+03	2.4e+00	4.036208e+04	9.9e+02
6.8613e+03	2.4e+00	3.873388e+04	8.5e+02
6.8647e+03	2.4e+00	3.486796e+04	6.8e+02
6.8680e+03	2.4e+00	3.057561e+04	7.4e+02
6.8713e+03	2.4e+00	2.681270e+04	4.7e+02
6.8746e+03	2.4e+00	2.852000e+04	4.1e+02
6.8779e+03	2.4e+00	3.193274e+04	8.6e+02
6.8812e+03	2.4e+00	3.410643e+04	1.1e+03
6.8846e+03	2.4e+00	3.499144e+04	9.4e+02
6.8879e+03	2.4e+00	3.385088e+04	7.4e+02
6.8912e+03	2.4e+00	3.296929e+04	6.7e+02
6.8945e+03	2.4e+00	3.332713e+04	6.3e+02
6.8978e+03	2.4e+00	3.362388e+04	7.7e+02
6.9011e+03	2.4e+00	3.418763e+04	6.7e+02
6.9044e+03	2.4e+00	3.471266e+04	8.7e+02
6.9078e+03	2.4e+00	3.541678e+04	6.8e+02
6.9111e+03	2.4e+00	3.602458e+04	8.5e+02
6.9144e+03	2.4e+00	3.628864e+04	7.1e+02
6.9177e+03	2.4e+00	3.656084e+04	6.8e+02
6.9210e+03	2.4e+00	3.649059e+04	5.2e+02
6.9243e+03	2.4e+00	3.676251e+04	9.4e+02
6.9276e+03	2.4e+00	3.737621e+04	1.1e+03
6.9309e+03	2.4e+00	3.725545e+04	7.7e+02
6.9342e+03	2.4e+00	3.696837e+04	8.8e+02
6.9375e+03	2.4e+00	3.706853e+04	8.7e+02
6.9409e+03	2.4e+00	3.631793e+04	8.0e+02
6.9442e+03	2.4e+00	3.657046e+04	8.5e+02
6.9475e+03	2.4e+00	3.671459e+04	1.1e+03
6.9508e+03	2.4e+00	3.649006e+04	8.4e+02
6.9541e+03	2.4e+00	3.702324e+04	1.1e+03
6.9574e+03	2.4e+00	3.697375e+04	1.2e+03
6.9607e+03	2.4e+00	3.688659e+04	9.2e+02
6.9640e+03	2.4e+00	3.697870e+04	8.6e+02
6.9673e+03	2.4e+00	3.716426e+04	9.1e+02
6.9706e+03	2.4e+00	3.720177e+04	9.8e+02
6.9739e+03	2.4e+00	3.695746e+04	9.1e+02
6.9772e+03	2.4e+00	3.677245e+04	9.6e+02
6.9805e+03	2.4e+00	3.675169e+04	9.8e+02
6.9838e+03	2.4e+00	3.660955e+04	9.8e+02
6.9871e+03	2.4e+00	3.625855e+04	8.2e+02
6.9904e+03	2.4e+00	3.551847e+04	7.2e+02
6.9937e+03	2.4e+00	3.533274e+04	8.4e+02
6.9970e+03	2.4e+00	3.537266e+04	9.3e+02
7.0003e+03	2.4e+00	3.500157e+04	8.5e+02
7.0036e+03	2.4e+00	3.511598e+04	8.3e+02
7.0069e+03	2.4e+00	3.553068e+04	8.8e+02
7.0102e+03	2.4e+00	3.495378e+04	8.4e+02
7.0135e+03	2.4e+00	3.509118e+04	9.5e+02
7.0168e+03	2.4e+00	3.513622e+04	8.8e+02
7.0201e+03	2.4e+00	3.514396e+04	1.0e+03
7.0234e+03	2.4e+00	3.498448e+04	8.9e+02
7.0267e+03	2.4e+00	3.480528e+04	7.5e+02
7.0300e+03	2.4e+00	3.465392e+04	9.0e+02
7.0333e+03	2.4e+00	3.468961e+04	7.3e+02
7.0366e+03	2.4e+00	3.455027e+04	7.1e+02
7.0399e+03	2.4e+00	3.497653e+04	1.0e+03
7.0432e+03	2.4e+00	3.443437e+04	7.7e+02
7.0465e+03	2.4e+00	3.448130e+04	7.7e+02
7.0498e+03	2.4e+00	3.420035e+04	7.1e+02
7.0531e+03	2.4e+00	3.415740e+04	7.8e+02
7.0564e+03	2.4e+00	3.364490e+04	7.6e+02
7.0597e+03	2.4e+00	3.416767e+04	1.0e+03
7.0629e+03	2.4e+00	3.389090e+04	8.4e+02
7.0662e+03	2.4e+00	3.376710e+04	6.5e+02
7.0695e+03	2.4e+00	3.387375e+04	6.9e+02
7.0728e+03	2.4e+00	3.362651e+04	8.6e+02
7.0761e+03	2.4e+00	3.297752e+04	9.0e+02
7.0794e+03	2.4e+00	3.334361e+04	9.0e+02
7.0827e+03	2.4e+00	3.304104e+04	7.8e+02
7.0860e+03	2.4e+00	3.305977e+04	9.2e+02
7.0893e+03	2.4e+00	3.297746e+04	9.5e+02
7.0926e+03	2.4e+00	3.308887e+04	8.6e+02
7.0958e+03	2.4e+00	3.292208e+04	7.3e+02
7.0991e+03	2.4e+00	3.240060e+04	6.7e+02
7.1024e+03	2.4e+00	3.243717e+04	1.0e+03
7.1057e+03	2.4e+00	3.252883e+04	8.2e+02
7.1090e+03	2.4e+00	3.231061e+04	7.9e+02
7.1123e+03	2.4e+00	3.201919e+04	7.2e+02
7.1156e+03	2.4e+00	3.195936e+04	8.1e+02
7.1188e+03	2.4e+00	3.189813e+04	1.2e+03
7.1221e+03	2.4e+00	3.246852e+04	1.1e+03
7.1254e+03	2.4e+00	3.222844e+04	1.0e+03
7.1287e+03	2.4e+00	3.161674e+04	1.0e+03
7.1320e+03	2.4e+00	3.164188e+04	8.5e+02
7.1353e+03	2.4e+00	3.163706e+04	9.2e+02
7.1385e+03	2.4e+00	3.148665e+04	7.7e+02
7.1418e+03	2.4e+00	3.106306e+04	6.5e+02
7.1451e+03	2.4e+00	3.087997e+04	9.2e+02
7.1484e+03	2.4e+00	3.057830e+04	8.4e+02
7.1517e+03	2.4e+00	3.021893e+04	9.2e+02
7.1549e+03	2.4e+00	3.044993e+04	1.1e+03
7.1582e+03	2.4e+00	3.006834e+04	1.0e+03
7.1615e+03	2.4e+00	2.963073e+04	9.2e+02
7.1648e+03	2.4e+00	2.935687e+04	1.1e+03
7.1681e+03	2.4e+00	2.864563e+04	7.7e+02
7.1713e+03	2.4e+00	2.771900e+04	8.8e+02
7.1746e+03	2.4e+00	2.679286e+04	7.5e+02
7.1779e+03	2.4e+00	2.695568e+04	7.8e+02
7.1812e+03	2.4e+00	2.637785e+04	8.4e+02
7.1844e+03	2.4e+00	2.583352e+04	7.4e+02
7.1877e+03	2.4e+00	2.551868e+04	7.3e+02
7.1910e+03	2.4e+00	2.532541e+04	5.9e+02
7.1943e+03	2.4e+00	2.588692e+04	7.6e+02
7.1975e+03	2.4e+00	2.564716e+04	7.8e+02
7.2008e+03	2.4e+00	2.574665e+04	7.3e+02
7.2041e+03	2.4e+00	2.580328e+04	7.7e+02
7.2074e+03	2.4e+00	2.610698e+04	6.7e+02
7.2106e+03	2.4e+00	2.697267e+04	6.5e+02
7.2139e+03	2.4e+00	2.754684e+04	7.0e+02
7.2172e+03	2.4e+00	2.804457e+04	6.6e+02
7.2204e+03	2.4e+00	2.801909e+04	7.9e+02
7.2237e+03	2.4e+00	2.753069e+04	9.6e+02
7.2270e+03	2.4e+00	2.751235e+04	9.2e+02
7.2303e+03	2.4e+00	2.658426e+04	9.1e+02
7.2335e+03	2.4e+00	2.617391e+04	7.0e+02
7.2368e+03	2.4e+00	2.541156e+04	8.2e+02
7.2401e+03	2.4e+00	2.523126e+04	7.4e+02
7.2433e+03	2.4e+00	2.524612e+04	7.6e+02
7.2466e+03	2.4e+00	2.523424e+04	7.3e+02
7.2499e+03	2.4e+00	2.526464e+04	8.2e+02
7.2531e+03	2.4e+00	2.530904e+04	8.1e+02
7.2564e+03	2.4e+00	2.512125e+04	7.1e+02
7.2597e+03	2.4e+00	2.557888e+04	7.2e+02
7.2629e+03	2.4e+00	2.517505e+04	7.3e+02
7.2662e+03	2.4e+00	2.493270e+04	9.2e+02
7.2695e+03	2.4e+00	2.503731e+04	9.2e+02
7.2727e+03	2.4e+00	2.529197e+04	8.9e+02
7.2760e+03	2.4e+00	2.496130e+04	7.9e+02
7.2792e+03	2.4e+00	2.481006e+04	7.5e+02
7.2825e+03	2.4e+00	2.515359e+04	8.6e+02
7.2858e+03	2.4e+00	2.528588e+04	9.0e+02
7.2890e+03	2.4e+00	2.498201e+04	7.4e+02
7.2923e+03	2.4e+00	2.480373e+04	8.1e+02
7.2956e+03	2.4e+00	2.449369e+04	8.2e+02
7.2988e+03	2.4e+00	2.471861e+04	7.9e+02
7.3021e+03	2.4e+00	2.472200e+04	8.2e+02
7.3053e+03	2.4e+00	2.474410e+04	5.4e+02
7.3086e+03	2.4e+00	2.475322e+04	8.7e+02
7.3119e+03	2.4e+00	2.500212e+04	7.9e+02
7.3151e+03	2.4e+00	2.437456e+04	8.0e+02
7.3184e+03	2.4e+00	2.447151e+04	7.4e+02
7.3216e+03	2.4e+00	2.470126e+04	8.6e+02
7.3249e+03	2.4e+00	2.475152e+04	9.7e+02
7.3281e+03	2.4e+00	2.443032e+04	8.1e+02
7.3314e+03	2.4e+00	2.480789e+04	8.8e+02
7.3346e+03	2.4e+00	2.506802e+04	7.5e+02
7.3379e+03	2.4e+00	2.495632e+04	7.4e+02
7.3412e+03	2.4e+00	2.508025e+04	8.4e+02
7.3444e+03	2.4e+00	2.486494e+04	8.4e+02
7.3477e+03	2.4e+00	2.454710e+04	7.6e+02
7.3509e+03	2.4e+00	2.441159e+04	7.1e+02
7.3542e+03	2.4e+00	2.422943e+04	8.4e+02
7.3574e+03	2.4e+00	2.438921e+04	8.9e+02
7.3607e+03	2.4e+00	2.433251e+04	8.8e+02
7.3639e+03	2.4e+00	2.412749e+04	7.0e+02
7.3672e+03	2.4e+00	2.390489e+04	7.1e+02
7.3704e+03	2.4e+00	2.423354e+04	6.6e+02
7.3737e+03	2.4e+00	2.406216e+04	7.2e+02
7.3769e+03	2.4e+00	2.387718e+04	7.0e+02
7.3802e+03	2.4e+00	2.340273e+04	7.0e+02
7.3834e+03	2.4e+00	2.334402e+04	5.9e+02
7.3867e+03	2.4e+00	2.364576e+04	5.5e+02
7.3899e+03	2.4e+00	2.362899e+04	7.4e+02
7.3932e+03	2.4e+00	2.353701e+04	6.9e+02
7.3964e+03	2.4e+00	2.325815e+04	7.1e+02
7.3997e+03	2.4e+00	2.319727e+04	7.0e+02
7.4029e+03	2.4e+00	2.337852e+04	7.1e+02
7.4062e+03	2.4e+00	2.337224e+04	6.3e+02
7.4094e+03	2.4e+00	2.324827e+04	7.2e+02
7.4127e+03	2.4e+00	2.271388e+04	6.1e+02
7.4159e+03	2.4e+00	2.276692e+04	7.9e+02
7.4191e+03	2.4e+00	2.317667e+04	7.9e+02
7.4224e+03	2.4e+00	2.317778e+04	5.5e+02
7.4256e+03	2.4e+00	2.276044e+04	5.0e+02
7.4289e+03	2.4e+00	2.234094e+04	5.2e+02
7.4321e+03	2.4e+00	2.242308e+04	6.4e+02
7.4354e+03	2.4e+00	2.244366e+04	5.5e+02
7.4386e+03	2.4e+00	2.246925e+04	5.0e+02
7.4418e+03	2.4e+00	2.246328e+04	6.9e+02
7.4451e+03	2.4e+00	2.259384e+04	5.2e+02
7.4483e+03	2.4e+00	2.232023e+04	7.2e+02
7.4516e+03	2.4e+00	2.210300e+04	7.2e+02
7.4548e+03	2.4e+00	2.201663e+04	8.0e+02
7.4580e+03	2.4e+00	2.210631e+04	8.1e+02
7.4613e+03	2.4e+00	2.224397e+04	7.7e+02
7.4645e+03	2.4e+00	2.222792e+04	6.0e+02
7.4678e+03	2.4e+00	2.167475e+04	7.0e+02
7.4710e+03	2.4e+00	2.138804e+04	5.6e+02
7.4742e+03	2.4e+00	2.135383e+04	8.4e+02
7.4775e+03	2.4e+00	2.121416e+04	6.1e+02
7.4807e+03	2.4e+00	2.119825e+04	7.8e+02
7.4839e+03	2.4e+00	2.134971e+04	6.3e+02
7.4872e+03	2.4e+00	2.134726e+04	7.7e+02
7.4904e+03	2.4e+00	2.120964e+04	5.7e+02
7.4936e+03	2.4e+00	2.122872e+04	8.2e+02
7.4969e+03	2.4e+00	2.128759e+04	9.4e+02
7.5001e+03	2.4e+00	2.133687e+04	9.5e+02
7.5033e+03	2.4e+00	2.121909e+04	7.3e+02
7.5066e+03	2.4e+00	2.086085e+04	9.9e+02
7.5098e+03	2.4e+00	2.081275e+04	8.3e+02
7.5130e+03	2.4e+00	2.083690e+04	8.9e+02
7.5163e+03	2.4e+00	2.102159e+04	6.0e+02
7.5195e+03	2.4e+00	2.091495e+04	6.9e+02
7.5227e+03	2.4e+00	2.066186e+04	8.2e+02
7.5260e+03	2.4e+00	2.050635e+04	7.2e+02
7.5292e+03	2.4e+00	2.083115e+04	7.5e+02
7.5324e+03	2.4e+00	2.048542e+04	6.2e+02
7.5356e+03	2.4e+00	2.022493e+04	6.8e+02
7.5389e+03	2.4e+00	2.021256e+04	7.0e+02
7.5421e+03	2.4e+00	2.016330e+04	6.8e+02
7.5453e+03	2.4e+00	2.031514e+04	5.9e+02
7.5486e+03	2.4e+00	2.045385e+04	6.5e+02
7.5518e+03	2.4e+00	2.014684e+04	5.8e+02
7.5550e+03	2.4e+00	2.028881e+04	6.2e+02
7.5582e+03	2.4e+00	1.985591e+04	6.5e+02
7.5615e+03	2.4e+00	1.979774e+04	7.3e+02
7.5647e+03	2.4e+00	1.955180e+04	7.0e+02
7.5679e+03	2.4e+00	1.970259e+04	6.7e+02
7.5711e+03	2.4e+00	1.969606e+04	5.4e+02
7.5744e+03	2.4e+00	1.949354e+04	5.9e+02
7.5776e+03	2.4e+00	1.967730e+04	5.9e+02
7.5808e+03	2.4e+00	1.957103e+04	6.7e+02
7.5840e+03	2.4e+00	1.914547e+04	6.4e+02
7.5872e+03	2.4e+00	1.935241e+04	5.1e+02
7.5905e+03	2.4e+00	1.882470e+04	6.3e+02
7.5937e+03	2.4e+00	1.744212e+04	5.1e+02
7.5969e+03	2.4e+00	1.532201e+04	5.4e+02
7.6001e+03	2.4e+00	1.149109e+04	4.7e+02
7.6033e+03	2.4e+00	7.719612e+03	3.5e+02
7.6066e+03	2.4e+00	4.920709e+03	1.8e+02
7.6098e+03	2.4e+00	3.807979e+03	1.5e+02
7.6130e+03	2.4e+00	3.955632e+03	1.5e+02
7.6162e+03	2.4e+00	5.214924e+03	1.9e+02
7.6194e+03	2.4e+00	7.391385e+03	2.7e+02
7.6227e+03	2.4e+00	9.609281e+03	3.8e+02
7.6259e+03	2.4e+00	1.044765e+04	4.4e+02
7.6291e+03	2.4e+00	9.937738e+03	3.5e+02
7.6323e+03	2.4e+00	8.636181e+03	3.7e+02
7.6355e+03	2.4e+00	8.078931e+03	3.3e+02
7.6387e+03	2.4e+00	7.939021e+03	3.2e+02
7.6419e+03	2.4e+00	8.048234e+03	2.8e+02
7.6452e+03	2.4e+00	9.040234e+03	3.0e+02
7.6484e+03	2.4e+00	9.662793e+03	2.8e+02
7.6516e+03	2.4e+00	1.032259e+04	3.0e+02
7.6548e+03	2.4e+00	1.101798e+04	4.9e+02
7.6580e+03	2.4e+00	1.190034e+04	3.4e+02
7.6612e+03	2.4e+00	1.252281e+04	4.3e+02
7.6644e+03	2.4e+00	1.312120e+04	4.1e+02
7.6676e+03	2.4e+00	1.421271e+04	4.9e+02
