# lambda [A]	Dlambda [A]	specval [counts]	Dspecval [counts]
3.6165e+03	2.4e+00	1.909769e+04	4.4e+02
3.6202e+03	2.4e+00	1.995455e+04	2.3e+02
3.6239e+03	2.4e+00	2.322242e+04	4.1e+02
3.6277e+03	2.4e+00	2.304851e+04	8.0e+02
3.6314e+03	2.4e+00	2.302021e+04	9.5e+02
3.6351e+03	2.4e+00	2.534122e+04	4.8e+01
3.6388e+03	2.4e+00	2.348274e+04	1.0e+02
3.6425e+03	2.4e+00	2.547115e+04	5.7e+02
3.6462e+03	2.4e+00	2.665323e+04	2.3e+02
3.6500e+03	2.4e+00	2.672027e+04	1.9e+02
3.6537e+03	2.4e+00	2.988988e+04	4.8e+02
3.6574e+03	2.4e+00	3.186757e+04	2.2e+02
3.6611e+03	2.4e+00	3.296150e+04	2.8e+02
3.6648e+03	2.4e+00	3.488988e+04	5.4e+02
3.6685e+03	2.4e+00	3.367933e+04	6.3e+02
3.6723e+03	2.4e+00	3.854901e+04	1.2e+03
3.6760e+03	2.4e+00	4.070226e+04	8.2e+02
3.6797e+03	2.4e+00	4.237772e+04	9.1e+02
3.6834e+03	2.4e+00	4.464297e+04	9.9e+02
3.6871e+03	2.4e+00	4.969236e+04	8.5e+02
3.6908e+03	2.4e+00	5.016042e+04	9.6e+02
3.6945e+03	2.4e+00	5.600413e+04	1.1e+03
3.6982e+03	2.4e+00	5.725040e+04	5.5e+02
3.7019e+03	2.4e+00	6.349978e+04	5.0e+02
3.7057e+03	2.4e+00	7.257778e+04	2.0e+03
3.7094e+03	2.4e+00	6.466813e+04	2.2e+03
3.7131e+03	2.4e+00	6.908048e+04	1.9e+03
3.7168e+03	2.4e+00	8.210842e+04	2.2e+03
3.7205e+03	2.4e+00	9.732722e+04	1.6e+03
3.7242e+03	2.4e+00	1.101655e+05	1.7e+03
3.7279e+03	2.4e+00	1.066210e+05	2.2e+03
3.7316e+03	2.4e+00	9.795958e+04	1.4e+03
3.7353e+03	2.4e+00	1.001134e+05	2.2e+03
3.7390e+03	2.4e+00	1.145215e+05	1.4e+03
3.7427e+03	2.4e+00	1.458420e+05	2.9e+03
3.7464e+03	2.4e+00	1.811080e+05	3.1e+03
3.7501e+03	2.4e+00	1.989567e+05	2.7e+03
3.7539e+03	2.4e+00	1.962552e+05	4.2e+03
3.7576e+03	2.4e+00	1.753656e+05	4.3e+03
3.7613e+03	2.4e+00	1.426214e+05	1.7e+03
3.7650e+03	2.4e+00	1.455530e+05	3.1e+03
3.7687e+03	2.4e+00	1.736725e+05	3.9e+03
3.7724e+03	2.4e+00	2.378028e+05	3.5e+03
3.7761e+03	2.4e+00	2.876763e+05	3.5e+03
3.7798e+03	2.4e+00	3.364129e+05	5.1e+03
3.7835e+03	2.4e+00	3.658186e+05	5.2e+03
3.7872e+03	2.4e+00	3.751352e+05	6.7e+03
3.7909e+03	2.4e+00	3.649088e+05	8.2e+03
3.7946e+03	2.4e+00	3.279981e+05	7.2e+03
3.7983e+03	2.4e+00	2.744803e+05	6.0e+03
3.8020e+03	2.4e+00	2.268418e+05	3.6e+03
3.8057e+03	2.4e+00	2.282381e+05	4.9e+03
3.8094e+03	2.4e+00	2.920240e+05	4.2e+03
3.8131e+03	2.4e+00	3.976237e+05	5.0e+03
3.8168e+03	2.4e+00	4.822883e+05	9.1e+03
3.8205e+03	2.4e+00	5.566893e+05	7.7e+03
3.8242e+03	2.4e+00	6.168024e+05	7.0e+03
3.8279e+03	2.4e+00	6.552455e+05	1.2e+04
3.8315e+03	2.4e+00	6.996337e+05	8.5e+03
3.8352e+03	2.4e+00	7.275472e+05	7.1e+03
3.8389e+03	2.4e+00	7.397403e+05	6.3e+03
3.8426e+03	2.4e+00	7.299602e+05	1.3e+04
3.8463e+03	2.4e+00	6.819977e+05	7.8e+03
3.8500e+03	2.4e+00	6.245106e+05	1.2e+04
3.8537e+03	2.4e+00	5.237391e+05	1.1e+04
3.8574e+03	2.4e+00	4.085756e+05	4.2e+03
3.8611e+03	2.4e+00	3.652061e+05	2.5e+03
3.8648e+03	2.4e+00	4.187644e+05	4.9e+03
3.8685e+03	2.4e+00	5.506341e+05	8.4e+03
3.8722e+03	2.4e+00	6.834602e+05	9.8e+03
3.8759e+03	2.4e+00	8.212630e+05	1.5e+04
3.8795e+03	2.4e+00	9.212387e+05	2.0e+04
3.8832e+03	2.4e+00	1.010843e+06	1.6e+04
3.8869e+03	2.4e+00	1.055551e+06	1.7e+04
3.8906e+03	2.4e+00	1.100635e+06	1.4e+04
3.8943e+03	2.4e+00	1.124594e+06	1.6e+04
3.8980e+03	2.4e+00	1.136421e+06	1.2e+04
3.9017e+03	2.4e+00	1.154986e+06	2.4e+04
3.9054e+03	2.4e+00	1.093766e+06	1.6e+04
3.9090e+03	2.4e+00	1.094969e+06	2.1e+04
3.9127e+03	2.4e+00	1.118794e+06	1.8e+04
3.9164e+03	2.4e+00	1.153273e+06	1.5e+04
3.9201e+03	2.4e+00	1.155721e+06	1.3e+04
3.9238e+03	2.4e+00	1.144316e+06	1.5e+04
3.9275e+03	2.4e+00	1.091396e+06	1.4e+04
3.9312e+03	2.4e+00	1.013786e+06	1.3e+04
3.9348e+03	2.4e+00	9.185746e+05	8.5e+03
3.9385e+03	2.4e+00	7.656679e+05	9.2e+03
3.9422e+03	2.4e+00	5.857438e+05	6.8e+03
3.9459e+03	2.4e+00	4.726903e+05	8.1e+03
3.9496e+03	2.4e+00	4.992888e+05	7.2e+03
3.9532e+03	2.4e+00	6.611515e+05	7.9e+03
3.9569e+03	2.4e+00	8.304622e+05	1.2e+04
3.9606e+03	2.4e+00	9.814957e+05	1.0e+04
3.9643e+03	2.4e+00	1.100111e+06	1.5e+04
3.9680e+03	2.4e+00	1.171103e+06	9.7e+03
3.9716e+03	2.4e+00	1.229391e+06	1.4e+04
3.9753e+03	2.4e+00	1.260477e+06	1.5e+04
3.9790e+03	2.4e+00	1.260422e+06	1.3e+04
3.9827e+03	2.4e+00	1.312171e+06	1.3e+04
3.9864e+03	2.4e+00	1.282118e+06	9.7e+03
3.9900e+03	2.4e+00	1.286133e+06	1.1e+04
3.9937e+03	2.4e+00	1.295877e+06	1.3e+04
3.9974e+03	2.4e+00	1.298001e+06	1.4e+04
4.0011e+03	2.4e+00	1.304252e+06	1.5e+04
4.0047e+03	2.4e+00	1.296114e+06	1.3e+04
4.0084e+03	2.4e+00	1.295058e+06	1.1e+04
4.0121e+03	2.4e+00	1.283707e+06	1.3e+04
4.0158e+03	2.4e+00	1.294657e+06	1.4e+04
4.0194e+03	2.4e+00	1.291561e+06	9.7e+03
4.0231e+03	2.4e+00	1.274644e+06	8.7e+03
4.0268e+03	2.4e+00	1.263411e+06	9.7e+03
4.0304e+03	2.4e+00	1.247099e+06	9.2e+03
4.0341e+03	2.4e+00	1.228340e+06	9.8e+03
4.0378e+03	2.4e+00	1.220041e+06	9.7e+03
4.0415e+03	2.4e+00	1.212418e+06	1.1e+04
4.0451e+03	2.4e+00	1.194183e+06	9.9e+03
4.0488e+03	2.4e+00	1.182534e+06	9.1e+03
4.0525e+03	2.4e+00	1.153650e+06	9.6e+03
4.0561e+03	2.4e+00	1.128814e+06	9.1e+03
4.0598e+03	2.4e+00	1.082535e+06	8.7e+03
4.0635e+03	2.4e+00	1.045868e+06	9.1e+03
4.0671e+03	2.4e+00	9.856093e+05	8.3e+03
4.0708e+03	2.4e+00	8.912732e+05	7.1e+03
4.0745e+03	2.4e+00	7.684689e+05	6.7e+03
4.0781e+03	2.4e+00	6.248639e+05	4.2e+03
4.0818e+03	2.4e+00	4.755322e+05	2.7e+03
4.0855e+03	2.4e+00	4.256913e+05	2.2e+03
4.0891e+03	2.4e+00	5.004354e+05	1.4e+03
4.0928e+03	2.4e+00	6.441785e+05	2.9e+03
4.0965e+03	2.4e+00	7.623725e+05	3.3e+03
4.1001e+03	2.4e+00	8.728556e+05	5.1e+03
4.1038e+03	2.4e+00	9.439872e+05	6.6e+03
4.1075e+03	2.4e+00	9.935522e+05	8.6e+03
4.1111e+03	2.4e+00	1.007629e+06	9.8e+03
4.1148e+03	2.4e+00	1.027919e+06	6.0e+03
4.1184e+03	2.4e+00	1.047883e+06	5.7e+03
4.1221e+03	2.4e+00	1.059109e+06	8.3e+03
4.1258e+03	2.4e+00	1.058663e+06	7.5e+03
4.1294e+03	2.4e+00	1.070095e+06	6.2e+03
4.1331e+03	2.4e+00	1.069330e+06	4.9e+03
4.1367e+03	2.4e+00	1.076617e+06	1.0e+04
4.1404e+03	2.4e+00	1.070276e+06	9.1e+03
4.1441e+03	2.4e+00	1.067385e+06	8.9e+03
4.1477e+03	2.4e+00	1.074271e+06	7.0e+03
4.1514e+03	2.4e+00	1.071144e+06	1.0e+04
4.1550e+03	2.4e+00	1.060861e+06	9.4e+03
4.1587e+03	2.4e+00	1.060460e+06	1.0e+04
4.1623e+03	2.4e+00	1.052970e+06	7.7e+03
4.1660e+03	2.4e+00	1.051842e+06	6.2e+03
4.1697e+03	2.4e+00	1.055714e+06	7.2e+03
4.1733e+03	2.4e+00	1.045167e+06	8.4e+03
4.1770e+03	2.4e+00	1.052464e+06	6.4e+03
4.1806e+03	2.4e+00	1.049795e+06	5.4e+03
4.1843e+03	2.4e+00	1.039299e+06	6.3e+03
4.1879e+03	2.4e+00	1.040667e+06	7.2e+03
4.1916e+03	2.4e+00	1.050536e+06	6.1e+03
4.1952e+03	2.4e+00	1.041776e+06	5.1e+03
4.1989e+03	2.4e+00	1.039270e+06	5.2e+03
4.2025e+03	2.4e+00	1.037712e+06	7.8e+03
4.2062e+03	2.4e+00	1.039852e+06	5.3e+03
4.2098e+03	2.4e+00	1.021571e+06	6.9e+03
4.2135e+03	2.4e+00	1.024352e+06	5.7e+03
4.2171e+03	2.4e+00	1.007182e+06	6.4e+03
4.2208e+03	2.4e+00	1.006471e+06	6.4e+03
4.2244e+03	2.4e+00	1.012216e+06	5.2e+03
4.2281e+03	2.4e+00	1.002689e+06	7.2e+03
4.2317e+03	2.4e+00	1.003954e+06	5.0e+03
4.2354e+03	2.4e+00	9.980240e+05	6.9e+03
4.2390e+03	2.4e+00	9.995617e+05	6.0e+03
4.2427e+03	2.4e+00	9.947853e+05	5.5e+03
4.2463e+03	2.4e+00	9.941265e+05	4.5e+03
4.2500e+03	2.4e+00	9.987861e+05	6.0e+03
4.2536e+03	2.4e+00	9.870565e+05	5.2e+03
4.2572e+03	2.4e+00	9.768981e+05	6.6e+03
4.2609e+03	2.4e+00	9.778567e+05	6.4e+03
4.2645e+03	2.4e+00	9.683539e+05	5.6e+03
4.2682e+03	2.4e+00	9.670699e+05	5.5e+03
4.2718e+03	2.4e+00	9.601204e+05	6.8e+03
4.2755e+03	2.4e+00	9.564049e+05	6.3e+03
4.2791e+03	2.4e+00	9.444609e+05	6.0e+03
4.2827e+03	2.4e+00	9.218133e+05	6.2e+03
4.2864e+03	2.4e+00	9.215588e+05	6.6e+03
4.2900e+03	2.4e+00	8.992802e+05	5.5e+03
4.2937e+03	2.4e+00	8.960182e+05	4.6e+03
4.2973e+03	2.4e+00	8.850041e+05	7.4e+03
4.3010e+03	2.4e+00	8.768478e+05	5.7e+03
4.3046e+03	2.4e+00	8.592878e+05	5.4e+03
4.3082e+03	2.4e+00	8.284146e+05	6.5e+03
4.3119e+03	2.4e+00	8.000970e+05	5.7e+03
4.3155e+03	2.4e+00	7.474269e+05	5.9e+03
4.3191e+03	2.4e+00	6.744888e+05	7.3e+03
4.3228e+03	2.4e+00	5.816886e+05	4.9e+03
4.3264e+03	2.4e+00	4.697789e+05	4.7e+03
4.3301e+03	2.4e+00	3.732192e+05	3.5e+03
4.3337e+03	2.4e+00	3.637325e+05	2.8e+03
4.3373e+03	2.4e+00	4.370885e+05	2.2e+03
4.3410e+03	2.4e+00	5.397843e+05	2.4e+03
4.3446e+03	2.4e+00	6.343044e+05	4.3e+03
4.3482e+03	2.4e+00	7.003224e+05	4.7e+03
4.3519e+03	2.4e+00	7.538377e+05	5.9e+03
4.3555e+03	2.4e+00	7.846488e+05	5.1e+03
4.3591e+03	2.4e+00	8.097011e+05	5.8e+03
4.3628e+03	2.4e+00	8.170891e+05	7.6e+03
4.3664e+03	2.4e+00	8.260356e+05	6.6e+03
4.3700e+03	2.4e+00	8.278590e+05	5.3e+03
4.3737e+03	2.4e+00	8.292877e+05	6.5e+03
4.3773e+03	2.4e+00	8.241556e+05	5.6e+03
4.3809e+03	2.4e+00	8.199858e+05	5.2e+03
4.3845e+03	2.4e+00	8.172237e+05	4.6e+03
4.3882e+03	2.4e+00	8.209439e+05	5.4e+03
4.3918e+03	2.4e+00	8.191707e+05	6.1e+03
4.3954e+03	2.4e+00	8.171254e+05	5.1e+03
4.3991e+03	2.4e+00	8.252517e+05	6.0e+03
4.4027e+03	2.4e+00	8.138489e+05	5.1e+03
4.4063e+03	2.4e+00	8.061719e+05	5.2e+03
4.4099e+03	2.4e+00	8.031880e+05	6.4e+03
4.4136e+03	2.4e+00	7.941763e+05	5.5e+03
4.4172e+03	2.4e+00	8.038145e+05	4.2e+03
4.4208e+03	2.4e+00	7.933466e+05	4.5e+03
4.4244e+03	2.4e+00	7.967873e+05	5.6e+03
4.4281e+03	2.4e+00	7.918809e+05	4.8e+03
4.4317e+03	2.4e+00	7.866431e+05	5.4e+03
4.4353e+03	2.4e+00	7.757274e+05	4.7e+03
4.4389e+03	2.4e+00	7.711640e+05	4.5e+03
4.4426e+03	2.4e+00	7.627334e+05	3.3e+03
4.4462e+03	2.4e+00	7.669869e+05	5.8e+03
4.4498e+03	2.4e+00	7.612530e+05	5.2e+03
4.4534e+03	2.4e+00	7.576924e+05	5.2e+03
4.4570e+03	2.4e+00	7.570489e+05	3.7e+03
4.4607e+03	2.4e+00	7.512607e+05	5.4e+03
4.4643e+03	2.4e+00	7.365226e+05	4.2e+03
4.4679e+03	2.4e+00	7.363575e+05	4.9e+03
4.4715e+03	2.4e+00	7.189815e+05	4.8e+03
4.4751e+03	2.4e+00	7.132030e+05	4.3e+03
4.4788e+03	2.4e+00	7.105263e+05	4.2e+03
4.4824e+03	2.4e+00	7.153841e+05	3.1e+03
4.4860e+03	2.4e+00	7.198289e+05	3.4e+03
4.4896e+03	2.4e+00	7.205514e+05	4.1e+03
4.4932e+03	2.4e+00	7.121785e+05	4.0e+03
4.4968e+03	2.4e+00	7.198748e+05	4.1e+03
4.5005e+03	2.4e+00	7.131862e+05	3.7e+03
4.5041e+03	2.4e+00	7.104494e+05	5.2e+03
4.5077e+03	2.4e+00	7.073310e+05	6.6e+03
4.5113e+03	2.4e+00	7.071856e+05	5.5e+03
4.5149e+03	2.4e+00	6.992195e+05	4.1e+03
4.5185e+03	2.4e+00	6.894347e+05	4.3e+03
4.5221e+03	2.4e+00	6.886741e+05	5.0e+03
4.5258e+03	2.4e+00	6.785430e+05	3.6e+03
4.5294e+03	2.4e+00	6.772514e+05	5.5e+03
4.5330e+03	2.4e+00	6.781058e+05	5.7e+03
4.5366e+03	2.4e+00	6.761997e+05	5.7e+03
4.5402e+03	2.4e+00	6.721911e+05	5.3e+03
4.5438e+03	2.4e+00	6.588721e+05	5.4e+03
4.5474e+03	2.4e+00	6.529973e+05	5.5e+03
4.5510e+03	2.4e+00	6.437448e+05	4.6e+03
4.5546e+03	2.4e+00	6.493669e+05	5.2e+03
4.5582e+03	2.4e+00	6.438902e+05	4.3e+03
4.5619e+03	2.4e+00	6.424206e+05	5.3e+03
4.5655e+03	2.4e+00	6.390885e+05	6.3e+03
4.5691e+03	2.4e+00	6.356157e+05	4.7e+03
4.5727e+03	2.4e+00	6.311942e+05	5.7e+03
4.5763e+03	2.4e+00	6.245436e+05	5.4e+03
4.5799e+03	2.4e+00	6.210301e+05	4.0e+03
4.5835e+03	2.4e+00	6.168869e+05	5.9e+03
4.5871e+03	2.4e+00	6.126134e+05	3.9e+03
4.5907e+03	2.4e+00	6.179946e+05	5.5e+03
4.5943e+03	2.4e+00	6.136245e+05	4.6e+03
4.5979e+03	2.4e+00	6.098659e+05	5.1e+03
4.6015e+03	2.4e+00	6.112682e+05	4.5e+03
4.6051e+03	2.4e+00	6.043778e+05	4.8e+03
4.6087e+03	2.4e+00	6.010294e+05	3.7e+03
4.6123e+03	2.4e+00	5.945479e+05	4.9e+03
4.6159e+03	2.4e+00	5.928509e+05	4.8e+03
4.6195e+03	2.4e+00	5.878044e+05	4.9e+03
4.6231e+03	2.4e+00	5.818145e+05	4.8e+03
4.6267e+03	2.4e+00	5.820679e+05	3.5e+03
4.6303e+03	2.4e+00	5.766502e+05	3.7e+03
4.6339e+03	2.4e+00	5.726366e+05	4.3e+03
4.6375e+03	2.4e+00	5.713464e+05	4.1e+03
4.6411e+03	2.4e+00	5.680868e+05	4.6e+03
4.6447e+03	2.4e+00	5.673441e+05	4.6e+03
4.6483e+03	2.4e+00	5.605918e+05	4.0e+03
4.6519e+03	2.4e+00	5.585140e+05	3.8e+03
4.6555e+03	2.4e+00	5.560010e+05	3.3e+03
4.6591e+03	2.4e+00	5.537191e+05	4.1e+03
4.6627e+03	2.4e+00	5.440796e+05	3.6e+03
4.6663e+03	2.4e+00	5.437244e+05	3.2e+03
4.6699e+03	2.4e+00	5.464531e+05	3.8e+03
4.6735e+03	2.4e+00	5.431638e+05	3.9e+03
4.6771e+03	2.4e+00	5.352187e+05	3.2e+03
4.6807e+03	2.4e+00	5.343274e+05	3.7e+03
4.6843e+03	2.4e+00	5.313130e+05	4.4e+03
4.6879e+03	2.4e+00	5.296956e+05	3.2e+03
4.6915e+03	2.4e+00	5.268132e+05	3.3e+03
4.6950e+03	2.4e+00	5.251778e+05	3.0e+03
4.6986e+03	2.4e+00	5.194475e+05	3.4e+03
4.7022e+03	2.4e+00	5.230414e+05	3.9e+03
4.7058e+03	2.4e+00	5.185961e+05	4.5e+03
4.7094e+03	2.4e+00	5.183092e+05	4.5e+03
4.7130e+03	2.4e+00	5.167566e+05	4.1e+03
4.7166e+03	2.4e+00	5.097799e+05	3.7e+03
4.7202e+03	2.4e+00	5.088959e+05	4.2e+03
4.7238e+03	2.4e+00	5.063527e+05	3.7e+03
4.7274e+03	2.4e+00	5.041460e+05	4.4e+03
4.7309e+03	2.4e+00	5.014530e+05	4.9e+03
4.7345e+03	2.4e+00	4.928864e+05	4.5e+03
4.7381e+03	2.4e+00	4.898790e+05	4.3e+03
4.7417e+03	2.4e+00	4.888404e+05	4.0e+03
4.7453e+03	2.4e+00	4.829747e+05	2.7e+03
4.7489e+03	2.4e+00	4.811283e+05	3.7e+03
4.7525e+03	2.4e+00	4.781242e+05	4.2e+03
4.7560e+03	2.4e+00	4.753126e+05	3.9e+03
4.7596e+03	2.4e+00	4.701781e+05	4.2e+03
4.7632e+03	2.4e+00	4.645067e+05	2.7e+03
4.7668e+03	2.4e+00	4.592910e+05	4.0e+03
4.7704e+03	2.4e+00	4.580543e+05	3.5e+03
4.7740e+03	2.4e+00	4.535509e+05	3.8e+03
4.7775e+03	2.4e+00	4.506389e+05	4.0e+03
4.7811e+03	2.4e+00	4.495841e+05	3.4e+03
4.7847e+03	2.4e+00	4.477588e+05	3.3e+03
4.7883e+03	2.4e+00	4.450916e+05	3.3e+03
4.7919e+03	2.4e+00	4.435657e+05	4.3e+03
4.7954e+03	2.4e+00	4.402990e+05	3.4e+03
4.7990e+03	2.4e+00	4.355932e+05	3.5e+03
4.8026e+03	2.4e+00	4.316101e+05	2.5e+03
4.8062e+03	2.4e+00	4.289186e+05	3.1e+03
4.8098e+03	2.4e+00	4.242090e+05	3.3e+03
4.8133e+03	2.4e+00	4.217645e+05	3.3e+03
4.8169e+03	2.4e+00	4.162161e+05	3.7e+03
4.8205e+03	2.4e+00	4.114943e+05	3.5e+03
4.8241e+03	2.4e+00	4.045247e+05	3.6e+03
4.8276e+03	2.4e+00	3.990767e+05	3.4e+03
4.8312e+03	2.4e+00	3.931530e+05	3.4e+03
4.8348e+03	2.4e+00	3.846639e+05	3.2e+03
4.8384e+03	2.4e+00	3.728298e+05	2.7e+03
4.8419e+03	2.4e+00	3.548189e+05	2.5e+03
4.8455e+03	2.4e+00	3.344923e+05	2.9e+03
4.8491e+03	2.4e+00	3.017139e+05	1.9e+03
4.8527e+03	2.4e+00	2.696422e+05	2.0e+03
4.8562e+03	2.4e+00	2.255503e+05	2.0e+03
4.8598e+03	2.4e+00	1.893208e+05	1.5e+03
4.8634e+03	2.4e+00	1.805149e+05	1.3e+03
4.8669e+03	2.4e+00	2.096639e+05	1.4e+03
4.8705e+03	2.4e+00	2.515772e+05	1.5e+03
4.8741e+03	2.4e+00	2.862306e+05	1.8e+03
4.8777e+03	2.4e+00	3.123348e+05	2.4e+03
4.8812e+03	2.4e+00	3.307255e+05	2.7e+03
4.8848e+03	2.4e+00	3.419391e+05	2.9e+03
4.8884e+03	2.4e+00	3.501075e+05	2.6e+03
4.8919e+03	2.4e+00	3.566016e+05	2.5e+03
4.8955e+03	2.4e+00	3.616289e+05	3.1e+03
4.8991e+03	2.4e+00	3.630230e+05	3.1e+03
4.9026e+03	2.4e+00	3.655900e+05	2.9e+03
4.9062e+03	2.4e+00	3.654804e+05	3.3e+03
4.9098e+03	2.4e+00	3.657327e+05	2.4e+03
4.9133e+03	2.4e+00	3.665771e+05	2.6e+03
4.9169e+03	2.4e+00	3.664339e+05	3.5e+03
4.9205e+03	2.4e+00	3.625746e+05	2.7e+03
4.9240e+03	2.4e+00	3.590154e+05	2.3e+03
4.9276e+03	2.4e+00	3.589720e+05	3.0e+03
4.9312e+03	2.4e+00	3.637182e+05	2.9e+03
4.9347e+03	2.4e+00	3.609424e+05	3.3e+03
4.9383e+03	2.4e+00	3.622599e+05	2.7e+03
4.9418e+03	2.4e+00	3.610098e+05	2.7e+03
4.9454e+03	2.4e+00	3.598955e+05	3.5e+03
4.9490e+03	2.4e+00	3.580511e+05	3.4e+03
4.9525e+03	2.4e+00	3.551416e+05	2.9e+03
4.9561e+03	2.4e+00	3.562375e+05	2.7e+03
4.9596e+03	2.4e+00	3.545331e+05	3.0e+03
4.9632e+03	2.4e+00	3.487237e+05	3.0e+03
4.9668e+03	2.4e+00	3.492927e+05	3.6e+03
4.9703e+03	2.4e+00	3.460919e+05	3.2e+03
4.9739e+03	2.4e+00	3.429704e+05	2.5e+03
4.9774e+03	2.4e+00	3.439933e+05	2.3e+03
4.9810e+03	2.4e+00	3.401104e+05	2.7e+03
4.9845e+03	2.4e+00	3.370419e+05	3.1e+03
4.9881e+03	2.4e+00	3.359846e+05	2.5e+03
4.9917e+03	2.4e+00	3.343539e+05	2.7e+03
4.9952e+03	2.4e+00	3.337769e+05	2.8e+03
4.9988e+03	2.4e+00	3.295306e+05	2.1e+03
5.0023e+03	2.4e+00	3.292262e+05	2.3e+03
5.0059e+03	2.4e+00	3.253631e+05	2.7e+03
5.0094e+03	2.4e+00	3.209845e+05	2.7e+03
5.0130e+03	2.4e+00	3.205491e+05	2.5e+03
5.0165e+03	2.4e+00	3.182255e+05	2.3e+03
5.0201e+03	2.4e+00	3.151739e+05	2.8e+03
5.0236e+03	2.4e+00	3.144100e+05	2.0e+03
5.0272e+03	2.4e+00	3.152048e+05	2.4e+03
5.0307e+03	2.4e+00	3.154453e+05	2.2e+03
5.0343e+03	2.4e+00	3.106358e+05	2.6e+03
5.0378e+03	2.4e+00	3.083654e+05	2.1e+03
5.0414e+03	2.4e+00	3.059609e+05	2.5e+03
5.0449e+03	2.4e+00	3.049823e+05	2.0e+03
5.0485e+03	2.4e+00	3.032491e+05	2.4e+03
5.0520e+03	2.4e+00	3.006974e+05	2.7e+03
5.0556e+03	2.4e+00	2.978219e+05	2.2e+03
5.0591e+03	2.4e+00	3.004196e+05	2.2e+03
5.0627e+03	2.4e+00	2.970945e+05	2.3e+03
5.0662e+03	2.4e+00	2.999476e+05	2.4e+03
5.0698e+03	2.4e+00	2.945374e+05	1.9e+03
5.0733e+03	2.4e+00	2.964072e+05	1.9e+03
5.0769e+03	2.4e+00	2.919374e+05	2.2e+03
5.0804e+03	2.4e+00	2.900173e+05	2.0e+03
5.0840e+03	2.4e+00	2.887091e+05	2.0e+03
5.0875e+03	2.4e+00	2.909558e+05	2.1e+03
5.0910e+03	2.4e+00	2.874865e+05	1.9e+03
5.0946e+03	2.4e+00	2.863391e+05	1.9e+03
5.0981e+03	2.4e+00	2.844229e+05	2.1e+03
5.1017e+03	2.4e+00	2.820426e+05	2.1e+03
5.1052e+03	2.4e+00	2.833145e+05	2.0e+03
5.1088e+03	2.4e+00	2.812328e+05	2.0e+03
5.1123e+03	2.4e+00	2.787132e+05	2.2e+03
5.1158e+03	2.4e+00	2.781276e+05	2.2e+03
5.1194e+03	2.4e+00	2.760176e+05	2.0e+03
5.1229e+03	2.4e+00	2.748460e+05	1.8e+03
5.1265e+03	2.4e+00	2.712771e+05	1.7e+03
5.1300e+03	2.4e+00	2.703248e+05	2.2e+03
5.1335e+03	2.4e+00	2.683947e+05	2.1e+03
5.1371e+03	2.4e+00	2.667323e+05	2.0e+03
5.1406e+03	2.4e+00	2.662494e+05	2.4e+03
5.1441e+03	2.4e+00	2.647351e+05	1.9e+03
5.1477e+03	2.4e+00	2.623827e+05	2.4e+03
5.1512e+03	2.4e+00	2.603335e+05	2.5e+03
5.1548e+03	2.4e+00	2.601830e+05	2.3e+03
5.1583e+03	2.4e+00	2.563119e+05	1.7e+03
5.1618e+03	2.4e+00	2.575113e+05	1.9e+03
5.1654e+03	2.4e+00	2.534770e+05	1.7e+03
5.1689e+03	2.4e+00	2.482272e+05	1.7e+03
5.1724e+03	2.4e+00	2.459004e+05	2.0e+03
5.1760e+03	2.4e+00	2.463013e+05	2.2e+03
5.1795e+03	2.4e+00	2.465669e+05	1.9e+03
5.1830e+03	2.4e+00	2.468855e+05	2.3e+03
5.1866e+03	2.4e+00	2.438994e+05	2.0e+03
5.1901e+03	2.4e+00	2.450452e+05	1.8e+03
5.1936e+03	2.4e+00	2.435412e+05	1.9e+03
5.1971e+03	2.4e+00	2.425826e+05	1.5e+03
5.2007e+03	2.4e+00	2.409654e+05	1.6e+03
5.2042e+03	2.4e+00	2.405910e+05	2.0e+03
5.2077e+03	2.4e+00	2.379641e+05	1.5e+03
5.2113e+03	2.4e+00	2.379401e+05	1.7e+03
5.2148e+03	2.4e+00	2.373477e+05	1.9e+03
5.2183e+03	2.4e+00	2.345832e+05	1.8e+03
5.2219e+03	2.4e+00	2.334543e+05	1.3e+03
5.2254e+03	2.4e+00	2.309463e+05	1.7e+03
5.2289e+03	2.4e+00	2.295462e+05	2.0e+03
5.2324e+03	2.4e+00	2.276414e+05	1.5e+03
5.2360e+03	2.4e+00	2.267744e+05	1.6e+03
5.2395e+03	2.4e+00	2.241030e+05	1.5e+03
5.2430e+03	2.4e+00	2.242791e+05	1.1e+03
5.2465e+03	2.4e+00	2.243181e+05	1.6e+03
5.2501e+03	2.4e+00	2.215027e+05	1.5e+03
5.2536e+03	2.4e+00	2.221372e+05	1.8e+03
5.2571e+03	2.4e+00	2.215177e+05	1.6e+03
5.2606e+03	2.4e+00	2.194310e+05	1.4e+03
5.2641e+03	2.4e+00	2.187348e+05	1.5e+03
5.2677e+03	2.4e+00	2.156098e+05	1.2e+03
5.2712e+03	2.4e+00	2.155306e+05	1.3e+03
5.2747e+03	2.4e+00	2.130134e+05	1.3e+03
5.2782e+03	2.4e+00	2.114509e+05	1.5e+03
5.2817e+03	2.4e+00	2.107674e+05	1.2e+03
5.2853e+03	2.4e+00	2.090805e+05	1.4e+03
5.2888e+03	2.4e+00	2.097254e+05	1.2e+03
5.2923e+03	2.4e+00	2.094200e+05	1.1e+03
5.2958e+03	2.4e+00	2.092461e+05	1.7e+03
5.2993e+03	2.4e+00	2.069113e+05	1.0e+03
5.3029e+03	2.4e+00	2.060112e+05	9.1e+02
5.3064e+03	2.4e+00	2.051664e+05	1.2e+03
5.3099e+03	2.4e+00	2.038979e+05	1.5e+03
5.3134e+03	2.4e+00	2.019579e+05	1.6e+03
5.3169e+03	2.4e+00	2.007046e+05	1.3e+03
5.3204e+03	2.4e+00	2.001254e+05	1.2e+03
5.3240e+03	2.4e+00	1.990439e+05	1.6e+03
5.3275e+03	2.4e+00	1.978912e+05	1.5e+03
5.3310e+03	2.4e+00	1.964124e+05	1.2e+03
5.3345e+03	2.4e+00	1.947007e+05	1.4e+03
5.3380e+03	2.4e+00	1.957497e+05	1.5e+03
5.3415e+03	2.4e+00	1.941800e+05	1.5e+03
5.3450e+03	2.4e+00	1.941669e+05	1.3e+03
5.3485e+03	2.4e+00	1.946367e+05	1.5e+03
5.3521e+03	2.4e+00	1.933720e+05	1.5e+03
5.3556e+03	2.4e+00	1.934128e+05	1.1e+03
5.3591e+03	2.4e+00	1.936588e+05	1.4e+03
5.3626e+03	2.4e+00	1.917269e+05	1.3e+03
5.3661e+03	2.4e+00	1.887914e+05	1.4e+03
5.3696e+03	2.4e+00	1.878965e+05	1.2e+03
5.3731e+03	2.4e+00	1.879721e+05	1.3e+03
5.3766e+03	2.4e+00	1.870823e+05	1.1e+03
5.3801e+03	2.4e+00	1.867264e+05	1.4e+03
5.3836e+03	2.4e+00	1.861089e+05	1.4e+03
5.3871e+03	2.4e+00	1.856250e+05	1.1e+03
5.3907e+03	2.4e+00	1.844115e+05	1.3e+03
5.3942e+03	2.4e+00	1.834013e+05	1.2e+03
5.3977e+03	2.4e+00	1.813495e+05	1.2e+03
5.4012e+03	2.4e+00	1.805633e+05	1.2e+03
5.4047e+03	2.4e+00	1.807592e+05	9.5e+02
5.4082e+03	2.4e+00	1.802935e+05	1.2e+03
5.4117e+03	2.4e+00	1.769803e+05	8.9e+02
5.4152e+03	2.4e+00	1.769562e+05	8.8e+02
5.4187e+03	2.4e+00	1.762734e+05	7.5e+02
5.4222e+03	2.4e+00	1.741725e+05	7.9e+02
5.4257e+03	2.4e+00	1.745913e+05	1.1e+03
5.4292e+03	2.4e+00	1.727397e+05	9.2e+02
5.4327e+03	2.4e+00	1.739179e+05	1.1e+03
5.4362e+03	2.4e+00	1.729213e+05	7.6e+02
5.4397e+03	2.4e+00	1.720169e+05	1.0e+03
5.4432e+03	2.4e+00	1.717133e+05	7.7e+02
5.4467e+03	2.4e+00	1.711950e+05	9.0e+02
5.4502e+03	2.4e+00	1.698955e+05	1.0e+03
5.4537e+03	2.4e+00	1.687412e+05	8.3e+02
5.4572e+03	2.4e+00	1.693090e+05	1.2e+03
5.4607e+03	2.4e+00	1.681405e+05	1.1e+03
5.4642e+03	2.4e+00	1.674655e+05	1.1e+03
5.4677e+03	2.4e+00	1.673419e+05	8.5e+02
5.4712e+03	2.4e+00	1.662636e+05	9.9e+02
5.4747e+03	2.4e+00	1.650698e+05	1.1e+03
5.4782e+03	2.4e+00	1.634385e+05	1.1e+03
5.4817e+03	2.4e+00	1.621043e+05	1.0e+03
5.4852e+03	2.4e+00	1.625619e+05	9.1e+02
5.4887e+03	2.4e+00	1.627570e+05	8.2e+02
5.4922e+03	2.4e+00	1.612382e+05	9.5e+02
5.4956e+03	2.4e+00	1.610117e+05	8.9e+02
5.4991e+03	2.4e+00	1.600784e+05	6.7e+02
5.5026e+03	2.4e+00	1.595519e+05	1.2e+03
5.5061e+03	2.4e+00	1.588761e+05	1.2e+03
5.5096e+03	2.4e+00	1.587046e+05	1.1e+03
5.5131e+03	2.4e+00	1.579251e+05	7.6e+02
5.5166e+03	2.4e+00	1.577381e+05	1.1e+03
5.5201e+03	2.4e+00	1.556576e+05	1.0e+03
5.5236e+03	2.4e+00	1.548942e+05	7.4e+02
5.5271e+03	2.4e+00	1.541877e+05	9.1e+02
5.5306e+03	2.4e+00	1.527055e+05	1.0e+03
5.5340e+03	2.4e+00	1.525827e+05	9.6e+02
5.5375e+03	2.4e+00	1.521680e+05	1.1e+03
5.5410e+03	2.4e+00	1.523154e+05	9.8e+02
5.5445e+03	2.4e+00	1.516602e+05	8.2e+02
5.5480e+03	2.4e+00	1.501088e+05	7.3e+02
5.5515e+03	2.4e+00	1.499830e+05	9.0e+02
5.5550e+03	2.4e+00	1.503513e+05	8.0e+02
5.5585e+03	2.4e+00	1.489309e+05	1.1e+03
5.5619e+03	2.4e+00	1.470820e+05	6.8e+02
5.5654e+03	2.4e+00	1.468150e+05	7.6e+02
5.5689e+03	2.4e+00	1.465225e+05	8.4e+02
5.5724e+03	2.4e+00	1.469762e+05	8.6e+02
5.5759e+03	2.4e+00	1.457259e+05	7.7e+02
5.5794e+03	2.4e+00	1.442419e+05	5.3e+02
5.5828e+03	2.4e+00	1.432408e+05	8.3e+02
5.5863e+03	2.4e+00	1.433687e+05	8.9e+02
5.5898e+03	2.4e+00	1.430900e+05	9.2e+02
5.5933e+03	2.4e+00	1.426627e+05	6.5e+02
5.5968e+03	2.4e+00	1.410683e+05	8.7e+02
5.6002e+03	2.4e+00	1.407450e+05	8.2e+02
5.6037e+03	2.4e+00	1.409376e+05	9.0e+02
5.6072e+03	2.4e+00	1.407170e+05	8.0e+02
5.6107e+03	2.4e+00	1.394279e+05	8.1e+02
5.6142e+03	2.4e+00	1.390554e+05	7.6e+02
5.6176e+03	2.4e+00	1.383173e+05	6.4e+02
5.6211e+03	2.4e+00	1.388851e+05	6.4e+02
5.6246e+03	2.4e+00	1.378652e+05	1.0e+03
5.6281e+03	2.4e+00	1.382489e+05	8.4e+02
5.6315e+03	2.4e+00	1.364439e+05	7.9e+02
5.6350e+03	2.4e+00	1.359914e+05	4.7e+02
5.6385e+03	2.4e+00	1.362335e+05	6.9e+02
5.6420e+03	2.4e+00	1.349577e+05	8.2e+02
5.6454e+03	2.4e+00	1.336032e+05	7.3e+02
5.6489e+03	2.4e+00	1.327973e+05	7.8e+02
5.6524e+03	2.4e+00	1.324773e+05	8.3e+02
5.6559e+03	2.4e+00	1.317503e+05	9.6e+02
5.6593e+03	2.4e+00	1.315340e+05	8.3e+02
5.6628e+03	2.4e+00	1.309199e+05	6.3e+02
5.6663e+03	2.4e+00	1.316719e+05	6.8e+02
5.6698e+03	2.4e+00	1.300438e+05	1.1e+03
5.6732e+03	2.4e+00	1.289047e+05	6.1e+02
5.6767e+03	2.4e+00	1.284273e+05	8.7e+02
5.6802e+03	2.4e+00	1.289857e+05	7.5e+02
5.6836e+03	2.4e+00	1.281477e+05	7.5e+02
5.6871e+03	2.4e+00	1.269002e+05	6.5e+02
5.6906e+03	2.4e+00	1.268079e+05	8.5e+02
5.6940e+03	2.4e+00	1.260755e+05	1.0e+03
5.6975e+03	2.4e+00	1.254078e+05	6.1e+02
5.7010e+03	2.4e+00	1.247184e+05	8.8e+02
5.7045e+03	2.4e+00	1.241693e+05	6.2e+02
5.7079e+03	2.4e+00	1.230114e+05	6.0e+02
5.7114e+03	2.4e+00	1.225056e+05	5.0e+02
5.7149e+03	2.4e+00	1.218115e+05	4.4e+02
5.7183e+03	2.4e+00	1.220010e+05	9.3e+02
5.7218e+03	2.4e+00	1.213905e+05	5.6e+02
5.7252e+03	2.4e+00	1.214907e+05	7.4e+02
5.7287e+03	2.4e+00	1.205729e+05	5.0e+02
5.7322e+03	2.4e+00	1.193610e+05	6.2e+02
5.7356e+03	2.4e+00	1.190671e+05	6.4e+02
5.7391e+03	2.4e+00	1.190151e+05	8.2e+02
5.7426e+03	2.4e+00	1.191230e+05	4.8e+02
5.7460e+03	2.4e+00	1.185285e+05	6.1e+02
5.7495e+03	2.4e+00	1.172634e+05	6.3e+02
5.7529e+03	2.4e+00	1.173118e+05	6.7e+02
5.7564e+03	2.4e+00	1.168507e+05	5.6e+02
5.7599e+03	2.4e+00	1.166447e+05	6.3e+02
5.7633e+03	2.4e+00	1.158863e+05	4.8e+02
5.7668e+03	2.4e+00	1.160706e+05	8.5e+02
5.7702e+03	2.4e+00	1.159519e+05	7.5e+02
5.7737e+03	2.4e+00	1.153299e+05	6.1e+02
5.7772e+03	2.4e+00	1.145572e+05	7.1e+02
5.7806e+03	2.4e+00	1.146237e+05	6.1e+02
5.7841e+03	2.4e+00	1.137674e+05	6.6e+02
5.7875e+03	2.4e+00	1.133371e+05	5.9e+02
5.7910e+03	2.4e+00	1.144840e+05	5.6e+02
5.7944e+03	2.4e+00	1.134179e+05	6.8e+02
5.7979e+03	2.4e+00	1.136435e+05	5.7e+02
5.8014e+03	2.4e+00	1.131013e+05	6.4e+02
5.8048e+03	2.4e+00	1.129689e+05	8.0e+02
5.8083e+03	2.4e+00	1.133056e+05	4.3e+02
5.8117e+03	2.4e+00	1.116216e+05	6.8e+02
5.8152e+03	2.4e+00	1.119015e+05	6.0e+02
5.8186e+03	2.4e+00	1.120588e+05	5.7e+02
5.8221e+03	2.4e+00	1.117652e+05	4.8e+02
5.8255e+03	2.4e+00	1.112798e+05	5.6e+02
5.8290e+03	2.4e+00	1.117878e+05	4.9e+02
5.8324e+03	2.4e+00	1.118683e+05	4.6e+02
5.8359e+03	2.4e+00	1.105586e+05	7.3e+02
5.8393e+03	2.4e+00	1.101990e+05	5.3e+02
5.8428e+03	2.4e+00	1.107190e+05	4.3e+02
5.8462e+03	2.4e+00	1.096396e+05	7.0e+02
5.8497e+03	2.4e+00	1.088578e+05	8.1e+02
5.8531e+03	2.4e+00	1.094673e+05	6.4e+02
5.8566e+03	2.4e+00	1.084994e+05	8.2e+02
5.8600e+03	2.4e+00	1.077382e+05	4.0e+02
5.8635e+03	2.4e+00	1.079953e+05	6.1e+02
5.8669e+03	2.4e+00	1.068710e+05	7.0e+02
5.8704e+03	2.4e+00	1.076750e+05	7.7e+02
5.8738e+03	2.4e+00	1.070775e+05	7.2e+02
5.8773e+03	2.4e+00	1.062560e+05	7.4e+02
5.8807e+03	2.4e+00	1.065664e+05	8.1e+02
5.8841e+03	2.4e+00	1.051822e+05	8.7e+02
5.8876e+03	2.4e+00	1.034052e+05	1.1e+03
5.8910e+03	2.4e+00	1.021435e+05	6.0e+02
5.8945e+03	2.4e+00	1.015604e+05	5.4e+02
5.8979e+03	2.4e+00	1.018524e+05	6.5e+02
5.9014e+03	2.4e+00	1.026793e+05	7.0e+02
5.9048e+03	2.4e+00	1.032541e+05	6.2e+02
5.9082e+03	2.4e+00	1.023294e+05	7.1e+02
5.9117e+03	2.4e+00	1.029414e+05	8.3e+02
5.9151e+03	2.4e+00	1.020681e+05	7.6e+02
5.9186e+03	2.4e+00	1.016201e+05	5.8e+02
5.9220e+03	2.4e+00	1.010217e+05	5.6e+02
5.9254e+03	2.4e+00	1.007626e+05	6.6e+02
5.9289e+03	2.4e+00	1.013966e+05	5.9e+02
5.9323e+03	2.4e+00	1.008433e+05	3.8e+02
5.9358e+03	2.4e+00	1.001984e+05	6.0e+02
5.9392e+03	2.4e+00	9.969748e+04	7.7e+02
5.9426e+03	2.4e+00	9.964589e+04	7.0e+02
5.9461e+03	2.4e+00	9.886331e+04	5.7e+02
5.9495e+03	2.4e+00	9.801150e+04	3.6e+02
5.9529e+03	2.4e+00	9.891892e+04	4.6e+02
5.9564e+03	2.4e+00	9.786205e+04	4.1e+02
5.9598e+03	2.4e+00	9.750804e+04	5.1e+02
5.9633e+03	2.4e+00	9.791196e+04	6.7e+02
5.9667e+03	2.4e+00	9.650200e+04	6.7e+02
5.9701e+03	2.4e+00	9.664056e+04	4.3e+02
5.9736e+03	2.4e+00	9.710113e+04	4.8e+02
5.9770e+03	2.4e+00	9.604873e+04	5.2e+02
5.9804e+03	2.4e+00	9.612873e+04	5.6e+02
5.9838e+03	2.4e+00	9.616256e+04	4.4e+02
5.9873e+03	2.4e+00	9.575687e+04	4.3e+02
5.9907e+03	2.4e+00	9.480500e+04	7.7e+02
5.9941e+03	2.4e+00	9.508826e+04	7.4e+02
5.9976e+03	2.4e+00	9.446726e+04	6.4e+02
6.0010e+03	2.4e+00	9.384872e+04	6.0e+02
6.0044e+03	2.4e+00	9.419633e+04	5.8e+02
6.0079e+03	2.4e+00	9.387566e+04	4.5e+02
6.0113e+03	2.4e+00	9.373972e+04	7.2e+02
6.0147e+03	2.4e+00	9.282673e+04	5.9e+02
6.0181e+03	2.4e+00	9.297425e+04	8.6e+02
6.0216e+03	2.4e+00	9.229927e+04	6.0e+02
6.0250e+03	2.4e+00	9.295886e+04	7.4e+02
6.0284e+03	2.4e+00	9.312709e+04	7.1e+02
6.0318e+03	2.4e+00	9.271009e+04	6.4e+02
6.0353e+03	2.4e+00	9.218948e+04	7.5e+02
6.0387e+03	2.4e+00	9.242015e+04	6.7e+02
6.0421e+03	2.4e+00	9.149706e+04	7.6e+02
6.0455e+03	2.4e+00	9.143497e+04	8.4e+02
6.0490e+03	2.4e+00	9.071392e+04	7.9e+02
6.0524e+03	2.4e+00	9.024463e+04	6.5e+02
6.0558e+03	2.4e+00	9.036668e+04	8.1e+02
6.0592e+03	2.4e+00	9.010131e+04	5.3e+02
6.0627e+03	2.4e+00	9.048120e+04	7.9e+02
6.0661e+03	2.4e+00	9.019390e+04	8.5e+02
6.0695e+03	2.4e+00	9.002087e+04	8.9e+02
6.0729e+03	2.4e+00	8.962489e+04	8.9e+02
6.0763e+03	2.4e+00	8.895444e+04	7.2e+02
6.0798e+03	2.4e+00	8.887489e+04	6.5e+02
6.0832e+03	2.4e+00	8.931627e+04	5.8e+02
6.0866e+03	2.4e+00	8.862408e+04	9.3e+02
6.0900e+03	2.4e+00	8.871309e+04	7.7e+02
6.0934e+03	2.4e+00	8.828877e+04	5.7e+02
6.0969e+03	2.4e+00	8.762618e+04	6.1e+02
6.1003e+03	2.4e+00	8.718402e+04	7.8e+02
6.1037e+03	2.4e+00	8.740300e+04	6.6e+02
6.1071e+03	2.4e+00	8.655447e+04	7.3e+02
6.1105e+03	2.4e+00	8.710018e+04	6.2e+02
6.1139e+03	2.4e+00	8.736014e+04	7.1e+02
6.1174e+03	2.4e+00	8.654292e+04	5.2e+02
6.1208e+03	2.4e+00	8.668219e+04	7.0e+02
6.1242e+03	2.4e+00	8.686833e+04	5.1e+02
6.1276e+03	2.4e+00	8.661402e+04	7.7e+02
6.1310e+03	2.4e+00	8.581604e+04	6.7e+02
6.1344e+03	2.4e+00	8.551424e+04	5.9e+02
6.1378e+03	2.4e+00	8.508063e+04	6.3e+02
6.1412e+03	2.4e+00	8.518219e+04	5.6e+02
6.1447e+03	2.4e+00	8.477673e+04	5.3e+02
6.1481e+03	2.4e+00	8.459345e+04	6.7e+02
6.1515e+03	2.4e+00	8.349833e+04	7.0e+02
6.1549e+03	2.4e+00	8.305160e+04	5.6e+02
6.1583e+03	2.4e+00	8.350660e+04	3.1e+02
6.1617e+03	2.4e+00	8.296802e+04	4.5e+02
6.1651e+03	2.4e+00	8.381237e+04	4.8e+02
6.1685e+03	2.4e+00	8.258207e+04	7.3e+02
6.1719e+03	2.4e+00	8.273024e+04	3.7e+02
6.1753e+03	2.4e+00	8.239604e+04	3.5e+02
6.1787e+03	2.4e+00	8.259449e+04	3.9e+02
6.1822e+03	2.4e+00	8.151208e+04	4.6e+02
6.1856e+03	2.4e+00	8.134031e+04	5.4e+02
6.1890e+03	2.4e+00	8.203890e+04	3.4e+02
6.1924e+03	2.4e+00	8.131476e+04	3.8e+02
6.1958e+03	2.4e+00	8.081529e+04	3.9e+02
6.1992e+03	2.4e+00	8.084667e+04	6.2e+02
6.2026e+03	2.4e+00	8.050015e+04	4.3e+02
6.2060e+03	2.4e+00	8.049317e+04	5.9e+02
6.2094e+03	2.4e+00	8.046391e+04	5.2e+02
6.2128e+03	2.4e+00	7.963885e+04	4.2e+02
6.2162e+03	2.4e+00	8.000248e+04	8.1e+02
6.2196e+03	2.4e+00	7.931543e+04	4.2e+02
6.2230e+03	2.4e+00	7.897419e+04	5.6e+02
6.2264e+03	2.4e+00	7.870429e+04	5.3e+02
6.2298e+03	2.4e+00	7.900371e+04	7.2e+02
6.2332e+03	2.4e+00	7.873016e+04	6.6e+02
6.2366e+03	2.4e+00	7.803353e+04	7.0e+02
6.2400e+03	2.4e+00	7.809074e+04	7.0e+02
6.2434e+03	2.4e+00	7.747805e+04	4.4e+02
6.2468e+03	2.4e+00	7.706500e+04	6.8e+02
6.2502e+03	2.4e+00	7.660167e+04	7.0e+02
6.2536e+03	2.4e+00	7.739381e+04	4.5e+02
6.2570e+03	2.4e+00	7.677671e+04	6.5e+02
6.2604e+03	2.4e+00	7.655815e+04	7.1e+02
6.2638e+03	2.4e+00	7.610950e+04	7.6e+02
6.2672e+03	2.4e+00	7.588346e+04	5.3e+02
6.2706e+03	2.4e+00	7.530699e+04	6.1e+02
6.2740e+03	2.4e+00	7.367169e+04	7.6e+02
6.2774e+03	2.4e+00	7.190051e+04	8.1e+02
6.2808e+03	2.4e+00	7.143944e+04	6.3e+02
6.2841e+03	2.4e+00	7.279154e+04	2.8e+02
6.2875e+03	2.4e+00	7.286486e+04	5.3e+02
6.2909e+03	2.4e+00	7.244417e+04	4.3e+02
6.2943e+03	2.4e+00	7.251320e+04	3.5e+02
6.2977e+03	2.4e+00	7.281036e+04	6.2e+02
6.3011e+03	2.4e+00	7.298706e+04	6.1e+02
6.3045e+03	2.4e+00	7.309700e+04	5.8e+02
6.3079e+03	2.4e+00	7.335562e+04	4.6e+02
6.3113e+03	2.4e+00	7.307867e+04	7.2e+02
6.3147e+03	2.4e+00	7.323701e+04	3.4e+02
6.3181e+03	2.4e+00	7.295974e+04	4.7e+02
6.3214e+03	2.4e+00	7.352567e+04	5.2e+02
6.3248e+03	2.4e+00	7.394797e+04	6.4e+02
6.3282e+03	2.4e+00	7.340092e+04	3.5e+02
6.3316e+03	2.4e+00	7.271090e+04	3.5e+02
6.3350e+03	2.4e+00	7.314960e+04	3.7e+02
6.3384e+03	2.4e+00	7.310210e+04	6.2e+02
6.3418e+03	2.4e+00	7.207223e+04	3.5e+02
6.3452e+03	2.4e+00	7.130257e+04	5.7e+02
6.3485e+03	2.4e+00	7.191501e+04	2.5e+02
6.3519e+03	2.4e+00	7.236584e+04	4.3e+02
6.3553e+03	2.4e+00	7.141486e+04	2.9e+02
6.3587e+03	2.4e+00	7.148634e+04	4.0e+02
6.3621e+03	2.4e+00	7.172243e+04	4.9e+02
6.3655e+03	2.4e+00	7.119577e+04	2.8e+02
6.3688e+03	2.4e+00	7.134738e+04	2.5e+02
6.3722e+03	2.4e+00	7.085761e+04	3.9e+02
6.3756e+03	2.4e+00	7.079435e+04	5.8e+02
6.3790e+03	2.4e+00	7.119434e+04	4.0e+02
6.3824e+03	2.4e+00	7.114179e+04	6.7e+02
6.3857e+03	2.4e+00	7.072935e+04	4.7e+02
6.3891e+03	2.4e+00	7.079222e+04	5.2e+02
6.3925e+03	2.4e+00	7.026021e+04	4.6e+02
6.3959e+03	2.4e+00	7.088765e+04	6.1e+02
6.3993e+03	2.4e+00	7.054319e+04	5.5e+02
6.4026e+03	2.4e+00	7.018794e+04	5.6e+02
6.4060e+03	2.4e+00	6.987956e+04	6.6e+02
6.4094e+03	2.4e+00	7.017099e+04	6.3e+02
6.4128e+03	2.4e+00	7.018438e+04	5.8e+02
6.4162e+03	2.4e+00	6.932745e+04	6.1e+02
6.4195e+03	2.4e+00	6.869158e+04	4.4e+02
6.4229e+03	2.4e+00	6.920858e+04	4.7e+02
6.4263e+03	2.4e+00	6.903302e+04	4.7e+02
6.4297e+03	2.4e+00	6.844624e+04	5.3e+02
6.4330e+03	2.4e+00	6.869571e+04	5.2e+02
6.4364e+03	2.4e+00	6.814216e+04	4.6e+02
6.4398e+03	2.4e+00	6.802358e+04	5.0e+02
6.4432e+03	2.4e+00	6.719012e+04	4.4e+02
6.4465e+03	2.4e+00	6.742795e+04	5.4e+02
6.4499e+03	2.4e+00	6.754556e+04	4.5e+02
6.4533e+03	2.4e+00	6.717172e+04	7.0e+02
6.4566e+03	2.4e+00	6.645885e+04	5.1e+02
6.4600e+03	2.4e+00	6.688219e+04	7.0e+02
6.4634e+03	2.4e+00	6.673569e+04	5.4e+02
6.4667e+03	2.4e+00	6.627085e+04	5.3e+02
6.4701e+03	2.4e+00	6.641936e+04	5.2e+02
6.4735e+03	2.4e+00	6.550717e+04	5.1e+02
6.4769e+03	2.4e+00	6.530957e+04	6.1e+02
6.4802e+03	2.4e+00	6.465967e+04	4.1e+02
6.4836e+03	2.4e+00	6.508010e+04	3.0e+02
6.4870e+03	2.4e+00	6.513402e+04	4.4e+02
6.4903e+03	2.4e+00	6.439620e+04	3.9e+02
6.4937e+03	2.4e+00	6.491958e+04	5.0e+02
6.4971e+03	2.4e+00	6.492659e+04	3.5e+02
6.5004e+03	2.4e+00	6.536826e+04	5.1e+02
6.5038e+03	2.4e+00	6.501118e+04	4.6e+02
6.5072e+03	2.4e+00	6.442912e+04	2.6e+02
6.5105e+03	2.4e+00	6.379369e+04	1.6e+02
6.5139e+03	2.4e+00	6.232236e+04	2.8e+02
6.5172e+03	2.4e+00	6.230096e+04	3.8e+02
6.5206e+03	2.4e+00	6.204277e+04	5.3e+02
6.5240e+03	2.4e+00	6.179326e+04	2.7e+02
6.5273e+03	2.4e+00	6.133018e+04	5.0e+02
6.5307e+03	2.4e+00	6.043292e+04	4.7e+02
6.5341e+03	2.4e+00	6.009614e+04	4.1e+02
6.5374e+03	2.4e+00	5.894213e+04	1.6e+02
6.5408e+03	2.4e+00	5.693907e+04	3.5e+02
6.5441e+03	2.4e+00	5.466101e+04	4.0e+02
6.5475e+03	2.4e+00	5.161200e+04	2.2e+02
6.5509e+03	2.4e+00	4.878406e+04	2.5e+02
6.5542e+03	2.4e+00	4.414618e+04	3.3e+02
6.5576e+03	2.4e+00	3.992200e+04	1.9e+02
6.5609e+03	2.4e+00	3.626643e+04	2.1e+02
6.5643e+03	2.4e+00	3.703238e+04	3.4e+02
6.5676e+03	2.4e+00	4.277535e+04	3.5e+02
6.5710e+03	2.4e+00	4.707422e+04	6.0e+02
6.5744e+03	2.4e+00	5.056386e+04	3.6e+02
6.5777e+03	2.4e+00	5.302827e+04	2.2e+02
6.5811e+03	2.4e+00	5.458886e+04	3.7e+02
6.5844e+03	2.4e+00	5.560237e+04	3.8e+02
6.5878e+03	2.4e+00	5.703194e+04	4.5e+02
6.5911e+03	2.4e+00	5.801694e+04	5.1e+02
6.5945e+03	2.4e+00	5.861454e+04	4.4e+02
6.5978e+03	2.4e+00	5.903949e+04	3.7e+02
6.6012e+03	2.4e+00	5.916894e+04	5.5e+02
6.6045e+03	2.4e+00	5.914421e+04	3.9e+02
6.6079e+03	2.4e+00	5.870598e+04	6.8e+02
6.6112e+03	2.4e+00	5.879935e+04	5.2e+02
6.6146e+03	2.4e+00	5.867131e+04	5.1e+02
6.6179e+03	2.4e+00	5.898847e+04	4.7e+02
6.6213e+03	2.4e+00	5.943212e+04	4.1e+02
6.6246e+03	2.4e+00	5.946179e+04	4.2e+02
6.6280e+03	2.4e+00	5.893578e+04	5.4e+02
6.6313e+03	2.4e+00	5.897664e+04	6.5e+02
6.6347e+03	2.4e+00	5.903019e+04	4.4e+02
6.6380e+03	2.4e+00	5.848499e+04	4.2e+02
6.6414e+03	2.4e+00	5.854248e+04	4.4e+02
6.6447e+03	2.4e+00	5.848015e+04	3.4e+02
6.6481e+03	2.4e+00	5.849075e+04	6.3e+02
6.6514e+03	2.4e+00	5.898090e+04	5.6e+02
6.6548e+03	2.4e+00	5.853684e+04	6.6e+02
6.6581e+03	2.4e+00	5.862792e+04	4.9e+02
6.6615e+03	2.4e+00	5.860505e+04	4.4e+02
6.6648e+03	2.4e+00	5.838610e+04	3.9e+02
6.6681e+03	2.4e+00	5.855924e+04	6.0e+02
6.6715e+03	2.4e+00	5.805344e+04	4.4e+02
6.6748e+03	2.4e+00	5.817572e+04	3.8e+02
6.6782e+03	2.4e+00	5.791482e+04	3.6e+02
6.6815e+03	2.4e+00	5.754915e+04	4.3e+02
6.6849e+03	2.4e+00	5.820025e+04	4.3e+02
6.6882e+03	2.4e+00	5.816969e+04	3.1e+02
6.6915e+03	2.4e+00	5.760873e+04	2.2e+02
6.6949e+03	2.4e+00	5.752077e+04	4.1e+02
6.6982e+03	2.4e+00	5.816551e+04	2.9e+02
6.7016e+03	2.4e+00	5.730781e+04	4.1e+02
6.7049e+03	2.4e+00	5.794762e+04	5.4e+02
6.7082e+03	2.4e+00	5.772913e+04	5.0e+02
6.7116e+03	2.4e+00	5.714385e+04	5.7e+02
6.7149e+03	2.4e+00	5.721631e+04	4.5e+02
6.7183e+03	2.4e+00	5.709348e+04	5.5e+02
6.7216e+03	2.4e+00	5.738002e+04	5.6e+02
6.7249e+03	2.4e+00	5.678049e+04	5.9e+02
6.7283e+03	2.4e+00	5.647419e+04	3.0e+02
6.7316e+03	2.4e+00	5.639308e+04	4.2e+02
6.7349e+03	2.4e+00	5.587016e+04	3.4e+02
6.7383e+03	2.4e+00	5.543657e+04	6.6e+02
6.7416e+03	2.4e+00	5.560726e+04	3.9e+02
6.7449e+03	2.4e+00	5.606176e+04	4.5e+02
6.7483e+03	2.4e+00	5.568987e+04	3.0e+02
6.7516e+03	2.4e+00	5.596923e+04	6.8e+02
6.7549e+03	2.4e+00	5.545395e+04	8.5e+02
6.7583e+03	2.4e+00	5.566588e+04	7.2e+02
6.7616e+03	2.4e+00	5.549970e+04	3.8e+02
6.7649e+03	2.4e+00	5.503763e+04	7.6e+02
6.7683e+03	2.4e+00	5.496884e+04	6.2e+02
6.7716e+03	2.4e+00	5.533898e+04	4.1e+02
6.7749e+03	2.4e+00	5.534018e+04	7.3e+02
6.7782e+03	2.4e+00	5.499416e+04	9.5e+02
6.7816e+03	2.4e+00	5.439158e+04	6.3e+02
6.7849e+03	2.4e+00	5.425344e+04	5.1e+02
6.7882e+03	2.4e+00	5.469183e+04	7.3e+02
6.7916e+03	2.4e+00	5.427513e+04	7.9e+02
6.7949e+03	2.4e+00	5.456696e+04	7.0e+02
6.7982e+03	2.4e+00	5.407395e+04	7.0e+02
6.8015e+03	2.4e+00	5.392310e+04	6.2e+02
6.8049e+03	2.4e+00	5.368497e+04	7.0e+02
6.8082e+03	2.4e+00	5.343935e+04	8.6e+02
6.8115e+03	2.4e+00	5.333884e+04	7.2e+02
6.8148e+03	2.4e+00	5.290885e+04	7.1e+02
6.8182e+03	2.4e+00	5.263156e+04	5.8e+02
6.8215e+03	2.4e+00	5.223242e+04	4.4e+02
6.8248e+03	2.4e+00	5.202595e+04	4.2e+02
6.8281e+03	2.4e+00	5.199759e+04	6.6e+02
6.8315e+03	2.4e+00	5.286434e+04	7.1e+02
6.8348e+03	2.4e+00	5.213321e+04	6.0e+02
6.8381e+03	2.4e+00	5.165994e+04	5.5e+02
6.8414e+03	2.4e+00	5.167000e+04	6.2e+02
6.8447e+03	2.4e+00	5.235144e+04	5.4e+02
6.8481e+03	2.4e+00	5.209062e+04	3.4e+02
6.8514e+03	2.4e+00	5.182371e+04	5.6e+02
6.8547e+03	2.4e+00	5.072942e+04	6.4e+02
6.8580e+03	2.4e+00	5.014079e+04	4.3e+02
6.8613e+03	2.4e+00	4.830760e+04	6.4e+02
6.8647e+03	2.4e+00	4.347226e+04	2.7e+02
6.8680e+03	2.4e+00	3.762937e+04	3.2e+02
6.8713e+03	2.4e+00	3.351962e+04	2.6e+02
6.8746e+03	2.4e+00	3.612410e+04	3.4e+02
6.8779e+03	2.4e+00	4.001433e+04	2.4e+02
6.8812e+03	2.4e+00	4.341021e+04	2.3e+02
6.8846e+03	2.4e+00	4.346185e+04	3.2e+02
6.8879e+03	2.4e+00	4.191881e+04	4.1e+02
6.8912e+03	2.4e+00	4.215125e+04	5.8e+02
6.8945e+03	2.4e+00	4.156026e+04	6.0e+02
6.8978e+03	2.4e+00	4.230282e+04	5.0e+02
6.9011e+03	2.4e+00	4.314627e+04	7.1e+02
6.9044e+03	2.4e+00	4.341458e+04	2.5e+02
6.9078e+03	2.4e+00	4.428496e+04	5.4e+02
6.9111e+03	2.4e+00	4.466555e+04	4.3e+02
6.9144e+03	2.4e+00	4.586923e+04	3.1e+02
6.9177e+03	2.4e+00	4.599666e+04	5.1e+02
6.9210e+03	2.4e+00	4.631086e+04	3.5e+02
6.9243e+03	2.4e+00	4.602192e+04	4.9e+02
6.9276e+03	2.4e+00	4.639820e+04	6.8e+02
6.9309e+03	2.4e+00	4.617576e+04	4.8e+02
6.9342e+03	2.4e+00	4.647006e+04	6.9e+02
6.9375e+03	2.4e+00	4.683180e+04	6.3e+02
6.9409e+03	2.4e+00	4.639449e+04	6.7e+02
6.9442e+03	2.4e+00	4.573255e+04	5.4e+02
6.9475e+03	2.4e+00	4.605262e+04	6.5e+02
6.9508e+03	2.4e+00	4.568584e+04	4.2e+02
6.9541e+03	2.4e+00	4.601700e+04	7.3e+02
6.9574e+03	2.4e+00	4.607136e+04	7.8e+02
6.9607e+03	2.4e+00	4.543646e+04	6.7e+02
6.9640e+03	2.4e+00	4.613670e+04	5.7e+02
6.9673e+03	2.4e+00	4.655455e+04	5.7e+02
6.9706e+03	2.4e+00	4.644422e+04	6.9e+02
6.9739e+03	2.4e+00	4.631703e+04	8.0e+02
6.9772e+03	2.4e+00	4.585541e+04	5.8e+02
6.9805e+03	2.4e+00	4.603361e+04	6.8e+02
6.9838e+03	2.4e+00	4.579314e+04	6.2e+02
6.9871e+03	2.4e+00	4.556534e+04	7.1e+02
6.9904e+03	2.4e+00	4.480371e+04	4.2e+02
6.9937e+03	2.4e+00	4.477319e+04	5.0e+02
6.9970e+03	2.4e+00	4.408124e+04	6.2e+02
7.0003e+03	2.4e+00	4.437555e+04	6.8e+02
7.0036e+03	2.4e+00	4.453775e+04	6.3e+02
7.0069e+03	2.4e+00	4.454732e+04	5.9e+02
7.0102e+03	2.4e+00	4.472910e+04	5.3e+02
7.0135e+03	2.4e+00	4.467288e+04	5.2e+02
7.0168e+03	2.4e+00	4.493911e+04	4.8e+02
7.0201e+03	2.4e+00	4.399682e+04	5.6e+02
7.0234e+03	2.4e+00	4.393795e+04	5.6e+02
7.0267e+03	2.4e+00	4.412472e+04	6.1e+02
7.0300e+03	2.4e+00	4.350064e+04	6.4e+02
7.0333e+03	2.4e+00	4.401853e+04	6.8e+02
7.0366e+03	2.4e+00	4.389181e+04	7.8e+02
7.0399e+03	2.4e+00	4.361791e+04	5.9e+02
7.0432e+03	2.4e+00	4.301842e+04	5.8e+02
7.0465e+03	2.4e+00	4.307999e+04	6.3e+02
7.0498e+03	2.4e+00	4.349191e+04	6.3e+02
7.0531e+03	2.4e+00	4.313009e+04	4.5e+02
7.0564e+03	2.4e+00	4.306450e+04	5.6e+02
7.0597e+03	2.4e+00	4.267391e+04	6.8e+02
7.0629e+03	2.4e+00	4.302940e+04	5.1e+02
7.0662e+03	2.4e+00	4.292755e+04	7.3e+02
7.0695e+03	2.4e+00	4.247512e+04	4.7e+02
7.0728e+03	2.4e+00	4.263031e+04	4.8e+02
7.0761e+03	2.4e+00	4.214260e+04	5.0e+02
7.0794e+03	2.4e+00	4.208732e+04	6.0e+02
7.0827e+03	2.4e+00	4.170076e+04	8.0e+02
7.0860e+03	2.4e+00	4.203358e+04	7.1e+02
7.0893e+03	2.4e+00	4.155996e+04	3.6e+02
7.0926e+03	2.4e+00	4.130201e+04	4.3e+02
7.0958e+03	2.4e+00	4.117197e+04	4.3e+02
7.0991e+03	2.4e+00	4.147096e+04	4.7e+02
7.1024e+03	2.4e+00	4.096718e+04	5.7e+02
7.1057e+03	2.4e+00	4.109949e+04	6.2e+02
7.1090e+03	2.4e+00	4.055017e+04	5.8e+02
7.1123e+03	2.4e+00	4.008395e+04	6.9e+02
7.1156e+03	2.4e+00	4.042688e+04	6.4e+02
7.1188e+03	2.4e+00	4.000159e+04	6.9e+02
7.1221e+03	2.4e+00	4.021233e+04	5.1e+02
7.1254e+03	2.4e+00	4.031191e+04	6.8e+02
7.1287e+03	2.4e+00	4.015838e+04	6.5e+02
7.1320e+03	2.4e+00	3.969406e+04	5.8e+02
7.1353e+03	2.4e+00	3.933123e+04	6.4e+02
7.1385e+03	2.4e+00	3.936728e+04	5.2e+02
7.1418e+03	2.4e+00	3.931970e+04	5.0e+02
7.1451e+03	2.4e+00	3.891071e+04	6.4e+02
7.1484e+03	2.4e+00	3.882218e+04	7.2e+02
7.1517e+03	2.4e+00	3.896479e+04	8.0e+02
7.1549e+03	2.4e+00	3.829708e+04	5.5e+02
7.1582e+03	2.4e+00	3.790975e+04	5.4e+02
7.1615e+03	2.4e+00	3.756606e+04	5.9e+02
7.1648e+03	2.4e+00	3.705605e+04	4.9e+02
7.1681e+03	2.4e+00	3.620508e+04	6.1e+02
7.1713e+03	2.4e+00	3.546541e+04	6.7e+02
7.1746e+03	2.4e+00	3.428031e+04	5.3e+02
7.1779e+03	2.4e+00	3.407321e+04	5.8e+02
7.1812e+03	2.4e+00	3.326629e+04	4.3e+02
7.1844e+03	2.4e+00	3.273791e+04	4.6e+02
7.1877e+03	2.4e+00	3.210915e+04	5.1e+02
7.1910e+03	2.4e+00	3.239526e+04	5.8e+02
7.1943e+03	2.4e+00	3.259278e+04	5.7e+02
7.1975e+03	2.4e+00	3.261463e+04	4.6e+02
7.2008e+03	2.4e+00	3.268871e+04	7.2e+02
7.2041e+03	2.4e+00	3.297906e+04	5.9e+02
7.2074e+03	2.4e+00	3.326329e+04	6.5e+02
7.2106e+03	2.4e+00	3.425313e+04	7.3e+02
7.2139e+03	2.4e+00	3.471638e+04	5.5e+02
7.2172e+03	2.4e+00	3.550756e+04	6.6e+02
7.2204e+03	2.4e+00	3.539489e+04	6.7e+02
7.2237e+03	2.4e+00	3.462932e+04	5.8e+02
7.2270e+03	2.4e+00	3.439066e+04	6.5e+02
7.2303e+03	2.4e+00	3.381694e+04	6.4e+02
7.2335e+03	2.4e+00	3.273936e+04	4.8e+02
7.2368e+03	2.4e+00	3.187088e+04	5.3e+02
7.2401e+03	2.4e+00	3.221969e+04	6.4e+02
7.2433e+03	2.4e+00	3.178056e+04	6.3e+02
7.2466e+03	2.4e+00	3.174691e+04	6.1e+02
7.2499e+03	2.4e+00	3.189354e+04	6.0e+02
7.2531e+03	2.4e+00	3.178252e+04	5.6e+02
7.2564e+03	2.4e+00	3.181359e+04	6.2e+02
7.2597e+03	2.4e+00	3.212790e+04	7.6e+02
7.2629e+03	2.4e+00	3.247093e+04	6.5e+02
7.2662e+03	2.4e+00	3.208880e+04	5.3e+02
7.2695e+03	2.4e+00	3.154270e+04	6.7e+02
7.2727e+03	2.4e+00	3.135955e+04	7.4e+02
7.2760e+03	2.4e+00	3.137942e+04	5.0e+02
7.2792e+03	2.4e+00	3.068377e+04	4.0e+02
7.2825e+03	2.4e+00	3.142336e+04	4.1e+02
7.2858e+03	2.4e+00	3.193194e+04	4.5e+02
7.2890e+03	2.4e+00	3.179762e+04	4.2e+02
7.2923e+03	2.4e+00	3.105042e+04	6.7e+02
7.2956e+03	2.4e+00	3.119733e+04	7.0e+02
7.2988e+03	2.4e+00	3.130676e+04	7.3e+02
7.3021e+03	2.4e+00	3.138661e+04	5.9e+02
7.3053e+03	2.4e+00	3.107849e+04	6.7e+02
7.3086e+03	2.4e+00	3.055482e+04	4.4e+02
7.3119e+03	2.4e+00	3.122027e+04	6.2e+02
7.3151e+03	2.4e+00	3.080321e+04	5.5e+02
7.3184e+03	2.4e+00	3.054647e+04	5.8e+02
7.3216e+03	2.4e+00	3.129063e+04	6.3e+02
7.3249e+03	2.4e+00	3.140635e+04	5.7e+02
7.3281e+03	2.4e+00	3.136165e+04	6.4e+02
7.3314e+03	2.4e+00	3.135864e+04	6.9e+02
7.3346e+03	2.4e+00	3.110081e+04	7.5e+02
7.3379e+03	2.4e+00	3.128527e+04	6.4e+02
7.3412e+03	2.4e+00	3.111494e+04	5.6e+02
7.3444e+03	2.4e+00	3.142975e+04	5.4e+02
7.3477e+03	2.4e+00	3.074735e+04	5.7e+02
7.3509e+03	2.4e+00	3.107677e+04	6.6e+02
7.3542e+03	2.4e+00	3.076119e+04	5.7e+02
7.3574e+03	2.4e+00	3.101930e+04	7.5e+02
7.3607e+03	2.4e+00	3.061483e+04	6.3e+02
7.3639e+03	2.4e+00	3.031381e+04	6.7e+02
7.3672e+03	2.4e+00	3.005605e+04	7.3e+02
7.3704e+03	2.4e+00	2.961619e+04	6.3e+02
7.3737e+03	2.4e+00	2.981551e+04	5.0e+02
7.3769e+03	2.4e+00	3.010449e+04	5.1e+02
7.3802e+03	2.4e+00	2.983336e+04	5.9e+02
7.3834e+03	2.4e+00	2.938655e+04	5.7e+02
7.3867e+03	2.4e+00	2.978788e+04	6.2e+02
7.3899e+03	2.4e+00	2.935798e+04	7.4e+02
7.3932e+03	2.4e+00	2.954728e+04	6.8e+02
7.3964e+03	2.4e+00	2.910276e+04	5.6e+02
7.3997e+03	2.4e+00	2.934531e+04	7.5e+02
7.4029e+03	2.4e+00	2.930298e+04	6.5e+02
7.4062e+03	2.4e+00	2.911203e+04	5.5e+02
7.4094e+03	2.4e+00	2.919118e+04	6.1e+02
7.4127e+03	2.4e+00	2.897593e+04	5.2e+02
7.4159e+03	2.4e+00	2.970820e+04	8.1e+02
7.4191e+03	2.4e+00	2.921594e+04	6.2e+02
7.4224e+03	2.4e+00	2.853640e+04	6.7e+02
7.4256e+03	2.4e+00	2.836616e+04	6.0e+02
7.4289e+03	2.4e+00	2.882988e+04	5.4e+02
7.4321e+03	2.4e+00	2.846868e+04	5.4e+02
7.4354e+03	2.4e+00	2.854611e+04	5.5e+02
7.4386e+03	2.4e+00	2.875998e+04	5.2e+02
7.4418e+03	2.4e+00	2.836188e+04	5.0e+02
7.4451e+03	2.4e+00	2.825027e+04	5.1e+02
7.4483e+03	2.4e+00	2.803411e+04	5.9e+02
7.4516e+03	2.4e+00	2.784816e+04	5.5e+02
7.4548e+03	2.4e+00	2.817317e+04	4.8e+02
7.4580e+03	2.4e+00	2.770052e+04	5.4e+02
7.4613e+03	2.4e+00	2.766651e+04	4.8e+02
7.4645e+03	2.4e+00	2.725719e+04	5.9e+02
7.4678e+03	2.4e+00	2.804770e+04	5.8e+02
7.4710e+03	2.4e+00	2.751574e+04	5.2e+02
7.4742e+03	2.4e+00	2.755298e+04	5.4e+02
7.4775e+03	2.4e+00	2.731700e+04	5.2e+02
7.4807e+03	2.4e+00	2.728393e+04	5.0e+02
7.4839e+03	2.4e+00	2.708187e+04	4.8e+02
7.4872e+03	2.4e+00	2.689214e+04	5.6e+02
7.4904e+03	2.4e+00	2.696464e+04	4.8e+02
7.4936e+03	2.4e+00	2.703444e+04	5.5e+02
7.4969e+03	2.4e+00	2.660460e+04	5.7e+02
7.5001e+03	2.4e+00	2.664007e+04	5.1e+02
7.5033e+03	2.4e+00	2.637358e+04	6.7e+02
7.5066e+03	2.4e+00	2.615819e+04	6.4e+02
7.5098e+03	2.4e+00	2.643694e+04	6.3e+02
7.5130e+03	2.4e+00	2.610921e+04	5.6e+02
7.5163e+03	2.4e+00	2.607010e+04	5.7e+02
7.5195e+03	2.4e+00	2.598171e+04	6.2e+02
7.5227e+03	2.4e+00	2.584427e+04	6.2e+02
7.5260e+03	2.4e+00	2.540093e+04	6.5e+02
7.5292e+03	2.4e+00	2.525633e+04	6.0e+02
7.5324e+03	2.4e+00	2.559629e+04	6.1e+02
7.5356e+03	2.4e+00	2.569038e+04	6.8e+02
7.5389e+03	2.4e+00	2.568911e+04	6.1e+02
7.5421e+03	2.4e+00	2.557504e+04	5.9e+02
7.5453e+03	2.4e+00	2.534299e+04	6.5e+02
7.5486e+03	2.4e+00	2.534985e+04	6.9e+02
7.5518e+03	2.4e+00	2.512089e+04	6.7e+02
7.5550e+03	2.4e+00	2.497760e+04	6.7e+02
7.5582e+03	2.4e+00	2.510909e+04	6.5e+02
7.5615e+03	2.4e+00	2.518606e+04	7.0e+02
7.5647e+03	2.4e+00	2.509322e+04	6.8e+02
7.5679e+03	2.4e+00	2.519774e+04	7.0e+02
7.5711e+03	2.4e+00	2.539616e+04	7.0e+02
7.5744e+03	2.4e+00	2.483353e+04	6.6e+02
7.5776e+03	2.4e+00	2.469474e+04	6.4e+02
7.5808e+03	2.4e+00	2.481598e+04	6.9e+02
7.5840e+03	2.4e+00	2.407276e+04	6.3e+02
7.5872e+03	2.4e+00	2.365552e+04	6.2e+02
7.5905e+03	2.4e+00	2.342322e+04	6.6e+02
7.5937e+03	2.4e+00	2.236772e+04	6.4e+02
7.5969e+03	2.4e+00	1.849188e+04	6.0e+02
7.6001e+03	2.4e+00	1.389462e+04	5.1e+02
7.6033e+03	2.4e+00	9.401510e+03	3.6e+02
7.6066e+03	2.4e+00	6.025376e+03	2.4e+02
7.6098e+03	2.4e+00	4.828896e+03	2.2e+02
7.6130e+03	2.4e+00	5.060232e+03	1.7e+02
7.6162e+03	2.4e+00	6.815017e+03	1.7e+02
7.6194e+03	2.4e+00	9.578768e+03	2.7e+02
7.6227e+03	2.4e+00	1.213337e+04	3.8e+02
7.6259e+03	2.4e+00	1.319454e+04	4.1e+02
7.6291e+03	2.4e+00	1.272881e+04	3.9e+02
7.6323e+03	2.4e+00	1.076145e+04	3.1e+02
7.6355e+03	2.4e+00	9.877707e+03	3.0e+02
7.6387e+03	2.4e+00	1.038893e+04	3.6e+02
7.6419e+03	2.4e+00	1.069868e+04	3.6e+02
7.6452e+03	2.4e+00	1.136769e+04	4.2e+02
7.6484e+03	2.4e+00	1.240505e+04	4.5e+02
7.6516e+03	2.4e+00	1.289694e+04	4.2e+02
7.6548e+03	2.4e+00	1.417256e+04	4.5e+02
7.6580e+03	2.4e+00	1.536314e+04	3.8e+02
7.6612e+03	2.4e+00	1.599279e+04	4.4e+02
7.6644e+03	2.4e+00	1.701008e+04	4.8e+02
7.6676e+03	2.4e+00	1.749901e+04	5.6e+02
