# lambda [A]	Dlambda [A]	specval [counts]	Dspecval [counts]
3.6165e+03	2.4e+00	1.29208e+04	7.3e+02
3.6202e+03	2.4e+00	1.22241e+04	1.9e+02
3.6239e+03	2.4e+00	1.35299e+04	9.7e+01
3.6277e+03	2.4e+00	1.41571e+04	4.1e+02
3.6314e+03	2.4e+00	1.48682e+04	6.3e+02
3.6351e+03	2.4e+00	1.42307e+04	3.8e+02
3.6388e+03	2.4e+00	1.51587e+04	3.1e+02
3.6425e+03	2.4e+00	1.60079e+04	8.2e+02
3.6462e+03	2.4e+00	1.66899e+04	3.8e+02
3.6500e+03	2.4e+00	1.67317e+04	7.9e+02
3.6537e+03	2.4e+00	1.71899e+04	4.8e+02
3.6574e+03	2.4e+00	1.98195e+04	3.9e+02
3.6611e+03	2.4e+00	2.01103e+04	4.7e+02
3.6648e+03	2.4e+00	1.93672e+04	1.0e+02
3.6685e+03	2.4e+00	2.12779e+04	4.4e+02
3.6723e+03	2.4e+00	2.37752e+04	2.8e+02
3.6760e+03	2.4e+00	2.55364e+04	9.6e+02
3.6797e+03	2.4e+00	2.38896e+04	5.1e+02
3.6834e+03	2.4e+00	2.78742e+04	3.4e+02
3.6871e+03	2.4e+00	3.15268e+04	4.6e+02
3.6908e+03	2.4e+00	3.26340e+04	9.6e+02
3.6945e+03	2.4e+00	3.50225e+04	9.6e+02
3.6982e+03	2.4e+00	3.76487e+04	1.2e+03
3.7019e+03	2.4e+00	4.34758e+04	5.1e+02
3.7057e+03	2.4e+00	4.87179e+04	6.8e+02
3.7094e+03	2.4e+00	4.54973e+04	3.7e+02
3.7131e+03	2.4e+00	4.65910e+04	8.1e+02
3.7168e+03	2.4e+00	5.08865e+04	7.3e+02
3.7205e+03	2.4e+00	6.29967e+04	6.6e+02
3.7242e+03	2.4e+00	6.97211e+04	7.1e+02
3.7279e+03	2.4e+00	6.69069e+04	1.3e+03
3.7316e+03	2.4e+00	6.29307e+04	5.9e+02
3.7353e+03	2.4e+00	6.36369e+04	1.6e+03
3.7390e+03	2.4e+00	7.21131e+04	3.0e+02
3.7427e+03	2.4e+00	9.24746e+04	4.1e+02
3.7464e+03	2.4e+00	1.18994e+05	1.0e+03
3.7501e+03	2.4e+00	1.26058e+05	7.0e+02
3.7539e+03	2.4e+00	1.27576e+05	6.2e+02
3.7576e+03	2.4e+00	1.11581e+05	7.6e+02
3.7613e+03	2.4e+00	9.46265e+04	3.2e+02
3.7650e+03	2.4e+00	9.30315e+04	1.0e+03
3.7687e+03	2.4e+00	1.11829e+05	9.7e+02
3.7724e+03	2.4e+00	1.54346e+05	1.9e+03
3.7761e+03	2.4e+00	1.87126e+05	3.9e+02
3.7798e+03	2.4e+00	2.19328e+05	2.3e+03
3.7835e+03	2.4e+00	2.40296e+05	1.9e+03
3.7872e+03	2.4e+00	2.50009e+05	2.3e+03
3.7909e+03	2.4e+00	2.39408e+05	9.7e+02
3.7946e+03	2.4e+00	2.20828e+05	2.5e+03
3.7983e+03	2.4e+00	1.86064e+05	1.8e+03
3.8020e+03	2.4e+00	1.50140e+05	1.2e+03
3.8057e+03	2.4e+00	1.50811e+05	8.1e+02
3.8094e+03	2.4e+00	1.93153e+05	5.5e+02
3.8131e+03	2.4e+00	2.56903e+05	1.3e+03
3.8168e+03	2.4e+00	3.18582e+05	2.8e+03
3.8205e+03	2.4e+00	3.62484e+05	2.7e+03
3.8242e+03	2.4e+00	3.94302e+05	3.7e+03
3.8279e+03	2.4e+00	4.34357e+05	5.7e+03
3.8315e+03	2.4e+00	4.72454e+05	3.4e+03
3.8352e+03	2.4e+00	4.80334e+05	2.9e+03
3.8389e+03	2.4e+00	4.85154e+05	5.6e+03
3.8426e+03	2.4e+00	4.89614e+05	3.6e+03
3.8463e+03	2.4e+00	4.58004e+05	8.2e+03
3.8500e+03	2.4e+00	4.22624e+05	2.5e+03
3.8537e+03	2.4e+00	3.58908e+05	3.3e+03
3.8574e+03	2.4e+00	2.75326e+05	3.3e+03
3.8611e+03	2.4e+00	2.38473e+05	3.9e+03
3.8648e+03	2.4e+00	2.77605e+05	3.8e+03
3.8685e+03	2.4e+00	3.69528e+05	2.9e+03
3.8722e+03	2.4e+00	4.61194e+05	2.5e+03
3.8759e+03	2.4e+00	5.40290e+05	9.4e+03
3.8795e+03	2.4e+00	6.12742e+05	5.6e+03
3.8832e+03	2.4e+00	6.69725e+05	1.0e+04
3.8869e+03	2.4e+00	7.02608e+05	5.5e+03
3.8906e+03	2.4e+00	7.26521e+05	4.6e+03
3.8943e+03	2.4e+00	7.50872e+05	5.4e+03
3.8980e+03	2.4e+00	7.63236e+05	5.0e+03
3.9017e+03	2.4e+00	7.54113e+05	7.4e+03
3.9054e+03	2.4e+00	7.33791e+05	6.0e+03
3.9090e+03	2.4e+00	7.30335e+05	8.7e+03
3.9127e+03	2.4e+00	7.50552e+05	5.7e+03
3.9164e+03	2.4e+00	7.64175e+05	3.3e+03
3.9201e+03	2.4e+00	7.72128e+05	7.4e+03
3.9238e+03	2.4e+00	7.52510e+05	5.0e+03
3.9275e+03	2.4e+00	7.26103e+05	1.4e+04
3.9312e+03	2.4e+00	6.80636e+05	6.1e+03
3.9348e+03	2.4e+00	6.13527e+05	3.5e+03
3.9385e+03	2.4e+00	5.07111e+05	5.0e+03
3.9422e+03	2.4e+00	3.89405e+05	1.3e+03
3.9459e+03	2.4e+00	3.21578e+05	2.5e+03
3.9496e+03	2.4e+00	3.33119e+05	1.2e+03
3.9532e+03	2.4e+00	4.34051e+05	3.4e+03
3.9569e+03	2.4e+00	5.58817e+05	3.3e+03
3.9606e+03	2.4e+00	6.48789e+05	7.4e+03
3.9643e+03	2.4e+00	7.29696e+05	6.9e+03
3.9680e+03	2.4e+00	7.77867e+05	6.0e+03
3.9716e+03	2.4e+00	8.13991e+05	6.0e+03
3.9753e+03	2.4e+00	8.36908e+05	7.2e+03
3.9790e+03	2.4e+00	8.45701e+05	6.5e+03
3.9827e+03	2.4e+00	8.68071e+05	6.4e+03
3.9864e+03	2.4e+00	8.67845e+05	6.9e+03
3.9900e+03	2.4e+00	8.65244e+05	4.2e+03
3.9937e+03	2.4e+00	8.69505e+05	5.0e+03
3.9974e+03	2.4e+00	8.70712e+05	3.8e+03
4.0011e+03	2.4e+00	8.54481e+05	5.5e+03
4.0047e+03	2.4e+00	8.68857e+05	5.2e+03
4.0084e+03	2.4e+00	8.55077e+05	8.0e+03
4.0121e+03	2.4e+00	8.54606e+05	4.1e+03
4.0158e+03	2.4e+00	8.62798e+05	5.7e+03
4.0194e+03	2.4e+00	8.59166e+05	8.8e+03
4.0231e+03	2.4e+00	8.50986e+05	6.6e+03
4.0268e+03	2.4e+00	8.41330e+05	5.0e+03
4.0304e+03	2.4e+00	8.45094e+05	6.2e+03
4.0341e+03	2.4e+00	8.32422e+05	2.8e+03
4.0378e+03	2.4e+00	8.16857e+05	4.1e+03
4.0415e+03	2.4e+00	8.03578e+05	6.1e+03
4.0451e+03	2.4e+00	7.89377e+05	5.5e+03
4.0488e+03	2.4e+00	7.85011e+05	2.2e+03
4.0525e+03	2.4e+00	7.73570e+05	4.1e+03
4.0561e+03	2.4e+00	7.55979e+05	1.9e+03
4.0598e+03	2.4e+00	7.21750e+05	2.9e+03
4.0635e+03	2.4e+00	6.94704e+05	2.5e+03
4.0671e+03	2.4e+00	6.54118e+05	4.0e+03
4.0708e+03	2.4e+00	5.93287e+05	1.5e+03
4.0745e+03	2.4e+00	5.14161e+05	2.4e+03
4.0781e+03	2.4e+00	4.18528e+05	3.0e+03
4.0818e+03	2.4e+00	3.22247e+05	1.9e+03
4.0855e+03	2.4e+00	2.90633e+05	2.0e+03
4.0891e+03	2.4e+00	3.42074e+05	2.5e+03
4.0928e+03	2.4e+00	4.28793e+05	3.2e+02
4.0965e+03	2.4e+00	5.11679e+05	6.1e+02
4.1001e+03	2.4e+00	5.84661e+05	4.0e+03
4.1038e+03	2.4e+00	6.31462e+05	5.9e+03
4.1075e+03	2.4e+00	6.59490e+05	2.2e+03
4.1111e+03	2.4e+00	6.67081e+05	4.2e+03
4.1148e+03	2.4e+00	6.90550e+05	4.5e+03
4.1184e+03	2.4e+00	7.01235e+05	5.2e+03
4.1221e+03	2.4e+00	7.07999e+05	6.0e+03
4.1258e+03	2.4e+00	7.09289e+05	3.7e+03
4.1294e+03	2.4e+00	7.17749e+05	3.3e+03
4.1331e+03	2.4e+00	7.22158e+05	3.0e+03
4.1367e+03	2.4e+00	7.22903e+05	2.1e+03
4.1404e+03	2.4e+00	7.20147e+05	3.9e+03
4.1441e+03	2.4e+00	7.23016e+05	2.9e+03
4.1477e+03	2.4e+00	7.23241e+05	2.8e+03
4.1514e+03	2.4e+00	7.20432e+05	5.7e+03
4.1550e+03	2.4e+00	7.13995e+05	3.0e+03
4.1587e+03	2.4e+00	7.13198e+05	2.7e+03
4.1623e+03	2.4e+00	7.08264e+05	4.1e+03
4.1660e+03	2.4e+00	7.03814e+05	2.8e+03
4.1697e+03	2.4e+00	7.09257e+05	4.2e+03
4.1733e+03	2.4e+00	7.05806e+05	3.8e+03
4.1770e+03	2.4e+00	7.08544e+05	3.0e+03
4.1806e+03	2.4e+00	7.05670e+05	3.1e+03
4.1843e+03	2.4e+00	7.10990e+05	3.4e+03
4.1879e+03	2.4e+00	7.03607e+05	2.6e+03
4.1916e+03	2.4e+00	7.08261e+05	4.5e+03
4.1952e+03	2.4e+00	7.08578e+05	5.1e+03
4.1989e+03	2.4e+00	7.00320e+05	4.4e+03
4.2025e+03	2.4e+00	6.93474e+05	4.6e+03
4.2062e+03	2.4e+00	6.94940e+05	3.6e+03
4.2098e+03	2.4e+00	6.92032e+05	4.6e+03
4.2135e+03	2.4e+00	6.94409e+05	5.2e+03
4.2171e+03	2.4e+00	6.83453e+05	3.4e+03
4.2208e+03	2.4e+00	6.74976e+05	2.7e+03
4.2244e+03	2.4e+00	6.83792e+05	6.0e+03
4.2281e+03	2.4e+00	6.73071e+05	3.4e+03
4.2317e+03	2.4e+00	6.81533e+05	4.0e+03
4.2354e+03	2.4e+00	6.75683e+05	2.0e+03
4.2390e+03	2.4e+00	6.75258e+05	3.8e+03
4.2427e+03	2.4e+00	6.78348e+05	6.7e+03
4.2463e+03	2.4e+00	6.77746e+05	5.1e+03
4.2500e+03	2.4e+00	6.75109e+05	4.9e+03
4.2536e+03	2.4e+00	6.70447e+05	3.9e+03
4.2572e+03	2.4e+00	6.59970e+05	3.3e+03
4.2609e+03	2.4e+00	6.66538e+05	5.4e+03
4.2645e+03	2.4e+00	6.62536e+05	5.0e+03
4.2682e+03	2.4e+00	6.61718e+05	4.5e+03
4.2718e+03	2.4e+00	6.62481e+05	4.1e+03
4.2755e+03	2.4e+00	6.49434e+05	3.6e+03
4.2791e+03	2.4e+00	6.41365e+05	5.5e+03
4.2827e+03	2.4e+00	6.35117e+05	1.6e+03
4.2864e+03	2.4e+00	6.28978e+05	2.7e+03
4.2900e+03	2.4e+00	6.16151e+05	4.2e+03
4.2937e+03	2.4e+00	6.19110e+05	5.4e+03
4.2973e+03	2.4e+00	6.06070e+05	4.8e+03
4.3010e+03	2.4e+00	5.99197e+05	4.4e+03
4.3046e+03	2.4e+00	5.91082e+05	4.2e+03
4.3082e+03	2.4e+00	5.68807e+05	1.8e+03
4.3119e+03	2.4e+00	5.42580e+05	4.9e+03
4.3155e+03	2.4e+00	5.10652e+05	3.0e+03
4.3191e+03	2.4e+00	4.57841e+05	2.4e+03
4.3228e+03	2.4e+00	3.95461e+05	2.3e+03
4.3264e+03	2.4e+00	3.18894e+05	2.5e+03
4.3301e+03	2.4e+00	2.56309e+05	1.9e+03
4.3337e+03	2.4e+00	2.50206e+05	1.8e+03
4.3373e+03	2.4e+00	2.98777e+05	1.3e+03
4.3410e+03	2.4e+00	3.73461e+05	1.9e+03
4.3446e+03	2.4e+00	4.28589e+05	3.2e+03
4.3482e+03	2.4e+00	4.77178e+05	2.3e+03
4.3519e+03	2.4e+00	5.15475e+05	2.5e+03
4.3555e+03	2.4e+00	5.37236e+05	3.5e+03
4.3591e+03	2.4e+00	5.51486e+05	3.9e+03
4.3628e+03	2.4e+00	5.62157e+05	3.3e+03
4.3664e+03	2.4e+00	5.64293e+05	3.1e+03
4.3700e+03	2.4e+00	5.67709e+05	3.3e+03
4.3737e+03	2.4e+00	5.65958e+05	2.2e+03
4.3773e+03	2.4e+00	5.62200e+05	3.0e+03
4.3809e+03	2.4e+00	5.65233e+05	3.6e+03
4.3845e+03	2.4e+00	5.63982e+05	3.7e+03
4.3882e+03	2.4e+00	5.62812e+05	5.3e+03
4.3918e+03	2.4e+00	5.62110e+05	4.1e+03
4.3954e+03	2.4e+00	5.67237e+05	3.0e+03
4.3991e+03	2.4e+00	5.66104e+05	4.4e+03
4.4027e+03	2.4e+00	5.63508e+05	7.0e+03
4.4063e+03	2.4e+00	5.57797e+05	3.8e+03
4.4099e+03	2.4e+00	5.50866e+05	4.0e+03
4.4136e+03	2.4e+00	5.52098e+05	3.1e+03
4.4172e+03	2.4e+00	5.57702e+05	3.9e+03
4.4208e+03	2.4e+00	5.51400e+05	2.5e+03
4.4244e+03	2.4e+00	5.49752e+05	3.8e+03
4.4281e+03	2.4e+00	5.50534e+05	4.2e+03
4.4317e+03	2.4e+00	5.43544e+05	3.9e+03
4.4353e+03	2.4e+00	5.39661e+05	2.7e+03
4.4389e+03	2.4e+00	5.34425e+05	3.7e+03
4.4426e+03	2.4e+00	5.34312e+05	5.0e+03
4.4462e+03	2.4e+00	5.28316e+05	4.8e+03
4.4498e+03	2.4e+00	5.25628e+05	3.5e+03
4.4534e+03	2.4e+00	5.25732e+05	4.4e+03
4.4570e+03	2.4e+00	5.27991e+05	4.8e+03
4.4607e+03	2.4e+00	5.22725e+05	3.8e+03
4.4643e+03	2.4e+00	5.14529e+05	5.1e+03
4.4679e+03	2.4e+00	5.08775e+05	4.6e+03
4.4715e+03	2.4e+00	5.01364e+05	2.8e+03
4.4751e+03	2.4e+00	4.96972e+05	3.6e+03
4.4788e+03	2.4e+00	4.96975e+05	5.2e+03
4.4824e+03	2.4e+00	5.00957e+05	3.9e+03
4.4860e+03	2.4e+00	5.03261e+05	4.5e+03
4.4896e+03	2.4e+00	5.00840e+05	3.7e+03
4.4932e+03	2.4e+00	5.00169e+05	4.2e+03
4.4968e+03	2.4e+00	4.99442e+05	5.1e+03
4.5005e+03	2.4e+00	4.97384e+05	5.0e+03
4.5041e+03	2.4e+00	4.96115e+05	4.1e+03
4.5077e+03	2.4e+00	4.89345e+05	4.9e+03
4.5113e+03	2.4e+00	4.90610e+05	5.0e+03
4.5149e+03	2.4e+00	4.86294e+05	2.8e+03
4.5185e+03	2.4e+00	4.86397e+05	3.3e+03
4.5221e+03	2.4e+00	4.77520e+05	5.4e+03
4.5258e+03	2.4e+00	4.75210e+05	4.7e+03
4.5294e+03	2.4e+00	4.74889e+05	5.0e+03
4.5330e+03	2.4e+00	4.73148e+05	3.8e+03
4.5366e+03	2.4e+00	4.74940e+05	3.9e+03
4.5402e+03	2.4e+00	4.68354e+05	4.8e+03
4.5438e+03	2.4e+00	4.63571e+05	4.1e+03
4.5474e+03	2.4e+00	4.61243e+05	5.0e+03
4.5510e+03	2.4e+00	4.50169e+05	4.8e+03
4.5546e+03	2.4e+00	4.51938e+05	3.4e+03
4.5582e+03	2.4e+00	4.52735e+05	3.6e+03
4.5619e+03	2.4e+00	4.50225e+05	2.3e+03
4.5655e+03	2.4e+00	4.43496e+05	4.3e+03
4.5691e+03	2.4e+00	4.46827e+05	5.3e+03
4.5727e+03	2.4e+00	4.41609e+05	4.0e+03
4.5763e+03	2.4e+00	4.35288e+05	4.6e+03
4.5799e+03	2.4e+00	4.35354e+05	4.2e+03
4.5835e+03	2.4e+00	4.30989e+05	4.2e+03
4.5871e+03	2.4e+00	4.30289e+05	5.7e+03
4.5907e+03	2.4e+00	4.28327e+05	4.6e+03
4.5943e+03	2.4e+00	4.31646e+05	3.9e+03
4.5979e+03	2.4e+00	4.28632e+05	3.6e+03
4.6015e+03	2.4e+00	4.30514e+05	3.2e+03
4.6051e+03	2.4e+00	4.25004e+05	3.7e+03
4.6087e+03	2.4e+00	4.20390e+05	3.7e+03
4.6123e+03	2.4e+00	4.16505e+05	3.3e+03
4.6159e+03	2.4e+00	4.17038e+05	3.6e+03
4.6195e+03	2.4e+00	4.12336e+05	3.8e+03
4.6231e+03	2.4e+00	4.08776e+05	4.5e+03
4.6267e+03	2.4e+00	4.08185e+05	3.0e+03
4.6303e+03	2.4e+00	4.05935e+05	4.2e+03
4.6339e+03	2.4e+00	4.03716e+05	3.6e+03
4.6375e+03	2.4e+00	4.04199e+05	4.3e+03
4.6411e+03	2.4e+00	3.98254e+05	4.6e+03
4.6447e+03	2.4e+00	3.98084e+05	4.2e+03
4.6483e+03	2.4e+00	3.96737e+05	3.3e+03
4.6519e+03	2.4e+00	3.93859e+05	4.1e+03
4.6555e+03	2.4e+00	3.93657e+05	4.5e+03
4.6591e+03	2.4e+00	3.89159e+05	4.5e+03
4.6627e+03	2.4e+00	3.85584e+05	4.2e+03
4.6663e+03	2.4e+00	3.85735e+05	4.2e+03
4.6699e+03	2.4e+00	3.83100e+05	5.3e+03
4.6735e+03	2.4e+00	3.81591e+05	4.3e+03
4.6771e+03	2.4e+00	3.79470e+05	4.9e+03
4.6807e+03	2.4e+00	3.77979e+05	3.8e+03
4.6843e+03	2.4e+00	3.76682e+05	2.8e+03
4.6879e+03	2.4e+00	3.73985e+05	4.0e+03
4.6915e+03	2.4e+00	3.73740e+05	5.0e+03
4.6950e+03	2.4e+00	3.73267e+05	4.4e+03
4.6986e+03	2.4e+00	3.69887e+05	4.7e+03
4.7022e+03	2.4e+00	3.69358e+05	3.3e+03
4.7058e+03	2.4e+00	3.66570e+05	3.9e+03
4.7094e+03	2.4e+00	3.63103e+05	3.4e+03
4.7130e+03	2.4e+00	3.63112e+05	4.0e+03
4.7166e+03	2.4e+00	3.63000e+05	2.7e+03
4.7202e+03	2.4e+00	3.63136e+05	5.6e+03
4.7238e+03	2.4e+00	3.57521e+05	6.0e+03
4.7274e+03	2.4e+00	3.53047e+05	3.5e+03
4.7309e+03	2.4e+00	3.52767e+05	4.7e+03
4.7345e+03	2.4e+00	3.49691e+05	5.5e+03
4.7381e+03	2.4e+00	3.45708e+05	4.5e+03
4.7417e+03	2.4e+00	3.45349e+05	4.5e+03
4.7453e+03	2.4e+00	3.40100e+05	4.0e+03
4.7489e+03	2.4e+00	3.40206e+05	3.5e+03
4.7525e+03	2.4e+00	3.37114e+05	3.1e+03
4.7560e+03	2.4e+00	3.37545e+05	3.4e+03
4.7596e+03	2.4e+00	3.34475e+05	3.5e+03
4.7632e+03	2.4e+00	3.31034e+05	4.4e+03
4.7668e+03	2.4e+00	3.25268e+05	3.6e+03
4.7704e+03	2.4e+00	3.23644e+05	3.3e+03
4.7740e+03	2.4e+00	3.21751e+05	3.1e+03
4.7775e+03	2.4e+00	3.21288e+05	3.5e+03
4.7811e+03	2.4e+00	3.18692e+05	3.3e+03
4.7847e+03	2.4e+00	3.16509e+05	3.6e+03
4.7883e+03	2.4e+00	3.13149e+05	3.9e+03
4.7919e+03	2.4e+00	3.13520e+05	4.4e+03
4.7954e+03	2.4e+00	3.11144e+05	3.1e+03
4.7990e+03	2.4e+00	3.07036e+05	3.7e+03
4.8026e+03	2.4e+00	3.06861e+05	2.5e+03
4.8062e+03	2.4e+00	3.05644e+05	3.4e+03
4.8098e+03	2.4e+00	3.00850e+05	3.2e+03
4.8133e+03	2.4e+00	2.99952e+05	3.3e+03
4.8169e+03	2.4e+00	2.96673e+05	2.4e+03
4.8205e+03	2.4e+00	2.92439e+05	2.7e+03
4.8241e+03	2.4e+00	2.87429e+05	2.8e+03
4.8276e+03	2.4e+00	2.84585e+05	4.0e+03
4.8312e+03	2.4e+00	2.80295e+05	2.2e+03
4.8348e+03	2.4e+00	2.74058e+05	3.2e+03
4.8384e+03	2.4e+00	2.68160e+05	3.1e+03
4.8419e+03	2.4e+00	2.55920e+05	3.5e+03
4.8455e+03	2.4e+00	2.40899e+05	2.4e+03
4.8491e+03	2.4e+00	2.17513e+05	2.1e+03
4.8527e+03	2.4e+00	1.92986e+05	2.0e+03
4.8562e+03	2.4e+00	1.61539e+05	1.6e+03
4.8598e+03	2.4e+00	1.34281e+05	1.3e+03
4.8634e+03	2.4e+00	1.30916e+05	1.6e+03
4.8669e+03	2.4e+00	1.50900e+05	1.8e+03
4.8705e+03	2.4e+00	1.79627e+05	1.7e+03
4.8741e+03	2.4e+00	2.05748e+05	2.8e+03
4.8777e+03	2.4e+00	2.22102e+05	2.2e+03
4.8812e+03	2.4e+00	2.37566e+05	2.2e+03
4.8848e+03	2.4e+00	2.46433e+05	3.2e+03
4.8884e+03	2.4e+00	2.51800e+05	3.0e+03
4.8919e+03	2.4e+00	2.57358e+05	2.4e+03
4.8955e+03	2.4e+00	2.60093e+05	4.2e+03
4.8991e+03	2.4e+00	2.61473e+05	2.9e+03
4.9026e+03	2.4e+00	2.61599e+05	2.5e+03
4.9062e+03	2.4e+00	2.62904e+05	3.9e+03
4.9098e+03	2.4e+00	2.63259e+05	3.4e+03
4.9133e+03	2.4e+00	2.64560e+05	4.2e+03
4.9169e+03	2.4e+00	2.62859e+05	3.9e+03
4.9205e+03	2.4e+00	2.60455e+05	3.4e+03
4.9240e+03	2.4e+00	2.61732e+05	3.0e+03
4.9276e+03	2.4e+00	2.60512e+05	3.6e+03
4.9312e+03	2.4e+00	2.59344e+05	3.4e+03
4.9347e+03	2.4e+00	2.59299e+05	2.3e+03
4.9383e+03	2.4e+00	2.63322e+05	3.3e+03
4.9418e+03	2.4e+00	2.59814e+05	3.8e+03
4.9454e+03	2.4e+00	2.58109e+05	3.6e+03
4.9490e+03	2.4e+00	2.55945e+05	3.6e+03
4.9525e+03	2.4e+00	2.55404e+05	3.6e+03
4.9561e+03	2.4e+00	2.56458e+05	4.4e+03
4.9596e+03	2.4e+00	2.55324e+05	4.2e+03
4.9632e+03	2.4e+00	2.51862e+05	4.2e+03
4.9668e+03	2.4e+00	2.51471e+05	3.3e+03
4.9703e+03	2.4e+00	2.49951e+05	3.7e+03
4.9739e+03	2.4e+00	2.49579e+05	3.5e+03
4.9774e+03	2.4e+00	2.47105e+05	2.8e+03
4.9810e+03	2.4e+00	2.46501e+05	3.1e+03
4.9845e+03	2.4e+00	2.45143e+05	3.3e+03
4.9881e+03	2.4e+00	2.45818e+05	3.9e+03
4.9917e+03	2.4e+00	2.42464e+05	3.8e+03
4.9952e+03	2.4e+00	2.41125e+05	2.9e+03
4.9988e+03	2.4e+00	2.39590e+05	2.9e+03
5.0023e+03	2.4e+00	2.38181e+05	3.3e+03
5.0059e+03	2.4e+00	2.35997e+05	3.7e+03
5.0094e+03	2.4e+00	2.36149e+05	3.3e+03
5.0130e+03	2.4e+00	2.32375e+05	3.5e+03
5.0165e+03	2.4e+00	2.28848e+05	4.3e+03
5.0201e+03	2.4e+00	2.27824e+05	2.9e+03
5.0236e+03	2.4e+00	2.27950e+05	3.5e+03
5.0272e+03	2.4e+00	2.28063e+05	3.0e+03
5.0307e+03	2.4e+00	2.28174e+05	3.6e+03
5.0343e+03	2.4e+00	2.25252e+05	3.8e+03
5.0378e+03	2.4e+00	2.23923e+05	2.8e+03
5.0414e+03	2.4e+00	2.23049e+05	2.9e+03
5.0449e+03	2.4e+00	2.22568e+05	2.8e+03
5.0485e+03	2.4e+00	2.21654e+05	2.9e+03
5.0520e+03	2.4e+00	2.19122e+05	2.8e+03
5.0556e+03	2.4e+00	2.17149e+05	2.4e+03
5.0591e+03	2.4e+00	2.17714e+05	3.0e+03
5.0627e+03	2.4e+00	2.17277e+05	2.4e+03
5.0662e+03	2.4e+00	2.17918e+05	2.9e+03
5.0698e+03	2.4e+00	2.17189e+05	2.6e+03
5.0733e+03	2.4e+00	2.15359e+05	2.8e+03
5.0769e+03	2.4e+00	2.14445e+05	2.1e+03
5.0804e+03	2.4e+00	2.14391e+05	2.7e+03
5.0840e+03	2.4e+00	2.12089e+05	3.0e+03
5.0875e+03	2.4e+00	2.12552e+05	2.4e+03
5.0910e+03	2.4e+00	2.11752e+05	3.0e+03
5.0946e+03	2.4e+00	2.11736e+05	2.8e+03
5.0981e+03	2.4e+00	2.09214e+05	2.6e+03
5.1017e+03	2.4e+00	2.08581e+05	1.8e+03
5.1052e+03	2.4e+00	2.07016e+05	2.5e+03
5.1088e+03	2.4e+00	2.07571e+05	2.5e+03
5.1123e+03	2.4e+00	2.05949e+05	2.0e+03
5.1158e+03	2.4e+00	2.03822e+05	1.9e+03
5.1194e+03	2.4e+00	2.02525e+05	2.3e+03
5.1229e+03	2.4e+00	2.01736e+05	2.4e+03
5.1265e+03	2.4e+00	1.99828e+05	2.6e+03
5.1300e+03	2.4e+00	1.99174e+05	2.3e+03
5.1335e+03	2.4e+00	1.96756e+05	2.6e+03
5.1371e+03	2.4e+00	1.96684e+05	2.4e+03
5.1406e+03	2.4e+00	1.95684e+05	2.6e+03
5.1441e+03	2.4e+00	1.95421e+05	2.3e+03
5.1477e+03	2.4e+00	1.94346e+05	1.5e+03
5.1512e+03	2.4e+00	1.93870e+05	2.9e+03
5.1548e+03	2.4e+00	1.91409e+05	2.7e+03
5.1583e+03	2.4e+00	1.89800e+05	2.6e+03
5.1618e+03	2.4e+00	1.89597e+05	2.4e+03
5.1654e+03	2.4e+00	1.88421e+05	2.1e+03
5.1689e+03	2.4e+00	1.84542e+05	2.3e+03
5.1724e+03	2.4e+00	1.82298e+05	2.7e+03
5.1760e+03	2.4e+00	1.80832e+05	2.6e+03
5.1795e+03	2.4e+00	1.83633e+05	2.2e+03
5.1830e+03	2.4e+00	1.82889e+05	2.5e+03
5.1866e+03	2.4e+00	1.78887e+05	3.1e+03
5.1901e+03	2.4e+00	1.80266e+05	2.4e+03
5.1936e+03	2.4e+00	1.80660e+05	2.5e+03
5.1971e+03	2.4e+00	1.79142e+05	3.2e+03
5.2007e+03	2.4e+00	1.77867e+05	3.3e+03
5.2042e+03	2.4e+00	1.76961e+05	2.7e+03
5.2077e+03	2.4e+00	1.77478e+05	2.5e+03
5.2113e+03	2.4e+00	1.77915e+05	1.9e+03
5.2148e+03	2.4e+00	1.76103e+05	2.6e+03
5.2183e+03	2.4e+00	1.73817e+05	2.1e+03
5.2219e+03	2.4e+00	1.72995e+05	2.9e+03
5.2254e+03	2.4e+00	1.71525e+05	2.4e+03
5.2289e+03	2.4e+00	1.69750e+05	2.6e+03
5.2324e+03	2.4e+00	1.68795e+05	2.4e+03
5.2360e+03	2.4e+00	1.69213e+05	2.4e+03
5.2395e+03	2.4e+00	1.66841e+05	2.3e+03
5.2430e+03	2.4e+00	1.67522e+05	2.7e+03
5.2465e+03	2.4e+00	1.66603e+05	2.6e+03
5.2501e+03	2.4e+00	1.64975e+05	2.6e+03
5.2536e+03	2.4e+00	1.64515e+05	2.6e+03
5.2571e+03	2.4e+00	1.64088e+05	2.6e+03
5.2606e+03	2.4e+00	1.62009e+05	2.8e+03
5.2641e+03	2.4e+00	1.60448e+05	1.9e+03
5.2677e+03	2.4e+00	1.60580e+05	2.0e+03
5.2712e+03	2.4e+00	1.59445e+05	2.2e+03
5.2747e+03	2.4e+00	1.57625e+05	2.0e+03
5.2782e+03	2.4e+00	1.56777e+05	2.0e+03
5.2817e+03	2.4e+00	1.55948e+05	1.5e+03
5.2853e+03	2.4e+00	1.56035e+05	1.8e+03
5.2888e+03	2.4e+00	1.56031e+05	1.5e+03
5.2923e+03	2.4e+00	1.56907e+05	2.0e+03
5.2958e+03	2.4e+00	1.55040e+05	1.4e+03
5.2993e+03	2.4e+00	1.54180e+05	2.1e+03
5.3029e+03	2.4e+00	1.53406e+05	1.9e+03
5.3064e+03	2.4e+00	1.51487e+05	1.8e+03
5.3099e+03	2.4e+00	1.51368e+05	1.7e+03
5.3134e+03	2.4e+00	1.50750e+05	1.8e+03
5.3169e+03	2.4e+00	1.50100e+05	2.3e+03
5.3204e+03	2.4e+00	1.48469e+05	1.6e+03
5.3240e+03	2.4e+00	1.49257e+05	1.5e+03
5.3275e+03	2.4e+00	1.47134e+05	1.5e+03
5.3310e+03	2.4e+00	1.47089e+05	1.7e+03
5.3345e+03	2.4e+00	1.45992e+05	1.1e+03
5.3380e+03	2.4e+00	1.46494e+05	1.5e+03
5.3415e+03	2.4e+00	1.46171e+05	1.8e+03
5.3450e+03	2.4e+00	1.46148e+05	1.5e+03
5.3485e+03	2.4e+00	1.45714e+05	1.4e+03
5.3521e+03	2.4e+00	1.45076e+05	1.6e+03
5.3556e+03	2.4e+00	1.44773e+05	2.3e+03
5.3591e+03	2.4e+00	1.44551e+05	2.5e+03
5.3626e+03	2.4e+00	1.42198e+05	2.0e+03
5.3661e+03	2.4e+00	1.40878e+05	1.9e+03
5.3696e+03	2.4e+00	1.41861e+05	1.6e+03
5.3731e+03	2.4e+00	1.40417e+05	1.4e+03
5.3766e+03	2.4e+00	1.40037e+05	2.0e+03
5.3801e+03	2.4e+00	1.40620e+05	2.0e+03
5.3836e+03	2.4e+00	1.39735e+05	2.4e+03
5.3871e+03	2.4e+00	1.39837e+05	2.2e+03
5.3907e+03	2.4e+00	1.39177e+05	1.9e+03
5.3942e+03	2.4e+00	1.37972e+05	2.1e+03
5.3977e+03	2.4e+00	1.37954e+05	2.3e+03
5.4012e+03	2.4e+00	1.35797e+05	2.3e+03
5.4047e+03	2.4e+00	1.35560e+05	1.8e+03
5.4082e+03	2.4e+00	1.34520e+05	2.2e+03
5.4117e+03	2.4e+00	1.34328e+05	2.3e+03
5.4152e+03	2.4e+00	1.33769e+05	2.0e+03
5.4187e+03	2.4e+00	1.33367e+05	2.5e+03
5.4222e+03	2.4e+00	1.31584e+05	2.2e+03
5.4257e+03	2.4e+00	1.31966e+05	2.5e+03
5.4292e+03	2.4e+00	1.30376e+05	1.5e+03
5.4327e+03	2.4e+00	1.30192e+05	1.6e+03
5.4362e+03	2.4e+00	1.30045e+05	1.9e+03
5.4397e+03	2.4e+00	1.29726e+05	1.8e+03
5.4432e+03	2.4e+00	1.28925e+05	2.2e+03
5.4467e+03	2.4e+00	1.28797e+05	1.7e+03
5.4502e+03	2.4e+00	1.28245e+05	1.6e+03
5.4537e+03	2.4e+00	1.27271e+05	1.8e+03
5.4572e+03	2.4e+00	1.26779e+05	1.7e+03
5.4607e+03	2.4e+00	1.26987e+05	2.1e+03
5.4642e+03	2.4e+00	1.26105e+05	1.6e+03
5.4677e+03	2.4e+00	1.25541e+05	2.1e+03
5.4712e+03	2.4e+00	1.25506e+05	2.3e+03
5.4747e+03	2.4e+00	1.24809e+05	1.9e+03
5.4782e+03	2.4e+00	1.24013e+05	1.5e+03
5.4817e+03	2.4e+00	1.23559e+05	1.5e+03
5.4852e+03	2.4e+00	1.22761e+05	1.5e+03
5.4887e+03	2.4e+00	1.22563e+05	1.7e+03
5.4922e+03	2.4e+00	1.22314e+05	1.4e+03
5.4956e+03	2.4e+00	1.21538e+05	1.6e+03
5.4991e+03	2.4e+00	1.21788e+05	1.4e+03
5.5026e+03	2.4e+00	1.21280e+05	1.1e+03
5.5061e+03	2.4e+00	1.20751e+05	1.2e+03
5.5096e+03	2.4e+00	1.20246e+05	1.4e+03
5.5131e+03	2.4e+00	1.19755e+05	1.6e+03
5.5166e+03	2.4e+00	1.18890e+05	1.2e+03
5.5201e+03	2.4e+00	1.18095e+05	1.2e+03
5.5236e+03	2.4e+00	1.17616e+05	1.1e+03
5.5271e+03	2.4e+00	1.16944e+05	1.5e+03
5.5306e+03	2.4e+00	1.16959e+05	1.4e+03
5.5340e+03	2.4e+00	1.15485e+05	9.0e+02
5.5375e+03	2.4e+00	1.15520e+05	1.3e+03
5.5410e+03	2.4e+00	1.15912e+05	8.6e+02
5.5445e+03	2.4e+00	1.15117e+05	9.6e+02
5.5480e+03	2.4e+00	1.13666e+05	1.3e+03
5.5515e+03	2.4e+00	1.14109e+05	1.4e+03
5.5550e+03	2.4e+00	1.13899e+05	1.9e+03
5.5585e+03	2.4e+00	1.12690e+05	1.5e+03
5.5619e+03	2.4e+00	1.11970e+05	1.6e+03
5.5654e+03	2.4e+00	1.12379e+05	2.1e+03
5.5689e+03	2.4e+00	1.11542e+05	9.3e+02
5.5724e+03	2.4e+00	1.10800e+05	1.1e+03
5.5759e+03	2.4e+00	1.09944e+05	1.2e+03
5.5794e+03	2.4e+00	1.09752e+05	1.1e+03
5.5828e+03	2.4e+00	1.08431e+05	1.6e+03
5.5863e+03	2.4e+00	1.09991e+05	1.8e+03
5.5898e+03	2.4e+00	1.08620e+05	1.6e+03
5.5933e+03	2.4e+00	1.08930e+05	1.7e+03
5.5968e+03	2.4e+00	1.07615e+05	1.2e+03
5.6002e+03	2.4e+00	1.07225e+05	1.4e+03
5.6037e+03	2.4e+00	1.07420e+05	1.7e+03
5.6072e+03	2.4e+00	1.07066e+05	1.6e+03
5.6107e+03	2.4e+00	1.06458e+05	1.8e+03
5.6142e+03	2.4e+00	1.05711e+05	1.3e+03
5.6176e+03	2.4e+00	1.04858e+05	1.3e+03
5.6211e+03	2.4e+00	1.04274e+05	1.5e+03
5.6246e+03	2.4e+00	1.04390e+05	1.8e+03
5.6281e+03	2.4e+00	1.03738e+05	1.4e+03
5.6315e+03	2.4e+00	1.03905e+05	1.4e+03
5.6350e+03	2.4e+00	1.03374e+05	1.4e+03
5.6385e+03	2.4e+00	1.03910e+05	1.7e+03
5.6420e+03	2.4e+00	1.02732e+05	1.5e+03
5.6454e+03	2.4e+00	1.01919e+05	1.1e+03
5.6489e+03	2.4e+00	1.01235e+05	1.3e+03
5.6524e+03	2.4e+00	1.01041e+05	1.3e+03
5.6559e+03	2.4e+00	1.00405e+05	1.1e+03
5.6593e+03	2.4e+00	1.00018e+05	1.2e+03
5.6628e+03	2.4e+00	1.00070e+05	1.4e+03
5.6663e+03	2.4e+00	1.00206e+05	1.5e+03
5.6698e+03	2.4e+00	9.98284e+04	1.2e+03
5.6732e+03	2.4e+00	9.83532e+04	1.1e+03
5.6767e+03	2.4e+00	9.87231e+04	1.2e+03
5.6802e+03	2.4e+00	9.85009e+04	1.2e+03
5.6836e+03	2.4e+00	9.76660e+04	1.4e+03
5.6871e+03	2.4e+00	9.75508e+04	1.1e+03
5.6906e+03	2.4e+00	9.73889e+04	1.1e+03
5.6940e+03	2.4e+00	9.67982e+04	1.2e+03
5.6975e+03	2.4e+00	9.59060e+04	1.1e+03
5.7010e+03	2.4e+00	9.58717e+04	1.1e+03
5.7045e+03	2.4e+00	9.53493e+04	1.3e+03
5.7079e+03	2.4e+00	9.50824e+04	1.4e+03
5.7114e+03	2.4e+00	9.42629e+04	8.7e+02
5.7149e+03	2.4e+00	9.37375e+04	8.4e+02
5.7183e+03	2.4e+00	9.31729e+04	9.2e+02
5.7218e+03	2.4e+00	9.31505e+04	1.3e+03
5.7252e+03	2.4e+00	9.29493e+04	1.1e+03
5.7287e+03	2.4e+00	9.24039e+04	1.3e+03
5.7322e+03	2.4e+00	9.18117e+04	1.2e+03
5.7356e+03	2.4e+00	9.14374e+04	1.5e+03
5.7391e+03	2.4e+00	9.07732e+04	1.3e+03
5.7426e+03	2.4e+00	9.06624e+04	1.1e+03
5.7460e+03	2.4e+00	9.05418e+04	9.7e+02
5.7495e+03	2.4e+00	9.04119e+04	5.8e+02
5.7529e+03	2.4e+00	8.94941e+04	1.2e+03
5.7564e+03	2.4e+00	8.92786e+04	1.1e+03
5.7599e+03	2.4e+00	8.95550e+04	8.1e+02
5.7633e+03	2.4e+00	9.00710e+04	1.3e+03
5.7668e+03	2.4e+00	8.91020e+04	1.2e+03
5.7702e+03	2.4e+00	8.91787e+04	1.4e+03
5.7737e+03	2.4e+00	8.85311e+04	5.3e+02
5.7772e+03	2.4e+00	8.82040e+04	1.1e+03
5.7806e+03	2.4e+00	8.82883e+04	1.4e+03
5.7841e+03	2.4e+00	8.75759e+04	1.0e+03
5.7875e+03	2.4e+00	8.71429e+04	1.3e+03
5.7910e+03	2.4e+00	8.62854e+04	1.5e+03
5.7944e+03	2.4e+00	8.65718e+04	1.2e+03
5.7979e+03	2.4e+00	8.70540e+04	1.0e+03
5.8014e+03	2.4e+00	8.71108e+04	1.2e+03
5.8048e+03	2.4e+00	8.68092e+04	1.4e+03
5.8083e+03	2.4e+00	8.65012e+04	1.2e+03
5.8117e+03	2.4e+00	8.59156e+04	1.3e+03
5.8152e+03	2.4e+00	8.60620e+04	1.1e+03
5.8186e+03	2.4e+00	8.63650e+04	1.3e+03
5.8221e+03	2.4e+00	8.58938e+04	1.5e+03
5.8255e+03	2.4e+00	8.62557e+04	1.3e+03
5.8290e+03	2.4e+00	8.64562e+04	1.2e+03
5.8324e+03	2.4e+00	8.59739e+04	1.1e+03
5.8359e+03	2.4e+00	8.52070e+04	1.1e+03
5.8393e+03	2.4e+00	8.51532e+04	1.4e+03
5.8428e+03	2.4e+00	8.45746e+04	1.0e+03
5.8462e+03	2.4e+00	8.53095e+04	1.5e+03
5.8497e+03	2.4e+00	8.42593e+04	1.0e+03
5.8531e+03	2.4e+00	8.33097e+04	1.0e+03
5.8566e+03	2.4e+00	8.38741e+04	1.1e+03
5.8600e+03	2.4e+00	8.39582e+04	1.2e+03
5.8635e+03	2.4e+00	8.35175e+04	7.6e+02
5.8669e+03	2.4e+00	8.33152e+04	1.1e+03
5.8704e+03	2.4e+00	8.33374e+04	1.1e+03
5.8738e+03	2.4e+00	8.37156e+04	1.1e+03
5.8773e+03	2.4e+00	8.21149e+04	8.9e+02
5.8807e+03	2.4e+00	8.21349e+04	1.0e+03
5.8841e+03	2.4e+00	8.08450e+04	1.1e+03
5.8876e+03	2.4e+00	7.98654e+04	7.8e+02
5.8910e+03	2.4e+00	7.96636e+04	8.3e+02
5.8945e+03	2.4e+00	7.86980e+04	8.7e+02
5.8979e+03	2.4e+00	7.93729e+04	1.0e+03
5.9014e+03	2.4e+00	8.00970e+04	8.2e+02
5.9048e+03	2.4e+00	8.01818e+04	8.6e+02
5.9082e+03	2.4e+00	8.02297e+04	1.0e+03
5.9117e+03	2.4e+00	7.99402e+04	9.9e+02
5.9151e+03	2.4e+00	7.97486e+04	1.5e+03
5.9186e+03	2.4e+00	7.86806e+04	8.0e+02
5.9220e+03	2.4e+00	7.81247e+04	8.1e+02
5.9254e+03	2.4e+00	7.81982e+04	7.0e+02
5.9289e+03	2.4e+00	7.86246e+04	7.8e+02
5.9323e+03	2.4e+00	7.80663e+04	8.2e+02
5.9358e+03	2.4e+00	7.80900e+04	1.2e+03
5.9392e+03	2.4e+00	7.80531e+04	1.0e+03
5.9426e+03	2.4e+00	7.69485e+04	1.1e+03
5.9461e+03	2.4e+00	7.63442e+04	8.6e+02
5.9495e+03	2.4e+00	7.65992e+04	1.1e+03
5.9529e+03	2.4e+00	7.67121e+04	1.2e+03
5.9564e+03	2.4e+00	7.66301e+04	9.1e+02
5.9598e+03	2.4e+00	7.62155e+04	7.8e+02
5.9633e+03	2.4e+00	7.58943e+04	7.8e+02
5.9667e+03	2.4e+00	7.52853e+04	1.1e+03
5.9701e+03	2.4e+00	7.51947e+04	8.1e+02
5.9736e+03	2.4e+00	7.48182e+04	9.2e+02
5.9770e+03	2.4e+00	7.43250e+04	1.3e+03
5.9804e+03	2.4e+00	7.45776e+04	1.2e+03
5.9838e+03	2.4e+00	7.44151e+04	1.3e+03
5.9873e+03	2.4e+00	7.48429e+04	1.1e+03
5.9907e+03	2.4e+00	7.44882e+04	1.1e+03
5.9941e+03	2.4e+00	7.49044e+04	1.2e+03
5.9976e+03	2.4e+00	7.40941e+04	1.0e+03
6.0010e+03	2.4e+00	7.30677e+04	1.1e+03
6.0044e+03	2.4e+00	7.26144e+04	1.3e+03
6.0079e+03	2.4e+00	7.30739e+04	1.2e+03
6.0113e+03	2.4e+00	7.32454e+04	1.2e+03
6.0147e+03	2.4e+00	7.31075e+04	1.1e+03
6.0181e+03	2.4e+00	7.24439e+04	1.0e+03
6.0216e+03	2.4e+00	7.19786e+04	1.0e+03
6.0250e+03	2.4e+00	7.18949e+04	1.1e+03
6.0284e+03	2.4e+00	7.20036e+04	8.8e+02
6.0318e+03	2.4e+00	7.19844e+04	7.5e+02
6.0353e+03	2.4e+00	7.16378e+04	7.9e+02
6.0387e+03	2.4e+00	7.15343e+04	9.2e+02
6.0421e+03	2.4e+00	7.16614e+04	8.6e+02
6.0455e+03	2.4e+00	7.22918e+04	7.7e+02
6.0490e+03	2.4e+00	7.07622e+04	1.0e+03
6.0524e+03	2.4e+00	7.07438e+04	1.0e+03
6.0558e+03	2.4e+00	7.09339e+04	1.0e+03
6.0592e+03	2.4e+00	7.06741e+04	1.0e+03
6.0627e+03	2.4e+00	7.10511e+04	1.0e+03
6.0661e+03	2.4e+00	7.04100e+04	9.2e+02
6.0695e+03	2.4e+00	7.02586e+04	7.0e+02
6.0729e+03	2.4e+00	6.98335e+04	8.3e+02
6.0763e+03	2.4e+00	6.98052e+04	9.8e+02
6.0798e+03	2.4e+00	6.97811e+04	9.1e+02
6.0832e+03	2.4e+00	6.97124e+04	8.5e+02
6.0866e+03	2.4e+00	6.93811e+04	7.4e+02
6.0900e+03	2.4e+00	6.93046e+04	8.9e+02
6.0934e+03	2.4e+00	6.87740e+04	8.1e+02
6.0969e+03	2.4e+00	6.86984e+04	8.5e+02
6.1003e+03	2.4e+00	6.83284e+04	8.6e+02
6.1037e+03	2.4e+00	6.82893e+04	7.9e+02
6.1071e+03	2.4e+00	6.77810e+04	8.0e+02
6.1105e+03	2.4e+00	6.80813e+04	8.8e+02
6.1139e+03	2.4e+00	6.76657e+04	8.6e+02
6.1174e+03	2.4e+00	6.77413e+04	8.5e+02
6.1208e+03	2.4e+00	6.77661e+04	7.1e+02
6.1242e+03	2.4e+00	6.74621e+04	7.6e+02
6.1276e+03	2.4e+00	6.74414e+04	7.1e+02
6.1310e+03	2.4e+00	6.68412e+04	8.8e+02
6.1344e+03	2.4e+00	6.66249e+04	8.6e+02
6.1378e+03	2.4e+00	6.67711e+04	9.2e+02
6.1412e+03	2.4e+00	6.65438e+04	7.2e+02
6.1447e+03	2.4e+00	6.66028e+04	7.2e+02
6.1481e+03	2.4e+00	6.60915e+04	9.0e+02
6.1515e+03	2.4e+00	6.55035e+04	1.0e+03
6.1549e+03	2.4e+00	6.57473e+04	6.9e+02
6.1583e+03	2.4e+00	6.55802e+04	9.3e+02
6.1617e+03	2.4e+00	6.57601e+04	8.5e+02
6.1651e+03	2.4e+00	6.54808e+04	8.7e+02
6.1685e+03	2.4e+00	6.50729e+04	1.0e+03
6.1719e+03	2.4e+00	6.50557e+04	6.8e+02
6.1753e+03	2.4e+00	6.46414e+04	7.2e+02
6.1787e+03	2.4e+00	6.48626e+04	1.1e+03
6.1822e+03	2.4e+00	6.46286e+04	6.9e+02
6.1856e+03	2.4e+00	6.43807e+04	9.9e+02
6.1890e+03	2.4e+00	6.50644e+04	9.0e+02
6.1924e+03	2.4e+00	6.41229e+04	8.4e+02
6.1958e+03	2.4e+00	6.33734e+04	8.7e+02
6.1992e+03	2.4e+00	6.31284e+04	8.8e+02
6.2026e+03	2.4e+00	6.28522e+04	9.6e+02
6.2060e+03	2.4e+00	6.31725e+04	7.5e+02
6.2094e+03	2.4e+00	6.35951e+04	8.6e+02
6.2128e+03	2.4e+00	6.28487e+04	7.6e+02
6.2162e+03	2.4e+00	6.30408e+04	9.3e+02
6.2196e+03	2.4e+00	6.27504e+04	9.6e+02
6.2230e+03	2.4e+00	6.26521e+04	1.2e+03
6.2264e+03	2.4e+00	6.20791e+04	1.1e+03
6.2298e+03	2.4e+00	6.24369e+04	1.1e+03
6.2332e+03	2.4e+00	6.21777e+04	9.6e+02
6.2366e+03	2.4e+00	6.18624e+04	1.0e+03
6.2400e+03	2.4e+00	6.13793e+04	6.7e+02
6.2434e+03	2.4e+00	6.10315e+04	8.8e+02
6.2468e+03	2.4e+00	6.09646e+04	8.0e+02
6.2502e+03	2.4e+00	6.09938e+04	7.3e+02
6.2536e+03	2.4e+00	6.08062e+04	8.8e+02
6.2570e+03	2.4e+00	6.04766e+04	8.0e+02
6.2604e+03	2.4e+00	6.03353e+04	7.1e+02
6.2638e+03	2.4e+00	6.07026e+04	7.1e+02
6.2672e+03	2.4e+00	6.01833e+04	7.7e+02
6.2706e+03	2.4e+00	5.92070e+04	6.0e+02
6.2740e+03	2.4e+00	5.81426e+04	8.3e+02
6.2774e+03	2.4e+00	5.69227e+04	9.1e+02
6.2808e+03	2.4e+00	5.69913e+04	7.4e+02
6.2841e+03	2.4e+00	5.82774e+04	9.0e+02
6.2875e+03	2.4e+00	5.82304e+04	7.1e+02
6.2909e+03	2.4e+00	5.76724e+04	8.1e+02
6.2943e+03	2.4e+00	5.77299e+04	6.6e+02
6.2977e+03	2.4e+00	5.76214e+04	8.6e+02
6.3011e+03	2.4e+00	5.73613e+04	9.9e+02
6.3045e+03	2.4e+00	5.74743e+04	7.7e+02
6.3079e+03	2.4e+00	5.74891e+04	8.0e+02
6.3113e+03	2.4e+00	5.78370e+04	6.3e+02
6.3147e+03	2.4e+00	5.70983e+04	5.3e+02
6.3181e+03	2.4e+00	5.77570e+04	6.1e+02
6.3214e+03	2.4e+00	5.80127e+04	7.7e+02
6.3248e+03	2.4e+00	5.78195e+04	4.9e+02
6.3282e+03	2.4e+00	5.77289e+04	7.2e+02
6.3316e+03	2.4e+00	5.80541e+04	7.7e+02
6.3350e+03	2.4e+00	5.85804e+04	7.1e+02
6.3384e+03	2.4e+00	5.78929e+04	6.6e+02
6.3418e+03	2.4e+00	5.79523e+04	6.6e+02
6.3452e+03	2.4e+00	5.67445e+04	8.9e+02
6.3485e+03	2.4e+00	5.65986e+04	5.4e+02
6.3519e+03	2.4e+00	5.71247e+04	5.2e+02
6.3553e+03	2.4e+00	5.65255e+04	7.0e+02
6.3587e+03	2.4e+00	5.67534e+04	7.8e+02
6.3621e+03	2.4e+00	5.70617e+04	8.1e+02
6.3655e+03	2.4e+00	5.63790e+04	6.2e+02
6.3688e+03	2.4e+00	5.61102e+04	8.6e+02
6.3722e+03	2.4e+00	5.64943e+04	8.2e+02
6.3756e+03	2.4e+00	5.64007e+04	6.3e+02
6.3790e+03	2.4e+00	5.69534e+04	7.4e+02
6.3824e+03	2.4e+00	5.66065e+04	8.5e+02
6.3857e+03	2.4e+00	5.64901e+04	7.7e+02
6.3891e+03	2.4e+00	5.58081e+04	8.6e+02
6.3925e+03	2.4e+00	5.57066e+04	8.4e+02
6.3959e+03	2.4e+00	5.59716e+04	9.1e+02
6.3993e+03	2.4e+00	5.59891e+04	7.6e+02
6.4026e+03	2.4e+00	5.59535e+04	6.3e+02
6.4060e+03	2.4e+00	5.57682e+04	8.0e+02
6.4094e+03	2.4e+00	5.55515e+04	8.7e+02
6.4128e+03	2.4e+00	5.56110e+04	6.6e+02
6.4162e+03	2.4e+00	5.54053e+04	5.9e+02
6.4195e+03	2.4e+00	5.47423e+04	7.6e+02
6.4229e+03	2.4e+00	5.52754e+04	9.1e+02
6.4263e+03	2.4e+00	5.48509e+04	8.0e+02
6.4297e+03	2.4e+00	5.45457e+04	7.2e+02
6.4330e+03	2.4e+00	5.43520e+04	6.7e+02
6.4364e+03	2.4e+00	5.44497e+04	7.4e+02
6.4398e+03	2.4e+00	5.42780e+04	7.1e+02
6.4432e+03	2.4e+00	5.41041e+04	5.5e+02
6.4465e+03	2.4e+00	5.35180e+04	5.6e+02
6.4499e+03	2.4e+00	5.37819e+04	6.9e+02
6.4533e+03	2.4e+00	5.30547e+04	5.8e+02
6.4566e+03	2.4e+00	5.26589e+04	5.0e+02
6.4600e+03	2.4e+00	5.27946e+04	7.0e+02
6.4634e+03	2.4e+00	5.29873e+04	7.4e+02
6.4667e+03	2.4e+00	5.28770e+04	6.0e+02
6.4701e+03	2.4e+00	5.25162e+04	6.7e+02
6.4735e+03	2.4e+00	5.23864e+04	7.1e+02
6.4769e+03	2.4e+00	5.20174e+04	4.2e+02
6.4802e+03	2.4e+00	5.18811e+04	6.3e+02
6.4836e+03	2.4e+00	5.16286e+04	7.4e+02
6.4870e+03	2.4e+00	5.21604e+04	8.6e+02
6.4903e+03	2.4e+00	5.20153e+04	6.6e+02
6.4937e+03	2.4e+00	5.15904e+04	8.4e+02
6.4971e+03	2.4e+00	5.16571e+04	9.1e+02
6.5004e+03	2.4e+00	5.16437e+04	9.0e+02
6.5038e+03	2.4e+00	5.17129e+04	8.1e+02
6.5072e+03	2.4e+00	5.10627e+04	6.3e+02
6.5105e+03	2.4e+00	5.02139e+04	4.3e+02
6.5139e+03	2.4e+00	4.98971e+04	4.3e+02
6.5172e+03	2.4e+00	4.96733e+04	6.3e+02
6.5206e+03	2.4e+00	4.98995e+04	5.2e+02
6.5240e+03	2.4e+00	4.98208e+04	8.3e+02
6.5273e+03	2.4e+00	4.91218e+04	8.2e+02
6.5307e+03	2.4e+00	4.81178e+04	7.8e+02
6.5341e+03	2.4e+00	4.74121e+04	3.9e+02
6.5374e+03	2.4e+00	4.67515e+04	7.9e+02
6.5408e+03	2.4e+00	4.51471e+04	5.3e+02
6.5441e+03	2.4e+00	4.33412e+04	5.4e+02
6.5475e+03	2.4e+00	4.10023e+04	6.5e+02
6.5509e+03	2.4e+00	3.86725e+04	6.5e+02
6.5542e+03	2.4e+00	3.49435e+04	3.5e+02
6.5576e+03	2.4e+00	3.09797e+04	3.5e+02
6.5609e+03	2.4e+00	2.90960e+04	4.2e+02
6.5643e+03	2.4e+00	3.04277e+04	2.7e+02
6.5676e+03	2.4e+00	3.44515e+04	3.9e+02
6.5710e+03	2.4e+00	3.82219e+04	5.1e+02
6.5744e+03	2.4e+00	4.11516e+04	5.8e+02
6.5777e+03	2.4e+00	4.29764e+04	5.5e+02
6.5811e+03	2.4e+00	4.41633e+04	5.3e+02
6.5844e+03	2.4e+00	4.54126e+04	6.0e+02
6.5878e+03	2.4e+00	4.65561e+04	6.6e+02
6.5911e+03	2.4e+00	4.65350e+04	7.3e+02
6.5945e+03	2.4e+00	4.63460e+04	6.4e+02
6.5978e+03	2.4e+00	4.70539e+04	6.0e+02
6.6012e+03	2.4e+00	4.71193e+04	6.3e+02
6.6045e+03	2.4e+00	4.72303e+04	5.5e+02
6.6079e+03	2.4e+00	4.71289e+04	5.5e+02
6.6112e+03	2.4e+00	4.76042e+04	5.8e+02
6.6146e+03	2.4e+00	4.70202e+04	6.1e+02
6.6179e+03	2.4e+00	4.72795e+04	5.2e+02
6.6213e+03	2.4e+00	4.74726e+04	5.8e+02
6.6246e+03	2.4e+00	4.76161e+04	6.6e+02
6.6280e+03	2.4e+00	4.70336e+04	5.4e+02
6.6313e+03	2.4e+00	4.73973e+04	5.8e+02
6.6347e+03	2.4e+00	4.72438e+04	6.9e+02
6.6380e+03	2.4e+00	4.71847e+04	4.7e+02
6.6414e+03	2.4e+00	4.71155e+04	3.8e+02
6.6447e+03	2.4e+00	4.70836e+04	6.8e+02
6.6481e+03	2.4e+00	4.75847e+04	8.0e+02
6.6514e+03	2.4e+00	4.69584e+04	6.4e+02
6.6548e+03	2.4e+00	4.67593e+04	5.7e+02
6.6581e+03	2.4e+00	4.63717e+04	5.3e+02
6.6615e+03	2.4e+00	4.68146e+04	6.0e+02
6.6648e+03	2.4e+00	4.68321e+04	5.9e+02
6.6681e+03	2.4e+00	4.67922e+04	5.6e+02
6.6715e+03	2.4e+00	4.69673e+04	8.6e+02
6.6748e+03	2.4e+00	4.64973e+04	6.1e+02
6.6782e+03	2.4e+00	4.68232e+04	6.8e+02
6.6815e+03	2.4e+00	4.65273e+04	6.3e+02
6.6849e+03	2.4e+00	4.66551e+04	8.3e+02
6.6882e+03	2.4e+00	4.66589e+04	7.5e+02
6.6915e+03	2.4e+00	4.62534e+04	4.8e+02
6.6949e+03	2.4e+00	4.64700e+04	6.7e+02
6.6982e+03	2.4e+00	4.59117e+04	5.5e+02
6.7016e+03	2.4e+00	4.60056e+04	4.2e+02
6.7049e+03	2.4e+00	4.65382e+04	6.8e+02
6.7082e+03	2.4e+00	4.60512e+04	8.2e+02
6.7116e+03	2.4e+00	4.61098e+04	6.8e+02
6.7149e+03	2.4e+00	4.58784e+04	7.3e+02
6.7183e+03	2.4e+00	4.55526e+04	6.4e+02
6.7216e+03	2.4e+00	4.55153e+04	5.9e+02
6.7249e+03	2.4e+00	4.55448e+04	7.2e+02
6.7283e+03	2.4e+00	4.56721e+04	6.4e+02
6.7316e+03	2.4e+00	4.58707e+04	6.4e+02
6.7349e+03	2.4e+00	4.57792e+04	5.4e+02
6.7383e+03	2.4e+00	4.54504e+04	5.2e+02
6.7416e+03	2.4e+00	4.49074e+04	5.4e+02
6.7449e+03	2.4e+00	4.46334e+04	6.5e+02
6.7483e+03	2.4e+00	4.52776e+04	7.8e+02
6.7516e+03	2.4e+00	4.51764e+04	4.4e+02
6.7549e+03	2.4e+00	4.43038e+04	6.1e+02
6.7583e+03	2.4e+00	4.47684e+04	5.9e+02
6.7616e+03	2.4e+00	4.47371e+04	6.2e+02
6.7649e+03	2.4e+00	4.45294e+04	7.0e+02
6.7683e+03	2.4e+00	4.42849e+04	8.7e+02
6.7716e+03	2.4e+00	4.41190e+04	7.0e+02
6.7749e+03	2.4e+00	4.41759e+04	5.3e+02
6.7782e+03	2.4e+00	4.39972e+04	5.7e+02
6.7816e+03	2.4e+00	4.37813e+04	7.4e+02
6.7849e+03	2.4e+00	4.40467e+04	4.5e+02
6.7882e+03	2.4e+00	4.35521e+04	5.6e+02
6.7916e+03	2.4e+00	4.38079e+04	5.1e+02
6.7949e+03	2.4e+00	4.32738e+04	4.2e+02
6.7982e+03	2.4e+00	4.28951e+04	7.0e+02
6.8015e+03	2.4e+00	4.34399e+04	4.4e+02
6.8049e+03	2.4e+00	4.32241e+04	4.4e+02
6.8082e+03	2.4e+00	4.29857e+04	5.9e+02
6.8115e+03	2.4e+00	4.27541e+04	6.1e+02
6.8148e+03	2.4e+00	4.28789e+04	6.7e+02
6.8182e+03	2.4e+00	4.23769e+04	6.2e+02
6.8215e+03	2.4e+00	4.21874e+04	5.9e+02
6.8248e+03	2.4e+00	4.21739e+04	5.0e+02
6.8281e+03	2.4e+00	4.20650e+04	6.4e+02
6.8315e+03	2.4e+00	4.19184e+04	4.6e+02
6.8348e+03	2.4e+00	4.20608e+04	4.6e+02
6.8381e+03	2.4e+00	4.18733e+04	5.6e+02
6.8414e+03	2.4e+00	4.14455e+04	5.5e+02
6.8447e+03	2.4e+00	4.15826e+04	4.0e+02
6.8481e+03	2.4e+00	4.11803e+04	7.3e+02
6.8514e+03	2.4e+00	4.10440e+04	6.6e+02
6.8547e+03	2.4e+00	4.09284e+04	5.3e+02
6.8580e+03	2.4e+00	4.02282e+04	4.5e+02
6.8613e+03	2.4e+00	3.81260e+04	4.7e+02
6.8647e+03	2.4e+00	3.40312e+04	5.6e+02
6.8680e+03	2.4e+00	2.93515e+04	4.9e+02
6.8713e+03	2.4e+00	2.77312e+04	5.4e+02
6.8746e+03	2.4e+00	3.00624e+04	4.4e+02
6.8779e+03	2.4e+00	3.27412e+04	4.9e+02
6.8812e+03	2.4e+00	3.49166e+04	3.4e+02
6.8846e+03	2.4e+00	3.46842e+04	4.7e+02
6.8879e+03	2.4e+00	3.33138e+04	5.2e+02
6.8912e+03	2.4e+00	3.35131e+04	4.0e+02
6.8945e+03	2.4e+00	3.39001e+04	3.6e+02
6.8978e+03	2.4e+00	3.39130e+04	6.2e+02
6.9011e+03	2.4e+00	3.48065e+04	4.3e+02
6.9044e+03	2.4e+00	3.57327e+04	5.5e+02
6.9078e+03	2.4e+00	3.60834e+04	3.2e+02
6.9111e+03	2.4e+00	3.66792e+04	5.7e+02
6.9144e+03	2.4e+00	3.75403e+04	4.1e+02
6.9177e+03	2.4e+00	3.77473e+04	7.5e+02
6.9210e+03	2.4e+00	3.76943e+04	6.9e+02
6.9243e+03	2.4e+00	3.79504e+04	6.6e+02
6.9276e+03	2.4e+00	3.75670e+04	7.1e+02
6.9309e+03	2.4e+00	3.78195e+04	5.7e+02
6.9342e+03	2.4e+00	3.75310e+04	3.3e+02
6.9375e+03	2.4e+00	3.78435e+04	6.0e+02
6.9409e+03	2.4e+00	3.72557e+04	4.6e+02
6.9442e+03	2.4e+00	3.76636e+04	5.3e+02
6.9475e+03	2.4e+00	3.76019e+04	5.5e+02
6.9508e+03	2.4e+00	3.71854e+04	5.6e+02
6.9541e+03	2.4e+00	3.72748e+04	6.8e+02
6.9574e+03	2.4e+00	3.69297e+04	5.1e+02
6.9607e+03	2.4e+00	3.73168e+04	5.9e+02
6.9640e+03	2.4e+00	3.79059e+04	6.4e+02
6.9673e+03	2.4e+00	3.76182e+04	6.5e+02
6.9706e+03	2.4e+00	3.75393e+04	4.0e+02
6.9739e+03	2.4e+00	3.78310e+04	4.5e+02
6.9772e+03	2.4e+00	3.76282e+04	4.4e+02
6.9805e+03	2.4e+00	3.70550e+04	6.9e+02
6.9838e+03	2.4e+00	3.74099e+04	5.0e+02
6.9871e+03	2.4e+00	3.67101e+04	5.0e+02
6.9904e+03	2.4e+00	3.61879e+04	6.7e+02
6.9937e+03	2.4e+00	3.65523e+04	4.8e+02
6.9970e+03	2.4e+00	3.63235e+04	5.2e+02
7.0003e+03	2.4e+00	3.60449e+04	4.1e+02
7.0036e+03	2.4e+00	3.59971e+04	3.0e+02
7.0069e+03	2.4e+00	3.61548e+04	4.1e+02
7.0102e+03	2.4e+00	3.57581e+04	4.6e+02
7.0135e+03	2.4e+00	3.57476e+04	5.8e+02
7.0168e+03	2.4e+00	3.56595e+04	5.5e+02
7.0201e+03	2.4e+00	3.51146e+04	4.1e+02
7.0234e+03	2.4e+00	3.54984e+04	5.3e+02
7.0267e+03	2.4e+00	3.56523e+04	5.6e+02
7.0300e+03	2.4e+00	3.52692e+04	4.2e+02
7.0333e+03	2.4e+00	3.55764e+04	4.9e+02
7.0366e+03	2.4e+00	3.52184e+04	5.0e+02
7.0399e+03	2.4e+00	3.52065e+04	6.2e+02
7.0432e+03	2.4e+00	3.51176e+04	4.0e+02
7.0465e+03	2.4e+00	3.49601e+04	4.3e+02
7.0498e+03	2.4e+00	3.45778e+04	4.1e+02
7.0531e+03	2.4e+00	3.49869e+04	5.6e+02
7.0564e+03	2.4e+00	3.49669e+04	6.0e+02
7.0597e+03	2.4e+00	3.45808e+04	4.9e+02
7.0629e+03	2.4e+00	3.45889e+04	4.0e+02
7.0662e+03	2.4e+00	3.48050e+04	6.8e+02
7.0695e+03	2.4e+00	3.41489e+04	5.8e+02
7.0728e+03	2.4e+00	3.42684e+04	6.1e+02
7.0761e+03	2.4e+00	3.42125e+04	4.5e+02
7.0794e+03	2.4e+00	3.41816e+04	5.3e+02
7.0827e+03	2.4e+00	3.40471e+04	4.3e+02
7.0860e+03	2.4e+00	3.34734e+04	4.3e+02
7.0893e+03	2.4e+00	3.38604e+04	5.7e+02
7.0926e+03	2.4e+00	3.35939e+04	6.5e+02
7.0958e+03	2.4e+00	3.31894e+04	4.4e+02
7.0991e+03	2.4e+00	3.33268e+04	2.6e+02
7.1024e+03	2.4e+00	3.37115e+04	4.4e+02
7.1057e+03	2.4e+00	3.33647e+04	4.9e+02
7.1090e+03	2.4e+00	3.28190e+04	5.2e+02
7.1123e+03	2.4e+00	3.25744e+04	4.6e+02
7.1156e+03	2.4e+00	3.27815e+04	5.4e+02
7.1188e+03	2.4e+00	3.28964e+04	7.6e+02
7.1221e+03	2.4e+00	3.34003e+04	5.3e+02
7.1254e+03	2.4e+00	3.32327e+04	6.1e+02
7.1287e+03	2.4e+00	3.22933e+04	4.6e+02
7.1320e+03	2.4e+00	3.21442e+04	7.1e+02
7.1353e+03	2.4e+00	3.18616e+04	4.0e+02
7.1385e+03	2.4e+00	3.17857e+04	4.5e+02
7.1418e+03	2.4e+00	3.18510e+04	5.8e+02
7.1451e+03	2.4e+00	3.20020e+04	5.6e+02
7.1484e+03	2.4e+00	3.14269e+04	4.4e+02
7.1517e+03	2.4e+00	3.13828e+04	4.9e+02
7.1549e+03	2.4e+00	3.15177e+04	6.0e+02
7.1582e+03	2.4e+00	3.14692e+04	2.7e+02
7.1615e+03	2.4e+00	3.05104e+04	3.9e+02
7.1648e+03	2.4e+00	2.96130e+04	4.1e+02
7.1681e+03	2.4e+00	2.88798e+04	4.3e+02
7.1713e+03	2.4e+00	2.84684e+04	4.4e+02
7.1746e+03	2.4e+00	2.76610e+04	3.7e+02
7.1779e+03	2.4e+00	2.75402e+04	4.2e+02
7.1812e+03	2.4e+00	2.67372e+04	4.8e+02
7.1844e+03	2.4e+00	2.63315e+04	4.2e+02
7.1877e+03	2.4e+00	2.58492e+04	4.0e+02
7.1910e+03	2.4e+00	2.60721e+04	3.9e+02
7.1943e+03	2.4e+00	2.63904e+04	3.8e+02
7.1975e+03	2.4e+00	2.65895e+04	4.8e+02
7.2008e+03	2.4e+00	2.65884e+04	4.1e+02
7.2041e+03	2.4e+00	2.66607e+04	2.3e+02
7.2074e+03	2.4e+00	2.73789e+04	3.6e+02
7.2106e+03	2.4e+00	2.79995e+04	3.6e+02
7.2139e+03	2.4e+00	2.86607e+04	3.8e+02
7.2172e+03	2.4e+00	2.89206e+04	4.9e+02
7.2204e+03	2.4e+00	2.84096e+04	4.3e+02
7.2237e+03	2.4e+00	2.81425e+04	4.4e+02
7.2270e+03	2.4e+00	2.75479e+04	4.7e+02
7.2303e+03	2.4e+00	2.70093e+04	4.7e+02
7.2335e+03	2.4e+00	2.63588e+04	4.1e+02
7.2368e+03	2.4e+00	2.59733e+04	5.7e+02
7.2401e+03	2.4e+00	2.60620e+04	4.5e+02
7.2433e+03	2.4e+00	2.59864e+04	5.0e+02
7.2466e+03	2.4e+00	2.59535e+04	3.5e+02
7.2499e+03	2.4e+00	2.63053e+04	4.7e+02
7.2531e+03	2.4e+00	2.64291e+04	3.2e+02
7.2564e+03	2.4e+00	2.59922e+04	3.3e+02
7.2597e+03	2.4e+00	2.62799e+04	4.7e+02
7.2629e+03	2.4e+00	2.60129e+04	4.7e+02
7.2662e+03	2.4e+00	2.61789e+04	4.6e+02
7.2695e+03	2.4e+00	2.58308e+04	5.4e+02
7.2727e+03	2.4e+00	2.54696e+04	5.2e+02
7.2760e+03	2.4e+00	2.51201e+04	2.2e+02
7.2792e+03	2.4e+00	2.54744e+04	2.7e+02
7.2825e+03	2.4e+00	2.63663e+04	2.8e+02
7.2858e+03	2.4e+00	2.63902e+04	3.6e+02
7.2890e+03	2.4e+00	2.55478e+04	6.5e+02
7.2923e+03	2.4e+00	2.55052e+04	6.2e+02
7.2956e+03	2.4e+00	2.56860e+04	5.1e+02
7.2988e+03	2.4e+00	2.57524e+04	2.7e+02
7.3021e+03	2.4e+00	2.54278e+04	4.0e+02
7.3053e+03	2.4e+00	2.50465e+04	3.0e+02
7.3086e+03	2.4e+00	2.52048e+04	4.2e+02
7.3119e+03	2.4e+00	2.56660e+04	3.6e+02
7.3151e+03	2.4e+00	2.54397e+04	5.2e+02
7.3184e+03	2.4e+00	2.57431e+04	5.0e+02
7.3216e+03	2.4e+00	2.53978e+04	6.2e+02
7.3249e+03	2.4e+00	2.57944e+04	6.7e+02
7.3281e+03	2.4e+00	2.57811e+04	5.2e+02
7.3314e+03	2.4e+00	2.57047e+04	5.0e+02
7.3346e+03	2.4e+00	2.55051e+04	3.4e+02
7.3379e+03	2.4e+00	2.58090e+04	3.8e+02
7.3412e+03	2.4e+00	2.54416e+04	3.5e+02
7.3444e+03	2.4e+00	2.59202e+04	4.8e+02
7.3477e+03	2.4e+00	2.56918e+04	6.2e+02
7.3509e+03	2.4e+00	2.52815e+04	5.3e+02
7.3542e+03	2.4e+00	2.55186e+04	3.0e+02
7.3574e+03	2.4e+00	2.53106e+04	4.0e+02
7.3607e+03	2.4e+00	2.51193e+04	4.6e+02
7.3639e+03	2.4e+00	2.49969e+04	3.1e+02
7.3672e+03	2.4e+00	2.50632e+04	4.1e+02
7.3704e+03	2.4e+00	2.45150e+04	4.2e+02
7.3737e+03	2.4e+00	2.47041e+04	3.9e+02
7.3769e+03	2.4e+00	2.49608e+04	4.1e+02
7.3802e+03	2.4e+00	2.46652e+04	5.7e+02
7.3834e+03	2.4e+00	2.44563e+04	5.6e+02
7.3867e+03	2.4e+00	2.46230e+04	4.6e+02
7.3899e+03	2.4e+00	2.44308e+04	5.6e+02
7.3932e+03	2.4e+00	2.40064e+04	4.6e+02
7.3964e+03	2.4e+00	2.45516e+04	4.9e+02
7.3997e+03	2.4e+00	2.43177e+04	3.4e+02
7.4029e+03	2.4e+00	2.42774e+04	3.6e+02
7.4062e+03	2.4e+00	2.43596e+04	4.7e+02
7.4094e+03	2.4e+00	2.43193e+04	3.2e+02
7.4127e+03	2.4e+00	2.42868e+04	4.9e+02
7.4159e+03	2.4e+00	2.39937e+04	5.4e+02
7.4191e+03	2.4e+00	2.39453e+04	2.3e+02
7.4224e+03	2.4e+00	2.42120e+04	3.5e+02
7.4256e+03	2.4e+00	2.38478e+04	3.9e+02
7.4289e+03	2.4e+00	2.37727e+04	4.3e+02
7.4321e+03	2.4e+00	2.35399e+04	4.4e+02
7.4354e+03	2.4e+00	2.38947e+04	4.4e+02
7.4386e+03	2.4e+00	2.37878e+04	4.1e+02
7.4418e+03	2.4e+00	2.38981e+04	5.3e+02
7.4451e+03	2.4e+00	2.34251e+04	5.7e+02
7.4483e+03	2.4e+00	2.37174e+04	3.7e+02
7.4516e+03	2.4e+00	2.32685e+04	1.1e+02
7.4548e+03	2.4e+00	2.33146e+04	2.5e+02
7.4580e+03	2.4e+00	2.31857e+04	4.1e+02
7.4613e+03	2.4e+00	2.31601e+04	5.7e+02
7.4645e+03	2.4e+00	2.27991e+04	2.8e+02
7.4678e+03	2.4e+00	2.31605e+04	3.3e+02
7.4710e+03	2.4e+00	2.27122e+04	2.9e+02
7.4742e+03	2.4e+00	2.26252e+04	3.5e+02
7.4775e+03	2.4e+00	2.29464e+04	3.5e+02
7.4807e+03	2.4e+00	2.27020e+04	3.9e+02
7.4839e+03	2.4e+00	2.25786e+04	3.0e+02
7.4872e+03	2.4e+00	2.26299e+04	5.0e+02
7.4904e+03	2.4e+00	2.29563e+04	3.3e+02
7.4936e+03	2.4e+00	2.28457e+04	2.8e+02
7.4969e+03	2.4e+00	2.24709e+04	6.4e+02
7.5001e+03	2.4e+00	2.25773e+04	6.3e+02
7.5033e+03	2.4e+00	2.23299e+04	4.0e+02
7.5066e+03	2.4e+00	2.22657e+04	5.9e+02
7.5098e+03	2.4e+00	2.22022e+04	4.5e+02
7.5130e+03	2.4e+00	2.19805e+04	4.0e+02
7.5163e+03	2.4e+00	2.20851e+04	4.0e+02
7.5195e+03	2.4e+00	2.19300e+04	2.6e+02
7.5227e+03	2.4e+00	2.20036e+04	3.8e+02
7.5260e+03	2.4e+00	2.17440e+04	4.3e+02
7.5292e+03	2.4e+00	2.18578e+04	2.2e+02
7.5324e+03	2.4e+00	2.16760e+04	2.6e+02
7.5356e+03	2.4e+00	2.18264e+04	4.0e+02
7.5389e+03	2.4e+00	2.17323e+04	2.3e+02
7.5421e+03	2.4e+00	2.14870e+04	3.0e+02
7.5453e+03	2.4e+00	2.14231e+04	3.9e+02
7.5486e+03	2.4e+00	2.11659e+04	3.8e+02
7.5518e+03	2.4e+00	2.12976e+04	3.3e+02
7.5550e+03	2.4e+00	2.12143e+04	3.2e+02
7.5582e+03	2.4e+00	2.11104e+04	4.2e+02
7.5615e+03	2.4e+00	2.07784e+04	3.7e+02
7.5647e+03	2.4e+00	2.09535e+04	4.7e+02
7.5679e+03	2.4e+00	2.11948e+04	2.3e+02
7.5711e+03	2.4e+00	2.10727e+04	1.8e+02
7.5744e+03	2.4e+00	2.08096e+04	2.1e+02
7.5776e+03	2.4e+00	2.07260e+04	2.1e+02
7.5808e+03	2.4e+00	2.07270e+04	3.7e+02
7.5840e+03	2.4e+00	2.03995e+04	2.2e+02
7.5872e+03	2.4e+00	1.99805e+04	1.9e+02
7.5905e+03	2.4e+00	1.89514e+04	3.5e+02
7.5937e+03	2.4e+00	1.70509e+04	3.8e+02
7.5969e+03	2.4e+00	1.39417e+04	4.6e+02
7.6001e+03	2.4e+00	1.02158e+04	2.4e+02
7.6033e+03	2.4e+00	6.82882e+03	8.2e+01
7.6066e+03	2.4e+00	4.67300e+03	6.3e+01
7.6098e+03	2.4e+00	4.35043e+03	1.4e+02
7.6130e+03	2.4e+00	5.14376e+03	1.0e+02
7.6162e+03	2.4e+00	7.07744e+03	8.1e+01
7.6194e+03	2.4e+00	9.09969e+03	6.6e+01
7.6227e+03	2.4e+00	1.05711e+04	1.5e+02
7.6259e+03	2.4e+00	1.07833e+04	7.2e+01
7.6291e+03	2.4e+00	9.71996e+03	1.1e+02
7.6323e+03	2.4e+00	8.81979e+03	1.7e+02
7.6355e+03	2.4e+00	8.43365e+03	1.6e+02
7.6387e+03	2.4e+00	8.86506e+03	1.7e+02
7.6419e+03	2.4e+00	9.20727e+03	1.0e+02
7.6452e+03	2.4e+00	9.92390e+03	5.0e+01
7.6484e+03	2.4e+00	1.08111e+04	2.7e+02
7.6516e+03	2.4e+00	1.16550e+04	1.5e+02
7.6548e+03	2.4e+00	1.22807e+04	2.9e+02
7.6580e+03	2.4e+00	1.30251e+04	3.1e+02
7.6612e+03	2.4e+00	1.38494e+04	2.8e+02
7.6644e+03	2.4e+00	1.45470e+04	3.0e+02
7.6676e+03	2.4e+00	1.54071e+04	4.4e+02
