# lambda [A]	Dlambda [A]	specval [counts]	Dspecval [counts]
3.6165e+03	2.4e+00	1.61578e+04	2.3e+02
3.6202e+03	2.4e+00	1.61871e+04	4.3e+02
3.6239e+03	2.4e+00	1.60726e+04	5.1e+02
3.6277e+03	2.4e+00	1.74167e+04	2.2e+02
3.6314e+03	2.4e+00	1.68356e+04	1.6e+02
3.6351e+03	2.4e+00	1.86063e+04	4.6e+02
3.6388e+03	2.4e+00	1.91724e+04	1.6e+02
3.6425e+03	2.4e+00	1.83014e+04	2.7e+02
3.6462e+03	2.4e+00	2.30432e+04	5.0e+02
3.6500e+03	2.4e+00	2.18140e+04	3.6e+02
3.6537e+03	2.4e+00	2.32797e+04	7.1e+02
3.6574e+03	2.4e+00	2.47308e+04	3.0e+02
3.6611e+03	2.4e+00	2.59662e+04	7.6e+02
3.6648e+03	2.4e+00	2.77056e+04	8.9e+02
3.6685e+03	2.4e+00	2.77705e+04	1.0e+03
3.6723e+03	2.4e+00	3.22532e+04	7.4e+02
3.6760e+03	2.4e+00	3.40472e+04	4.5e+02
3.6797e+03	2.4e+00	3.37573e+04	4.5e+02
3.6834e+03	2.4e+00	3.68913e+04	6.0e+02
3.6871e+03	2.4e+00	4.20337e+04	5.1e+02
3.6908e+03	2.4e+00	4.25970e+04	1.1e+03
3.6945e+03	2.4e+00	4.23975e+04	6.1e+02
3.6982e+03	2.4e+00	4.74764e+04	1.2e+03
3.7019e+03	2.4e+00	5.49197e+04	6.5e+02
3.7057e+03	2.4e+00	6.12720e+04	2.4e+03
3.7094e+03	2.4e+00	5.71808e+04	2.1e+03
3.7131e+03	2.4e+00	5.60882e+04	9.7e+02
3.7168e+03	2.4e+00	6.69191e+04	1.5e+03
3.7205e+03	2.4e+00	7.68218e+04	1.0e+03
3.7242e+03	2.4e+00	8.89070e+04	5.0e+02
3.7279e+03	2.4e+00	8.83329e+04	9.6e+02
3.7316e+03	2.4e+00	7.91247e+04	3.1e+03
3.7353e+03	2.4e+00	7.83266e+04	2.0e+03
3.7390e+03	2.4e+00	9.31940e+04	6.1e+02
3.7427e+03	2.4e+00	1.22032e+05	4.4e+03
3.7464e+03	2.4e+00	1.49345e+05	4.5e+03
3.7501e+03	2.4e+00	1.60038e+05	4.0e+03
3.7539e+03	2.4e+00	1.65975e+05	3.2e+03
3.7576e+03	2.4e+00	1.45490e+05	3.1e+03
3.7613e+03	2.4e+00	1.18030e+05	2.8e+03
3.7650e+03	2.4e+00	1.21822e+05	2.8e+03
3.7687e+03	2.4e+00	1.45246e+05	3.3e+03
3.7724e+03	2.4e+00	1.96162e+05	3.6e+03
3.7761e+03	2.4e+00	2.38853e+05	4.0e+03
3.7798e+03	2.4e+00	2.82291e+05	6.8e+03
3.7835e+03	2.4e+00	2.99634e+05	6.7e+03
3.7872e+03	2.4e+00	3.11041e+05	7.2e+03
3.7909e+03	2.4e+00	3.01910e+05	5.7e+03
3.7946e+03	2.4e+00	2.74680e+05	7.1e+03
3.7983e+03	2.4e+00	2.26502e+05	6.6e+03
3.8020e+03	2.4e+00	1.87006e+05	4.0e+03
3.8057e+03	2.4e+00	1.86611e+05	6.2e+03
3.8094e+03	2.4e+00	2.44683e+05	6.9e+03
3.8131e+03	2.4e+00	3.20864e+05	6.4e+03
3.8168e+03	2.4e+00	4.00418e+05	1.1e+04
3.8205e+03	2.4e+00	4.63341e+05	8.7e+03
3.8242e+03	2.4e+00	5.16144e+05	7.5e+03
3.8279e+03	2.4e+00	5.53773e+05	8.5e+03
3.8315e+03	2.4e+00	5.85172e+05	1.5e+04
3.8352e+03	2.4e+00	6.00013e+05	1.2e+04
3.8389e+03	2.4e+00	6.20588e+05	8.5e+03
3.8426e+03	2.4e+00	6.05369e+05	1.8e+04
3.8463e+03	2.4e+00	5.71141e+05	1.4e+04
3.8500e+03	2.4e+00	5.12001e+05	1.5e+04
3.8537e+03	2.4e+00	4.47892e+05	1.4e+04
3.8574e+03	2.4e+00	3.41512e+05	6.7e+03
3.8611e+03	2.4e+00	3.05697e+05	5.2e+03
3.8648e+03	2.4e+00	3.44078e+05	5.9e+03
3.8685e+03	2.4e+00	4.58423e+05	1.2e+04
3.8722e+03	2.4e+00	5.83887e+05	2.0e+04
3.8759e+03	2.4e+00	6.83226e+05	1.9e+04
3.8795e+03	2.4e+00	7.76725e+05	3.0e+04
3.8832e+03	2.4e+00	8.51447e+05	2.9e+04
3.8869e+03	2.4e+00	8.87831e+05	2.3e+04
3.8906e+03	2.4e+00	9.23136e+05	2.4e+04
3.8943e+03	2.4e+00	9.39714e+05	2.8e+04
3.8980e+03	2.4e+00	9.58236e+05	1.7e+04
3.9017e+03	2.4e+00	9.68525e+05	3.2e+04
3.9054e+03	2.4e+00	9.08263e+05	2.6e+04
3.9090e+03	2.4e+00	9.31921e+05	4.7e+04
3.9127e+03	2.4e+00	9.48448e+05	3.4e+04
3.9164e+03	2.4e+00	9.71501e+05	2.5e+04
3.9201e+03	2.4e+00	9.68999e+05	1.7e+04
3.9238e+03	2.4e+00	9.62373e+05	2.6e+04
3.9275e+03	2.4e+00	9.00162e+05	2.0e+04
3.9312e+03	2.4e+00	8.51240e+05	2.2e+04
3.9348e+03	2.4e+00	7.66507e+05	2.2e+04
3.9385e+03	2.4e+00	6.39276e+05	1.8e+04
3.9422e+03	2.4e+00	4.83139e+05	1.2e+04
3.9459e+03	2.4e+00	4.01821e+05	1.3e+04
3.9496e+03	2.4e+00	4.23222e+05	9.6e+03
3.9532e+03	2.4e+00	5.50672e+05	1.5e+04
3.9569e+03	2.4e+00	7.11843e+05	2.0e+04
3.9606e+03	2.4e+00	8.23384e+05	2.3e+04
3.9643e+03	2.4e+00	9.24559e+05	3.3e+04
3.9680e+03	2.4e+00	9.83461e+05	2.2e+04
3.9716e+03	2.4e+00	1.03543e+06	3.0e+04
3.9753e+03	2.4e+00	1.06125e+06	2.8e+04
3.9790e+03	2.4e+00	1.05863e+06	3.1e+04
3.9827e+03	2.4e+00	1.09940e+06	2.1e+04
3.9864e+03	2.4e+00	1.07964e+06	2.6e+04
3.9900e+03	2.4e+00	1.08441e+06	3.1e+04
3.9937e+03	2.4e+00	1.09102e+06	3.1e+04
3.9974e+03	2.4e+00	1.09343e+06	2.3e+04
4.0011e+03	2.4e+00	1.09481e+06	2.5e+04
4.0047e+03	2.4e+00	1.08458e+06	3.2e+04
4.0084e+03	2.4e+00	1.08902e+06	2.4e+04
4.0121e+03	2.4e+00	1.06679e+06	2.6e+04
4.0158e+03	2.4e+00	1.09390e+06	3.2e+04
4.0194e+03	2.4e+00	1.07285e+06	2.1e+04
4.0231e+03	2.4e+00	1.05925e+06	2.6e+04
4.0268e+03	2.4e+00	1.06015e+06	2.8e+04
4.0304e+03	2.4e+00	1.04945e+06	2.2e+04
4.0341e+03	2.4e+00	1.02664e+06	2.8e+04
4.0378e+03	2.4e+00	1.01106e+06	2.8e+04
4.0415e+03	2.4e+00	1.01890e+06	2.6e+04
4.0451e+03	2.4e+00	9.98294e+05	2.2e+04
4.0488e+03	2.4e+00	9.80235e+05	2.3e+04
4.0525e+03	2.4e+00	9.70282e+05	2.7e+04
4.0561e+03	2.4e+00	9.51420e+05	2.2e+04
4.0598e+03	2.4e+00	8.98549e+05	2.3e+04
4.0635e+03	2.4e+00	8.86365e+05	1.8e+04
4.0671e+03	2.4e+00	8.29304e+05	1.7e+04
4.0708e+03	2.4e+00	7.42507e+05	1.6e+04
4.0745e+03	2.4e+00	6.39623e+05	1.5e+04
4.0781e+03	2.4e+00	5.15023e+05	1.1e+04
4.0818e+03	2.4e+00	3.93903e+05	7.8e+03
4.0855e+03	2.4e+00	3.59252e+05	6.5e+03
4.0891e+03	2.4e+00	4.21279e+05	8.6e+03
4.0928e+03	2.4e+00	5.40275e+05	1.2e+04
4.0965e+03	2.4e+00	6.43129e+05	1.5e+04
4.1001e+03	2.4e+00	7.34639e+05	1.5e+04
4.1038e+03	2.4e+00	7.98930e+05	1.4e+04
4.1075e+03	2.4e+00	8.30329e+05	1.8e+04
4.1111e+03	2.4e+00	8.43420e+05	1.4e+04
4.1148e+03	2.4e+00	8.62802e+05	1.1e+04
4.1184e+03	2.4e+00	8.70839e+05	9.4e+03
4.1221e+03	2.4e+00	8.87320e+05	1.4e+04
4.1258e+03	2.4e+00	8.94141e+05	2.1e+04
4.1294e+03	2.4e+00	8.98120e+05	1.4e+04
4.1331e+03	2.4e+00	8.94990e+05	1.4e+04
4.1367e+03	2.4e+00	9.08856e+05	1.8e+04
4.1404e+03	2.4e+00	9.01152e+05	2.1e+04
4.1441e+03	2.4e+00	9.00654e+05	1.4e+04
4.1477e+03	2.4e+00	9.03951e+05	1.2e+04
4.1514e+03	2.4e+00	9.02599e+05	1.8e+04
4.1550e+03	2.4e+00	8.92849e+05	1.3e+04
4.1587e+03	2.4e+00	8.92219e+05	1.6e+04
4.1623e+03	2.4e+00	8.86522e+05	1.8e+04
4.1660e+03	2.4e+00	8.85124e+05	1.8e+04
4.1697e+03	2.4e+00	8.89423e+05	1.3e+04
4.1733e+03	2.4e+00	8.89261e+05	1.4e+04
4.1770e+03	2.4e+00	8.82865e+05	1.6e+04
4.1806e+03	2.4e+00	8.80318e+05	1.4e+04
4.1843e+03	2.4e+00	8.74926e+05	1.4e+04
4.1879e+03	2.4e+00	8.76052e+05	1.4e+04
4.1916e+03	2.4e+00	8.77196e+05	1.3e+04
4.1952e+03	2.4e+00	8.73977e+05	9.7e+03
4.1989e+03	2.4e+00	8.74277e+05	1.3e+04
4.2025e+03	2.4e+00	8.72593e+05	1.6e+04
4.2062e+03	2.4e+00	8.63176e+05	1.3e+04
4.2098e+03	2.4e+00	8.59230e+05	1.5e+04
4.2135e+03	2.4e+00	8.61351e+05	1.4e+04
4.2171e+03	2.4e+00	8.39922e+05	1.4e+04
4.2208e+03	2.4e+00	8.34643e+05	1.1e+04
4.2244e+03	2.4e+00	8.42078e+05	1.9e+04
4.2281e+03	2.4e+00	8.41191e+05	1.2e+04
4.2317e+03	2.4e+00	8.44899e+05	1.0e+04
4.2354e+03	2.4e+00	8.36760e+05	1.3e+04
4.2390e+03	2.4e+00	8.35376e+05	1.1e+04
4.2427e+03	2.4e+00	8.34777e+05	7.3e+03
4.2463e+03	2.4e+00	8.29041e+05	9.0e+03
4.2500e+03	2.4e+00	8.35311e+05	1.1e+04
4.2536e+03	2.4e+00	8.28901e+05	1.3e+04
4.2572e+03	2.4e+00	8.17243e+05	1.1e+04
4.2609e+03	2.4e+00	8.24648e+05	1.6e+04
4.2645e+03	2.4e+00	8.13425e+05	1.6e+04
4.2682e+03	2.4e+00	8.08387e+05	1.1e+04
4.2718e+03	2.4e+00	8.08612e+05	1.2e+04
4.2755e+03	2.4e+00	8.00880e+05	1.1e+04
4.2791e+03	2.4e+00	7.93177e+05	1.1e+04
4.2827e+03	2.4e+00	7.74108e+05	1.1e+04
4.2864e+03	2.4e+00	7.69918e+05	9.6e+03
4.2900e+03	2.4e+00	7.59566e+05	8.2e+03
4.2937e+03	2.4e+00	7.56216e+05	1.2e+04
4.2973e+03	2.4e+00	7.47725e+05	9.3e+03
4.3010e+03	2.4e+00	7.33328e+05	1.0e+04
4.3046e+03	2.4e+00	7.31559e+05	9.8e+03
4.3082e+03	2.4e+00	6.97277e+05	8.5e+03
4.3119e+03	2.4e+00	6.68092e+05	9.2e+03
4.3155e+03	2.4e+00	6.25536e+05	8.8e+03
4.3191e+03	2.4e+00	5.65210e+05	9.0e+03
4.3228e+03	2.4e+00	4.85347e+05	8.0e+03
4.3264e+03	2.4e+00	3.89570e+05	6.6e+03
4.3301e+03	2.4e+00	3.15689e+05	5.1e+03
4.3337e+03	2.4e+00	3.10744e+05	3.4e+03
4.3373e+03	2.4e+00	3.71046e+05	3.9e+03
4.3410e+03	2.4e+00	4.60111e+05	6.2e+03
4.3446e+03	2.4e+00	5.37525e+05	7.0e+03
4.3482e+03	2.4e+00	5.93389e+05	9.4e+03
4.3519e+03	2.4e+00	6.34266e+05	8.2e+03
4.3555e+03	2.4e+00	6.63423e+05	8.3e+03
4.3591e+03	2.4e+00	6.83437e+05	9.5e+03
4.3628e+03	2.4e+00	6.87358e+05	1.1e+04
4.3664e+03	2.4e+00	6.90285e+05	8.9e+03
4.3700e+03	2.4e+00	6.92963e+05	7.5e+03
4.3737e+03	2.4e+00	6.86880e+05	9.0e+03
4.3773e+03	2.4e+00	6.84273e+05	8.3e+03
4.3809e+03	2.4e+00	6.83619e+05	8.8e+03
4.3845e+03	2.4e+00	6.76280e+05	7.4e+03
4.3882e+03	2.4e+00	6.88187e+05	8.7e+03
4.3918e+03	2.4e+00	6.81912e+05	9.2e+03
4.3954e+03	2.4e+00	6.80728e+05	7.9e+03
4.3991e+03	2.4e+00	6.75456e+05	7.8e+03
4.4027e+03	2.4e+00	6.73304e+05	6.7e+03
4.4063e+03	2.4e+00	6.69699e+05	7.3e+03
4.4099e+03	2.4e+00	6.63676e+05	7.1e+03
4.4136e+03	2.4e+00	6.55268e+05	8.0e+03
4.4172e+03	2.4e+00	6.59313e+05	7.3e+03
4.4208e+03	2.4e+00	6.53423e+05	7.9e+03
4.4244e+03	2.4e+00	6.55781e+05	7.2e+03
4.4281e+03	2.4e+00	6.45640e+05	6.6e+03
4.4317e+03	2.4e+00	6.47376e+05	6.7e+03
4.4353e+03	2.4e+00	6.36501e+05	6.3e+03
4.4389e+03	2.4e+00	6.32555e+05	6.9e+03
4.4426e+03	2.4e+00	6.28562e+05	6.4e+03
4.4462e+03	2.4e+00	6.28756e+05	5.8e+03
4.4498e+03	2.4e+00	6.25064e+05	7.0e+03
4.4534e+03	2.4e+00	6.18621e+05	5.6e+03
4.4570e+03	2.4e+00	6.13492e+05	5.1e+03
4.4607e+03	2.4e+00	6.10662e+05	5.9e+03
4.4643e+03	2.4e+00	6.06230e+05	5.7e+03
4.4679e+03	2.4e+00	6.06006e+05	7.9e+03
4.4715e+03	2.4e+00	5.90668e+05	6.0e+03
4.4751e+03	2.4e+00	5.88552e+05	6.3e+03
4.4788e+03	2.4e+00	5.89911e+05	7.3e+03
4.4824e+03	2.4e+00	5.93266e+05	6.5e+03
4.4860e+03	2.4e+00	5.89303e+05	5.4e+03
4.4896e+03	2.4e+00	5.88196e+05	6.2e+03
4.4932e+03	2.4e+00	5.85312e+05	5.6e+03
4.4968e+03	2.4e+00	5.90774e+05	3.8e+03
4.5005e+03	2.4e+00	5.86031e+05	4.5e+03
4.5041e+03	2.4e+00	5.75478e+05	4.6e+03
4.5077e+03	2.4e+00	5.74680e+05	4.1e+03
4.5113e+03	2.4e+00	5.74151e+05	5.2e+03
4.5149e+03	2.4e+00	5.68547e+05	5.6e+03
4.5185e+03	2.4e+00	5.63794e+05	5.1e+03
4.5221e+03	2.4e+00	5.61773e+05	4.6e+03
4.5258e+03	2.4e+00	5.53878e+05	5.4e+03
4.5294e+03	2.4e+00	5.53279e+05	4.4e+03
4.5330e+03	2.4e+00	5.51923e+05	5.3e+03
4.5366e+03	2.4e+00	5.52887e+05	4.3e+03
4.5402e+03	2.4e+00	5.52600e+05	6.2e+03
4.5438e+03	2.4e+00	5.48290e+05	6.1e+03
4.5474e+03	2.4e+00	5.43677e+05	4.8e+03
4.5510e+03	2.4e+00	5.37963e+05	6.4e+03
4.5546e+03	2.4e+00	5.41453e+05	5.4e+03
4.5582e+03	2.4e+00	5.34489e+05	6.4e+03
4.5619e+03	2.4e+00	5.30662e+05	4.5e+03
4.5655e+03	2.4e+00	5.30095e+05	5.6e+03
4.5691e+03	2.4e+00	5.27500e+05	6.0e+03
4.5727e+03	2.4e+00	5.22659e+05	4.6e+03
4.5763e+03	2.4e+00	5.19506e+05	6.3e+03
4.5799e+03	2.4e+00	5.20107e+05	5.9e+03
4.5835e+03	2.4e+00	5.17014e+05	5.9e+03
4.5871e+03	2.4e+00	5.15650e+05	5.3e+03
4.5907e+03	2.4e+00	5.14994e+05	6.8e+03
4.5943e+03	2.4e+00	5.13506e+05	6.6e+03
4.5979e+03	2.4e+00	5.09937e+05	6.4e+03
4.6015e+03	2.4e+00	5.10067e+05	6.4e+03
4.6051e+03	2.4e+00	5.03223e+05	6.7e+03
4.6087e+03	2.4e+00	4.99842e+05	5.7e+03
4.6123e+03	2.4e+00	4.97002e+05	6.3e+03
4.6159e+03	2.4e+00	4.95676e+05	7.2e+03
4.6195e+03	2.4e+00	4.93582e+05	7.5e+03
4.6231e+03	2.4e+00	4.87309e+05	5.5e+03
4.6267e+03	2.4e+00	4.87820e+05	6.0e+03
4.6303e+03	2.4e+00	4.78933e+05	5.8e+03
4.6339e+03	2.4e+00	4.77537e+05	6.6e+03
4.6375e+03	2.4e+00	4.74225e+05	5.5e+03
4.6411e+03	2.4e+00	4.72314e+05	5.3e+03
4.6447e+03	2.4e+00	4.72629e+05	6.1e+03
4.6483e+03	2.4e+00	4.67002e+05	5.7e+03
4.6519e+03	2.4e+00	4.65695e+05	5.7e+03
4.6555e+03	2.4e+00	4.64127e+05	6.0e+03
4.6591e+03	2.4e+00	4.61081e+05	5.4e+03
4.6627e+03	2.4e+00	4.58193e+05	5.9e+03
4.6663e+03	2.4e+00	4.55114e+05	5.6e+03
4.6699e+03	2.4e+00	4.57505e+05	5.8e+03
4.6735e+03	2.4e+00	4.56454e+05	5.9e+03
4.6771e+03	2.4e+00	4.49669e+05	5.9e+03
4.6807e+03	2.4e+00	4.47926e+05	6.6e+03
4.6843e+03	2.4e+00	4.45065e+05	5.7e+03
4.6879e+03	2.4e+00	4.43965e+05	6.8e+03
4.6915e+03	2.4e+00	4.42838e+05	5.6e+03
4.6950e+03	2.4e+00	4.44519e+05	4.9e+03
4.6986e+03	2.4e+00	4.36822e+05	5.9e+03
4.7022e+03	2.4e+00	4.38211e+05	6.8e+03
4.7058e+03	2.4e+00	4.37155e+05	6.3e+03
4.7094e+03	2.4e+00	4.34027e+05	5.3e+03
4.7130e+03	2.4e+00	4.30119e+05	5.2e+03
4.7166e+03	2.4e+00	4.26410e+05	5.1e+03
4.7202e+03	2.4e+00	4.25712e+05	5.0e+03
4.7238e+03	2.4e+00	4.28579e+05	5.0e+03
4.7274e+03	2.4e+00	4.23250e+05	6.1e+03
4.7309e+03	2.4e+00	4.20494e+05	5.8e+03
4.7345e+03	2.4e+00	4.16421e+05	5.5e+03
4.7381e+03	2.4e+00	4.18183e+05	6.2e+03
4.7417e+03	2.4e+00	4.15268e+05	6.1e+03
4.7453e+03	2.4e+00	4.12030e+05	5.7e+03
4.7489e+03	2.4e+00	4.11124e+05	7.1e+03
4.7525e+03	2.4e+00	4.06156e+05	7.1e+03
4.7560e+03	2.4e+00	4.08015e+05	6.7e+03
4.7596e+03	2.4e+00	4.02138e+05	6.2e+03
4.7632e+03	2.4e+00	3.99379e+05	6.2e+03
4.7668e+03	2.4e+00	3.94960e+05	6.8e+03
4.7704e+03	2.4e+00	3.92800e+05	6.9e+03
4.7740e+03	2.4e+00	3.88017e+05	7.2e+03
4.7775e+03	2.4e+00	3.89425e+05	7.9e+03
4.7811e+03	2.4e+00	3.87204e+05	7.5e+03
4.7847e+03	2.4e+00	3.82548e+05	6.6e+03
4.7883e+03	2.4e+00	3.81086e+05	6.7e+03
4.7919e+03	2.4e+00	3.81522e+05	6.9e+03
4.7954e+03	2.4e+00	3.78734e+05	6.7e+03
4.7990e+03	2.4e+00	3.74180e+05	7.7e+03
4.8026e+03	2.4e+00	3.72962e+05	7.6e+03
4.8062e+03	2.4e+00	3.69913e+05	6.9e+03
4.8098e+03	2.4e+00	3.64547e+05	6.9e+03
4.8133e+03	2.4e+00	3.62471e+05	7.6e+03
4.8169e+03	2.4e+00	3.58740e+05	7.6e+03
4.8205e+03	2.4e+00	3.56391e+05	6.7e+03
4.8241e+03	2.4e+00	3.48860e+05	6.9e+03
4.8276e+03	2.4e+00	3.45310e+05	6.2e+03
4.8312e+03	2.4e+00	3.39260e+05	6.0e+03
4.8348e+03	2.4e+00	3.31833e+05	6.5e+03
4.8384e+03	2.4e+00	3.20307e+05	6.7e+03
4.8419e+03	2.4e+00	3.06253e+05	6.0e+03
4.8455e+03	2.4e+00	2.88103e+05	5.4e+03
4.8491e+03	2.4e+00	2.59951e+05	5.2e+03
4.8527e+03	2.4e+00	2.31369e+05	5.1e+03
4.8562e+03	2.4e+00	1.92161e+05	3.9e+03
4.8598e+03	2.4e+00	1.62639e+05	3.5e+03
4.8634e+03	2.4e+00	1.58607e+05	2.8e+03
4.8669e+03	2.4e+00	1.83359e+05	2.9e+03
4.8705e+03	2.4e+00	2.19630e+05	3.8e+03
4.8741e+03	2.4e+00	2.48972e+05	4.3e+03
4.8777e+03	2.4e+00	2.70461e+05	5.3e+03
4.8812e+03	2.4e+00	2.86562e+05	5.1e+03
4.8848e+03	2.4e+00	2.96437e+05	6.0e+03
4.8884e+03	2.4e+00	3.06054e+05	5.8e+03
4.8919e+03	2.4e+00	3.09989e+05	5.7e+03
4.8955e+03	2.4e+00	3.14050e+05	6.0e+03
4.8991e+03	2.4e+00	3.17954e+05	6.0e+03
4.9026e+03	2.4e+00	3.17301e+05	6.4e+03
4.9062e+03	2.4e+00	3.18518e+05	6.4e+03
4.9098e+03	2.4e+00	3.16801e+05	5.8e+03
4.9133e+03	2.4e+00	3.18816e+05	6.3e+03
4.9169e+03	2.4e+00	3.17563e+05	6.7e+03
4.9205e+03	2.4e+00	3.13987e+05	6.0e+03
4.9240e+03	2.4e+00	3.14483e+05	6.2e+03
4.9276e+03	2.4e+00	3.13239e+05	6.4e+03
4.9312e+03	2.4e+00	3.12259e+05	6.3e+03
4.9347e+03	2.4e+00	3.15215e+05	7.0e+03
4.9383e+03	2.4e+00	3.15442e+05	6.4e+03
4.9418e+03	2.4e+00	3.15302e+05	6.0e+03
4.9454e+03	2.4e+00	3.13137e+05	6.4e+03
4.9490e+03	2.4e+00	3.09341e+05	5.9e+03
4.9525e+03	2.4e+00	3.08594e+05	6.1e+03
4.9561e+03	2.4e+00	3.06985e+05	5.7e+03
4.9596e+03	2.4e+00	3.09993e+05	6.3e+03
4.9632e+03	2.4e+00	3.03422e+05	5.2e+03
4.9668e+03	2.4e+00	3.03543e+05	6.9e+03
4.9703e+03	2.4e+00	3.00156e+05	5.7e+03
4.9739e+03	2.4e+00	3.00292e+05	5.8e+03
4.9774e+03	2.4e+00	2.99759e+05	6.1e+03
4.9810e+03	2.4e+00	2.97925e+05	5.8e+03
4.9845e+03	2.4e+00	2.92718e+05	5.7e+03
4.9881e+03	2.4e+00	2.94793e+05	5.9e+03
4.9917e+03	2.4e+00	2.92431e+05	5.1e+03
4.9952e+03	2.4e+00	2.91860e+05	5.8e+03
4.9988e+03	2.4e+00	2.89009e+05	5.5e+03
5.0023e+03	2.4e+00	2.87398e+05	5.4e+03
5.0059e+03	2.4e+00	2.83962e+05	5.6e+03
5.0094e+03	2.4e+00	2.81227e+05	6.0e+03
5.0130e+03	2.4e+00	2.81784e+05	5.5e+03
5.0165e+03	2.4e+00	2.77445e+05	5.4e+03
5.0201e+03	2.4e+00	2.75566e+05	5.9e+03
5.0236e+03	2.4e+00	2.73253e+05	4.8e+03
5.0272e+03	2.4e+00	2.74864e+05	5.2e+03
5.0307e+03	2.4e+00	2.74070e+05	5.1e+03
5.0343e+03	2.4e+00	2.72970e+05	5.3e+03
5.0378e+03	2.4e+00	2.69951e+05	5.7e+03
5.0414e+03	2.4e+00	2.69023e+05	5.2e+03
5.0449e+03	2.4e+00	2.68194e+05	5.1e+03
5.0485e+03	2.4e+00	2.65871e+05	5.1e+03
5.0520e+03	2.4e+00	2.64357e+05	5.6e+03
5.0556e+03	2.4e+00	2.61252e+05	5.2e+03
5.0591e+03	2.4e+00	2.62327e+05	5.2e+03
5.0627e+03	2.4e+00	2.60569e+05	5.0e+03
5.0662e+03	2.4e+00	2.63209e+05	5.2e+03
5.0698e+03	2.4e+00	2.60983e+05	5.3e+03
5.0733e+03	2.4e+00	2.60120e+05	4.8e+03
5.0769e+03	2.4e+00	2.57440e+05	5.2e+03
5.0804e+03	2.4e+00	2.56338e+05	5.4e+03
5.0840e+03	2.4e+00	2.53146e+05	5.0e+03
5.0875e+03	2.4e+00	2.53062e+05	4.9e+03
5.0910e+03	2.4e+00	2.53255e+05	5.1e+03
5.0946e+03	2.4e+00	2.51225e+05	4.9e+03
5.0981e+03	2.4e+00	2.49883e+05	5.1e+03
5.1017e+03	2.4e+00	2.48149e+05	4.9e+03
5.1052e+03	2.4e+00	2.48994e+05	4.7e+03
5.1088e+03	2.4e+00	2.44921e+05	4.7e+03
5.1123e+03	2.4e+00	2.46032e+05	4.8e+03
5.1158e+03	2.4e+00	2.44096e+05	5.0e+03
5.1194e+03	2.4e+00	2.40894e+05	4.7e+03
5.1229e+03	2.4e+00	2.42187e+05	5.1e+03
5.1265e+03	2.4e+00	2.38507e+05	4.4e+03
5.1300e+03	2.4e+00	2.39153e+05	4.4e+03
5.1335e+03	2.4e+00	2.36569e+05	4.4e+03
5.1371e+03	2.4e+00	2.36505e+05	5.1e+03
5.1406e+03	2.4e+00	2.35612e+05	5.2e+03
5.1441e+03	2.4e+00	2.32128e+05	4.9e+03
5.1477e+03	2.4e+00	2.30294e+05	4.7e+03
5.1512e+03	2.4e+00	2.29113e+05	4.3e+03
5.1548e+03	2.4e+00	2.28552e+05	5.1e+03
5.1583e+03	2.4e+00	2.25744e+05	4.7e+03
5.1618e+03	2.4e+00	2.26841e+05	4.8e+03
5.1654e+03	2.4e+00	2.23389e+05	5.0e+03
5.1689e+03	2.4e+00	2.18976e+05	4.4e+03
5.1724e+03	2.4e+00	2.16767e+05	4.0e+03
5.1760e+03	2.4e+00	2.17644e+05	4.4e+03
5.1795e+03	2.4e+00	2.19490e+05	4.4e+03
5.1830e+03	2.4e+00	2.19038e+05	4.7e+03
5.1866e+03	2.4e+00	2.16503e+05	4.6e+03
5.1901e+03	2.4e+00	2.16245e+05	4.6e+03
5.1936e+03	2.4e+00	2.16191e+05	4.1e+03
5.1971e+03	2.4e+00	2.15929e+05	4.4e+03
5.2007e+03	2.4e+00	2.15659e+05	4.2e+03
5.2042e+03	2.4e+00	2.12957e+05	4.8e+03
5.2077e+03	2.4e+00	2.10733e+05	4.1e+03
5.2113e+03	2.4e+00	2.11122e+05	4.0e+03
5.2148e+03	2.4e+00	2.10169e+05	4.4e+03
5.2183e+03	2.4e+00	2.09261e+05	4.1e+03
5.2219e+03	2.4e+00	2.06645e+05	3.9e+03
5.2254e+03	2.4e+00	2.04524e+05	3.4e+03
5.2289e+03	2.4e+00	2.04462e+05	4.2e+03
5.2324e+03	2.4e+00	2.00345e+05	4.3e+03
5.2360e+03	2.4e+00	1.99491e+05	3.9e+03
5.2395e+03	2.4e+00	1.99785e+05	4.0e+03
5.2430e+03	2.4e+00	1.99692e+05	4.0e+03
5.2465e+03	2.4e+00	1.99052e+05	3.9e+03
5.2501e+03	2.4e+00	1.97117e+05	3.8e+03
5.2536e+03	2.4e+00	1.97154e+05	3.8e+03
5.2571e+03	2.4e+00	1.95797e+05	3.8e+03
5.2606e+03	2.4e+00	1.93437e+05	3.6e+03
5.2641e+03	2.4e+00	1.91703e+05	4.0e+03
5.2677e+03	2.4e+00	1.91201e+05	3.6e+03
5.2712e+03	2.4e+00	1.90827e+05	4.0e+03
5.2747e+03	2.4e+00	1.89856e+05	4.0e+03
5.2782e+03	2.4e+00	1.88941e+05	3.5e+03
5.2817e+03	2.4e+00	1.85998e+05	3.9e+03
5.2853e+03	2.4e+00	1.85836e+05	4.1e+03
5.2888e+03	2.4e+00	1.87043e+05	3.9e+03
5.2923e+03	2.4e+00	1.85085e+05	3.4e+03
5.2958e+03	2.4e+00	1.85078e+05	3.8e+03
5.2993e+03	2.4e+00	1.83705e+05	3.5e+03
5.3029e+03	2.4e+00	1.82895e+05	3.3e+03
5.3064e+03	2.4e+00	1.81380e+05	3.2e+03
5.3099e+03	2.4e+00	1.79695e+05	3.4e+03
5.3134e+03	2.4e+00	1.78369e+05	3.6e+03
5.3169e+03	2.4e+00	1.77434e+05	3.7e+03
5.3204e+03	2.4e+00	1.77560e+05	3.5e+03
5.3240e+03	2.4e+00	1.77199e+05	3.4e+03
5.3275e+03	2.4e+00	1.75621e+05	3.8e+03
5.3310e+03	2.4e+00	1.74816e+05	3.6e+03
5.3345e+03	2.4e+00	1.73532e+05	3.5e+03
5.3380e+03	2.4e+00	1.74107e+05	3.4e+03
5.3415e+03	2.4e+00	1.72184e+05	4.0e+03
5.3450e+03	2.4e+00	1.73291e+05	3.6e+03
5.3485e+03	2.4e+00	1.72675e+05	3.6e+03
5.3521e+03	2.4e+00	1.72935e+05	3.9e+03
5.3556e+03	2.4e+00	1.71842e+05	3.5e+03
5.3591e+03	2.4e+00	1.72497e+05	3.8e+03
5.3626e+03	2.4e+00	1.70176e+05	3.8e+03
5.3661e+03	2.4e+00	1.68272e+05	3.6e+03
5.3696e+03	2.4e+00	1.68219e+05	3.5e+03
5.3731e+03	2.4e+00	1.67059e+05	3.8e+03
5.3766e+03	2.4e+00	1.67469e+05	3.4e+03
5.3801e+03	2.4e+00	1.67982e+05	3.2e+03
5.3836e+03	2.4e+00	1.67076e+05	3.2e+03
5.3871e+03	2.4e+00	1.66416e+05	3.5e+03
5.3907e+03	2.4e+00	1.65127e+05	3.5e+03
5.3942e+03	2.4e+00	1.63869e+05	3.1e+03
5.3977e+03	2.4e+00	1.62048e+05	3.4e+03
5.4012e+03	2.4e+00	1.61424e+05	3.1e+03
5.4047e+03	2.4e+00	1.59827e+05	3.0e+03
5.4082e+03	2.4e+00	1.59232e+05	3.2e+03
5.4117e+03	2.4e+00	1.58723e+05	3.1e+03
5.4152e+03	2.4e+00	1.59699e+05	2.9e+03
5.4187e+03	2.4e+00	1.57838e+05	2.9e+03
5.4222e+03	2.4e+00	1.56602e+05	2.7e+03
5.4257e+03	2.4e+00	1.56692e+05	3.3e+03
5.4292e+03	2.4e+00	1.54923e+05	3.2e+03
5.4327e+03	2.4e+00	1.55258e+05	3.1e+03
5.4362e+03	2.4e+00	1.55446e+05	3.1e+03
5.4397e+03	2.4e+00	1.55536e+05	3.0e+03
5.4432e+03	2.4e+00	1.52605e+05	2.8e+03
5.4467e+03	2.4e+00	1.53133e+05	3.0e+03
5.4502e+03	2.4e+00	1.51664e+05	3.0e+03
5.4537e+03	2.4e+00	1.51042e+05	3.0e+03
5.4572e+03	2.4e+00	1.51250e+05	2.7e+03
5.4607e+03	2.4e+00	1.50668e+05	2.8e+03
5.4642e+03	2.4e+00	1.49391e+05	3.0e+03
5.4677e+03	2.4e+00	1.49434e+05	3.0e+03
5.4712e+03	2.4e+00	1.48453e+05	2.9e+03
5.4747e+03	2.4e+00	1.48876e+05	2.8e+03
5.4782e+03	2.4e+00	1.47819e+05	2.9e+03
5.4817e+03	2.4e+00	1.46448e+05	3.0e+03
5.4852e+03	2.4e+00	1.44872e+05	2.9e+03
5.4887e+03	2.4e+00	1.46332e+05	2.9e+03
5.4922e+03	2.4e+00	1.44806e+05	2.6e+03
5.4956e+03	2.4e+00	1.44077e+05	2.8e+03
5.4991e+03	2.4e+00	1.43955e+05	2.4e+03
5.5026e+03	2.4e+00	1.43287e+05	2.9e+03
5.5061e+03	2.4e+00	1.42206e+05	3.0e+03
5.5096e+03	2.4e+00	1.42011e+05	2.7e+03
5.5131e+03	2.4e+00	1.40984e+05	2.5e+03
5.5166e+03	2.4e+00	1.40394e+05	2.8e+03
5.5201e+03	2.4e+00	1.40407e+05	2.9e+03
5.5236e+03	2.4e+00	1.39892e+05	2.8e+03
5.5271e+03	2.4e+00	1.39591e+05	2.6e+03
5.5306e+03	2.4e+00	1.38753e+05	2.6e+03
5.5340e+03	2.4e+00	1.37400e+05	2.9e+03
5.5375e+03	2.4e+00	1.37540e+05	2.5e+03
5.5410e+03	2.4e+00	1.37348e+05	2.8e+03
5.5445e+03	2.4e+00	1.36492e+05	2.6e+03
5.5480e+03	2.4e+00	1.35435e+05	2.5e+03
5.5515e+03	2.4e+00	1.35440e+05	2.7e+03
5.5550e+03	2.4e+00	1.35314e+05	2.6e+03
5.5585e+03	2.4e+00	1.35171e+05	2.9e+03
5.5619e+03	2.4e+00	1.33099e+05	2.6e+03
5.5654e+03	2.4e+00	1.31972e+05	2.5e+03
5.5689e+03	2.4e+00	1.31755e+05	2.9e+03
5.5724e+03	2.4e+00	1.32916e+05	2.9e+03
5.5759e+03	2.4e+00	1.31153e+05	3.1e+03
5.5794e+03	2.4e+00	1.30873e+05	2.5e+03
5.5828e+03	2.4e+00	1.29788e+05	2.8e+03
5.5863e+03	2.4e+00	1.30120e+05	2.6e+03
5.5898e+03	2.4e+00	1.29409e+05	2.7e+03
5.5933e+03	2.4e+00	1.29214e+05	2.4e+03
5.5968e+03	2.4e+00	1.27743e+05	2.8e+03
5.6002e+03	2.4e+00	1.27539e+05	2.5e+03
5.6037e+03	2.4e+00	1.28362e+05	2.7e+03
5.6072e+03	2.4e+00	1.28262e+05	2.5e+03
5.6107e+03	2.4e+00	1.26291e+05	2.6e+03
5.6142e+03	2.4e+00	1.25162e+05	2.7e+03
5.6176e+03	2.4e+00	1.25481e+05	2.7e+03
5.6211e+03	2.4e+00	1.25507e+05	2.6e+03
5.6246e+03	2.4e+00	1.24617e+05	2.4e+03
5.6281e+03	2.4e+00	1.24269e+05	2.7e+03
5.6315e+03	2.4e+00	1.24545e+05	2.4e+03
5.6350e+03	2.4e+00	1.22855e+05	2.4e+03
5.6385e+03	2.4e+00	1.23748e+05	2.4e+03
5.6420e+03	2.4e+00	1.21616e+05	2.3e+03
5.6454e+03	2.4e+00	1.21340e+05	2.5e+03
5.6489e+03	2.4e+00	1.21034e+05	2.6e+03
5.6524e+03	2.4e+00	1.20422e+05	2.4e+03
5.6559e+03	2.4e+00	1.20202e+05	2.5e+03
5.6593e+03	2.4e+00	1.19095e+05	2.5e+03
5.6628e+03	2.4e+00	1.18918e+05	2.3e+03
5.6663e+03	2.4e+00	1.19897e+05	2.2e+03
5.6698e+03	2.4e+00	1.18592e+05	2.4e+03
5.6732e+03	2.4e+00	1.17637e+05	2.4e+03
5.6767e+03	2.4e+00	1.17393e+05	2.2e+03
5.6802e+03	2.4e+00	1.16055e+05	2.6e+03
5.6836e+03	2.4e+00	1.14885e+05	2.4e+03
5.6871e+03	2.4e+00	1.15271e+05	2.2e+03
5.6906e+03	2.4e+00	1.14461e+05	2.3e+03
5.6940e+03	2.4e+00	1.14681e+05	2.3e+03
5.6975e+03	2.4e+00	1.14471e+05	2.2e+03
5.7010e+03	2.4e+00	1.13166e+05	2.3e+03
5.7045e+03	2.4e+00	1.12712e+05	2.3e+03
5.7079e+03	2.4e+00	1.12616e+05	2.2e+03
5.7114e+03	2.4e+00	1.11848e+05	2.3e+03
5.7149e+03	2.4e+00	1.11543e+05	2.4e+03
5.7183e+03	2.4e+00	1.11019e+05	2.3e+03
5.7218e+03	2.4e+00	1.10934e+05	2.2e+03
5.7252e+03	2.4e+00	1.10331e+05	2.3e+03
5.7287e+03	2.4e+00	1.09465e+05	2.0e+03
5.7322e+03	2.4e+00	1.09503e+05	2.2e+03
5.7356e+03	2.4e+00	1.09316e+05	2.2e+03
5.7391e+03	2.4e+00	1.08938e+05	2.1e+03
5.7426e+03	2.4e+00	1.07718e+05	2.1e+03
5.7460e+03	2.4e+00	1.07583e+05	2.3e+03
5.7495e+03	2.4e+00	1.07814e+05	2.4e+03
5.7529e+03	2.4e+00	1.07071e+05	2.0e+03
5.7564e+03	2.4e+00	1.07522e+05	2.2e+03
5.7599e+03	2.4e+00	1.06962e+05	2.3e+03
5.7633e+03	2.4e+00	1.05644e+05	2.1e+03
5.7668e+03	2.4e+00	1.06004e+05	2.4e+03
5.7702e+03	2.4e+00	1.06512e+05	2.2e+03
5.7737e+03	2.4e+00	1.05785e+05	2.1e+03
5.7772e+03	2.4e+00	1.05931e+05	2.1e+03
5.7806e+03	2.4e+00	1.05167e+05	2.0e+03
5.7841e+03	2.4e+00	1.04393e+05	1.8e+03
5.7875e+03	2.4e+00	1.03822e+05	2.0e+03
5.7910e+03	2.4e+00	1.03777e+05	2.1e+03
5.7944e+03	2.4e+00	1.03643e+05	2.1e+03
5.7979e+03	2.4e+00	1.03991e+05	2.2e+03
5.8014e+03	2.4e+00	1.03913e+05	2.4e+03
5.8048e+03	2.4e+00	1.04138e+05	2.0e+03
5.8083e+03	2.4e+00	1.04283e+05	2.0e+03
5.8117e+03	2.4e+00	1.03141e+05	2.0e+03
5.8152e+03	2.4e+00	1.02999e+05	2.1e+03
5.8186e+03	2.4e+00	1.03454e+05	2.0e+03
5.8221e+03	2.4e+00	1.02426e+05	2.1e+03
5.8255e+03	2.4e+00	1.02283e+05	2.1e+03
5.8290e+03	2.4e+00	1.02828e+05	2.2e+03
5.8324e+03	2.4e+00	1.02428e+05	2.4e+03
5.8359e+03	2.4e+00	1.02486e+05	2.2e+03
5.8393e+03	2.4e+00	1.01920e+05	2.1e+03
5.8428e+03	2.4e+00	1.01379e+05	2.1e+03
5.8462e+03	2.4e+00	1.00929e+05	1.9e+03
5.8497e+03	2.4e+00	1.01038e+05	1.9e+03
5.8531e+03	2.4e+00	1.01314e+05	2.0e+03
5.8566e+03	2.4e+00	1.00253e+05	2.0e+03
5.8600e+03	2.4e+00	1.00305e+05	2.0e+03
5.8635e+03	2.4e+00	9.85147e+04	2.0e+03
5.8669e+03	2.4e+00	9.89808e+04	2.0e+03
5.8704e+03	2.4e+00	9.93572e+04	2.0e+03
5.8738e+03	2.4e+00	9.89273e+04	2.1e+03
5.8773e+03	2.4e+00	9.77689e+04	2.0e+03
5.8807e+03	2.4e+00	9.65843e+04	1.9e+03
5.8841e+03	2.4e+00	9.64479e+04	1.9e+03
5.8876e+03	2.4e+00	9.52730e+04	1.9e+03
5.8910e+03	2.4e+00	9.47694e+04	1.9e+03
5.8945e+03	2.4e+00	9.31455e+04	1.7e+03
5.8979e+03	2.4e+00	9.41410e+04	1.5e+03
5.9014e+03	2.4e+00	9.46145e+04	2.0e+03
5.9048e+03	2.4e+00	9.49099e+04	1.8e+03
5.9082e+03	2.4e+00	9.46339e+04	1.7e+03
5.9117e+03	2.4e+00	9.52746e+04	1.9e+03
5.9151e+03	2.4e+00	9.44410e+04	1.5e+03
5.9186e+03	2.4e+00	9.34461e+04	1.8e+03
5.9220e+03	2.4e+00	9.38730e+04	1.9e+03
5.9254e+03	2.4e+00	9.32372e+04	1.7e+03
5.9289e+03	2.4e+00	9.31014e+04	1.7e+03
5.9323e+03	2.4e+00	9.32661e+04	1.8e+03
5.9358e+03	2.4e+00	9.34235e+04	1.8e+03
5.9392e+03	2.4e+00	9.26321e+04	1.7e+03
5.9426e+03	2.4e+00	9.21594e+04	1.6e+03
5.9461e+03	2.4e+00	9.09008e+04	1.7e+03
5.9495e+03	2.4e+00	9.18359e+04	1.7e+03
5.9529e+03	2.4e+00	9.07893e+04	1.9e+03
5.9564e+03	2.4e+00	9.06447e+04	1.7e+03
5.9598e+03	2.4e+00	9.02748e+04	2.0e+03
5.9633e+03	2.4e+00	9.02935e+04	1.8e+03
5.9667e+03	2.4e+00	9.06376e+04	1.5e+03
5.9701e+03	2.4e+00	9.05067e+04	1.6e+03
5.9736e+03	2.4e+00	9.00428e+04	1.8e+03
5.9770e+03	2.4e+00	9.02209e+04	1.7e+03
5.9804e+03	2.4e+00	9.01100e+04	1.8e+03
5.9838e+03	2.4e+00	8.92406e+04	1.5e+03
5.9873e+03	2.4e+00	8.90613e+04	1.5e+03
5.9907e+03	2.4e+00	8.86408e+04	1.5e+03
5.9941e+03	2.4e+00	8.92998e+04	1.8e+03
5.9976e+03	2.4e+00	8.83797e+04	1.8e+03
6.0010e+03	2.4e+00	8.81688e+04	1.8e+03
6.0044e+03	2.4e+00	8.76053e+04	1.7e+03
6.0079e+03	2.4e+00	8.75048e+04	1.5e+03
6.0113e+03	2.4e+00	8.73340e+04	1.6e+03
6.0147e+03	2.4e+00	8.75435e+04	1.8e+03
6.0181e+03	2.4e+00	8.69107e+04	1.6e+03
6.0216e+03	2.4e+00	8.67503e+04	1.6e+03
6.0250e+03	2.4e+00	8.69665e+04	1.6e+03
6.0284e+03	2.4e+00	8.66368e+04	1.7e+03
6.0318e+03	2.4e+00	8.59996e+04	1.5e+03
6.0353e+03	2.4e+00	8.62752e+04	1.6e+03
6.0387e+03	2.4e+00	8.59770e+04	1.8e+03
6.0421e+03	2.4e+00	8.53683e+04	1.7e+03
6.0455e+03	2.4e+00	8.51025e+04	1.6e+03
6.0490e+03	2.4e+00	8.45212e+04	1.5e+03
6.0524e+03	2.4e+00	8.47936e+04	1.5e+03
6.0558e+03	2.4e+00	8.42535e+04	1.7e+03
6.0592e+03	2.4e+00	8.41023e+04	1.7e+03
6.0627e+03	2.4e+00	8.42457e+04	1.6e+03
6.0661e+03	2.4e+00	8.40052e+04	1.5e+03
6.0695e+03	2.4e+00	8.35390e+04	1.4e+03
6.0729e+03	2.4e+00	8.38655e+04	1.4e+03
6.0763e+03	2.4e+00	8.32338e+04	1.4e+03
6.0798e+03	2.4e+00	8.29939e+04	1.7e+03
6.0832e+03	2.4e+00	8.28305e+04	1.4e+03
6.0866e+03	2.4e+00	8.23291e+04	1.4e+03
6.0900e+03	2.4e+00	8.31678e+04	1.4e+03
6.0934e+03	2.4e+00	8.24694e+04	1.4e+03
6.0969e+03	2.4e+00	8.18496e+04	1.3e+03
6.1003e+03	2.4e+00	8.18513e+04	1.4e+03
6.1037e+03	2.4e+00	8.18787e+04	1.4e+03
6.1071e+03	2.4e+00	8.12072e+04	1.5e+03
6.1105e+03	2.4e+00	8.18337e+04	1.6e+03
6.1139e+03	2.4e+00	8.16566e+04	1.2e+03
6.1174e+03	2.4e+00	8.13657e+04	1.3e+03
6.1208e+03	2.4e+00	8.08327e+04	1.2e+03
6.1242e+03	2.4e+00	8.14167e+04	1.3e+03
6.1276e+03	2.4e+00	8.09774e+04	1.6e+03
6.1310e+03	2.4e+00	8.09068e+04	1.4e+03
6.1344e+03	2.4e+00	8.06018e+04	1.4e+03
6.1378e+03	2.4e+00	8.06852e+04	1.5e+03
6.1412e+03	2.4e+00	7.99847e+04	1.4e+03
6.1447e+03	2.4e+00	7.96257e+04	1.7e+03
6.1481e+03	2.4e+00	7.95016e+04	1.5e+03
6.1515e+03	2.4e+00	7.87637e+04	1.4e+03
6.1549e+03	2.4e+00	7.84613e+04	1.3e+03
6.1583e+03	2.4e+00	7.80495e+04	1.4e+03
6.1617e+03	2.4e+00	7.85012e+04	1.4e+03
6.1651e+03	2.4e+00	7.80666e+04	1.4e+03
6.1685e+03	2.4e+00	7.77452e+04	1.5e+03
6.1719e+03	2.4e+00	7.75369e+04	1.5e+03
6.1753e+03	2.4e+00	7.80462e+04	1.4e+03
6.1787e+03	2.4e+00	7.78541e+04	1.3e+03
6.1822e+03	2.4e+00	7.74678e+04	1.5e+03
6.1856e+03	2.4e+00	7.67813e+04	1.5e+03
6.1890e+03	2.4e+00	7.67791e+04	1.3e+03
6.1924e+03	2.4e+00	7.62863e+04	1.5e+03
6.1958e+03	2.4e+00	7.63923e+04	1.6e+03
6.1992e+03	2.4e+00	7.64234e+04	1.4e+03
6.2026e+03	2.4e+00	7.65535e+04	1.3e+03
6.2060e+03	2.4e+00	7.62012e+04	1.5e+03
6.2094e+03	2.4e+00	7.58042e+04	1.5e+03
6.2128e+03	2.4e+00	7.56295e+04	1.5e+03
6.2162e+03	2.4e+00	7.61094e+04	1.4e+03
6.2196e+03	2.4e+00	7.50222e+04	1.3e+03
6.2230e+03	2.4e+00	7.52585e+04	1.2e+03
6.2264e+03	2.4e+00	7.42812e+04	1.2e+03
6.2298e+03	2.4e+00	7.44820e+04	1.3e+03
6.2332e+03	2.4e+00	7.42305e+04	1.4e+03
6.2366e+03	2.4e+00	7.35641e+04	1.2e+03
6.2400e+03	2.4e+00	7.32923e+04	1.2e+03
6.2434e+03	2.4e+00	7.28833e+04	1.2e+03
6.2468e+03	2.4e+00	7.32818e+04	1.2e+03
6.2502e+03	2.4e+00	7.31513e+04	1.0e+03
6.2536e+03	2.4e+00	7.34887e+04	1.2e+03
6.2570e+03	2.4e+00	7.29135e+04	1.0e+03
6.2604e+03	2.4e+00	7.22628e+04	1.0e+03
6.2638e+03	2.4e+00	7.21095e+04	1.2e+03
6.2672e+03	2.4e+00	7.18501e+04	1.1e+03
6.2706e+03	2.4e+00	7.12204e+04	1.1e+03
6.2740e+03	2.4e+00	6.96169e+04	1.1e+03
6.2774e+03	2.4e+00	6.85444e+04	1.1e+03
6.2808e+03	2.4e+00	6.83372e+04	9.4e+02
6.2841e+03	2.4e+00	6.89139e+04	1.0e+03
6.2875e+03	2.4e+00	7.00526e+04	1.1e+03
6.2909e+03	2.4e+00	6.96720e+04	1.1e+03
6.2943e+03	2.4e+00	6.90484e+04	1.0e+03
6.2977e+03	2.4e+00	6.91624e+04	1.0e+03
6.3011e+03	2.4e+00	6.94047e+04	1.3e+03
6.3045e+03	2.4e+00	6.91208e+04	1.1e+03
6.3079e+03	2.4e+00	6.96045e+04	1.1e+03
6.3113e+03	2.4e+00	6.95311e+04	1.1e+03
6.3147e+03	2.4e+00	6.93656e+04	1.1e+03
6.3181e+03	2.4e+00	6.91832e+04	1.0e+03
6.3214e+03	2.4e+00	6.98043e+04	1.1e+03
6.3248e+03	2.4e+00	6.97107e+04	1.1e+03
6.3282e+03	2.4e+00	6.97728e+04	1.1e+03
6.3316e+03	2.4e+00	6.94433e+04	9.8e+02
6.3350e+03	2.4e+00	7.00617e+04	9.8e+02
6.3384e+03	2.4e+00	6.93156e+04	1.3e+03
6.3418e+03	2.4e+00	6.88873e+04	9.8e+02
6.3452e+03	2.4e+00	6.84005e+04	1.1e+03
6.3485e+03	2.4e+00	6.82105e+04	1.0e+03
6.3519e+03	2.4e+00	6.88694e+04	1.0e+03
6.3553e+03	2.4e+00	6.85661e+04	1.3e+03
6.3587e+03	2.4e+00	6.84104e+04	1.0e+03
6.3621e+03	2.4e+00	6.85527e+04	1.0e+03
6.3655e+03	2.4e+00	6.80685e+04	1.1e+03
6.3688e+03	2.4e+00	6.71016e+04	1.1e+03
6.3722e+03	2.4e+00	6.76905e+04	1.1e+03
6.3756e+03	2.4e+00	6.82725e+04	1.0e+03
6.3790e+03	2.4e+00	6.81233e+04	1.1e+03
6.3824e+03	2.4e+00	6.86771e+04	1.2e+03
6.3857e+03	2.4e+00	6.78186e+04	1.2e+03
6.3891e+03	2.4e+00	6.80565e+04	9.7e+02
6.3925e+03	2.4e+00	6.73813e+04	1.0e+03
6.3959e+03	2.4e+00	6.74980e+04	9.9e+02
6.3993e+03	2.4e+00	6.69231e+04	1.0e+03
6.4026e+03	2.4e+00	6.76047e+04	1.1e+03
6.4060e+03	2.4e+00	6.68733e+04	1.1e+03
6.4094e+03	2.4e+00	6.67971e+04	9.3e+02
6.4128e+03	2.4e+00	6.67849e+04	1.1e+03
6.4162e+03	2.4e+00	6.70000e+04	1.0e+03
6.4195e+03	2.4e+00	6.64511e+04	1.0e+03
6.4229e+03	2.4e+00	6.60474e+04	9.1e+02
6.4263e+03	2.4e+00	6.60345e+04	8.3e+02
6.4297e+03	2.4e+00	6.57953e+04	9.1e+02
6.4330e+03	2.4e+00	6.52660e+04	9.1e+02
6.4364e+03	2.4e+00	6.56549e+04	1.0e+03
6.4398e+03	2.4e+00	6.51918e+04	9.5e+02
6.4432e+03	2.4e+00	6.49403e+04	9.6e+02
6.4465e+03	2.4e+00	6.52050e+04	1.0e+03
6.4499e+03	2.4e+00	6.52136e+04	8.4e+02
6.4533e+03	2.4e+00	6.47277e+04	1.1e+03
6.4566e+03	2.4e+00	6.33309e+04	8.4e+02
6.4600e+03	2.4e+00	6.40821e+04	9.4e+02
6.4634e+03	2.4e+00	6.41052e+04	8.8e+02
6.4667e+03	2.4e+00	6.36067e+04	1.0e+03
6.4701e+03	2.4e+00	6.38403e+04	1.1e+03
6.4735e+03	2.4e+00	6.30617e+04	9.7e+02
6.4769e+03	2.4e+00	6.32075e+04	1.2e+03
6.4802e+03	2.4e+00	6.32650e+04	9.7e+02
6.4836e+03	2.4e+00	6.27989e+04	8.5e+02
6.4870e+03	2.4e+00	6.27830e+04	1.0e+03
6.4903e+03	2.4e+00	6.25985e+04	1.0e+03
6.4937e+03	2.4e+00	6.31481e+04	9.5e+02
6.4971e+03	2.4e+00	6.27730e+04	1.0e+03
6.5004e+03	2.4e+00	6.26353e+04	8.7e+02
6.5038e+03	2.4e+00	6.25194e+04	1.2e+03
6.5072e+03	2.4e+00	6.20022e+04	1.1e+03
6.5105e+03	2.4e+00	6.12102e+04	9.6e+02
6.5139e+03	2.4e+00	6.07914e+04	8.2e+02
6.5172e+03	2.4e+00	6.01697e+04	7.2e+02
6.5206e+03	2.4e+00	6.05584e+04	9.4e+02
6.5240e+03	2.4e+00	5.95052e+04	8.5e+02
6.5273e+03	2.4e+00	5.94019e+04	9.2e+02
6.5307e+03	2.4e+00	5.84809e+04	9.0e+02
6.5341e+03	2.4e+00	5.78271e+04	8.1e+02
6.5374e+03	2.4e+00	5.67479e+04	8.9e+02
6.5408e+03	2.4e+00	5.47717e+04	8.9e+02
6.5441e+03	2.4e+00	5.33574e+04	7.1e+02
6.5475e+03	2.4e+00	4.95189e+04	7.4e+02
6.5509e+03	2.4e+00	4.71678e+04	6.4e+02
6.5542e+03	2.4e+00	4.22113e+04	6.6e+02
6.5576e+03	2.4e+00	3.75150e+04	5.5e+02
6.5609e+03	2.4e+00	3.49810e+04	4.2e+02
6.5643e+03	2.4e+00	3.64491e+04	5.5e+02
6.5676e+03	2.4e+00	4.23590e+04	8.6e+02
6.5710e+03	2.4e+00	4.62704e+04	6.5e+02
6.5744e+03	2.4e+00	4.92154e+04	7.5e+02
6.5777e+03	2.4e+00	5.17996e+04	8.1e+02
6.5811e+03	2.4e+00	5.35128e+04	7.9e+02
6.5844e+03	2.4e+00	5.44931e+04	8.9e+02
6.5878e+03	2.4e+00	5.56034e+04	9.9e+02
6.5911e+03	2.4e+00	5.59804e+04	9.4e+02
6.5945e+03	2.4e+00	5.69046e+04	8.4e+02
6.5978e+03	2.4e+00	5.71084e+04	9.5e+02
6.6012e+03	2.4e+00	5.73621e+04	7.8e+02
6.6045e+03	2.4e+00	5.69341e+04	8.3e+02
6.6079e+03	2.4e+00	5.78950e+04	1.0e+03
6.6112e+03	2.4e+00	5.77332e+04	7.1e+02
6.6146e+03	2.4e+00	5.65451e+04	6.6e+02
6.6179e+03	2.4e+00	5.77574e+04	1.1e+03
6.6213e+03	2.4e+00	5.79495e+04	1.1e+03
6.6246e+03	2.4e+00	5.85338e+04	1.2e+03
6.6280e+03	2.4e+00	5.83727e+04	1.0e+03
6.6313e+03	2.4e+00	5.69600e+04	9.7e+02
6.6347e+03	2.4e+00	5.75162e+04	1.0e+03
6.6380e+03	2.4e+00	5.75351e+04	9.3e+02
6.6414e+03	2.4e+00	5.67092e+04	8.0e+02
6.6447e+03	2.4e+00	5.66935e+04	9.6e+02
6.6481e+03	2.4e+00	5.69426e+04	8.8e+02
6.6514e+03	2.4e+00	5.73810e+04	6.5e+02
6.6548e+03	2.4e+00	5.74885e+04	8.0e+02
6.6581e+03	2.4e+00	5.74069e+04	1.0e+03
6.6615e+03	2.4e+00	5.68937e+04	7.8e+02
6.6648e+03	2.4e+00	5.68435e+04	8.6e+02
6.6681e+03	2.4e+00	5.77325e+04	1.4e+03
6.6715e+03	2.4e+00	5.68633e+04	1.2e+03
6.6748e+03	2.4e+00	5.67975e+04	1.1e+03
6.6782e+03	2.4e+00	5.68712e+04	8.6e+02
6.6815e+03	2.4e+00	5.64344e+04	7.4e+02
6.6849e+03	2.4e+00	5.66338e+04	6.5e+02
6.6882e+03	2.4e+00	5.68016e+04	7.1e+02
6.6915e+03	2.4e+00	5.65992e+04	8.3e+02
6.6949e+03	2.4e+00	5.67159e+04	1.0e+03
6.6982e+03	2.4e+00	5.59336e+04	9.4e+02
6.7016e+03	2.4e+00	5.60026e+04	8.3e+02
6.7049e+03	2.4e+00	5.62200e+04	7.7e+02
6.7082e+03	2.4e+00	5.62824e+04	8.8e+02
6.7116e+03	2.4e+00	5.55602e+04	9.9e+02
6.7149e+03	2.4e+00	5.56197e+04	8.1e+02
6.7183e+03	2.4e+00	5.60553e+04	1.2e+03
6.7216e+03	2.4e+00	5.63016e+04	9.8e+02
6.7249e+03	2.4e+00	5.54427e+04	7.6e+02
6.7283e+03	2.4e+00	5.57457e+04	8.6e+02
6.7316e+03	2.4e+00	5.52337e+04	8.5e+02
6.7349e+03	2.4e+00	5.51981e+04	1.1e+03
6.7383e+03	2.4e+00	5.51052e+04	1.0e+03
6.7416e+03	2.4e+00	5.51067e+04	8.4e+02
6.7449e+03	2.4e+00	5.52555e+04	1.0e+03
6.7483e+03	2.4e+00	5.48456e+04	7.0e+02
6.7516e+03	2.4e+00	5.47672e+04	1.0e+03
6.7549e+03	2.4e+00	5.50159e+04	7.0e+02
6.7583e+03	2.4e+00	5.39315e+04	8.1e+02
6.7616e+03	2.4e+00	5.43369e+04	9.6e+02
6.7649e+03	2.4e+00	5.42765e+04	9.9e+02
6.7683e+03	2.4e+00	5.41603e+04	9.6e+02
6.7716e+03	2.4e+00	5.42451e+04	8.8e+02
6.7749e+03	2.4e+00	5.35272e+04	9.2e+02
6.7782e+03	2.4e+00	5.41893e+04	1.0e+03
6.7816e+03	2.4e+00	5.37879e+04	9.9e+02
6.7849e+03	2.4e+00	5.33325e+04	1.1e+03
6.7882e+03	2.4e+00	5.29447e+04	9.6e+02
6.7916e+03	2.4e+00	5.34513e+04	9.6e+02
6.7949e+03	2.4e+00	5.32016e+04	1.1e+03
6.7982e+03	2.4e+00	5.31570e+04	9.7e+02
6.8015e+03	2.4e+00	5.27229e+04	7.9e+02
6.8049e+03	2.4e+00	5.27137e+04	8.5e+02
6.8082e+03	2.4e+00	5.26454e+04	1.0e+03
6.8115e+03	2.4e+00	5.23219e+04	1.1e+03
6.8148e+03	2.4e+00	5.18179e+04	1.0e+03
6.8182e+03	2.4e+00	5.20767e+04	9.4e+02
6.8215e+03	2.4e+00	5.18646e+04	9.7e+02
6.8248e+03	2.4e+00	5.11485e+04	8.6e+02
6.8281e+03	2.4e+00	5.09667e+04	8.9e+02
6.8315e+03	2.4e+00	5.12320e+04	9.5e+02
6.8348e+03	2.4e+00	5.07242e+04	7.6e+02
6.8381e+03	2.4e+00	5.11148e+04	1.0e+03
6.8414e+03	2.4e+00	5.10389e+04	1.1e+03
6.8447e+03	2.4e+00	5.13118e+04	8.7e+02
6.8481e+03	2.4e+00	5.09177e+04	7.1e+02
6.8514e+03	2.4e+00	5.08434e+04	1.0e+03
6.8547e+03	2.4e+00	5.03413e+04	1.2e+03
6.8580e+03	2.4e+00	4.99615e+04	1.0e+03
6.8613e+03	2.4e+00	4.78634e+04	8.2e+02
6.8647e+03	2.4e+00	4.19474e+04	7.9e+02
6.8680e+03	2.4e+00	3.63433e+04	7.4e+02
6.8713e+03	2.4e+00	3.35080e+04	6.0e+02
6.8746e+03	2.4e+00	3.63115e+04	7.4e+02
6.8779e+03	2.4e+00	4.04817e+04	7.5e+02
6.8812e+03	2.4e+00	4.28395e+04	7.1e+02
6.8846e+03	2.4e+00	4.29526e+04	7.9e+02
6.8879e+03	2.4e+00	4.13578e+04	9.7e+02
6.8912e+03	2.4e+00	4.05756e+04	1.1e+03
6.8945e+03	2.4e+00	4.18031e+04	6.6e+02
6.8978e+03	2.4e+00	4.22139e+04	6.7e+02
6.9011e+03	2.4e+00	4.29628e+04	9.5e+02
6.9044e+03	2.4e+00	4.31819e+04	8.8e+02
6.9078e+03	2.4e+00	4.35510e+04	7.4e+02
6.9111e+03	2.4e+00	4.46915e+04	8.1e+02
6.9144e+03	2.4e+00	4.52717e+04	5.2e+02
6.9177e+03	2.4e+00	4.58944e+04	6.9e+02
6.9210e+03	2.4e+00	4.55516e+04	8.7e+02
6.9243e+03	2.4e+00	4.57969e+04	7.4e+02
6.9276e+03	2.4e+00	4.61749e+04	8.9e+02
6.9309e+03	2.4e+00	4.64319e+04	1.0e+03
6.9342e+03	2.4e+00	4.57044e+04	9.6e+02
6.9375e+03	2.4e+00	4.57653e+04	6.7e+02
6.9409e+03	2.4e+00	4.55202e+04	9.7e+02
6.9442e+03	2.4e+00	4.55056e+04	8.8e+02
6.9475e+03	2.4e+00	4.58298e+04	1.1e+03
6.9508e+03	2.4e+00	4.54142e+04	9.3e+02
6.9541e+03	2.4e+00	4.56390e+04	8.8e+02
6.9574e+03	2.4e+00	4.57274e+04	9.2e+02
6.9607e+03	2.4e+00	4.58315e+04	9.1e+02
6.9640e+03	2.4e+00	4.58877e+04	9.0e+02
6.9673e+03	2.4e+00	4.63467e+04	7.9e+02
6.9706e+03	2.4e+00	4.62061e+04	8.6e+02
6.9739e+03	2.4e+00	4.60485e+04	9.4e+02
6.9772e+03	2.4e+00	4.62284e+04	1.0e+03
6.9805e+03	2.4e+00	4.60158e+04	1.1e+03
6.9838e+03	2.4e+00	4.54553e+04	1.0e+03
6.9871e+03	2.4e+00	4.51442e+04	1.0e+03
6.9904e+03	2.4e+00	4.47777e+04	8.5e+02
6.9937e+03	2.4e+00	4.43969e+04	8.0e+02
6.9970e+03	2.4e+00	4.45005e+04	9.6e+02
7.0003e+03	2.4e+00	4.44581e+04	1.1e+03
7.0036e+03	2.4e+00	4.39746e+04	1.0e+03
7.0069e+03	2.4e+00	4.41393e+04	8.2e+02
7.0102e+03	2.4e+00	4.43448e+04	9.0e+02
7.0135e+03	2.4e+00	4.42370e+04	9.5e+02
7.0168e+03	2.4e+00	4.43960e+04	8.6e+02
7.0201e+03	2.4e+00	4.37732e+04	8.1e+02
7.0234e+03	2.4e+00	4.33646e+04	8.5e+02
7.0267e+03	2.4e+00	4.32763e+04	1.1e+03
7.0300e+03	2.4e+00	4.37640e+04	1.1e+03
7.0333e+03	2.4e+00	4.38513e+04	8.7e+02
7.0366e+03	2.4e+00	4.37636e+04	1.1e+03
7.0399e+03	2.4e+00	4.32288e+04	9.5e+02
7.0432e+03	2.4e+00	4.30279e+04	1.1e+03
7.0465e+03	2.4e+00	4.28837e+04	7.9e+02
7.0498e+03	2.4e+00	4.30823e+04	9.7e+02
7.0531e+03	2.4e+00	4.31554e+04	1.1e+03
7.0564e+03	2.4e+00	4.25694e+04	8.4e+02
7.0597e+03	2.4e+00	4.26517e+04	1.0e+03
7.0629e+03	2.4e+00	4.24533e+04	1.3e+03
7.0662e+03	2.4e+00	4.24433e+04	9.0e+02
7.0695e+03	2.4e+00	4.23330e+04	8.5e+02
7.0728e+03	2.4e+00	4.16524e+04	9.2e+02
7.0761e+03	2.4e+00	4.19133e+04	9.0e+02
7.0794e+03	2.4e+00	4.17636e+04	6.6e+02
7.0827e+03	2.4e+00	4.20352e+04	6.0e+02
7.0860e+03	2.4e+00	4.13156e+04	7.9e+02
7.0893e+03	2.4e+00	4.08896e+04	8.0e+02
7.0926e+03	2.4e+00	4.17102e+04	9.2e+02
7.0958e+03	2.4e+00	4.10445e+04	1.0e+03
7.0991e+03	2.4e+00	4.09374e+04	1.0e+03
7.1024e+03	2.4e+00	4.13837e+04	8.9e+02
7.1057e+03	2.4e+00	4.10876e+04	8.1e+02
7.1090e+03	2.4e+00	4.08789e+04	9.2e+02
7.1123e+03	2.4e+00	3.99571e+04	9.1e+02
7.1156e+03	2.4e+00	3.98025e+04	8.5e+02
7.1188e+03	2.4e+00	4.03542e+04	1.0e+03
7.1221e+03	2.4e+00	4.05273e+04	1.0e+03
7.1254e+03	2.4e+00	4.07322e+04	1.0e+03
7.1287e+03	2.4e+00	4.00400e+04	8.8e+02
7.1320e+03	2.4e+00	3.96248e+04	9.2e+02
7.1353e+03	2.4e+00	3.95871e+04	8.1e+02
7.1385e+03	2.4e+00	3.93555e+04	7.7e+02
7.1418e+03	2.4e+00	3.88233e+04	8.1e+02
7.1451e+03	2.4e+00	3.87162e+04	8.3e+02
7.1484e+03	2.4e+00	3.93430e+04	9.0e+02
7.1517e+03	2.4e+00	3.84921e+04	8.5e+02
7.1549e+03	2.4e+00	3.88167e+04	8.1e+02
7.1582e+03	2.4e+00	3.80999e+04	1.1e+03
7.1615e+03	2.4e+00	3.74834e+04	1.0e+03
7.1648e+03	2.4e+00	3.67618e+04	7.8e+02
7.1681e+03	2.4e+00	3.59014e+04	7.9e+02
7.1713e+03	2.4e+00	3.50025e+04	9.1e+02
7.1746e+03	2.4e+00	3.42152e+04	7.8e+02
7.1779e+03	2.4e+00	3.39305e+04	7.7e+02
7.1812e+03	2.4e+00	3.32326e+04	7.7e+02
7.1844e+03	2.4e+00	3.27911e+04	8.4e+02
7.1877e+03	2.4e+00	3.23321e+04	8.2e+02
7.1910e+03	2.4e+00	3.22621e+04	5.2e+02
7.1943e+03	2.4e+00	3.21560e+04	5.8e+02
7.1975e+03	2.4e+00	3.23152e+04	7.1e+02
7.2008e+03	2.4e+00	3.20943e+04	8.0e+02
7.2041e+03	2.4e+00	3.25887e+04	8.2e+02
7.2074e+03	2.4e+00	3.33502e+04	9.3e+02
7.2106e+03	2.4e+00	3.40808e+04	8.4e+02
7.2139e+03	2.4e+00	3.48391e+04	7.1e+02
7.2172e+03	2.4e+00	3.53372e+04	7.7e+02
7.2204e+03	2.4e+00	3.54534e+04	9.5e+02
7.2237e+03	2.4e+00	3.46173e+04	6.7e+02
7.2270e+03	2.4e+00	3.42529e+04	7.4e+02
7.2303e+03	2.4e+00	3.29666e+04	7.3e+02
7.2335e+03	2.4e+00	3.22442e+04	6.3e+02
7.2368e+03	2.4e+00	3.22930e+04	5.7e+02
7.2401e+03	2.4e+00	3.18754e+04	7.9e+02
7.2433e+03	2.4e+00	3.21823e+04	8.3e+02
7.2466e+03	2.4e+00	3.23133e+04	7.3e+02
7.2499e+03	2.4e+00	3.23299e+04	9.0e+02
7.2531e+03	2.4e+00	3.18002e+04	7.1e+02
7.2564e+03	2.4e+00	3.15262e+04	6.2e+02
7.2597e+03	2.4e+00	3.21637e+04	7.4e+02
7.2629e+03	2.4e+00	3.15208e+04	7.3e+02
7.2662e+03	2.4e+00	3.18570e+04	7.8e+02
7.2695e+03	2.4e+00	3.15641e+04	7.7e+02
7.2727e+03	2.4e+00	3.14214e+04	7.2e+02
7.2760e+03	2.4e+00	3.09919e+04	7.0e+02
7.2792e+03	2.4e+00	3.06382e+04	6.4e+02
7.2825e+03	2.4e+00	3.15285e+04	6.8e+02
7.2858e+03	2.4e+00	3.18715e+04	8.0e+02
7.2890e+03	2.4e+00	3.13588e+04	7.6e+02
7.2923e+03	2.4e+00	3.10144e+04	8.4e+02
7.2956e+03	2.4e+00	3.12977e+04	6.9e+02
7.2988e+03	2.4e+00	3.14380e+04	7.4e+02
7.3021e+03	2.4e+00	3.12374e+04	8.3e+02
7.3053e+03	2.4e+00	3.10000e+04	7.9e+02
7.3086e+03	2.4e+00	3.09786e+04	8.3e+02
7.3119e+03	2.4e+00	3.09029e+04	7.9e+02
7.3151e+03	2.4e+00	3.09937e+04	9.6e+02
7.3184e+03	2.4e+00	3.06263e+04	6.2e+02
7.3216e+03	2.4e+00	3.05160e+04	7.3e+02
7.3249e+03	2.4e+00	3.12145e+04	7.8e+02
7.3281e+03	2.4e+00	3.12991e+04	7.5e+02
7.3314e+03	2.4e+00	3.14734e+04	7.6e+02
7.3346e+03	2.4e+00	3.10623e+04	7.8e+02
7.3379e+03	2.4e+00	3.09044e+04	8.0e+02
7.3412e+03	2.4e+00	3.10898e+04	8.6e+02
7.3444e+03	2.4e+00	3.14201e+04	7.8e+02
7.3477e+03	2.4e+00	3.03846e+04	1.1e+03
7.3509e+03	2.4e+00	3.05219e+04	8.7e+02
7.3542e+03	2.4e+00	3.07819e+04	7.7e+02
7.3574e+03	2.4e+00	3.05042e+04	6.9e+02
7.3607e+03	2.4e+00	3.04072e+04	7.5e+02
7.3639e+03	2.4e+00	2.96929e+04	7.0e+02
7.3672e+03	2.4e+00	2.99705e+04	7.7e+02
7.3704e+03	2.4e+00	3.00608e+04	7.3e+02
7.3737e+03	2.4e+00	3.01272e+04	6.9e+02
7.3769e+03	2.4e+00	2.97852e+04	7.4e+02
7.3802e+03	2.4e+00	2.97458e+04	8.0e+02
7.3834e+03	2.4e+00	3.00468e+04	8.0e+02
7.3867e+03	2.4e+00	2.94881e+04	9.9e+02
7.3899e+03	2.4e+00	2.93318e+04	9.3e+02
7.3932e+03	2.4e+00	2.94108e+04	8.9e+02
7.3964e+03	2.4e+00	2.91794e+04	7.7e+02
7.3997e+03	2.4e+00	2.94047e+04	8.3e+02
7.4029e+03	2.4e+00	2.95514e+04	8.7e+02
7.4062e+03	2.4e+00	2.92449e+04	7.2e+02
7.4094e+03	2.4e+00	2.87436e+04	7.3e+02
7.4127e+03	2.4e+00	2.85986e+04	6.9e+02
7.4159e+03	2.4e+00	2.85769e+04	8.3e+02
7.4191e+03	2.4e+00	2.90601e+04	8.5e+02
7.4224e+03	2.4e+00	2.85582e+04	8.5e+02
7.4256e+03	2.4e+00	2.82752e+04	8.1e+02
7.4289e+03	2.4e+00	2.81508e+04	8.5e+02
7.4321e+03	2.4e+00	2.86763e+04	8.2e+02
7.4354e+03	2.4e+00	2.85808e+04	7.9e+02
7.4386e+03	2.4e+00	2.77884e+04	7.7e+02
7.4418e+03	2.4e+00	2.80435e+04	8.4e+02
7.4451e+03	2.4e+00	2.79504e+04	8.1e+02
7.4483e+03	2.4e+00	2.76803e+04	7.4e+02
7.4516e+03	2.4e+00	2.78162e+04	7.7e+02
7.4548e+03	2.4e+00	2.77053e+04	9.5e+02
7.4580e+03	2.4e+00	2.76727e+04	9.1e+02
7.4613e+03	2.4e+00	2.76694e+04	8.8e+02
7.4645e+03	2.4e+00	2.77974e+04	8.3e+02
7.4678e+03	2.4e+00	2.73993e+04	8.4e+02
7.4710e+03	2.4e+00	2.69441e+04	1.0e+03
7.4742e+03	2.4e+00	2.72178e+04	9.4e+02
7.4775e+03	2.4e+00	2.68908e+04	9.3e+02
7.4807e+03	2.4e+00	2.69623e+04	8.9e+02
7.4839e+03	2.4e+00	2.71293e+04	8.7e+02
7.4872e+03	2.4e+00	2.67164e+04	7.5e+02
7.4904e+03	2.4e+00	2.62905e+04	8.9e+02
7.4936e+03	2.4e+00	2.65324e+04	8.7e+02
7.4969e+03	2.4e+00	2.68307e+04	7.7e+02
7.5001e+03	2.4e+00	2.64210e+04	9.0e+02
7.5033e+03	2.4e+00	2.60350e+04	9.0e+02
7.5066e+03	2.4e+00	2.62220e+04	9.3e+02
7.5098e+03	2.4e+00	2.58563e+04	8.3e+02
7.5130e+03	2.4e+00	2.55935e+04	7.2e+02
7.5163e+03	2.4e+00	2.56873e+04	7.5e+02
7.5195e+03	2.4e+00	2.57945e+04	9.1e+02
7.5227e+03	2.4e+00	2.56032e+04	9.9e+02
7.5260e+03	2.4e+00	2.56940e+04	8.5e+02
7.5292e+03	2.4e+00	2.55255e+04	8.1e+02
7.5324e+03	2.4e+00	2.54107e+04	9.3e+02
7.5356e+03	2.4e+00	2.54573e+04	8.2e+02
7.5389e+03	2.4e+00	2.54142e+04	9.5e+02
7.5421e+03	2.4e+00	2.47927e+04	8.7e+02
7.5453e+03	2.4e+00	2.50383e+04	8.4e+02
7.5486e+03	2.4e+00	2.50265e+04	8.1e+02
7.5518e+03	2.4e+00	2.48321e+04	9.4e+02
7.5550e+03	2.4e+00	2.40299e+04	9.3e+02
7.5582e+03	2.4e+00	2.44636e+04	9.2e+02
7.5615e+03	2.4e+00	2.49350e+04	9.3e+02
7.5647e+03	2.4e+00	2.42317e+04	8.9e+02
7.5679e+03	2.4e+00	2.43278e+04	8.7e+02
7.5711e+03	2.4e+00	2.42907e+04	8.7e+02
7.5744e+03	2.4e+00	2.45479e+04	8.5e+02
7.5776e+03	2.4e+00	2.42563e+04	9.5e+02
7.5808e+03	2.4e+00	2.41696e+04	1.0e+03
7.5840e+03	2.4e+00	2.37189e+04	8.9e+02
7.5872e+03	2.4e+00	2.35859e+04	9.1e+02
7.5905e+03	2.4e+00	2.27986e+04	9.3e+02
7.5937e+03	2.4e+00	2.05653e+04	9.2e+02
7.5969e+03	2.4e+00	1.67972e+04	9.0e+02
7.6001e+03	2.4e+00	1.21754e+04	6.7e+02
7.6033e+03	2.4e+00	7.85740e+03	4.8e+02
7.6066e+03	2.4e+00	5.13508e+03	2.6e+02
7.6098e+03	2.4e+00	4.30508e+03	2.1e+02
7.6130e+03	2.4e+00	4.95330e+03	1.6e+02
7.6162e+03	2.4e+00	7.32204e+03	2.1e+02
7.6194e+03	2.4e+00	1.00073e+04	2.6e+02
7.6227e+03	2.4e+00	1.23209e+04	4.8e+02
7.6259e+03	2.4e+00	1.25761e+04	5.2e+02
7.6291e+03	2.4e+00	1.13891e+04	5.8e+02
7.6323e+03	2.4e+00	9.90004e+03	5.1e+02
7.6355e+03	2.4e+00	9.72642e+03	4.0e+02
7.6387e+03	2.4e+00	9.80420e+03	4.6e+02
7.6419e+03	2.4e+00	1.01015e+04	4.3e+02
7.6452e+03	2.4e+00	1.10106e+04	4.2e+02
7.6484e+03	2.4e+00	1.18749e+04	5.4e+02
7.6516e+03	2.4e+00	1.27095e+04	6.2e+02
7.6548e+03	2.4e+00	1.37808e+04	6.0e+02
7.6580e+03	2.4e+00	1.48543e+04	7.1e+02
7.6612e+03	2.4e+00	1.56323e+04	7.2e+02
7.6644e+03	2.4e+00	1.64471e+04	7.2e+02
7.6676e+03	2.4e+00	1.73296e+04	9.1e+02
