# lambda [A]	Dlambda [A]	specval [counts]	Dspecval [counts]
4.0077e+03	2.5e+00	8.362166e+02	2.5e+01
4.0113e+03	2.5e+00	8.659570e+02	4.5e+01
4.0150e+03	2.5e+00	9.501667e+02	3.7e+01
4.0187e+03	2.5e+00	1.093785e+03	3.0e+01
4.0224e+03	2.5e+00	1.258316e+03	4.3e+01
4.0260e+03	2.5e+00	1.328591e+03	4.4e+01
4.0297e+03	2.5e+00	1.160162e+03	5.0e+01
4.0334e+03	2.5e+00	1.035413e+03	5.7e+01
4.0371e+03	2.5e+00	8.777258e+02	5.5e+01
4.0407e+03	2.5e+00	7.382517e+02	3.6e+01
4.0444e+03	2.5e+00	7.900088e+02	4.6e+01
4.0481e+03	2.5e+00	1.033615e+03	4.3e+01
4.0518e+03	2.5e+00	1.317760e+03	5.3e+01
4.0554e+03	2.5e+00	1.480527e+03	4.2e+01
4.0591e+03	2.5e+00	1.213337e+03	6.1e+01
4.0628e+03	2.5e+00	1.018535e+03	3.0e+01
4.0665e+03	2.5e+00	8.467242e+02	4.3e+01
4.0701e+03	2.5e+00	7.687438e+02	2.8e+01
4.0738e+03	2.5e+00	7.121082e+02	4.7e+01
4.0775e+03	2.5e+00	7.960626e+02	5.0e+01
4.0811e+03	2.5e+00	8.629168e+02	2.9e+01
4.0848e+03	2.5e+00	1.019091e+03	3.5e+01
4.0885e+03	2.5e+00	9.641537e+02	3.2e+01
4.0921e+03	2.5e+00	8.833250e+02	2.3e+01
4.0958e+03	2.5e+00	7.637941e+02	2.8e+01
4.0995e+03	2.5e+00	9.279072e+02	4.1e+01
4.1031e+03	2.5e+00	9.648000e+02	1.8e+01
4.1068e+03	2.5e+00	9.288460e+02	2.9e+01
4.1105e+03	2.5e+00	9.632501e+02	3.9e+01
4.1141e+03	2.5e+00	9.492933e+02	2.3e+01
4.1178e+03	2.5e+00	9.393390e+02	1.9e+01
4.1215e+03	2.5e+00	7.358825e+02	2.8e+01
4.1251e+03	2.5e+00	5.297953e+02	2.0e+01
4.1288e+03	2.5e+00	5.535679e+02	2.0e+01
4.1325e+03	2.5e+00	5.966114e+02	2.0e+01
4.1361e+03	2.5e+00	7.409494e+02	2.1e+01
4.1398e+03	2.5e+00	1.266284e+03	2.9e+01
4.1435e+03	2.5e+00	1.438960e+03	2.6e+01
4.1471e+03	2.5e+00	1.335828e+03	4.3e+01
4.1508e+03	2.5e+00	8.269318e+02	3.1e+01
4.1544e+03	2.5e+00	6.618945e+02	2.3e+01
4.1581e+03	2.5e+00	6.069599e+02	9.6e+00
4.1618e+03	2.5e+00	6.515743e+02	2.2e+01
4.1654e+03	2.5e+00	8.420990e+02	3.2e+01
4.1691e+03	2.5e+00	9.695945e+02	1.6e+01
4.1727e+03	2.5e+00	1.017611e+03	2.7e+01
4.1764e+03	2.5e+00	1.148240e+03	1.6e+01
4.1800e+03	2.5e+00	1.724658e+03	3.2e+01
4.1837e+03	2.5e+00	2.366148e+03	3.6e+01
4.1874e+03	2.5e+00	2.309871e+03	2.3e+01
4.1910e+03	2.5e+00	1.752212e+03	3.5e+01
4.1947e+03	2.5e+00	8.384185e+02	3.1e+01
4.1983e+03	2.5e+00	6.712309e+02	1.3e+01
4.2020e+03	2.5e+00	7.046031e+02	1.6e+01
4.2056e+03	2.5e+00	6.364411e+02	2.8e+01
4.2093e+03	2.5e+00	7.320553e+02	2.5e+01
4.2129e+03	2.5e+00	7.049089e+02	4.3e+01
4.2166e+03	2.5e+00	7.339394e+02	4.4e+01
4.2203e+03	2.5e+00	7.086224e+02	5.0e+01
4.2239e+03	2.5e+00	6.771769e+02	3.3e+01
4.2276e+03	2.5e+00	6.263319e+02	2.5e+01
4.2312e+03	2.5e+00	4.943823e+02	3.2e+01
4.2349e+03	2.5e+00	4.948324e+02	2.1e+01
4.2385e+03	2.5e+00	4.984114e+02	2.4e+01
4.2422e+03	2.5e+00	7.120901e+02	1.6e+01
4.2458e+03	2.5e+00	1.219965e+03	2.9e+01
4.2495e+03	2.5e+00	1.405267e+03	4.7e+01
4.2531e+03	2.5e+00	1.273954e+03	3.8e+01
4.2568e+03	2.5e+00	9.969997e+02	2.1e+01
4.2604e+03	2.5e+00	1.128818e+03	1.7e+01
4.2641e+03	2.5e+00	1.493330e+03	1.6e+01
4.2677e+03	2.5e+00	1.412445e+03	3.2e+01
4.2713e+03	2.5e+00	1.034403e+03	3.0e+01
4.2750e+03	2.5e+00	5.231335e+02	1.4e+01
4.2786e+03	2.5e+00	4.523199e+02	1.9e+01
4.2823e+03	2.5e+00	4.615929e+02	1.9e+01
4.2859e+03	2.5e+00	5.508596e+02	2.4e+01
4.2896e+03	2.5e+00	6.915712e+02	4.0e+01
4.2932e+03	2.5e+00	6.462497e+02	2.5e+01
4.2969e+03	2.5e+00	5.746272e+02	1.7e+01
4.3005e+03	2.5e+00	5.532929e+02	2.3e+01
4.3041e+03	2.5e+00	4.868890e+02	1.9e+01
4.3078e+03	2.5e+00	4.437871e+02	1.6e+01
4.3114e+03	2.5e+00	4.438429e+02	1.3e+01
4.3151e+03	2.5e+00	4.956951e+02	2.0e+01
4.3187e+03	2.5e+00	7.564227e+02	1.8e+01
4.3224e+03	2.5e+00	1.040931e+03	2.5e+01
4.3260e+03	2.5e+00	1.079316e+03	2.0e+01
4.3296e+03	2.5e+00	9.685390e+02	1.4e+01
4.3333e+03	2.5e+00	9.034185e+02	2.0e+01
4.3369e+03	2.5e+00	1.038649e+03	1.3e+01
4.3405e+03	2.5e+00	1.066879e+03	1.7e+01
4.3442e+03	2.5e+00	8.914250e+02	2.4e+01
4.3478e+03	2.5e+00	5.966604e+02	2.1e+01
4.3515e+03	2.5e+00	5.499263e+02	2.0e+01
4.3551e+03	2.5e+00	5.899427e+02	2.0e+01
4.3587e+03	2.5e+00	8.324821e+02	1.6e+01
4.3624e+03	2.5e+00	8.364487e+02	1.4e+01
4.3660e+03	2.5e+00	9.563242e+02	3.1e+01
4.3696e+03	2.5e+00	9.900402e+02	2.6e+01
4.3733e+03	2.5e+00	8.017004e+02	2.9e+01
4.3769e+03	2.5e+00	6.831159e+02	3.9e+01
4.3805e+03	2.5e+00	5.251973e+02	1.8e+01
4.3842e+03	2.5e+00	4.523364e+02	2.0e+01
4.3878e+03	2.5e+00	4.479843e+02	2.0e+01
4.3914e+03	2.5e+00	5.117268e+02	2.4e+01
4.3951e+03	2.5e+00	5.221200e+02	9.2e+00
4.3987e+03	2.5e+00	4.569174e+02	8.6e+00
4.4023e+03	2.5e+00	3.810417e+02	2.1e+01
4.4060e+03	2.5e+00	3.655267e+02	2.5e+01
4.4096e+03	2.5e+00	3.610183e+02	2.0e+01
4.4132e+03	2.5e+00	4.619014e+02	1.7e+01
4.4168e+03	2.5e+00	6.589213e+02	3.4e+01
4.4205e+03	2.5e+00	7.618191e+02	1.9e+01
4.4241e+03	2.5e+00	7.821554e+02	1.7e+01
4.4277e+03	2.5e+00	6.108241e+02	1.9e+01
4.4314e+03	2.5e+00	4.762604e+02	8.9e+00
4.4350e+03	2.5e+00	3.747353e+02	1.5e+01
4.4386e+03	2.5e+00	4.530234e+02	1.3e+01
4.4422e+03	2.5e+00	4.552993e+02	1.5e+01
4.4459e+03	2.5e+00	3.910789e+02	5.5e+00
4.4495e+03	2.5e+00	3.307422e+02	1.5e+01
4.4531e+03	2.5e+00	3.153158e+02	1.9e+01
4.4567e+03	2.5e+00	3.540652e+02	1.1e+01
4.4604e+03	2.5e+00	3.666467e+02	1.1e+01
4.4640e+03	2.5e+00	4.657693e+02	6.7e+00
4.4676e+03	2.5e+00	4.772384e+02	8.6e+00
4.4712e+03	2.5e+00	5.437320e+02	1.4e+01
4.4748e+03	2.5e+00	5.741160e+02	7.3e+00
4.4785e+03	2.5e+00	5.483979e+02	1.1e+01
4.4821e+03	2.5e+00	5.283465e+02	9.8e+00
4.4857e+03	2.5e+00	4.792308e+02	2.0e+01
4.4893e+03	2.5e+00	5.277320e+02	1.9e+01
4.4929e+03	2.5e+00	5.566783e+02	1.3e+01
4.4966e+03	2.5e+00	7.078896e+02	1.3e+01
4.5002e+03	2.5e+00	8.599888e+02	1.8e+01
4.5038e+03	2.5e+00	9.712068e+02	2.0e+01
4.5074e+03	2.5e+00	8.428958e+02	1.9e+01
4.5110e+03	2.5e+00	6.715058e+02	1.4e+01
4.5147e+03	2.5e+00	4.982769e+02	2.0e+01
4.5183e+03	2.5e+00	4.277039e+02	5.5e+00
4.5219e+03	2.5e+00	4.075818e+02	1.5e+01
4.5255e+03	2.5e+00	4.252533e+02	2.1e+01
4.5291e+03	2.5e+00	4.296491e+02	1.5e+01
4.5327e+03	2.5e+00	4.604175e+02	1.7e+01
4.5363e+03	2.5e+00	6.803507e+02	1.6e+01
4.5400e+03	2.5e+00	8.184486e+02	2.6e+01
4.5436e+03	2.5e+00	8.052719e+02	2.1e+01
4.5472e+03	2.5e+00	5.675057e+02	2.4e+01
4.5508e+03	2.5e+00	3.645137e+02	1.2e+01
4.5544e+03	2.5e+00	3.362173e+02	1.2e+01
4.5580e+03	2.5e+00	3.176666e+02	2.1e+01
4.5616e+03	2.5e+00	3.308998e+02	1.9e+01
4.5652e+03	2.5e+00	3.199024e+02	1.6e+01
4.5689e+03	2.5e+00	3.610516e+02	1.1e+01
4.5725e+03	2.5e+00	4.541799e+02	1.2e+01
4.5761e+03	2.5e+00	5.502954e+02	1.8e+01
4.5797e+03	2.5e+00	5.596543e+02	2.0e+01
4.5833e+03	2.5e+00	5.601957e+02	1.3e+01
4.5869e+03	2.5e+00	5.686993e+02	2.1e+01
4.5905e+03	2.5e+00	5.786287e+02	2.2e+01
4.5941e+03	2.5e+00	4.074335e+02	1.5e+01
4.5977e+03	2.5e+00	4.085665e+02	2.1e+01
4.6013e+03	2.5e+00	5.219548e+02	1.5e+01
4.6049e+03	2.5e+00	6.534875e+02	1.3e+01
4.6085e+03	2.5e+00	7.050010e+02	1.8e+01
4.6121e+03	2.5e+00	5.146271e+02	1.0e+01
4.6157e+03	2.5e+00	2.999458e+02	9.2e+00
4.6193e+03	2.5e+00	2.587249e+02	9.9e+00
4.6230e+03	2.5e+00	2.481692e+02	6.0e+00
4.6266e+03	2.5e+00	2.448243e+02	5.8e+00
4.6302e+03	2.5e+00	2.324963e+02	6.4e+00
4.6338e+03	2.5e+00	2.474532e+02	1.3e+01
4.6374e+03	2.5e+00	2.339473e+02	8.5e+00
4.6410e+03	2.5e+00	2.424190e+02	5.8e+00
4.6446e+03	2.5e+00	2.609663e+02	6.2e+00
4.6482e+03	2.5e+00	3.107199e+02	6.7e+00
4.6518e+03	2.5e+00	4.793625e+02	6.3e+00
4.6554e+03	2.5e+00	5.789106e+02	7.1e+00
4.6590e+03	2.5e+00	5.287588e+02	1.3e+01
4.6626e+03	2.5e+00	3.997392e+02	1.3e+01
4.6662e+03	2.5e+00	2.932494e+02	6.4e+00
4.6698e+03	2.5e+00	2.516604e+02	6.7e+00
4.6734e+03	2.5e+00	2.712820e+02	1.2e+01
4.6770e+03	2.5e+00	2.504081e+02	5.2e+00
4.6805e+03	2.5e+00	2.807443e+02	8.1e+00
4.6841e+03	2.5e+00	2.580406e+02	1.6e+01
4.6877e+03	2.5e+00	2.191995e+02	1.6e+01
4.6913e+03	2.5e+00	2.453029e+02	1.4e+01
4.6949e+03	2.5e+00	2.601047e+02	1.1e+01
4.6985e+03	2.5e+00	2.615630e+02	1.4e+01
4.7021e+03	2.5e+00	2.529181e+02	1.5e+01
4.7057e+03	2.5e+00	2.568667e+02	2.4e+01
4.7093e+03	2.5e+00	2.426997e+02	1.4e+01
4.7129e+03	2.5e+00	2.519950e+02	1.8e+01
4.7165e+03	2.5e+00	2.419068e+02	2.1e+01
4.7201e+03	2.5e+00	2.930013e+02	6.7e+00
4.7237e+03	2.5e+00	3.915721e+02	2.6e+01
4.7273e+03	2.5e+00	4.510647e+02	1.6e+01
4.7308e+03	2.5e+00	4.372559e+02	1.3e+01
4.7344e+03	2.5e+00	3.829516e+02	1.6e+01
4.7380e+03	2.5e+00	3.288184e+02	1.0e+01
4.7416e+03	2.5e+00	2.434646e+02	4.8e+00
4.7452e+03	2.5e+00	1.943272e+02	1.3e+01
4.7488e+03	2.5e+00	2.070723e+02	7.7e+00
4.7524e+03	2.5e+00	2.335178e+02	1.0e+01
4.7560e+03	2.5e+00	2.760741e+02	8.6e+00
4.7596e+03	2.5e+00	4.592613e+02	1.2e+01
4.7631e+03	2.5e+00	6.152161e+02	1.7e+01
4.7667e+03	2.5e+00	6.581593e+02	1.1e+01
4.7703e+03	2.5e+00	4.649812e+02	1.3e+01
4.7739e+03	2.5e+00	2.458488e+02	1.6e+01
4.7775e+03	2.5e+00	1.809453e+02	5.7e+00
4.7811e+03	2.5e+00	1.723742e+02	1.3e+01
4.7846e+03	2.5e+00	2.010716e+02	9.8e+00
4.7882e+03	2.5e+00	2.091391e+02	9.3e+00
4.7918e+03	2.5e+00	2.172709e+02	8.1e+00
4.7954e+03	2.5e+00	2.255052e+02	4.4e+00
4.7990e+03	2.5e+00	2.731028e+02	1.0e+01
4.8026e+03	2.5e+00	3.634984e+02	7.1e+00
4.8061e+03	2.5e+00	4.148710e+02	4.7e+00
4.8097e+03	2.5e+00	4.401998e+02	1.4e+01
4.8133e+03	2.5e+00	3.893597e+02	5.7e+00
4.8169e+03	2.5e+00	3.977845e+02	4.2e+00
4.8205e+03	2.5e+00	4.333232e+02	5.0e+00
4.8240e+03	2.5e+00	5.129107e+02	1.1e+01
4.8276e+03	2.5e+00	5.942981e+02	8.3e+00
4.8312e+03	2.5e+00	6.412969e+02	9.2e+00
4.8348e+03	2.5e+00	5.378577e+02	1.2e+01
4.8383e+03	2.5e+00	3.572731e+02	9.8e+00
4.8419e+03	2.5e+00	2.626218e+02	9.5e+00
4.8455e+03	2.5e+00	2.565861e+02	7.2e+00
4.8491e+03	2.5e+00	2.660372e+02	7.3e+00
4.8527e+03	2.5e+00	2.661037e+02	1.2e+01
4.8562e+03	2.5e+00	2.911671e+02	1.2e+01
4.8598e+03	2.5e+00	4.379911e+02	7.4e+00
4.8634e+03	2.5e+00	4.831145e+02	1.4e+01
4.8669e+03	2.5e+00	4.231953e+02	1.1e+01
4.8705e+03	2.5e+00	2.781453e+02	6.9e+00
4.8741e+03	2.5e+00	2.863896e+02	9.6e+00
4.8777e+03	2.5e+00	4.279533e+02	1.4e+01
4.8812e+03	2.5e+00	4.590241e+02	2.0e+01
4.8848e+03	2.5e+00	4.289641e+02	1.2e+01
4.8884e+03	2.5e+00	3.303145e+02	1.2e+01
4.8919e+03	2.5e+00	2.692189e+02	1.5e+01
4.8955e+03	2.5e+00	2.486417e+02	1.1e+01
4.8991e+03	2.5e+00	2.158222e+02	8.1e+00
4.9027e+03	2.5e+00	2.057664e+02	5.0e+00
4.9062e+03	2.5e+00	1.995713e+02	6.6e+00
4.9098e+03	2.4e+00	1.985463e+02	2.9e+00
4.9134e+03	2.4e+00	1.682796e+02	5.8e+00
4.9169e+03	2.4e+00	1.702258e+02	5.5e+00
4.9205e+03	2.4e+00	1.984659e+02	6.6e+00
4.9241e+03	2.4e+00	1.741038e+02	6.8e+00
4.9276e+03	2.4e+00	1.714965e+02	4.3e+00
4.9312e+03	2.4e+00	1.823236e+02	8.2e+00
4.9348e+03	2.4e+00	1.748645e+02	3.1e+00
4.9383e+03	2.4e+00	1.635931e+02	7.1e+00
4.9419e+03	2.4e+00	1.663493e+02	9.4e+00
4.9454e+03	2.4e+00	1.615471e+02	3.8e+00
4.9490e+03	2.4e+00	1.397031e+02	7.5e+00
4.9526e+03	2.4e+00	1.321905e+02	5.3e+00
4.9561e+03	2.4e+00	1.659235e+02	7.6e+00
4.9597e+03	2.4e+00	1.833225e+02	2.9e+00
4.9633e+03	2.4e+00	2.347939e+02	3.6e+00
4.9668e+03	2.4e+00	2.515544e+02	9.3e+00
4.9704e+03	2.4e+00	2.303460e+02	5.7e+00
4.9739e+03	2.4e+00	1.788474e+02	8.8e+00
4.9775e+03	2.4e+00	1.665579e+02	1.2e+01
4.9811e+03	2.4e+00	1.524833e+02	7.8e+00
4.9846e+03	2.4e+00	1.586517e+02	4.6e+00
4.9882e+03	2.4e+00	1.435304e+02	5.0e+00
4.9917e+03	2.4e+00	1.290415e+02	9.5e+00
4.9953e+03	2.4e+00	1.397435e+02	6.4e+00
4.9988e+03	2.4e+00	1.456365e+02	5.1e+00
5.0024e+03	2.4e+00	1.539426e+02	5.1e+00
5.0060e+03	2.4e+00	1.784803e+02	5.5e+00
5.0095e+03	2.4e+00	1.805773e+02	1.0e+01
5.0131e+03	2.4e+00	2.216094e+02	1.1e+01
5.0166e+03	2.4e+00	2.544793e+02	6.6e+00
5.0202e+03	2.4e+00	2.246468e+02	1.2e+01
5.0237e+03	2.4e+00	1.647150e+02	4.8e+00
5.0273e+03	2.4e+00	1.306696e+02	4.2e+00
5.0308e+03	2.4e+00	1.340709e+02	8.8e+00
5.0344e+03	2.4e+00	1.361828e+02	9.3e+00
5.0379e+03	2.4e+00	1.362268e+02	8.1e+00
5.0415e+03	2.4e+00	1.467671e+02	9.5e+00
5.0450e+03	2.4e+00	1.503656e+02	1.1e+01
5.0486e+03	2.4e+00	1.420760e+02	1.0e+01
5.0521e+03	2.4e+00	1.496073e+02	1.4e+01
5.0557e+03	2.4e+00	1.719793e+02	8.0e+00
5.0592e+03	2.4e+00	1.834429e+02	6.5e+00
5.0628e+03	2.4e+00	1.870578e+02	1.3e+01
5.0663e+03	2.4e+00	1.843532e+02	8.1e+00
5.0699e+03	2.4e+00	1.855279e+02	8.0e+00
5.0734e+03	2.4e+00	1.609834e+02	2.6e+00
5.0770e+03	2.4e+00	1.682473e+02	6.5e+00
5.0805e+03	2.4e+00	1.543090e+02	5.5e+00
5.0841e+03	2.4e+00	1.408429e+02	3.8e+00
5.0876e+03	2.4e+00	1.533121e+02	5.5e+00
5.0912e+03	2.4e+00	1.451937e+02	6.7e+00
5.0947e+03	2.4e+00	1.276725e+02	4.4e+00
5.0983e+03	2.4e+00	1.092702e+02	6.0e+00
5.1018e+03	2.4e+00	1.144386e+02	3.9e+00
5.1053e+03	2.4e+00	1.242449e+02	8.5e+00
5.1089e+03	2.4e+00	1.165894e+02	6.9e+00
5.1124e+03	2.4e+00	9.398533e+01	2.7e+00
5.1160e+03	2.4e+00	1.108291e+02	3.8e+00
5.1195e+03	2.4e+00	1.295247e+02	4.2e+00
5.1231e+03	2.4e+00	1.311648e+02	6.9e+00
5.1266e+03	2.4e+00	1.271928e+02	4.9e+00
5.1301e+03	2.4e+00	1.309034e+02	5.0e+00
5.1337e+03	2.4e+00	1.362733e+02	8.3e+00
5.1372e+03	2.4e+00	1.563721e+02	2.9e+00
5.1408e+03	2.4e+00	1.938676e+02	2.0e+00
5.1443e+03	2.4e+00	1.835378e+02	6.9e+00
5.1478e+03	2.4e+00	1.970564e+02	6.5e+00
5.1514e+03	2.4e+00	1.798071e+02	9.2e+00
5.1549e+03	2.4e+00	1.852259e+02	6.1e+00
5.1584e+03	2.4e+00	1.819192e+02	6.3e+00
5.1620e+03	2.4e+00	2.001920e+02	7.2e+00
5.1655e+03	2.4e+00	2.027748e+02	1.1e+01
5.1691e+03	2.4e+00	2.026859e+02	9.4e+00
5.1726e+03	2.4e+00	2.038800e+02	4.4e+00
5.1761e+03	2.4e+00	2.232492e+02	6.9e+00
5.1797e+03	2.4e+00	2.320443e+02	7.9e+00
5.1832e+03	2.4e+00	2.668477e+02	7.9e+00
5.1867e+03	2.4e+00	3.342046e+02	5.8e+00
5.1903e+03	2.4e+00	3.779003e+02	1.3e+01
5.1938e+03	2.4e+00	4.011472e+02	9.1e+00
5.1973e+03	2.4e+00	3.928977e+02	6.7e+00
5.2009e+03	2.4e+00	2.834209e+02	7.7e+00
5.2044e+03	2.4e+00	1.820632e+02	4.0e+00
5.2079e+03	2.4e+00	1.205931e+02	8.6e+00
5.2114e+03	2.4e+00	9.269363e+01	8.0e+00
5.2150e+03	2.4e+00	1.076924e+02	8.3e+00
5.2185e+03	2.4e+00	9.505436e+01	4.9e+00
5.2220e+03	2.4e+00	1.051262e+02	4.4e+00
5.2256e+03	2.4e+00	1.161672e+02	5.8e+00
5.2291e+03	2.4e+00	1.070699e+02	4.1e+00
5.2326e+03	2.4e+00	8.758265e+01	2.2e+00
5.2361e+03	2.4e+00	9.219025e+01	6.2e+00
5.2397e+03	2.4e+00	1.014058e+02	4.0e+00
5.2432e+03	2.4e+00	1.001941e+02	3.2e+00
5.2467e+03	2.4e+00	1.112607e+02	1.8e+00
5.2502e+03	2.4e+00	1.057478e+02	5.1e+00
5.2538e+03	2.4e+00	1.196772e+02	5.1e+00
5.2573e+03	2.4e+00	1.145183e+02	5.2e+00
5.2608e+03	2.4e+00	1.101444e+02	5.7e+00
5.2643e+03	2.4e+00	9.592638e+01	5.5e+00
5.2679e+03	2.4e+00	9.866047e+01	5.7e+00
5.2714e+03	2.4e+00	9.825184e+01	2.8e+00
5.2749e+03	2.4e+00	1.005811e+02	2.3e+00
5.2784e+03	2.4e+00	9.931659e+01	4.7e+00
5.2820e+03	2.4e+00	9.663801e+01	5.6e+00
5.2855e+03	2.4e+00	8.724579e+01	2.6e+00
5.2890e+03	2.4e+00	8.639952e+01	5.3e+00
5.2925e+03	2.4e+00	8.588874e+01	6.5e+00
5.2960e+03	2.4e+00	8.667231e+01	5.0e+00
5.2996e+03	2.4e+00	9.060184e+01	4.3e+00
5.3031e+03	2.4e+00	8.052599e+01	4.0e+00
5.3066e+03	2.4e+00	8.802415e+01	5.3e+00
5.3101e+03	2.4e+00	8.091913e+01	3.7e+00
5.3136e+03	2.4e+00	9.030363e+01	5.5e+00
5.3171e+03	2.4e+00	8.732632e+01	2.3e+00
5.3207e+03	2.4e+00	7.521060e+01	8.3e+00
5.3242e+03	2.4e+00	8.623834e+01	5.2e+00
5.3277e+03	2.4e+00	8.495996e+01	5.6e+00
5.3312e+03	2.4e+00	1.141436e+02	4.8e+00
5.3347e+03	2.4e+00	1.007808e+02	5.6e+00
5.3382e+03	2.4e+00	1.065245e+02	6.8e+00
5.3418e+03	2.4e+00	1.256161e+02	4.3e+00
5.3453e+03	2.4e+00	1.130773e+02	8.5e+00
5.3488e+03	2.4e+00	9.717212e+01	2.6e+00
5.3523e+03	2.4e+00	9.248160e+01	6.2e+00
5.3558e+03	2.4e+00	8.468637e+01	8.4e+00
5.3593e+03	2.4e+00	8.456513e+01	3.3e+00
5.3628e+03	2.4e+00	8.196537e+01	6.1e+00
5.3663e+03	2.4e+00	8.198310e+01	3.3e+00
5.3698e+03	2.4e+00	7.390695e+01	4.8e+00
5.3734e+03	2.4e+00	7.863677e+01	3.2e+00
5.3769e+03	2.4e+00	7.452759e+01	4.1e+00
5.3804e+03	2.4e+00	7.018430e+01	4.8e+00
5.3839e+03	2.4e+00	6.709019e+01	5.5e+00
5.3874e+03	2.4e+00	7.169703e+01	4.9e+00
5.3909e+03	2.4e+00	6.393779e+01	3.4e+00
5.3944e+03	2.4e+00	7.703949e+01	3.7e+00
5.3979e+03	2.4e+00	9.444272e+01	3.9e+00
5.4014e+03	2.4e+00	1.212743e+02	4.1e+00
5.4049e+03	2.4e+00	1.128376e+02	5.4e+00
5.4084e+03	2.4e+00	1.074562e+02	3.8e+00
5.4119e+03	2.4e+00	7.972417e+01	3.2e+00
5.4154e+03	2.4e+00	6.782354e+01	4.5e+00
5.4189e+03	2.4e+00	6.555931e+01	2.3e+00
5.4224e+03	2.4e+00	6.055876e+01	3.9e+00
5.4260e+03	2.4e+00	6.528119e+01	5.5e+00
5.4295e+03	2.4e+00	7.096615e+01	3.6e+00
5.4330e+03	2.4e+00	6.626571e+01	4.8e+00
5.4365e+03	2.4e+00	7.109914e+01	1.3e+00
5.4400e+03	2.4e+00	6.190326e+01	4.0e+00
5.4435e+03	2.4e+00	7.857734e+01	3.0e+00
5.4470e+03	2.4e+00	7.134865e+01	7.1e+00
5.4505e+03	2.4e+00	7.773710e+01	2.4e+00
5.4540e+03	2.4e+00	8.080830e+01	3.9e+00
5.4575e+03	2.4e+00	7.219084e+01	3.8e+00
5.4610e+03	2.4e+00	7.029156e+01	2.6e+00
5.4645e+03	2.4e+00	5.818822e+01	2.5e+00
5.4680e+03	2.4e+00	6.305820e+01	2.5e+00
5.4715e+03	2.4e+00	6.466853e+01	2.7e+00
5.4749e+03	2.4e+00	6.085827e+01	2.3e+00
5.4784e+03	2.4e+00	5.390922e+01	3.8e+00
5.4819e+03	2.4e+00	5.610716e+01	3.6e+00
5.4854e+03	2.4e+00	5.760400e+01	4.0e+00
5.4889e+03	2.4e+00	5.332059e+01	4.7e+00
5.4924e+03	2.4e+00	6.186590e+01	3.2e+00
5.4959e+03	2.4e+00	8.934915e+01	6.8e+00
5.4994e+03	2.4e+00	1.003883e+02	2.7e+00
5.5029e+03	2.4e+00	8.334843e+01	4.0e+00
5.5064e+03	2.4e+00	7.091758e+01	3.8e+00
5.5099e+03	2.4e+00	7.255034e+01	3.3e+00
5.5134e+03	2.4e+00	6.314990e+01	5.9e+00
5.5169e+03	2.4e+00	5.287814e+01	3.9e+00
5.5204e+03	2.4e+00	4.828179e+01	4.5e+00
5.5239e+03	2.4e+00	5.632628e+01	3.6e+00
5.5273e+03	2.4e+00	6.343869e+01	4.8e+00
5.5308e+03	2.4e+00	5.985126e+01	4.8e+00
5.5343e+03	2.4e+00	6.411244e+01	4.1e+00
5.5378e+03	2.4e+00	6.553835e+01	4.3e+00
5.5413e+03	2.4e+00	6.766099e+01	5.2e+00
5.5448e+03	2.4e+00	6.978003e+01	6.4e+00
5.5483e+03	2.4e+00	6.183257e+01	5.4e+00
5.5518e+03	2.4e+00	7.280421e+01	4.0e+00
5.5553e+03	2.4e+00	9.317824e+01	3.1e+00
5.5587e+03	2.4e+00	1.140663e+02	3.7e+00
5.5622e+03	2.4e+00	1.128299e+02	5.1e+00
5.5657e+03	2.4e+00	1.078950e+02	7.2e+00
5.5692e+03	2.4e+00	8.959730e+01	3.1e+00
5.5727e+03	2.4e+00	9.698154e+01	3.4e+00
5.5762e+03	2.4e+00	1.019921e+02	2.5e+00
5.5796e+03	2.4e+00	1.038054e+02	3.0e+00
5.5831e+03	2.4e+00	1.001676e+02	3.1e+00
5.5866e+03	2.4e+00	1.112019e+02	5.1e+00
5.5901e+03	2.4e+00	1.180786e+02	2.3e+00
5.5936e+03	2.4e+00	1.253064e+02	3.8e+00
5.5971e+03	2.4e+00	1.397671e+02	5.9e+00
5.6005e+03	2.4e+00	1.710580e+02	5.3e+00
5.6040e+03	2.4e+00	1.893205e+02	7.9e+00
5.6075e+03	2.4e+00	2.241529e+02	2.6e+00
5.6110e+03	2.4e+00	1.829112e+02	3.1e+00
5.6145e+03	2.4e+00	1.354292e+02	5.3e+00
5.6179e+03	2.4e+00	7.765020e+01	3.2e+00
5.6214e+03	2.4e+00	6.218034e+01	2.3e+00
5.6249e+03	2.4e+00	6.625059e+01	3.7e+00
5.6284e+03	2.4e+00	5.721997e+01	3.9e+00
5.6319e+03	2.4e+00	5.688423e+01	2.9e+00
5.6353e+03	2.4e+00	6.834007e+01	3.1e+00
5.6388e+03	2.4e+00	7.163521e+01	2.6e+00
5.6423e+03	2.4e+00	6.809325e+01	2.6e+00
5.6458e+03	2.4e+00	7.697678e+01	5.8e+00
5.6492e+03	2.4e+00	9.670263e+01	1.2e+00
5.6527e+03	2.4e+00	9.924449e+01	3.6e+00
5.6562e+03	2.4e+00	9.389383e+01	5.0e+00
5.6597e+03	2.4e+00	8.223837e+01	3.8e+00
5.6631e+03	2.4e+00	8.356017e+01	4.2e+00
5.6666e+03	2.4e+00	8.619519e+01	3.6e+00
5.6701e+03	2.4e+00	9.787489e+01	4.7e+00
5.6735e+03	2.4e+00	1.063063e+02	3.1e+00
5.6770e+03	2.4e+00	1.061165e+02	8.5e+00
5.6805e+03	2.4e+00	1.012104e+02	5.4e+00
5.6840e+03	2.4e+00	9.833602e+01	5.5e+00
5.6874e+03	2.4e+00	1.015625e+02	5.6e+00
5.6909e+03	2.4e+00	9.817161e+01	6.0e+00
5.6944e+03	2.4e+00	9.856629e+01	5.5e+00
5.6978e+03	2.4e+00	9.289522e+01	4.4e+00
5.7013e+03	2.4e+00	7.928763e+01	3.5e+00
5.7048e+03	2.4e+00	7.324576e+01	3.0e+00
5.7082e+03	2.4e+00	7.657091e+01	5.8e+00
5.7117e+03	2.4e+00	7.078521e+01	2.7e+00
5.7152e+03	2.4e+00	6.174863e+01	3.0e+00
5.7186e+03	2.4e+00	6.490160e+01	1.2e+00
5.7221e+03	2.4e+00	6.374966e+01	4.1e+00
5.7256e+03	2.4e+00	6.467370e+01	2.7e+00
5.7290e+03	2.4e+00	6.088492e+01	2.4e+00
5.7325e+03	2.4e+00	7.218763e+01	3.8e+00
5.7360e+03	2.4e+00	6.474141e+01	4.3e+00
5.7394e+03	2.4e+00	6.149764e+01	3.4e+00
5.7429e+03	2.4e+00	6.721922e+01	1.6e+00
5.7463e+03	2.4e+00	7.332957e+01	4.7e+00
5.7498e+03	2.4e+00	6.393495e+01	3.4e+00
5.7533e+03	2.4e+00	6.006686e+01	3.2e+00
5.7567e+03	2.4e+00	6.392000e+01	3.7e+00
5.7602e+03	2.4e+00	7.164183e+01	4.0e+00
5.7636e+03	2.4e+00	8.660055e+01	5.9e+00
5.7671e+03	2.4e+00	8.785635e+01	4.2e+00
5.7706e+03	2.4e+00	8.338366e+01	4.0e+00
5.7740e+03	2.4e+00	5.784573e+01	1.8e+00
5.7775e+03	2.4e+00	4.832190e+01	3.8e+00
5.7809e+03	2.4e+00	7.163465e+01	4.1e+00
5.7844e+03	2.4e+00	5.798514e+01	4.7e+00
5.7879e+03	2.4e+00	4.907477e+01	1.9e+00
5.7913e+03	2.4e+00	5.590577e+01	3.4e+00
5.7948e+03	2.4e+00	6.037795e+01	4.4e+00
5.7982e+03	2.4e+00	5.903994e+01	3.2e+00
5.8017e+03	2.4e+00	5.931899e+01	1.6e+00
5.8051e+03	2.4e+00	5.672671e+01	3.2e+00
5.8086e+03	2.4e+00	6.012147e+01	2.5e+00
5.8120e+03	2.4e+00	6.491625e+01	1.8e+00
5.8155e+03	2.4e+00	7.328468e+01	4.9e+00
5.8189e+03	2.4e+00	7.418982e+01	3.5e+00
5.8224e+03	2.4e+00	6.611574e+01	6.3e+00
5.8259e+03	2.4e+00	6.681720e+01	4.1e+00
5.8293e+03	2.4e+00	5.845212e+01	4.2e+00
5.8328e+03	2.4e+00	6.386743e+01	5.6e+00
5.8362e+03	2.4e+00	8.309453e+01	7.2e+00
5.8397e+03	2.4e+00	1.332854e+02	4.2e+00
5.8431e+03	2.4e+00	3.154498e+02	9.2e+00
5.8466e+03	2.4e+00	8.324797e+02	1.3e+01
5.8500e+03	2.4e+00	2.374597e+03	1.7e+01
5.8535e+03	2.4e+00	2.884810e+03	2.2e+01
5.8569e+03	2.4e+00	2.399322e+03	1.8e+01
5.8603e+03	2.4e+00	1.113382e+03	1.2e+01
5.8638e+03	2.4e+00	2.484820e+02	1.1e+01
5.8672e+03	2.4e+00	8.215844e+01	4.3e+00
5.8707e+03	2.4e+00	1.036007e+02	5.7e+00
5.8741e+03	2.4e+00	1.322854e+02	8.8e+00
5.8776e+03	2.4e+00	1.798422e+02	3.9e+00
5.8810e+03	2.4e+00	2.073342e+02	3.3e+00
5.8845e+03	2.4e+00	1.987845e+02	4.2e+00
5.8879e+03	2.4e+00	1.550656e+02	3.7e+00
5.8914e+03	2.4e+00	9.392146e+01	3.0e+00
5.8948e+03	2.4e+00	7.278334e+01	4.3e+00
5.8982e+03	2.4e+00	6.246825e+01	2.9e+00
5.9017e+03	2.4e+00	7.535778e+01	2.6e+00
5.9051e+03	2.4e+00	8.588893e+01	3.7e+00
5.9086e+03	2.4e+00	9.042669e+01	5.3e-01
5.9120e+03	2.4e+00	9.053637e+01	3.0e+00
5.9154e+03	2.4e+00	8.774479e+01	5.8e+00
5.9189e+03	2.4e+00	6.813531e+01	2.3e+00
5.9223e+03	2.4e+00	5.999692e+01	9.6e-01
5.9258e+03	2.4e+00	6.660375e+01	2.2e+00
5.9292e+03	2.4e+00	7.083862e+01	2.6e+00
5.9326e+03	2.4e+00	7.664901e+01	4.7e+00
5.9361e+03	2.4e+00	8.373748e+01	1.6e+00
5.9395e+03	2.4e+00	1.279029e+02	4.9e+00
5.9430e+03	2.4e+00	2.142033e+02	6.1e+00
5.9464e+03	2.4e+00	2.350231e+02	5.4e+00
5.9498e+03	2.4e+00	1.793925e+02	5.3e+00
5.9533e+03	2.4e+00	8.350968e+01	3.4e+00
5.9567e+03	2.4e+00	4.918655e+01	3.3e+00
5.9601e+03	2.4e+00	4.317155e+01	2.8e+00
5.9636e+03	2.4e+00	5.687306e+01	4.3e+00
5.9670e+03	2.4e+00	5.447339e+01	2.9e+00
5.9704e+03	2.4e+00	7.536283e+01	7.1e+00
5.9739e+03	2.4e+00	9.472043e+01	5.6e+00
5.9773e+03	2.4e+00	9.301820e+01	4.6e+00
5.9807e+03	2.4e+00	8.644935e+01	4.0e+00
5.9842e+03	2.4e+00	7.155796e+01	3.1e+00
5.9876e+03	2.4e+00	7.066338e+01	4.2e+00
5.9910e+03	2.4e+00	5.845001e+01	2.2e+00
5.9945e+03	2.4e+00	6.078740e+01	5.8e+00
5.9979e+03	2.4e+00	5.400653e+01	4.5e+00
6.0013e+03	2.4e+00	6.126748e+01	2.9e+00
6.0047e+03	2.4e+00	6.953939e+01	1.5e+00
6.0082e+03	2.4e+00	6.214012e+01	2.8e+00
6.0116e+03	2.4e+00	5.544500e+01	3.2e+00
6.0150e+03	2.4e+00	7.013981e+01	2.4e+00
6.0185e+03	2.4e+00	7.777407e+01	6.4e+00
6.0219e+03	2.4e+00	9.356458e+01	4.1e+00
6.0253e+03	2.4e+00	1.298437e+02	2.3e+00
6.0287e+03	2.4e+00	1.883867e+02	4.4e+00
6.0322e+03	2.4e+00	2.062015e+02	6.2e+00
6.0356e+03	2.4e+00	1.691527e+02	5.1e+00
6.0390e+03	2.4e+00	1.226686e+02	1.7e+00
6.0424e+03	2.4e+00	1.006852e+02	3.4e+00
6.0459e+03	2.4e+00	1.017306e+02	3.7e+00
6.0493e+03	2.4e+00	9.258983e+01	1.4e+00
6.0527e+03	2.4e+00	8.342380e+01	3.3e+00
6.0561e+03	2.4e+00	9.377572e+01	4.0e+00
6.0596e+03	2.4e+00	9.328725e+01	3.8e+00
6.0630e+03	2.4e+00	1.036106e+02	3.5e+00
6.0664e+03	2.4e+00	1.316875e+02	2.5e+00
6.0698e+03	2.4e+00	2.181152e+02	3.7e+00
6.0732e+03	2.4e+00	2.722945e+02	5.5e+00
6.0767e+03	2.4e+00	2.364821e+02	3.5e+00
6.0801e+03	2.4e+00	1.776852e+02	4.5e+00
6.0835e+03	2.4e+00	9.874421e+01	3.3e+00
6.0869e+03	2.4e+00	9.381432e+01	2.7e+00
6.0903e+03	2.4e+00	1.673249e+02	2.6e+00
6.0937e+03	2.4e+00	2.993137e+02	5.2e+00
6.0972e+03	2.4e+00	3.195540e+02	5.8e+00
6.1006e+03	2.4e+00	2.457156e+02	3.7e+00
6.1040e+03	2.4e+00	1.153266e+02	4.3e+00
6.1074e+03	2.4e+00	6.285284e+01	1.8e+00
6.1108e+03	2.4e+00	6.184674e+01	4.3e+00
6.1142e+03	2.4e+00	6.099703e+01	4.1e+00
6.1177e+03	2.4e+00	5.655001e+01	2.3e+00
6.1211e+03	2.4e+00	4.474736e+01	3.7e+00
6.1245e+03	2.4e+00	5.390414e+01	4.4e+00
6.1279e+03	2.4e+00	5.876407e+01	2.3e+00
6.1313e+03	2.4e+00	7.803671e+01	2.5e+00
6.1347e+03	2.4e+00	1.215956e+02	4.0e+00
6.1381e+03	2.4e+00	2.939948e+02	5.8e+00
6.1415e+03	2.4e+00	3.939488e+02	9.6e+00
6.1450e+03	2.4e+00	3.766979e+02	8.5e+00
6.1484e+03	2.4e+00	2.528687e+02	4.5e+00
6.1518e+03	2.4e+00	1.077005e+02	1.8e+00
6.1552e+03	2.4e+00	8.142729e+01	4.9e+00
6.1586e+03	2.4e+00	1.296880e+02	6.1e+00
6.1620e+03	2.4e+00	1.653795e+02	4.2e+00
6.1654e+03	2.4e+00	1.727001e+02	3.0e+00
6.1688e+03	2.4e+00	1.470226e+02	4.3e+00
6.1722e+03	2.4e+00	8.738990e+01	3.8e+00
6.1756e+03	2.4e+00	6.303694e+01	2.9e+00
6.1790e+03	2.4e+00	5.224881e+01	2.9e+00
6.1824e+03	2.4e+00	4.006166e+01	2.1e+00
6.1858e+03	2.4e+00	3.876520e+01	1.2e+00
6.1893e+03	2.4e+00	3.425528e+01	1.4e+00
6.1927e+03	2.4e+00	3.390318e+01	3.9e+00
6.1961e+03	2.4e+00	3.672543e+01	1.6e+00
6.1995e+03	2.4e+00	3.232786e+01	2.1e+00
6.2029e+03	2.4e+00	3.440947e+01	3.1e+00
6.2063e+03	2.4e+00	4.150939e+01	2.8e+00
6.2097e+03	2.4e+00	6.117226e+01	1.3e+00
6.2131e+03	2.4e+00	7.972443e+01	2.3e+00
6.2165e+03	2.4e+00	9.109738e+01	4.6e+00
6.2199e+03	2.4e+00	7.773670e+01	4.5e+00
6.2233e+03	2.4e+00	4.206124e+01	1.1e+00
6.2267e+03	2.4e+00	3.144445e+01	2.7e+00
6.2301e+03	2.4e+00	3.151169e+01	2.0e+00
6.2335e+03	2.4e+00	2.909703e+01	2.3e+00
6.2369e+03	2.4e+00	3.009594e+01	3.1e+00
6.2403e+03	2.4e+00	3.253061e+01	3.3e+00
6.2437e+03	2.4e+00	3.335268e+01	3.0e+00
6.2471e+03	2.4e+00	3.677738e+01	1.7e+00
6.2505e+03	2.4e+00	4.131368e+01	2.2e+00
6.2539e+03	2.4e+00	5.137530e+01	3.0e+00
6.2573e+03	2.4e+00	8.278510e+01	1.8e+00
6.2607e+03	2.4e+00	1.708806e+02	2.7e+00
6.2641e+03	2.4e+00	2.355047e+02	4.6e+00
6.2674e+03	2.4e+00	2.391002e+02	3.0e+00
6.2708e+03	2.4e+00	1.798907e+02	6.0e+00
6.2742e+03	2.4e+00	7.018388e+01	4.1e+00
6.2776e+03	2.4e+00	3.995073e+01	2.1e+00
6.2810e+03	2.4e+00	3.195389e+01	2.5e+00
6.2844e+03	2.4e+00	3.875192e+01	2.8e+00
6.2878e+03	2.4e+00	3.243289e+01	2.4e+00
6.2912e+03	2.4e+00	3.654088e+01	3.4e+00
6.2946e+03	2.4e+00	5.475032e+01	4.5e+00
6.2980e+03	2.4e+00	6.377060e+01	4.0e+00
6.3014e+03	2.4e+00	8.071121e+01	3.4e+00
6.3048e+03	2.4e+00	7.944398e+01	6.0e+00
6.3082e+03	2.4e+00	6.769814e+01	2.9e+00
6.3115e+03	2.4e+00	4.632244e+01	3.4e+00
6.3149e+03	2.4e+00	3.597501e+01	1.8e+00
6.3183e+03	2.4e+00	3.521160e+01	2.4e+00
6.3217e+03	2.4e+00	4.320724e+01	2.3e+00
6.3251e+03	2.4e+00	5.399828e+01	3.2e+00
6.3285e+03	2.4e+00	1.265060e+02	2.2e+00
6.3319e+03	2.4e+00	1.518959e+02	3.6e+00
6.3353e+03	2.4e+00	1.435739e+02	4.2e+00
6.3386e+03	2.4e+00	1.096085e+02	3.3e+00
6.3420e+03	2.4e+00	4.671677e+01	2.8e+00
6.3454e+03	2.4e+00	2.595702e+01	2.6e+00
6.3488e+03	2.4e+00	3.278567e+01	3.5e+00
6.3522e+03	2.4e+00	3.595946e+01	2.8e+00
6.3556e+03	2.4e+00	3.094043e+01	2.7e+00
6.3589e+03	2.4e+00	3.024113e+01	9.0e-01
6.3623e+03	2.4e+00	3.178065e+01	1.7e+00
6.3657e+03	2.4e+00	3.892928e+01	2.8e+00
6.3691e+03	2.4e+00	4.907484e+01	1.2e+00
6.3725e+03	2.4e+00	6.899866e+01	3.2e+00
6.3758e+03	2.4e+00	1.389305e+02	2.3e+00
6.3792e+03	2.4e+00	2.393764e+02	2.2e+00
6.3826e+03	2.4e+00	2.551270e+02	3.4e+00
6.3860e+03	2.4e+00	2.247835e+02	1.9e+00
6.3894e+03	2.4e+00	1.420268e+02	1.7e+00
6.3927e+03	2.4e+00	1.533142e+02	5.1e+00
6.3961e+03	2.4e+00	3.583992e+02	6.1e+00
6.3995e+03	2.4e+00	5.039585e+02	3.8e+00
6.4029e+03	2.4e+00	4.787424e+02	8.8e+00
6.4063e+03	2.4e+00	3.326425e+02	5.4e+00
6.4096e+03	2.4e+00	1.334290e+02	2.8e+00
6.4130e+03	2.4e+00	8.838785e+01	2.9e+00
6.4164e+03	2.4e+00	8.129788e+01	2.6e+00
6.4198e+03	2.4e+00	5.545278e+01	4.3e+00
6.4231e+03	2.4e+00	3.815758e+01	1.9e+00
6.4265e+03	2.4e+00	4.269428e+01	2.1e+00
6.4299e+03	2.4e+00	3.311478e+01	3.2e+00
6.4332e+03	2.4e+00	2.689401e+01	2.3e+00
6.4366e+03	2.4e+00	3.682296e+01	3.1e+00
6.4400e+03	2.4e+00	4.263749e+01	4.3e+00
6.4434e+03	2.4e+00	3.966754e+01	2.2e+00
6.4467e+03	2.4e+00	3.829660e+01	3.1e+00
6.4501e+03	2.4e+00	3.742229e+01	5.4e+00
6.4535e+03	2.4e+00	4.014639e+01	4.3e+00
6.4568e+03	2.4e+00	3.612405e+01	3.6e+00
6.4602e+03	2.4e+00	4.073515e+01	2.9e+00
6.4636e+03	2.4e+00	4.732563e+01	3.5e+00
6.4670e+03	2.4e+00	4.751448e+01	2.3e+00
6.4703e+03	2.4e+00	4.788820e+01	3.2e+00
6.4737e+03	2.4e+00	4.602217e+01	2.8e+00
6.4771e+03	2.4e+00	4.247587e+01	2.3e+00
6.4804e+03	2.4e+00	4.105742e+01	1.6e+00
6.4838e+03	2.4e+00	4.120127e+01	2.0e+00
6.4872e+03	2.4e+00	4.192612e+01	1.7e+00
6.4905e+03	2.4e+00	4.819316e+01	1.8e+00
6.4939e+03	2.4e+00	6.361032e+01	3.9e+00
6.4973e+03	2.4e+00	9.182246e+01	5.9e+00
6.5006e+03	2.4e+00	1.806399e+02	4.8e+00
6.5040e+03	2.4e+00	2.377741e+02	6.8e+00
6.5073e+03	2.4e+00	2.206095e+02	6.5e+00
6.5107e+03	2.4e+00	1.352503e+02	3.9e+00
6.5141e+03	2.4e+00	6.312816e+01	1.3e+00
6.5174e+03	2.4e+00	4.147343e+01	1.6e+00
6.5208e+03	2.4e+00	5.067225e+01	2.1e+00
6.5242e+03	2.4e+00	6.349991e+01	3.4e+00
6.5275e+03	2.4e+00	8.668829e+01	2.5e+00
6.5309e+03	2.4e+00	1.017705e+02	2.4e+00
6.5342e+03	2.4e+00	9.827240e+01	2.4e+00
6.5376e+03	2.4e+00	7.193421e+01	1.5e+00
6.5410e+03	2.4e+00	4.919115e+01	2.2e+00
6.5443e+03	2.4e+00	5.748962e+01	2.0e+00
6.5477e+03	2.4e+00	9.018831e+01	3.2e+00
6.5510e+03	2.4e+00	1.479207e+02	2.8e+00
6.5544e+03	2.4e+00	2.958586e+02	4.4e+00
6.5577e+03	2.4e+00	5.535853e+02	2.8e+00
6.5611e+03	2.4e+00	6.377069e+02	4.3e+00
6.5645e+03	2.4e+00	5.436647e+02	6.4e+00
6.5678e+03	2.4e+00	2.749201e+02	5.3e+00
6.5712e+03	2.4e+00	9.399667e+01	4.2e+00
6.5745e+03	2.4e+00	4.708093e+01	1.7e+00
6.5779e+03	2.4e+00	4.387346e+01	2.9e+00
6.5812e+03	2.4e+00	4.771204e+01	3.8e+00
6.5846e+03	2.4e+00	6.201175e+01	3.8e+00
6.5879e+03	2.4e+00	8.020265e+01	2.6e+00
6.5913e+03	2.4e+00	1.241203e+02	5.1e+00
6.5946e+03	2.4e+00	1.869378e+02	8.0e+00
6.5980e+03	2.4e+00	1.865786e+02	7.1e+00
6.6013e+03	2.4e+00	1.622299e+02	7.4e+00
6.6047e+03	2.4e+00	8.903449e+01	5.6e+00
6.6080e+03	2.4e+00	5.279883e+01	3.6e+00
6.6114e+03	2.4e+00	5.200768e+01	2.9e+00
6.6147e+03	2.4e+00	4.887825e+01	4.8e+00
6.6181e+03	2.4e+00	4.058646e+01	3.1e+00
6.6214e+03	2.4e+00	3.590455e+01	3.8e+00
6.6248e+03	2.4e+00	3.987950e+01	2.9e+00
6.6281e+03	2.4e+00	3.327250e+01	4.0e+00
6.6315e+03	2.4e+00	2.993694e+01	3.9e+00
6.6348e+03	2.4e+00	3.786957e+01	2.0e+00
6.6382e+03	2.4e+00	4.682315e+01	3.3e+00
6.6415e+03	2.4e+00	4.002442e+01	1.4e+00
6.6449e+03	2.4e+00	3.699871e+01	3.1e+00
6.6482e+03	2.4e+00	3.050485e+01	9.0e-01
6.6515e+03	2.4e+00	3.199732e+01	2.6e+00
6.6549e+03	2.4e+00	3.210686e+01	2.3e+00
6.6582e+03	2.4e+00	4.323672e+01	4.0e+00
6.6616e+03	2.4e+00	7.233211e+01	4.9e+00
6.6649e+03	2.4e+00	1.056347e+02	3.1e+00
6.6683e+03	2.4e+00	1.889843e+02	3.9e+00
6.6716e+03	2.4e+00	3.739606e+02	4.1e+00
6.6749e+03	2.4e+00	4.939697e+02	1.8e+00
6.6783e+03	2.4e+00	4.621954e+02	5.3e+00
6.6816e+03	2.4e+00	3.033392e+02	7.6e+00
6.6850e+03	2.4e+00	1.015873e+02	3.6e+00
6.6883e+03	2.4e+00	3.904792e+01	2.0e+00
6.6916e+03	2.4e+00	3.846319e+01	2.5e+00
6.6950e+03	2.4e+00	3.769816e+01	1.5e+00
6.6983e+03	2.4e+00	3.357585e+01	1.7e+00
6.7017e+03	2.4e+00	4.067611e+01	1.6e+00
6.7050e+03	2.4e+00	5.965075e+01	3.7e+00
6.7083e+03	2.4e+00	8.700450e+01	2.0e+00
6.7117e+03	2.4e+00	1.429790e+02	2.4e+00
6.7150e+03	2.4e+00	1.678148e+02	6.5e+00
6.7183e+03	2.4e+00	1.467998e+02	5.6e+00
6.7217e+03	2.4e+00	8.979603e+01	4.2e+00
6.7250e+03	2.4e+00	3.829610e+01	2.2e+00
6.7283e+03	2.4e+00	3.140396e+01	2.7e+00
6.7317e+03	2.4e+00	2.795883e+01	3.6e+00
6.7350e+03	2.4e+00	3.059497e+01	2.7e+00
6.7383e+03	2.4e+00	4.388783e+01	3.7e+00
6.7417e+03	2.4e+00	6.249975e+01	3.0e+00
6.7450e+03	2.4e+00	8.377415e+01	2.2e+00
6.7483e+03	2.4e+00	1.161652e+02	5.3e+00
6.7517e+03	2.4e+00	1.183165e+02	4.3e+00
6.7550e+03	2.4e+00	1.075604e+02	4.8e+00
6.7583e+03	2.4e+00	6.277792e+01	5.5e+00
6.7617e+03	2.4e+00	3.710181e+01	4.2e+00
6.7650e+03	2.4e+00	3.427814e+01	4.4e+00
6.7683e+03	2.4e+00	3.937366e+01	4.1e+00
6.7716e+03	2.4e+00	3.130298e+01	2.5e+00
6.7750e+03	2.4e+00	2.682353e+01	3.8e+00
6.7783e+03	2.4e+00	2.521270e+01	2.3e+00
6.7816e+03	2.4e+00	2.267291e+01	6.5e+00
6.7849e+03	2.4e+00	2.387193e+01	2.8e+00
6.7883e+03	2.4e+00	2.028591e+01	4.4e+00
6.7916e+03	2.4e+00	3.147953e+01	1.1e+00
6.7949e+03	2.4e+00	3.323546e+01	3.3e+00
6.7983e+03	2.4e+00	2.909361e+01	3.1e+00
6.8016e+03	2.4e+00	3.444704e+01	1.7e+00
6.8049e+03	2.4e+00	2.987049e+01	2.2e+00
6.8082e+03	2.4e+00	3.278092e+01	1.7e+00
6.8115e+03	2.4e+00	3.513134e+01	3.7e+00
6.8149e+03	2.4e+00	2.993053e+01	4.1e+00
6.8182e+03	2.4e+00	3.467495e+01	1.5e+00
6.8215e+03	2.4e+00	3.610650e+01	1.9e+00
6.8248e+03	2.4e+00	3.720447e+01	3.5e+00
6.8282e+03	2.4e+00	3.160702e+01	1.9e+00
6.8315e+03	2.4e+00	2.985446e+01	1.5e+00
6.8348e+03	2.4e+00	3.836733e+01	3.7e+00
6.8381e+03	2.4e+00	3.706974e+01	2.0e+00
6.8414e+03	2.4e+00	2.709638e+01	2.1e+00
6.8447e+03	2.4e+00	3.605104e+01	2.5e+00
6.8481e+03	2.4e+00	4.330596e+01	2.9e+00
6.8514e+03	2.4e+00	4.447866e+01	4.7e+00
6.8547e+03	2.4e+00	4.638070e+01	2.1e+00
6.8580e+03	2.4e+00	4.773959e+01	2.6e+00
6.8613e+03	2.4e+00	5.855779e+01	3.5e+00
6.8647e+03	2.4e+00	8.999413e+01	2.0e+00
6.8680e+03	2.4e+00	1.029733e+02	3.6e+00
6.8713e+03	2.4e+00	9.605350e+01	4.1e+00
6.8746e+03	2.4e+00	7.779820e+01	4.4e+00
6.8779e+03	2.4e+00	5.010551e+01	4.8e+00
6.8812e+03	2.4e+00	3.945617e+01	4.0e+00
6.8845e+03	2.4e+00	3.628499e+01	3.0e+00
6.8878e+03	2.4e+00	3.697767e+01	1.8e+00
6.8912e+03	2.4e+00	4.546077e+01	3.6e+00
6.8945e+03	2.4e+00	2.947224e+01	5.2e+00
6.8978e+03	2.4e+00	2.607326e+01	4.6e+00
6.9011e+03	2.4e+00	3.447396e+01	4.7e+00
6.9044e+03	2.4e+00	3.531782e+01	2.7e+00
6.9077e+03	2.4e+00	4.112572e+01	3.9e+00
6.9110e+03	2.4e+00	5.161460e+01	3.9e+00
6.9143e+03	2.4e+00	5.456848e+01	3.2e+00
6.9176e+03	2.4e+00	6.249800e+01	3.4e+00
6.9210e+03	2.4e+00	9.245145e+01	5.2e+00
6.9243e+03	2.4e+00	1.516201e+02	3.4e+00
6.9276e+03	2.4e+00	1.797518e+02	4.9e+00
6.9309e+03	2.4e+00	1.827072e+02	3.9e+00
6.9342e+03	2.4e+00	1.256906e+02	5.3e+00
6.9375e+03	2.4e+00	8.342769e+01	3.7e+00
6.9408e+03	2.4e+00	5.976162e+01	4.1e+00
6.9441e+03	2.4e+00	6.912167e+01	4.9e+00
6.9474e+03	2.4e+00	1.653031e+02	5.3e+00
6.9507e+03	2.4e+00	3.266664e+02	6.7e+00
6.9540e+03	2.4e+00	5.957267e+02	4.8e+00
6.9573e+03	2.4e+00	1.007671e+03	1.2e+01
6.9606e+03	2.4e+00	1.692327e+03	6.4e+00
6.9639e+03	2.4e+00	1.930583e+03	8.8e+00
6.9672e+03	2.4e+00	1.708625e+03	8.8e+00
6.9705e+03	2.4e+00	8.423419e+02	8.0e+00
6.9738e+03	2.4e+00	1.932940e+02	5.4e+00
6.9771e+03	2.4e+00	4.436538e+01	1.9e+00
6.9804e+03	2.4e+00	4.122292e+01	2.7e+00
6.9837e+03	2.4e+00	4.179720e+01	1.8e+00
6.9870e+03	2.4e+00	3.988063e+01	2.6e+00
6.9903e+03	2.4e+00	3.243606e+01	6.0e+00
6.9936e+03	2.4e+00	3.932358e+01	3.0e+00
6.9969e+03	2.4e+00	3.897723e+01	3.8e+00
7.0002e+03	2.4e+00	3.699973e+01	2.1e+00
7.0035e+03	2.4e+00	4.062955e+01	2.6e+00
7.0068e+03	2.4e+00	4.370647e+01	4.1e+00
7.0101e+03	2.4e+00	4.799419e+01	5.9e+00
7.0134e+03	2.4e+00	5.913682e+01	3.8e+00
7.0167e+03	2.4e+00	7.712449e+01	4.9e+00
7.0200e+03	2.4e+00	9.942957e+01	4.1e+00
7.0233e+03	2.4e+00	1.407098e+02	5.4e+00
7.0266e+03	2.4e+00	2.066665e+02	5.9e+00
7.0299e+03	2.4e+00	2.347089e+02	4.5e+00
7.0332e+03	2.4e+00	2.262041e+02	6.2e+00
7.0365e+03	2.4e+00	1.574486e+02	4.7e+00
7.0398e+03	2.4e+00	7.280359e+01	3.5e+00
7.0430e+03	2.4e+00	4.785659e+01	5.1e+00
7.0463e+03	2.4e+00	6.589461e+01	5.2e+00
7.0496e+03	2.4e+00	1.296016e+02	6.4e+00
7.0529e+03	2.4e+00	2.557462e+02	6.7e+00
7.0562e+03	2.4e+00	4.403325e+02	9.9e+00
7.0595e+03	2.4e+00	6.729288e+02	7.1e+00
7.0628e+03	2.4e+00	1.023727e+03	1.3e+01
7.0661e+03	2.4e+00	1.160299e+03	1.6e+01
7.0694e+03	2.4e+00	1.037899e+03	2.0e+01
7.0726e+03	2.4e+00	5.602207e+02	1.8e+01
7.0759e+03	2.4e+00	1.516193e+02	4.2e+00
7.0792e+03	2.4e+00	4.158763e+01	3.6e+00
7.0825e+03	2.4e+00	4.039715e+01	3.2e+00
7.0858e+03	2.4e+00	3.918603e+01	3.4e+00
7.0891e+03	2.4e+00	4.070884e+01	2.4e+00
7.0924e+03	2.4e+00	3.751156e+01	3.1e+00
7.0957e+03	2.4e+00	4.008122e+01	5.3e+00
7.0989e+03	2.4e+00	4.183531e+01	3.0e+00
7.1022e+03	2.4e+00	3.956756e+01	2.3e+00
7.1055e+03	2.4e+00	4.510527e+01	2.2e+00
7.1088e+03	2.4e+00	4.213124e+01	2.6e+00
7.1121e+03	2.4e+00	4.195821e+01	3.4e+00
7.1154e+03	2.4e+00	4.522927e+01	2.4e+00
7.1186e+03	2.4e+00	4.272160e+01	2.9e+00
7.1219e+03	2.4e+00	4.539354e+01	3.0e+00
7.1252e+03	2.4e+00	4.564289e+01	2.2e+00
7.1285e+03	2.4e+00	4.582831e+01	3.3e+00
7.1318e+03	2.4e+00	6.160040e+01	3.8e+00
7.1350e+03	2.4e+00	7.611215e+01	2.1e+00
7.1383e+03	2.4e+00	9.522310e+01	4.7e+00
7.1416e+03	2.4e+00	1.374376e+02	3.1e+00
7.1449e+03	2.4e+00	1.741265e+02	1.9e+00
7.1481e+03	2.4e+00	1.633511e+02	4.1e+00
7.1514e+03	2.4e+00	1.277731e+02	4.4e+00
7.1547e+03	2.4e+00	6.930347e+01	3.8e+00
7.1580e+03	2.4e+00	4.999202e+01	3.1e+00
7.1613e+03	2.4e+00	4.280846e+01	5.3e+00
7.1645e+03	2.4e+00	4.352180e+01	3.4e+00
7.1678e+03	2.4e+00	4.214020e+01	3.9e+00
7.1711e+03	2.4e+00	5.447602e+01	2.7e+00
7.1744e+03	2.4e+00	4.709622e+01	4.0e+00
7.1776e+03	2.4e+00	4.560511e+01	3.0e+00
7.1809e+03	2.4e+00	4.370576e+01	4.3e+00
7.1842e+03	2.4e+00	4.716212e+01	3.7e+00
7.1874e+03	2.4e+00	4.209901e+01	4.2e+00
7.1907e+03	2.4e+00	4.623108e+01	3.9e+00
7.1940e+03	2.4e+00	4.240079e+01	3.1e+00
7.1973e+03	2.4e+00	5.321880e+01	3.2e+00
7.2005e+03	2.4e+00	5.832244e+01	5.5e+00
7.2038e+03	2.4e+00	5.707085e+01	7.8e+00
7.2071e+03	2.4e+00	6.540457e+01	7.3e+00
7.2103e+03	2.4e+00	6.585699e+01	6.5e+00
7.2136e+03	2.4e+00	5.261643e+01	6.5e+00
7.2169e+03	2.4e+00	3.699291e+01	5.2e+00
7.2201e+03	2.4e+00	3.705516e+01	3.2e+00
7.2234e+03	2.4e+00	3.835331e+01	5.1e+00
7.2267e+03	2.4e+00	4.757192e+01	3.1e+00
7.2299e+03	2.4e+00	6.078980e+01	4.3e+00
7.2332e+03	2.4e+00	6.652280e+01	4.1e+00
7.2365e+03	2.4e+00	7.465474e+01	2.9e+00
7.2397e+03	2.4e+00	8.157507e+01	3.8e+00
7.2430e+03	2.4e+00	8.724127e+01	3.5e+00
7.2463e+03	2.4e+00	8.528208e+01	5.3e+00
7.2495e+03	2.4e+00	8.844660e+01	2.0e+00
7.2528e+03	2.4e+00	8.168982e+01	7.5e+00
7.2561e+03	2.4e+00	9.919612e+01	3.4e+00
7.2593e+03	2.4e+00	1.411556e+02	1.5e+00
7.2626e+03	2.4e+00	2.076481e+02	5.9e+00
7.2658e+03	2.4e+00	2.882017e+02	3.7e+00
7.2691e+03	2.4e+00	3.989372e+02	8.5e+00
7.2724e+03	2.4e+00	4.497296e+02	1.1e+01
7.2756e+03	2.4e+00	4.245081e+02	7.5e+00
7.2789e+03	2.4e+00	2.961311e+02	2.9e+00
7.2821e+03	2.4e+00	1.246217e+02	2.2e+00
7.2854e+03	2.4e+00	6.965651e+01	3.1e+00
7.2887e+03	2.4e+00	5.740027e+01	1.9e+00
7.2919e+03	2.4e+00	5.180506e+01	1.9e+00
7.2952e+03	2.4e+00	4.879433e+01	2.2e+00
7.2984e+03	2.4e+00	4.914003e+01	3.1e+00
7.3017e+03	2.4e+00	5.342780e+01	2.9e+00
7.3049e+03	2.4e+00	6.298009e+01	3.0e+00
7.3082e+03	2.4e+00	5.740047e+01	5.5e+00
7.3115e+03	2.4e+00	6.164407e+01	2.8e+00
7.3147e+03	2.4e+00	5.542531e+01	4.6e+00
7.3180e+03	2.4e+00	5.069593e+01	5.3e+00
7.3212e+03	2.4e+00	5.665904e+01	4.8e+00
7.3245e+03	2.4e+00	5.686129e+01	4.2e+00
7.3277e+03	2.4e+00	5.231814e+01	3.9e+00
7.3310e+03	2.4e+00	4.848890e+01	4.8e+00
7.3342e+03	2.4e+00	4.831096e+01	5.8e+00
7.3375e+03	2.4e+00	5.476786e+01	6.7e+00
7.3407e+03	2.4e+00	6.444207e+01	7.9e+00
7.3440e+03	2.4e+00	7.089824e+01	6.4e+00
7.3472e+03	2.4e+00	7.104500e+01	5.0e+00
7.3505e+03	2.4e+00	7.815527e+01	4.5e+00
7.3537e+03	2.4e+00	7.923871e+01	3.9e+00
7.3570e+03	2.4e+00	9.096654e+01	5.5e+00
7.3602e+03	2.4e+00	1.111252e+02	3.8e+00
7.3635e+03	2.4e+00	1.445974e+02	5.9e+00
7.3667e+03	2.4e+00	2.842355e+02	7.2e+00
7.3700e+03	2.4e+00	5.164889e+02	8.0e+00
7.3732e+03	2.4e+00	7.909091e+02	1.0e+01
7.3765e+03	2.4e+00	1.100071e+03	2.7e+01
7.3797e+03	2.4e+00	1.352511e+03	9.7e+00
7.3830e+03	2.4e+00	1.706816e+03	1.9e+01
7.3862e+03	2.4e+00	1.751674e+03	1.6e+01
7.3895e+03	2.4e+00	1.441368e+03	1.7e+01
7.3927e+03	2.4e+00	7.188142e+02	9.3e+00
7.3959e+03	2.4e+00	1.894543e+02	3.2e+00
7.3992e+03	2.4e+00	7.570745e+01	3.9e+00
7.4024e+03	2.4e+00	7.326642e+01	3.1e+00
7.4057e+03	2.4e+00	6.530357e+01	2.1e+00
7.4089e+03	2.4e+00	6.755271e+01	1.9e+00
7.4122e+03	2.4e+00	6.644913e+01	3.4e+00
7.4154e+03	2.4e+00	6.050610e+01	1.8e+00
7.4186e+03	2.4e+00	6.816782e+01	4.2e+00
7.4219e+03	2.4e+00	6.935228e+01	2.5e+00
7.4251e+03	2.4e+00	6.480135e+01	3.8e+00
7.4284e+03	2.4e+00	6.976698e+01	4.3e+00
7.4316e+03	2.4e+00	8.161477e+01	4.9e+00
7.4348e+03	2.4e+00	8.942809e+01	3.5e+00
7.4381e+03	2.4e+00	9.143532e+01	4.4e+00
7.4413e+03	2.4e+00	9.405369e+01	2.6e+00
7.4445e+03	2.4e+00	9.066265e+01	4.7e+00
7.4478e+03	2.4e+00	7.676556e+01	3.2e+00
7.4510e+03	2.4e+00	6.861742e+01	4.3e+00
7.4543e+03	2.4e+00	8.062901e+01	6.6e+00
7.4575e+03	2.4e+00	8.215212e+01	3.4e+00
7.4607e+03	2.4e+00	8.013380e+01	3.7e+00
7.4640e+03	2.4e+00	9.233487e+01	3.3e+00
7.4672e+03	2.4e+00	9.132873e+01	6.9e+00
7.4704e+03	2.4e+00	8.861481e+01	6.5e+00
7.4737e+03	2.4e+00	9.312768e+01	3.0e+00
7.4769e+03	2.4e+00	1.249898e+02	5.6e+00
7.4801e+03	2.4e+00	1.815313e+02	5.6e+00
7.4834e+03	2.4e+00	4.259943e+02	4.7e+00
7.4866e+03	2.4e+00	1.211457e+03	1.3e+01
7.4898e+03	2.4e+00	2.666265e+03	3.0e+01
7.4931e+03	2.4e+00	4.600626e+03	3.8e+01
7.4963e+03	2.4e+00	6.719424e+03	4.9e+01
7.4995e+03	2.4e+00	8.614898e+03	5.5e+01
7.5027e+03	2.4e+00	1.120331e+04	3.9e+01
7.5060e+03	2.4e+00	1.346074e+04	8.0e+01
7.5092e+03	2.4e+00	1.284790e+04	6.2e+01
7.5124e+03	2.4e+00	1.029073e+04	5.6e+01
7.5157e+03	2.4e+00	6.072428e+03	5.2e+01
7.5189e+03	2.4e+00	3.622049e+03	2.3e+01
7.5221e+03	2.4e+00	2.739367e+03	2.0e+01
7.5253e+03	2.4e+00	1.373803e+03	1.6e+01
7.5286e+03	2.4e+00	3.680290e+02	5.3e+00
7.5318e+03	2.4e+00	1.304773e+02	5.4e+00
7.5350e+03	2.4e+00	1.167056e+02	7.7e+00
7.5382e+03	2.4e+00	1.122187e+02	6.0e+00
7.5415e+03	2.4e+00	1.066379e+02	7.3e+00
7.5447e+03	2.4e+00	1.004800e+02	6.4e+00
7.5479e+03	2.4e+00	9.899227e+01	3.9e+00
7.5511e+03	2.4e+00	9.283823e+01	6.5e+00
7.5543e+03	2.4e+00	9.305967e+01	6.2e+00
7.5576e+03	2.4e+00	8.721429e+01	4.2e+00
7.5608e+03	2.4e+00	9.164404e+01	2.7e+00
7.5640e+03	2.4e+00	8.602399e+01	2.2e+00
7.5672e+03	2.4e+00	8.277457e+01	3.8e+00
7.5705e+03	2.4e+00	7.545176e+01	3.8e+00
7.5737e+03	2.4e+00	7.115535e+01	4.7e+00
7.5769e+03	2.4e+00	7.530738e+01	4.2e+00
7.5801e+03	2.4e+00	8.161272e+01	2.6e+00
7.5833e+03	2.4e+00	8.697190e+01	3.4e+00
7.5865e+03	2.4e+00	8.550106e+01	3.2e+00
7.5898e+03	2.4e+00	8.443169e+01	3.5e+00
7.5930e+03	2.4e+00	8.210981e+01	6.1e+00
7.5962e+03	2.4e+00	8.323226e+01	7.3e+00
7.5994e+03	2.4e+00	8.052837e+01	4.5e+00
7.6026e+03	2.4e+00	7.855512e+01	4.2e+00
7.6058e+03	2.4e+00	6.619460e+01	5.7e+00
7.6091e+03	2.4e+00	7.630808e+01	4.6e+00
7.6123e+03	2.4e+00	1.212026e+02	4.1e+00
7.6155e+03	2.4e+00	2.460760e+02	6.0e+00
7.6187e+03	2.4e+00	6.479941e+02	1.9e+01
7.6219e+03	2.4e+00	1.330961e+03	2.5e+01
7.6251e+03	2.4e+00	2.328635e+03	2.5e+01
7.6283e+03	2.4e+00	3.311109e+03	2.8e+01
7.6315e+03	2.4e+00	4.029273e+03	3.3e+01
7.6348e+03	2.4e+00	4.617241e+03	5.3e+01
7.6380e+03	2.4e+00	5.607345e+03	4.9e+01
7.6412e+03	2.4e+00	5.587509e+03	3.1e+01
7.6444e+03	2.4e+00	4.749045e+03	5.5e+01
7.6476e+03	2.4e+00	2.536426e+03	3.7e+01
7.6508e+03	2.4e+00	6.596001e+02	1.6e+01
7.6540e+03	2.4e+00	1.209726e+02	7.8e+00
