# lambda [A]	Dlambda [A]	specval [counts]	Dspecval [counts]
3.6599e+03	2.5e+00	1.1580e-01	1.7e-03
3.6637e+03	2.5e+00	1.1445e-01	2.4e-03
3.6674e+03	2.5e+00	1.3161e-01	3.2e-03
3.6711e+03	2.5e+00	1.3047e-01	3.6e-03
3.6748e+03	2.5e+00	1.3476e-01	7.8e-03
3.6785e+03	2.5e+00	1.3846e-01	5.5e-03
3.6822e+03	2.5e+00	1.5219e-01	4.8e-03
3.6860e+03	2.5e+00	1.4741e-01	2.3e-03
3.6897e+03	2.5e+00	1.5321e-01	8.7e-03
3.6934e+03	2.5e+00	1.5682e-01	5.2e-03
3.6971e+03	2.5e+00	1.5565e-01	6.5e-03
3.7008e+03	2.5e+00	1.5907e-01	9.5e-03
3.7045e+03	2.5e+00	1.6197e-01	5.2e-03
3.7083e+03	2.5e+00	1.6588e-01	9.2e-03
3.7120e+03	2.5e+00	1.8424e-01	5.9e-03
3.7157e+03	2.5e+00	2.0740e-01	1.5e-03
3.7194e+03	2.5e+00	2.1515e-01	4.5e-03
3.7231e+03	2.5e+00	2.2132e-01	1.1e-02
3.7268e+03	2.5e+00	2.4436e-01	4.0e-03
3.7305e+03	2.5e+00	2.4416e-01	6.5e-03
3.7342e+03	2.5e+00	2.6532e-01	6.9e-03
3.7380e+03	2.5e+00	3.0885e-01	7.6e-03
3.7417e+03	2.5e+00	3.4664e-01	4.5e-03
3.7454e+03	2.5e+00	3.5728e-01	4.5e-03
3.7491e+03	2.5e+00	3.4221e-01	7.8e-03
3.7528e+03	2.5e+00	3.2046e-01	4.3e-03
3.7565e+03	2.5e+00	3.3159e-01	8.2e-03
3.7602e+03	2.5e+00	3.4142e-01	4.2e-03
3.7639e+03	2.5e+00	3.6815e-01	8.7e-03
3.7676e+03	2.5e+00	4.0392e-01	3.4e-03
3.7713e+03	2.5e+00	4.4535e-01	6.6e-03
3.7750e+03	2.5e+00	4.6038e-01	8.3e-03
3.7788e+03	2.5e+00	4.5632e-01	1.2e-02
3.7825e+03	2.5e+00	4.2409e-01	4.3e-03
3.7862e+03	2.5e+00	4.1349e-01	1.2e-02
3.7899e+03	2.5e+00	4.1071e-01	2.4e-03
3.7936e+03	2.5e+00	4.1867e-01	2.6e-03
3.7973e+03	2.5e+00	4.1479e-01	2.9e-03
3.8010e+03	2.5e+00	4.1943e-01	7.6e-03
3.8047e+03	2.5e+00	4.3038e-01	3.1e-03
3.8084e+03	2.5e+00	4.7872e-01	1.2e-02
3.8121e+03	2.5e+00	5.3677e-01	1.1e-02
3.8158e+03	2.5e+00	5.8529e-01	3.7e-03
3.8195e+03	2.5e+00	5.7480e-01	7.8e-03
3.8232e+03	2.5e+00	5.5891e-01	6.8e-03
3.8269e+03	2.5e+00	5.7967e-01	5.7e-03
3.8306e+03	2.5e+00	6.3984e-01	7.1e-03
3.8343e+03	2.5e+00	6.7037e-01	4.7e-03
3.8380e+03	2.5e+00	6.9931e-01	5.3e-03
3.8417e+03	2.5e+00	6.7783e-01	3.6e-03
3.8454e+03	2.5e+00	7.1109e-01	1.5e-02
3.8491e+03	2.5e+00	7.4230e-01	8.7e-03
3.8528e+03	2.5e+00	8.0049e-01	3.6e-03
3.8565e+03	2.5e+00	8.5602e-01	1.2e-02
3.8602e+03	2.5e+00	9.4262e-01	2.4e-02
3.8639e+03	2.5e+00	1.0242e+00	2.4e-02
3.8676e+03	2.5e+00	1.1019e+00	1.7e-02
3.8713e+03	2.5e+00	1.1471e+00	1.4e-02
3.8750e+03	2.5e+00	1.1239e+00	1.6e-02
3.8786e+03	2.5e+00	1.1385e+00	7.3e-03
3.8823e+03	2.5e+00	1.1876e+00	1.6e-02
3.8860e+03	2.5e+00	1.2114e+00	1.7e-02
3.8897e+03	2.5e+00	1.1696e+00	1.6e-02
3.8934e+03	2.5e+00	1.0922e+00	1.4e-02
3.8971e+03	2.5e+00	9.6755e-01	1.1e-02
3.9008e+03	2.5e+00	8.1870e-01	1.5e-02
3.9045e+03	2.5e+00	6.7706e-01	1.3e-02
3.9082e+03	2.5e+00	5.9157e-01	4.8e-03
3.9119e+03	2.5e+00	6.9544e-01	8.4e-03
3.9156e+03	2.5e+00	8.5160e-01	1.5e-02
3.9193e+03	2.5e+00	1.0382e+00	1.2e-02
3.9229e+03	2.5e+00	1.1987e+00	2.2e-02
3.9266e+03	2.5e+00	1.3108e+00	1.4e-02
3.9303e+03	2.5e+00	1.3214e+00	5.5e-03
3.9340e+03	2.5e+00	1.2880e+00	7.4e-03
3.9377e+03	2.5e+00	1.0990e+00	1.1e-02
3.9414e+03	2.5e+00	8.5922e-01	5.2e-03
3.9451e+03	2.5e+00	7.1992e-01	5.5e-03
3.9487e+03	2.5e+00	8.6334e-01	1.0e-02
3.9524e+03	2.5e+00	1.1782e+00	1.8e-02
3.9561e+03	2.5e+00	1.4638e+00	1.7e-02
3.9598e+03	2.5e+00	1.6638e+00	7.1e-03
3.9635e+03	2.5e+00	1.7416e+00	9.3e-03
3.9672e+03	2.5e+00	1.8374e+00	1.3e-02
3.9709e+03	2.5e+00	1.8421e+00	7.8e-03
3.9745e+03	2.5e+00	1.8524e+00	1.2e-02
3.9782e+03	2.5e+00	1.9133e+00	1.2e-02
3.9819e+03	2.5e+00	1.9860e+00	1.5e-02
3.9856e+03	2.5e+00	1.9681e+00	1.7e-02
3.9893e+03	2.5e+00	2.0712e+00	1.9e-02
3.9929e+03	2.5e+00	2.1275e+00	1.3e-02
3.9966e+03	2.5e+00	2.1396e+00	6.7e-03
4.0003e+03	2.5e+00	2.1124e+00	1.8e-02
4.0040e+03	2.5e+00	2.1343e+00	6.9e-03
4.0077e+03	2.5e+00	2.0679e+00	1.1e-02
4.0113e+03	2.5e+00	1.9901e+00	2.4e-02
4.0150e+03	2.5e+00	1.9998e+00	1.8e-02
4.0187e+03	2.5e+00	2.1116e+00	1.7e-02
4.0224e+03	2.5e+00	2.1006e+00	2.0e-02
4.0260e+03	2.5e+00	2.0654e+00	1.6e-02
4.0297e+03	2.5e+00	2.0136e+00	1.4e-02
4.0334e+03	2.5e+00	2.0357e+00	3.7e-02
4.0371e+03	2.5e+00	1.9250e+00	8.0e-03
4.0407e+03	2.5e+00	1.9204e+00	3.0e-03
4.0444e+03	2.5e+00	1.8925e+00	1.4e-02
4.0481e+03	2.5e+00	1.9173e+00	7.2e-03
4.0518e+03	2.5e+00	1.9684e+00	3.2e-02
4.0554e+03	2.5e+00	1.8857e+00	3.1e-02
4.0591e+03	2.5e+00	1.8243e+00	2.4e-02
4.0628e+03	2.5e+00	1.8225e+00	1.1e-02
4.0665e+03	2.5e+00	2.0032e+00	1.3e-02
4.0701e+03	2.5e+00	2.1068e+00	1.1e-02
4.0738e+03	2.5e+00	2.2013e+00	3.9e-02
4.0775e+03	2.5e+00	2.1387e+00	1.6e-02
4.0811e+03	2.5e+00	1.9565e+00	1.7e-02
4.0848e+03	2.5e+00	1.8621e+00	2.0e-02
4.0885e+03	2.5e+00	1.8888e+00	3.0e-02
4.0921e+03	2.5e+00	2.0311e+00	3.1e-02
4.0958e+03	2.5e+00	2.0396e+00	1.1e-02
4.0995e+03	2.5e+00	2.0060e+00	7.8e-03
4.1031e+03	2.5e+00	1.9828e+00	7.2e-03
4.1068e+03	2.5e+00	1.8791e+00	1.6e-02
4.1105e+03	2.5e+00	1.8199e+00	1.4e-02
4.1141e+03	2.5e+00	1.7974e+00	1.7e-02
4.1178e+03	2.5e+00	1.8380e+00	1.6e-02
4.1215e+03	2.5e+00	1.9536e+00	1.4e-02
4.1251e+03	2.5e+00	1.9805e+00	2.4e-02
4.1288e+03	2.5e+00	1.9145e+00	9.9e-03
4.1325e+03	2.5e+00	1.8713e+00	9.9e-03
4.1361e+03	2.5e+00	1.8966e+00	1.3e-02
4.1398e+03	2.5e+00	1.8634e+00	1.3e-02
4.1435e+03	2.5e+00	1.9084e+00	1.2e-02
4.1471e+03	2.5e+00	1.9879e+00	1.6e-02
4.1508e+03	2.5e+00	2.0159e+00	1.3e-02
4.1544e+03	2.5e+00	1.9519e+00	2.8e-02
4.1581e+03	2.5e+00	1.8177e+00	1.2e-02
4.1618e+03	2.5e+00	1.6717e+00	6.0e-03
4.1654e+03	2.5e+00	1.7065e+00	1.8e-02
4.1691e+03	2.5e+00	1.8005e+00	1.9e-02
4.1727e+03	2.5e+00	1.9058e+00	1.8e-02
4.1764e+03	2.5e+00	1.9582e+00	1.4e-02
4.1800e+03	2.5e+00	1.8783e+00	1.9e-02
4.1837e+03	2.5e+00	1.8285e+00	1.2e-02
4.1874e+03	2.5e+00	1.7667e+00	6.4e-03
4.1910e+03	2.5e+00	1.8416e+00	2.2e-02
4.1947e+03	2.5e+00	1.9448e+00	1.4e-02
4.1983e+03	2.5e+00	1.9836e+00	1.0e-02
4.2020e+03	2.5e+00	2.0253e+00	2.6e-02
4.2056e+03	2.5e+00	2.0500e+00	2.2e-02
4.2093e+03	2.5e+00	2.0386e+00	1.0e-02
4.2129e+03	2.5e+00	1.9620e+00	1.5e-02
4.2166e+03	2.5e+00	1.8945e+00	1.1e-02
4.2203e+03	2.5e+00	1.9913e+00	9.8e-03
4.2239e+03	2.5e+00	1.9938e+00	1.4e-02
4.2276e+03	2.5e+00	2.0012e+00	9.1e-03
4.2312e+03	2.5e+00	2.0171e+00	1.7e-02
4.2349e+03	2.5e+00	2.0248e+00	2.2e-02
4.2385e+03	2.5e+00	1.9804e+00	1.9e-02
4.2422e+03	2.5e+00	1.9846e+00	2.4e-02
4.2458e+03	2.5e+00	1.9926e+00	1.8e-02
4.2495e+03	2.5e+00	2.0744e+00	2.0e-02
4.2531e+03	2.5e+00	2.0927e+00	1.1e-02
4.2568e+03	2.5e+00	2.1040e+00	1.6e-02
4.2604e+03	2.5e+00	1.9735e+00	1.3e-02
4.2641e+03	2.5e+00	1.9107e+00	4.8e-03
4.2677e+03	2.5e+00	1.9875e+00	2.4e-02
4.2713e+03	2.5e+00	2.0137e+00	1.5e-02
4.2750e+03	2.5e+00	1.8744e+00	1.1e-02
4.2786e+03	2.5e+00	1.7774e+00	4.8e-03
4.2823e+03	2.5e+00	1.7193e+00	3.8e-03
4.2859e+03	2.5e+00	1.6366e+00	8.6e-03
4.2896e+03	2.5e+00	1.4924e+00	8.1e-03
4.2932e+03	2.5e+00	1.3480e+00	4.8e-03
4.2969e+03	2.5e+00	1.3612e+00	9.3e-03
4.3005e+03	2.5e+00	1.4866e+00	2.8e-03
4.3041e+03	2.5e+00	1.7310e+00	1.1e-02
4.3078e+03	2.5e+00	2.0472e+00	1.6e-02
4.3114e+03	2.5e+00	2.1570e+00	1.1e-02
4.3151e+03	2.5e+00	2.0591e+00	1.5e-02
4.3187e+03	2.5e+00	2.0510e+00	1.7e-02
4.3224e+03	2.5e+00	2.2206e+00	1.5e-02
4.3260e+03	2.5e+00	2.1616e+00	1.6e-02
4.3296e+03	2.5e+00	1.9418e+00	1.2e-02
4.3333e+03	2.5e+00	1.7852e+00	4.9e-03
4.3369e+03	2.5e+00	1.9852e+00	2.0e-02
4.3405e+03	2.5e+00	2.1558e+00	1.4e-02
4.3442e+03	2.5e+00	2.1554e+00	9.9e-03
4.3478e+03	2.5e+00	2.1270e+00	1.6e-02
4.3515e+03	2.5e+00	2.2616e+00	1.9e-02
4.3551e+03	2.5e+00	2.2908e+00	1.1e-02
4.3587e+03	2.5e+00	2.3009e+00	1.3e-02
4.3624e+03	2.5e+00	2.1636e+00	4.8e-03
4.3660e+03	2.5e+00	2.0413e+00	1.4e-02
4.3696e+03	2.5e+00	2.0776e+00	6.5e-03
4.3733e+03	2.5e+00	2.0135e+00	7.6e-03
4.3769e+03	2.5e+00	1.9132e+00	1.4e-02
4.3805e+03	2.5e+00	1.7920e+00	7.8e-03
4.3842e+03	2.5e+00	1.9026e+00	1.9e-02
4.3878e+03	2.5e+00	1.9853e+00	8.8e-03
4.3914e+03	2.5e+00	1.9638e+00	9.1e-03
4.3951e+03	2.5e+00	1.9781e+00	1.5e-02
4.3987e+03	2.5e+00	1.9791e+00	5.5e-03
4.4023e+03	2.5e+00	2.0362e+00	9.9e-03
4.4060e+03	2.5e+00	2.0162e+00	8.5e-03
4.4096e+03	2.5e+00	2.0679e+00	1.8e-02
4.4132e+03	2.5e+00	2.0409e+00	6.0e-03
4.4168e+03	2.5e+00	2.1197e+00	1.7e-02
4.4205e+03	2.5e+00	2.0854e+00	1.8e-02
4.4241e+03	2.5e+00	2.0976e+00	1.5e-02
4.4277e+03	2.5e+00	2.0504e+00	7.0e-03
4.4314e+03	2.5e+00	2.0656e+00	1.0e-02
4.4350e+03	2.5e+00	2.0646e+00	3.4e-03
4.4386e+03	2.5e+00	2.0387e+00	8.6e-03
4.4422e+03	2.5e+00	2.0591e+00	7.0e-03
4.4459e+03	2.5e+00	2.0585e+00	1.4e-02
4.4495e+03	2.5e+00	1.9800e+00	4.1e-03
4.4531e+03	2.5e+00	1.8759e+00	6.5e-03
4.4567e+03	2.5e+00	1.8852e+00	1.1e-02
4.4604e+03	2.5e+00	1.8878e+00	8.2e-03
4.4640e+03	2.5e+00	1.9838e+00	3.4e-03
4.4676e+03	2.5e+00	2.1161e+00	7.0e-03
4.4712e+03	2.5e+00	2.2594e+00	1.1e-02
4.4748e+03	2.5e+00	2.2644e+00	7.2e-03
4.4785e+03	2.5e+00	2.1811e+00	8.2e-03
4.4821e+03	2.5e+00	2.1073e+00	1.1e-02
4.4857e+03	2.5e+00	2.1085e+00	9.6e-03
4.4893e+03	2.5e+00	2.0557e+00	7.8e-03
4.4929e+03	2.5e+00	2.1340e+00	4.6e-03
4.4966e+03	2.5e+00	2.2823e+00	1.0e-02
4.5002e+03	2.5e+00	2.3469e+00	1.5e-02
4.5038e+03	2.5e+00	2.4068e+00	9.2e-03
4.5074e+03	2.5e+00	2.3795e+00	3.3e-02
4.5110e+03	2.5e+00	2.2829e+00	1.7e-02
4.5147e+03	2.5e+00	2.1761e+00	4.5e-03
4.5183e+03	2.5e+00	2.1106e+00	9.7e-03
4.5219e+03	2.5e+00	2.0376e+00	9.6e-03
4.5255e+03	2.5e+00	1.9332e+00	3.9e-03
4.5291e+03	2.5e+00	1.9321e+00	1.1e-02
4.5327e+03	2.5e+00	2.0054e+00	3.7e-03
4.5363e+03	2.5e+00	2.0974e+00	9.5e-03
4.5400e+03	2.5e+00	2.0886e+00	2.8e-03
4.5436e+03	2.5e+00	1.9718e+00	9.2e-03
4.5472e+03	2.5e+00	1.9346e+00	1.0e-02
4.5508e+03	2.5e+00	1.9299e+00	5.1e-03
4.5544e+03	2.5e+00	2.0014e+00	8.9e-03
4.5580e+03	2.5e+00	2.0746e+00	2.9e-03
4.5616e+03	2.5e+00	2.0700e+00	3.2e-03
4.5652e+03	2.5e+00	2.0416e+00	7.3e-03
4.5689e+03	2.5e+00	2.1357e+00	1.1e-02
4.5725e+03	2.5e+00	2.0808e+00	8.0e-03
4.5761e+03	2.5e+00	2.0341e+00	6.0e-03
4.5797e+03	2.5e+00	1.9356e+00	5.6e-03
4.5833e+03	2.5e+00	1.9467e+00	3.2e-03
4.5869e+03	2.5e+00	1.9913e+00	9.8e-03
4.5905e+03	2.5e+00	1.9808e+00	8.4e-03
4.5941e+03	2.5e+00	1.9610e+00	9.2e-03
4.5977e+03	2.5e+00	1.9665e+00	4.6e-03
4.6013e+03	2.5e+00	1.9914e+00	7.0e-03
4.6049e+03	2.5e+00	2.0927e+00	6.4e-03
4.6085e+03	2.5e+00	2.1392e+00	7.2e-03
4.6121e+03	2.5e+00	2.1178e+00	6.4e-03
4.6157e+03	2.5e+00	2.1206e+00	4.9e-03
4.6193e+03	2.5e+00	2.1157e+00	1.2e-02
4.6230e+03	2.5e+00	2.1185e+00	9.0e-03
4.6266e+03	2.5e+00	2.1044e+00	4.5e-03
4.6302e+03	2.5e+00	2.0529e+00	5.8e-03
4.6338e+03	2.5e+00	2.0169e+00	8.1e-03
4.6374e+03	2.5e+00	2.0188e+00	1.2e-02
4.6410e+03	2.5e+00	1.9748e+00	9.7e-03
4.6446e+03	2.5e+00	1.9342e+00	4.3e-03
4.6482e+03	2.5e+00	1.9210e+00	3.9e-03
4.6518e+03	2.5e+00	1.9486e+00	7.9e-03
4.6554e+03	2.5e+00	1.9779e+00	7.4e-03
4.6590e+03	2.5e+00	1.9503e+00	3.6e-03
4.6626e+03	2.5e+00	1.8854e+00	7.6e-03
4.6662e+03	2.5e+00	1.7949e+00	4.8e-03
4.6698e+03	2.5e+00	1.7859e+00	6.7e-03
4.6734e+03	2.5e+00	1.8932e+00	4.1e-03
4.6770e+03	2.5e+00	1.9220e+00	6.5e-03
4.6805e+03	2.5e+00	1.9019e+00	1.2e-02
4.6841e+03	2.5e+00	1.8992e+00	9.4e-03
4.6877e+03	2.5e+00	1.9333e+00	3.8e-03
4.6913e+03	2.5e+00	1.9423e+00	3.9e-03
4.6949e+03	2.5e+00	1.9208e+00	1.4e-02
4.6985e+03	2.5e+00	1.9094e+00	5.3e-03
4.7021e+03	2.5e+00	1.8175e+00	1.0e-02
4.7057e+03	2.5e+00	1.7851e+00	8.6e-03
4.7093e+03	2.5e+00	1.8176e+00	1.2e-02
4.7129e+03	2.5e+00	1.8845e+00	5.5e-03
4.7165e+03	2.5e+00	1.9454e+00	7.3e-03
4.7201e+03	2.5e+00	1.9819e+00	6.6e-03
4.7237e+03	2.5e+00	1.9940e+00	5.0e-03
4.7273e+03	2.5e+00	1.9089e+00	1.4e-02
4.7308e+03	2.5e+00	1.8254e+00	4.8e-03
4.7344e+03	2.5e+00	1.8411e+00	9.1e-03
4.7380e+03	2.5e+00	1.8954e+00	1.0e-02
4.7416e+03	2.5e+00	1.9194e+00	6.6e-03
4.7452e+03	2.5e+00	1.9472e+00	1.3e-02
4.7488e+03	2.5e+00	1.9495e+00	9.2e-03
4.7524e+03	2.5e+00	1.8974e+00	8.6e-03
4.7560e+03	2.5e+00	1.8773e+00	8.4e-03
4.7596e+03	2.5e+00	1.8201e+00	3.9e-03
4.7631e+03	2.5e+00	1.7698e+00	1.1e-02
4.7667e+03	2.5e+00	1.7652e+00	4.8e-03
4.7703e+03	2.5e+00	1.8426e+00	5.0e-03
4.7739e+03	2.5e+00	1.9210e+00	5.9e-03
4.7775e+03	2.5e+00	1.9477e+00	5.0e-03
4.7811e+03	2.5e+00	1.9439e+00	2.7e-03
4.7846e+03	2.5e+00	1.8715e+00	3.2e-03
4.7882e+03	2.5e+00	1.8106e+00	6.2e-03
4.7918e+03	2.5e+00	1.8286e+00	4.0e-03
4.7954e+03	2.5e+00	1.8903e+00	4.0e-03
4.7990e+03	2.5e+00	1.8910e+00	7.3e-03
4.8026e+03	2.5e+00	1.8156e+00	7.0e-03
4.8061e+03	2.5e+00	1.8073e+00	8.5e-03
4.8097e+03	2.5e+00	1.7921e+00	5.5e-03
4.8133e+03	2.5e+00	1.8197e+00	1.1e-02
4.8169e+03	2.5e+00	1.8825e+00	6.9e-03
4.8205e+03	2.5e+00	1.8800e+00	1.0e-02
4.8240e+03	2.5e+00	1.8531e+00	9.2e-03
4.8276e+03	2.5e+00	1.8033e+00	4.9e-03
4.8312e+03	2.5e+00	1.7827e+00	2.9e-03
4.8348e+03	2.5e+00	1.7866e+00	6.4e-03
4.8383e+03	2.5e+00	1.7774e+00	9.0e-03
4.8419e+03	2.5e+00	1.7551e+00	7.6e-03
4.8455e+03	2.5e+00	1.7226e+00	1.0e-02
4.8491e+03	2.5e+00	1.7473e+00	5.1e-03
4.8527e+03	2.5e+00	1.6766e+00	1.1e-02
4.8562e+03	2.5e+00	1.5914e+00	1.1e-02
4.8598e+03	2.5e+00	1.3955e+00	8.7e-03
4.8634e+03	2.5e+00	1.3295e+00	3.9e-03
4.8669e+03	2.5e+00	1.4038e+00	5.0e-03
4.8705e+03	2.5e+00	1.5228e+00	1.2e-02
4.8741e+03	2.5e+00	1.5606e+00	1.6e-03
4.8777e+03	2.5e+00	1.5938e+00	8.8e-03
4.8812e+03	2.5e+00	1.6384e+00	4.0e-03
4.8848e+03	2.5e+00	1.5967e+00	1.0e-02
4.8884e+03	2.5e+00	1.5454e+00	9.4e-03
4.8919e+03	2.5e+00	1.5854e+00	1.3e-02
4.8955e+03	2.5e+00	1.6718e+00	6.3e-03
4.8991e+03	2.5e+00	1.7368e+00	1.1e-02
4.9027e+03	2.5e+00	1.7151e+00	9.0e-03
4.9062e+03	2.5e+00	1.6858e+00	8.5e-03
4.9098e+03	2.4e+00	1.6498e+00	8.6e-03
4.9134e+03	2.4e+00	1.6068e+00	2.7e-03
4.9169e+03	2.4e+00	1.5627e+00	6.7e-03
4.9205e+03	2.4e+00	1.5011e+00	4.3e-03
4.9241e+03	2.4e+00	1.4545e+00	1.4e-03
4.9276e+03	2.4e+00	1.5146e+00	4.4e-03
4.9312e+03	2.4e+00	1.6076e+00	1.0e-02
4.9348e+03	2.4e+00	1.6133e+00	7.1e-03
4.9383e+03	2.4e+00	1.5380e+00	5.7e-03
4.9419e+03	2.4e+00	1.5650e+00	7.5e-03
4.9454e+03	2.4e+00	1.6349e+00	8.5e-03
4.9490e+03	2.4e+00	1.6801e+00	3.8e-03
4.9526e+03	2.4e+00	1.6947e+00	2.6e-03
4.9561e+03	2.4e+00	1.6600e+00	1.0e-02
4.9597e+03	2.4e+00	1.6460e+00	1.7e-03
4.9633e+03	2.4e+00	1.6401e+00	4.2e-03
4.9668e+03	2.4e+00	1.6320e+00	8.0e-03
4.9704e+03	2.4e+00	1.6113e+00	6.7e-03
4.9739e+03	2.4e+00	1.6134e+00	4.6e-03
4.9775e+03	2.4e+00	1.6059e+00	7.1e-03
4.9811e+03	2.4e+00	1.5395e+00	7.7e-03
4.9846e+03	2.4e+00	1.4331e+00	8.0e-03
4.9882e+03	2.4e+00	1.4108e+00	8.2e-03
4.9917e+03	2.4e+00	1.4813e+00	2.6e-03
4.9953e+03	2.4e+00	1.5080e+00	1.0e-02
4.9988e+03	2.4e+00	1.4755e+00	7.9e-03
5.0024e+03	2.4e+00	1.4484e+00	9.0e-03
5.0060e+03	2.4e+00	1.3993e+00	6.4e-03
5.0095e+03	2.4e+00	1.3741e+00	7.9e-03
5.0131e+03	2.4e+00	1.3657e+00	1.1e-02
5.0166e+03	2.4e+00	1.3143e+00	8.4e-03
5.0202e+03	2.4e+00	1.2947e+00	3.2e-03
5.0237e+03	2.4e+00	1.3360e+00	5.7e-03
5.0273e+03	2.4e+00	1.3959e+00	6.5e-03
5.0308e+03	2.4e+00	1.4353e+00	1.3e-02
5.0344e+03	2.4e+00	1.4488e+00	6.3e-03
5.0379e+03	2.4e+00	1.4213e+00	1.2e-02
5.0415e+03	2.4e+00	1.3562e+00	1.6e-02
5.0450e+03	2.4e+00	1.3572e+00	1.0e-02
5.0486e+03	2.4e+00	1.4143e+00	5.7e-03
5.0521e+03	2.4e+00	1.4478e+00	5.9e-03
5.0557e+03	2.4e+00	1.4681e+00	7.2e-03
5.0592e+03	2.4e+00	1.5054e+00	4.5e-03
5.0628e+03	2.4e+00	1.5304e+00	5.5e-03
5.0663e+03	2.4e+00	1.4883e+00	8.4e-03
5.0699e+03	2.4e+00	1.4368e+00	1.1e-02
5.0734e+03	2.4e+00	1.3986e+00	1.1e-02
5.0770e+03	2.4e+00	1.3803e+00	1.1e-02
5.0805e+03	2.4e+00	1.3401e+00	6.4e-03
5.0841e+03	2.4e+00	1.3172e+00	4.4e-03
5.0876e+03	2.4e+00	1.3417e+00	7.8e-03
5.0912e+03	2.4e+00	1.4169e+00	3.8e-03
5.0947e+03	2.4e+00	1.4321e+00	7.5e-03
5.0983e+03	2.4e+00	1.4039e+00	1.0e-02
5.1018e+03	2.4e+00	1.3501e+00	6.4e-03
5.1053e+03	2.4e+00	1.3421e+00	6.1e-03
5.1089e+03	2.4e+00	1.3457e+00	8.1e-03
5.1124e+03	2.4e+00	1.3479e+00	1.2e-02
5.1160e+03	2.4e+00	1.3638e+00	7.7e-03
5.1195e+03	2.4e+00	1.4044e+00	5.2e-03
5.1231e+03	2.4e+00	1.3627e+00	7.5e-03
5.1266e+03	2.4e+00	1.2897e+00	7.1e-03
5.1301e+03	2.4e+00	1.2509e+00	6.0e-03
5.1337e+03	2.4e+00	1.2594e+00	7.1e-03
5.1372e+03	2.4e+00	1.2778e+00	7.4e-03
5.1408e+03	2.4e+00	1.2761e+00	9.7e-03
5.1443e+03	2.4e+00	1.2399e+00	8.5e-03
5.1478e+03	2.4e+00	1.2321e+00	5.8e-03
5.1514e+03	2.4e+00	1.2218e+00	1.0e-02
5.1549e+03	2.4e+00	1.2311e+00	8.5e-03
5.1584e+03	2.4e+00	1.2536e+00	7.3e-03
5.1620e+03	2.4e+00	1.2659e+00	6.7e-03
5.1655e+03	2.4e+00	1.2209e+00	6.5e-03
5.1691e+03	2.4e+00	1.1218e+00	7.6e-03
5.1726e+03	2.4e+00	1.0524e+00	6.6e-03
5.1761e+03	2.4e+00	1.1271e+00	7.8e-03
5.1797e+03	2.4e+00	1.2349e+00	8.2e-03
5.1832e+03	2.4e+00	1.2511e+00	8.0e-03
5.1867e+03	2.4e+00	1.2006e+00	1.1e-02
5.1903e+03	2.4e+00	1.1709e+00	1.2e-02
5.1938e+03	2.4e+00	1.1747e+00	7.7e-03
5.1973e+03	2.4e+00	1.1457e+00	8.2e-03
5.2009e+03	2.4e+00	1.1558e+00	8.6e-03
5.2044e+03	2.4e+00	1.1899e+00	2.9e-03
5.2079e+03	2.4e+00	1.2005e+00	3.4e-03
5.2114e+03	2.4e+00	1.1854e+00	6.3e-03
5.2150e+03	2.4e+00	1.1947e+00	6.2e-03
5.2185e+03	2.4e+00	1.2128e+00	8.2e-03
5.2220e+03	2.4e+00	1.2169e+00	9.7e-03
5.2256e+03	2.4e+00	1.1934e+00	6.9e-03
5.2291e+03	2.4e+00	1.1585e+00	5.2e-03
5.2326e+03	2.4e+00	1.1248e+00	4.4e-03
5.2361e+03	2.4e+00	1.1559e+00	7.7e-03
5.2397e+03	2.4e+00	1.1856e+00	5.1e-03
5.2432e+03	2.4e+00	1.2182e+00	7.0e-03
5.2467e+03	2.4e+00	1.2293e+00	9.6e-03
5.2502e+03	2.4e+00	1.1891e+00	6.9e-03
5.2538e+03	2.4e+00	1.1572e+00	9.5e-03
5.2573e+03	2.4e+00	1.1598e+00	4.8e-03
5.2608e+03	2.4e+00	1.1648e+00	6.4e-03
5.2643e+03	2.4e+00	1.1220e+00	8.1e-03
5.2679e+03	2.4e+00	1.0377e+00	7.6e-03
5.2714e+03	2.4e+00	9.9942e-01	7.6e-03
5.2749e+03	2.4e+00	1.0143e+00	8.5e-03
5.2784e+03	2.4e+00	1.0744e+00	8.7e-03
5.2820e+03	2.4e+00	1.1147e+00	7.3e-03
5.2855e+03	2.4e+00	1.1513e+00	5.5e-03
5.2890e+03	2.4e+00	1.1670e+00	8.0e-03
5.2925e+03	2.4e+00	1.2070e+00	1.1e-02
5.2960e+03	2.4e+00	1.1960e+00	1.0e-02
5.2996e+03	2.4e+00	1.1511e+00	8.7e-03
5.3031e+03	2.4e+00	1.1242e+00	4.9e-03
5.3066e+03	2.4e+00	1.1431e+00	7.9e-03
5.3101e+03	2.4e+00	1.1868e+00	8.6e-03
5.3136e+03	2.4e+00	1.1992e+00	8.2e-03
5.3171e+03	2.4e+00	1.1760e+00	6.7e-03
5.3207e+03	2.4e+00	1.1475e+00	1.0e-02
5.3242e+03	2.4e+00	1.1222e+00	1.0e-02
5.3277e+03	2.4e+00	1.0858e+00	8.6e-03
5.3312e+03	2.4e+00	1.0626e+00	1.0e-02
5.3347e+03	2.4e+00	1.0723e+00	1.0e-02
5.3382e+03	2.4e+00	1.0983e+00	1.0e-02
5.3418e+03	2.4e+00	1.1006e+00	1.0e-02
5.3453e+03	2.4e+00	1.1018e+00	8.9e-03
5.3488e+03	2.4e+00	1.1063e+00	1.0e-02
5.3523e+03	2.4e+00	1.1243e+00	9.9e-03
5.3558e+03	2.4e+00	1.1464e+00	1.4e-02
5.3593e+03	2.4e+00	1.1773e+00	1.3e-02
5.3628e+03	2.4e+00	1.1710e+00	1.3e-02
5.3663e+03	2.4e+00	1.1419e+00	1.4e-02
5.3698e+03	2.4e+00	1.0794e+00	1.2e-02
5.3734e+03	2.4e+00	1.0831e+00	1.2e-02
5.3769e+03	2.4e+00	1.1024e+00	4.6e-03
5.3804e+03	2.4e+00	1.1267e+00	8.4e-03
5.3839e+03	2.4e+00	1.1303e+00	1.1e-02
5.3874e+03	2.4e+00	1.1132e+00	1.1e-02
5.3909e+03	2.4e+00	1.0986e+00	1.3e-02
5.3944e+03	2.4e+00	1.0742e+00	8.9e-03
5.3979e+03	2.4e+00	1.0450e+00	8.9e-03
5.4014e+03	2.4e+00	1.0284e+00	9.6e-03
5.4049e+03	2.4e+00	1.0060e+00	9.3e-03
5.4084e+03	2.4e+00	1.0007e+00	9.7e-03
5.4119e+03	2.4e+00	9.9863e-01	8.7e-03
5.4154e+03	2.4e+00	1.0179e+00	6.9e-03
5.4189e+03	2.4e+00	1.0462e+00	8.0e-03
5.4224e+03	2.4e+00	1.0452e+00	1.0e-02
5.4260e+03	2.4e+00	1.0384e+00	9.5e-03
5.4295e+03	2.4e+00	1.0346e+00	7.6e-03
5.4330e+03	2.4e+00	1.0233e+00	8.5e-03
5.4365e+03	2.4e+00	1.0173e+00	5.9e-03
5.4400e+03	2.4e+00	1.0374e+00	6.6e-03
5.4435e+03	2.4e+00	1.0698e+00	1.1e-02
5.4470e+03	2.4e+00	1.0642e+00	7.0e-03
5.4505e+03	2.4e+00	1.0510e+00	7.5e-03
5.4540e+03	2.4e+00	1.0446e+00	6.4e-03
5.4575e+03	2.4e+00	1.0598e+00	7.4e-03
5.4610e+03	2.4e+00	1.0483e+00	8.2e-03
5.4645e+03	2.4e+00	1.0409e+00	7.0e-03
5.4680e+03	2.4e+00	1.0401e+00	8.7e-03
5.4715e+03	2.4e+00	1.0269e+00	1.2e-02
5.4749e+03	2.4e+00	1.0116e+00	9.9e-03
5.4784e+03	2.4e+00	9.8848e-01	8.9e-03
5.4819e+03	2.4e+00	9.6854e-01	6.9e-03
5.4854e+03	2.4e+00	9.9217e-01	7.3e-03
5.4889e+03	2.4e+00	1.0089e+00	6.0e-03
5.4924e+03	2.4e+00	1.0046e+00	7.4e-03
5.4959e+03	2.4e+00	1.0074e+00	8.4e-03
5.4994e+03	2.4e+00	1.0120e+00	1.0e-02
5.5029e+03	2.4e+00	9.9836e-01	9.7e-03
5.5064e+03	2.4e+00	9.8836e-01	9.0e-03
5.5099e+03	2.4e+00	9.7650e-01	7.8e-03
5.5134e+03	2.4e+00	9.7587e-01	6.8e-03
5.5169e+03	2.4e+00	9.8485e-01	1.2e-02
5.5204e+03	2.4e+00	1.0071e+00	1.3e-02
5.5239e+03	2.4e+00	1.0182e+00	1.2e-02
5.5273e+03	2.4e+00	9.8824e-01	7.4e-03
5.5308e+03	2.4e+00	9.7168e-01	6.1e-03
5.5343e+03	2.4e+00	9.6505e-01	6.6e-03
5.5378e+03	2.4e+00	9.7585e-01	1.0e-02
5.5413e+03	2.4e+00	9.8330e-01	1.0e-02
5.5448e+03	2.4e+00	9.9569e-01	7.8e-03
5.5483e+03	2.4e+00	9.9567e-01	9.5e-03
5.5518e+03	2.4e+00	1.0003e+00	8.8e-03
5.5553e+03	2.4e+00	1.0068e+00	1.1e-02
5.5587e+03	2.4e+00	9.9122e-01	7.5e-03
5.5622e+03	2.4e+00	9.8319e-01	7.6e-03
5.5657e+03	2.4e+00	9.6349e-01	7.6e-03
5.5692e+03	2.4e+00	9.5594e-01	9.9e-03
5.5727e+03	2.4e+00	9.5265e-01	8.4e-03
5.5762e+03	2.4e+00	9.5240e-01	1.0e-02
5.5796e+03	2.4e+00	9.5866e-01	1.1e-02
5.5831e+03	2.4e+00	9.5889e-01	1.1e-02
5.5866e+03	2.4e+00	9.3005e-01	9.7e-03
5.5901e+03	2.4e+00	8.9689e-01	8.6e-03
5.5936e+03	2.4e+00	8.8115e-01	5.3e-03
5.5971e+03	2.4e+00	8.9736e-01	9.9e-03
5.6005e+03	2.4e+00	9.0468e-01	1.1e-02
5.6040e+03	2.4e+00	9.1527e-01	7.0e-03
5.6075e+03	2.4e+00	9.3982e-01	7.2e-03
5.6110e+03	2.4e+00	9.6751e-01	6.5e-03
5.6145e+03	2.4e+00	9.6085e-01	8.7e-03
5.6179e+03	2.4e+00	9.2872e-01	1.0e-02
5.6214e+03	2.4e+00	9.1164e-01	7.5e-03
5.6249e+03	2.4e+00	9.1766e-01	8.3e-03
5.6284e+03	2.4e+00	9.2126e-01	5.4e-03
5.6319e+03	2.4e+00	9.3758e-01	8.8e-03
5.6353e+03	2.4e+00	9.3833e-01	8.2e-03
5.6388e+03	2.4e+00	9.3096e-01	8.8e-03
5.6423e+03	2.4e+00	9.0461e-01	8.1e-03
5.6458e+03	2.4e+00	9.0813e-01	8.5e-03
5.6492e+03	2.4e+00	9.1692e-01	7.2e-03
5.6527e+03	2.4e+00	9.1974e-01	8.3e-03
5.6562e+03	2.4e+00	8.9208e-01	1.1e-02
5.6597e+03	2.4e+00	8.6738e-01	9.3e-03
5.6631e+03	2.4e+00	8.5200e-01	9.8e-03
5.6666e+03	2.4e+00	8.7260e-01	7.9e-03
5.6701e+03	2.4e+00	8.9091e-01	8.9e-03
5.6735e+03	2.4e+00	9.0833e-01	1.1e-02
5.6770e+03	2.4e+00	9.2538e-01	1.0e-02
5.6805e+03	2.4e+00	9.2867e-01	1.1e-02
5.6840e+03	2.4e+00	9.0929e-01	1.1e-02
5.6874e+03	2.4e+00	8.8039e-01	1.3e-02
5.6909e+03	2.4e+00	8.7690e-01	8.1e-03
5.6944e+03	2.4e+00	8.9943e-01	1.0e-02
5.6978e+03	2.4e+00	8.9860e-01	9.2e-03
5.7013e+03	2.4e+00	8.9397e-01	1.0e-02
5.7048e+03	2.4e+00	8.7053e-01	5.3e-03
5.7082e+03	2.4e+00	8.5038e-01	6.1e-03
5.7117e+03	2.4e+00	8.2934e-01	7.8e-03
5.7152e+03	2.4e+00	8.3610e-01	6.9e-03
5.7186e+03	2.4e+00	8.6904e-01	9.9e-03
5.7221e+03	2.4e+00	9.0528e-01	9.7e-03
5.7256e+03	2.4e+00	9.1633e-01	9.8e-03
5.7290e+03	2.4e+00	9.1071e-01	8.8e-03
5.7325e+03	2.4e+00	9.0137e-01	7.5e-03
5.7360e+03	2.4e+00	9.0072e-01	6.7e-03
5.7394e+03	2.4e+00	9.0360e-01	6.2e-03
5.7429e+03	2.4e+00	9.0260e-01	6.4e-03
5.7463e+03	2.4e+00	8.9116e-01	7.5e-03
5.7498e+03	2.4e+00	8.8190e-01	5.9e-03
5.7533e+03	2.4e+00	8.6466e-01	1.0e-02
5.7567e+03	2.4e+00	8.5944e-01	8.1e-03
5.7602e+03	2.4e+00	8.5490e-01	6.8e-03
5.7636e+03	2.4e+00	8.6980e-01	9.6e-03
5.7671e+03	2.4e+00	8.7407e-01	6.5e-03
5.7706e+03	2.4e+00	8.8291e-01	5.1e-03
5.7740e+03	2.4e+00	8.8389e-01	6.6e-03
5.7775e+03	2.4e+00	8.6421e-01	6.4e-03
5.7809e+03	2.4e+00	8.5383e-01	7.8e-03
5.7844e+03	2.4e+00	8.3006e-01	5.7e-03
5.7879e+03	2.4e+00	8.2409e-01	7.0e-03
5.7913e+03	2.4e+00	8.3829e-01	5.9e-03
5.7948e+03	2.4e+00	8.5585e-01	6.4e-03
5.7982e+03	2.4e+00	8.5911e-01	8.6e-03
5.8017e+03	2.4e+00	8.5861e-01	8.9e-03
5.8051e+03	2.4e+00	8.5857e-01	8.5e-03
5.8086e+03	2.4e+00	8.5262e-01	5.7e-03
5.8120e+03	2.4e+00	8.5545e-01	8.8e-03
5.8155e+03	2.4e+00	8.5939e-01	6.9e-03
5.8189e+03	2.4e+00	8.6604e-01	8.4e-03
5.8224e+03	2.4e+00	8.7619e-01	9.4e-03
5.8259e+03	2.4e+00	8.8542e-01	8.3e-03
5.8293e+03	2.4e+00	8.8630e-01	9.7e-03
5.8328e+03	2.4e+00	8.7663e-01	9.5e-03
5.8362e+03	2.4e+00	8.6725e-01	9.9e-03
5.8397e+03	2.4e+00	8.6820e-01	7.8e-03
5.8431e+03	2.4e+00	8.7053e-01	6.9e-03
5.8466e+03	2.4e+00	8.7116e-01	6.3e-03
5.8500e+03	2.4e+00	8.6053e-01	6.2e-03
5.8535e+03	2.4e+00	8.3752e-01	9.3e-03
5.8569e+03	2.4e+00	8.1988e-01	7.9e-03
5.8603e+03	2.4e+00	8.1555e-01	9.4e-03
5.8638e+03	2.4e+00	8.2529e-01	8.8e-03
5.8672e+03	2.4e+00	8.3950e-01	8.0e-03
5.8707e+03	2.4e+00	8.4586e-01	7.0e-03
5.8741e+03	2.4e+00	8.5455e-01	6.5e-03
5.8776e+03	2.4e+00	8.5754e-01	7.6e-03
5.8810e+03	2.4e+00	8.4220e-01	8.0e-03
5.8845e+03	2.4e+00	8.2942e-01	5.4e-03
5.8879e+03	2.4e+00	8.0247e-01	8.3e-03
5.8914e+03	2.4e+00	7.6847e-01	7.1e-03
5.8948e+03	2.4e+00	7.3880e-01	6.8e-03
5.8982e+03	2.4e+00	7.4964e-01	6.8e-03
5.9017e+03	2.4e+00	7.7636e-01	8.9e-03
5.9051e+03	2.4e+00	8.1381e-01	7.2e-03
5.9086e+03	2.4e+00	8.2379e-01	7.1e-03
5.9120e+03	2.4e+00	8.2287e-01	9.2e-03
5.9154e+03	2.4e+00	8.1455e-01	8.5e-03
5.9189e+03	2.4e+00	8.1154e-01	6.8e-03
5.9223e+03	2.4e+00	8.1409e-01	8.3e-03
5.9258e+03	2.4e+00	8.2757e-01	5.4e-03
5.9292e+03	2.4e+00	8.1938e-01	1.1e-02
5.9326e+03	2.4e+00	8.0615e-01	8.2e-03
5.9361e+03	2.4e+00	8.1235e-01	7.0e-03
5.9395e+03	2.4e+00	8.1480e-01	6.1e-03
5.9430e+03	2.4e+00	8.1874e-01	1.0e-02
5.9464e+03	2.4e+00	8.1126e-01	6.0e-03
5.9498e+03	2.4e+00	8.0140e-01	7.1e-03
5.9533e+03	2.4e+00	7.9890e-01	8.0e-03
5.9567e+03	2.4e+00	7.9609e-01	8.1e-03
5.9601e+03	2.4e+00	8.0517e-01	7.9e-03
5.9636e+03	2.4e+00	8.0981e-01	7.0e-03
5.9670e+03	2.4e+00	8.1465e-01	9.2e-03
5.9704e+03	2.4e+00	8.1498e-01	6.1e-03
5.9739e+03	2.4e+00	8.0714e-01	7.1e-03
5.9773e+03	2.4e+00	8.0411e-01	8.7e-03
5.9807e+03	2.4e+00	7.8947e-01	5.6e-03
5.9842e+03	2.4e+00	7.9167e-01	9.8e-03
5.9876e+03	2.4e+00	7.8280e-01	7.4e-03
5.9910e+03	2.4e+00	7.8225e-01	7.9e-03
5.9945e+03	2.4e+00	7.8736e-01	6.1e-03
5.9979e+03	2.4e+00	7.9483e-01	7.2e-03
6.0013e+03	2.4e+00	7.8725e-01	9.9e-03
6.0047e+03	2.4e+00	7.7638e-01	4.5e-03
6.0082e+03	2.4e+00	7.6794e-01	5.1e-03
6.0116e+03	2.4e+00	7.6314e-01	5.7e-03
6.0150e+03	2.4e+00	7.6489e-01	5.5e-03
6.0185e+03	2.4e+00	7.6257e-01	6.3e-03
6.0219e+03	2.4e+00	7.5558e-01	6.3e-03
6.0253e+03	2.4e+00	7.5654e-01	6.2e-03
6.0287e+03	2.4e+00	7.6571e-01	5.9e-03
6.0322e+03	2.4e+00	7.8022e-01	6.3e-03
6.0356e+03	2.4e+00	7.9371e-01	6.4e-03
6.0390e+03	2.4e+00	7.8885e-01	4.8e-03
6.0424e+03	2.4e+00	7.8482e-01	6.2e-03
6.0459e+03	2.4e+00	7.8056e-01	5.2e-03
6.0493e+03	2.4e+00	7.8431e-01	4.9e-03
6.0527e+03	2.4e+00	7.8370e-01	7.4e-03
6.0561e+03	2.4e+00	7.7557e-01	6.3e-03
6.0596e+03	2.4e+00	7.6971e-01	4.8e-03
6.0630e+03	2.4e+00	7.6955e-01	3.9e-03
6.0664e+03	2.4e+00	7.6922e-01	5.5e-03
6.0698e+03	2.4e+00	7.6558e-01	5.4e-03
6.0732e+03	2.4e+00	7.8177e-01	4.5e-03
6.0767e+03	2.4e+00	7.7574e-01	5.7e-03
6.0801e+03	2.4e+00	7.6500e-01	4.5e-03
6.0835e+03	2.4e+00	7.4388e-01	4.0e-03
6.0869e+03	2.4e+00	7.3928e-01	5.7e-03
6.0903e+03	2.4e+00	7.4513e-01	7.3e-03
6.0937e+03	2.4e+00	7.4920e-01	7.7e-03
6.0972e+03	2.4e+00	7.5368e-01	6.6e-03
6.1006e+03	2.4e+00	7.4553e-01	6.6e-03
6.1040e+03	2.4e+00	7.3637e-01	6.4e-03
6.1074e+03	2.4e+00	7.3259e-01	7.9e-03
6.1108e+03	2.4e+00	7.4898e-01	6.4e-03
6.1142e+03	2.4e+00	7.5190e-01	6.7e-03
6.1177e+03	2.4e+00	7.5035e-01	8.4e-03
6.1211e+03	2.4e+00	7.4211e-01	7.8e-03
6.1245e+03	2.4e+00	7.3448e-01	9.2e-03
6.1279e+03	2.4e+00	7.3507e-01	8.2e-03
6.1313e+03	2.4e+00	7.3536e-01	7.2e-03
6.1347e+03	2.4e+00	7.2020e-01	5.7e-03
6.1381e+03	2.4e+00	6.9779e-01	7.9e-03
6.1415e+03	2.4e+00	6.9311e-01	6.9e-03
6.1450e+03	2.4e+00	7.0193e-01	7.9e-03
6.1484e+03	2.4e+00	7.1800e-01	6.5e-03
6.1518e+03	2.4e+00	7.1986e-01	6.9e-03
6.1552e+03	2.4e+00	7.2044e-01	8.1e-03
6.1586e+03	2.4e+00	7.0526e-01	8.5e-03
6.1620e+03	2.4e+00	6.9267e-01	7.0e-03
6.1654e+03	2.4e+00	6.7838e-01	4.2e-03
6.1688e+03	2.4e+00	6.8431e-01	7.9e-03
6.1722e+03	2.4e+00	6.9173e-01	6.1e-03
6.1756e+03	2.4e+00	7.0100e-01	6.9e-03
6.1790e+03	2.4e+00	7.1603e-01	6.2e-03
6.1824e+03	2.4e+00	7.2056e-01	7.6e-03
6.1858e+03	2.4e+00	7.2115e-01	8.3e-03
6.1893e+03	2.4e+00	7.0818e-01	7.2e-03
6.1927e+03	2.4e+00	7.0102e-01	8.3e-03
6.1961e+03	2.4e+00	7.0647e-01	7.0e-03
6.1995e+03	2.4e+00	7.2236e-01	6.8e-03
6.2029e+03	2.4e+00	7.2190e-01	6.5e-03
6.2063e+03	2.4e+00	7.2613e-01	6.2e-03
6.2097e+03	2.4e+00	7.2626e-01	7.5e-03
6.2131e+03	2.4e+00	7.1023e-01	7.3e-03
6.2165e+03	2.4e+00	6.9690e-01	5.7e-03
6.2199e+03	2.4e+00	6.8956e-01	6.2e-03
6.2233e+03	2.4e+00	6.9645e-01	7.2e-03
6.2267e+03	2.4e+00	6.9627e-01	7.9e-03
6.2301e+03	2.4e+00	6.9236e-01	8.9e-03
6.2335e+03	2.4e+00	6.7934e-01	6.9e-03
6.2369e+03	2.4e+00	6.8532e-01	5.8e-03
6.2403e+03	2.4e+00	6.8088e-01	6.1e-03
6.2437e+03	2.4e+00	6.5835e-01	4.7e-03
6.2471e+03	2.4e+00	6.6094e-01	5.8e-03
6.2505e+03	2.4e+00	6.5294e-01	6.0e-03
6.2539e+03	2.4e+00	6.5660e-01	7.2e-03
6.2573e+03	2.4e+00	6.5063e-01	7.2e-03
6.2607e+03	2.4e+00	6.6151e-01	6.7e-03
6.2641e+03	2.4e+00	6.8068e-01	6.4e-03
6.2674e+03	2.4e+00	6.9137e-01	7.4e-03
6.2708e+03	2.4e+00	6.9593e-01	8.9e-03
6.2742e+03	2.4e+00	6.8330e-01	8.5e-03
6.2776e+03	2.4e+00	6.7070e-01	7.8e-03
6.2810e+03	2.4e+00	6.5729e-01	8.5e-03
6.2844e+03	2.4e+00	6.6253e-01	5.6e-03
6.2878e+03	2.4e+00	6.8550e-01	6.8e-03
6.2912e+03	2.4e+00	6.8785e-01	8.6e-03
6.2946e+03	2.4e+00	6.7359e-01	8.8e-03
6.2980e+03	2.4e+00	6.5932e-01	9.1e-03
6.3014e+03	2.4e+00	6.5227e-01	8.5e-03
6.3048e+03	2.4e+00	6.5498e-01	6.7e-03
6.3082e+03	2.4e+00	6.6931e-01	9.7e-03
6.3115e+03	2.4e+00	6.7033e-01	8.3e-03
6.3149e+03	2.4e+00	6.5201e-01	8.2e-03
6.3183e+03	2.4e+00	6.3783e-01	5.5e-03
6.3217e+03	2.4e+00	6.4706e-01	7.7e-03
6.3251e+03	2.4e+00	6.7213e-01	7.7e-03
6.3285e+03	2.4e+00	6.8499e-01	7.5e-03
6.3319e+03	2.4e+00	6.7494e-01	8.8e-03
6.3353e+03	2.4e+00	6.6451e-01	7.9e-03
6.3386e+03	2.4e+00	6.6073e-01	6.6e-03
6.3420e+03	2.4e+00	6.6176e-01	5.8e-03
6.3454e+03	2.4e+00	6.7164e-01	7.2e-03
6.3488e+03	2.4e+00	6.7478e-01	4.7e-03
6.3522e+03	2.4e+00	6.7908e-01	5.8e-03
6.3556e+03	2.4e+00	6.7374e-01	5.9e-03
6.3589e+03	2.4e+00	6.6035e-01	4.9e-03
6.3623e+03	2.4e+00	6.5463e-01	7.8e-03
6.3657e+03	2.4e+00	6.5689e-01	6.1e-03
6.3691e+03	2.4e+00	6.7096e-01	5.3e-03
6.3725e+03	2.4e+00	6.7638e-01	5.1e-03
6.3758e+03	2.4e+00	6.8078e-01	5.6e-03
6.3792e+03	2.4e+00	6.8117e-01	5.7e-03
6.3826e+03	2.4e+00	6.7712e-01	5.1e-03
6.3860e+03	2.4e+00	6.7653e-01	7.3e-03
6.3894e+03	2.4e+00	6.7159e-01	6.7e-03
6.3927e+03	2.4e+00	6.6793e-01	6.0e-03
6.3961e+03	2.4e+00	6.5343e-01	5.3e-03
6.3995e+03	2.4e+00	6.6243e-01	5.7e-03
6.4029e+03	2.4e+00	6.5303e-01	4.2e-03
6.4063e+03	2.4e+00	6.6075e-01	4.4e-03
6.4096e+03	2.4e+00	6.5670e-01	4.8e-03
6.4130e+03	2.4e+00	6.4712e-01	3.8e-03
6.4164e+03	2.4e+00	6.4972e-01	4.9e-03
6.4198e+03	2.4e+00	6.5132e-01	5.9e-03
6.4231e+03	2.4e+00	6.5116e-01	6.7e-03
6.4265e+03	2.4e+00	6.5813e-01	5.4e-03
6.4299e+03	2.4e+00	6.6016e-01	4.0e-03
6.4332e+03	2.4e+00	6.4783e-01	3.6e-03
6.4366e+03	2.4e+00	6.4814e-01	5.5e-03
6.4400e+03	2.4e+00	6.5909e-01	6.5e-03
6.4434e+03	2.4e+00	6.6305e-01	5.8e-03
6.4467e+03	2.4e+00	6.6653e-01	6.9e-03
6.4501e+03	2.4e+00	6.5133e-01	7.0e-03
6.4535e+03	2.4e+00	6.4089e-01	5.4e-03
6.4568e+03	2.4e+00	6.4004e-01	5.6e-03
6.4602e+03	2.4e+00	6.4049e-01	5.5e-03
6.4636e+03	2.4e+00	6.4681e-01	4.8e-03
6.4670e+03	2.4e+00	6.4153e-01	5.3e-03
6.4703e+03	2.4e+00	6.5315e-01	5.1e-03
6.4737e+03	2.4e+00	6.5126e-01	4.3e-03
6.4771e+03	2.4e+00	6.5033e-01	3.4e-03
6.4804e+03	2.4e+00	6.5151e-01	4.9e-03
6.4838e+03	2.4e+00	6.5066e-01	3.7e-03
6.4872e+03	2.4e+00	6.4534e-01	3.7e-03
6.4905e+03	2.4e+00	6.2881e-01	3.6e-03
6.4939e+03	2.4e+00	5.9694e-01	3.7e-03
6.4973e+03	2.4e+00	5.7312e-01	3.7e-03
6.5006e+03	2.4e+00	5.9550e-01	4.0e-03
6.5040e+03	2.4e+00	6.3877e-01	4.6e-03
6.5073e+03	2.4e+00	6.5283e-01	3.4e-03
6.5107e+03	2.4e+00	6.5426e-01	5.1e-03
6.5141e+03	2.4e+00	6.4114e-01	4.1e-03
6.5174e+03	2.4e+00	6.3049e-01	2.7e-03
6.5208e+03	2.4e+00	6.3208e-01	3.7e-03
6.5242e+03	2.4e+00	6.4677e-01	5.3e-03
6.5275e+03	2.4e+00	6.4422e-01	6.4e-03
6.5309e+03	2.4e+00	6.4684e-01	5.1e-03
6.5342e+03	2.4e+00	6.4722e-01	4.8e-03
6.5376e+03	2.4e+00	6.4920e-01	3.5e-03
6.5410e+03	2.4e+00	6.4936e-01	3.0e-03
6.5443e+03	2.4e+00	6.4018e-01	3.2e-03
6.5477e+03	2.4e+00	6.3557e-01	3.8e-03
6.5510e+03	2.4e+00	6.3002e-01	3.7e-03
6.5544e+03	2.4e+00	6.2170e-01	3.3e-03
6.5577e+03	2.4e+00	5.7941e-01	4.0e-03
6.5611e+03	2.4e+00	5.2990e-01	4.3e-03
6.5645e+03	2.4e+00	4.9409e-01	3.4e-03
6.5678e+03	2.4e+00	5.3513e-01	3.7e-03
6.5712e+03	2.4e+00	5.9581e-01	8.2e-03
6.5745e+03	2.4e+00	6.1409e-01	5.2e-03
6.5779e+03	2.4e+00	6.2123e-01	4.6e-03
6.5812e+03	2.4e+00	6.3240e-01	6.5e-03
6.5846e+03	2.4e+00	6.3433e-01	5.2e-03
6.5879e+03	2.4e+00	6.2204e-01	6.7e-03
6.5913e+03	2.4e+00	6.2288e-01	7.0e-03
6.5946e+03	2.4e+00	6.0792e-01	6.7e-03
6.5980e+03	2.4e+00	6.1130e-01	6.0e-03
6.6013e+03	2.4e+00	6.2735e-01	6.8e-03
6.6047e+03	2.4e+00	6.2258e-01	5.7e-03
6.6080e+03	2.4e+00	6.1917e-01	7.4e-03
6.6114e+03	2.4e+00	6.1605e-01	6.8e-03
6.6147e+03	2.4e+00	6.2733e-01	5.2e-03
6.6181e+03	2.4e+00	6.3592e-01	4.3e-03
6.6214e+03	2.4e+00	6.3518e-01	4.5e-03
6.6248e+03	2.4e+00	6.2889e-01	5.4e-03
6.6281e+03	2.4e+00	6.2723e-01	6.6e-03
6.6315e+03	2.4e+00	6.2200e-01	4.4e-03
6.6348e+03	2.4e+00	6.1195e-01	6.7e-03
6.6382e+03	2.4e+00	6.1269e-01	5.6e-03
6.6415e+03	2.4e+00	6.1557e-01	3.1e-03
6.6449e+03	2.4e+00	6.2019e-01	5.3e-03
6.6482e+03	2.4e+00	6.2264e-01	5.3e-03
6.6515e+03	2.4e+00	6.2675e-01	6.5e-03
6.6549e+03	2.4e+00	6.3285e-01	5.3e-03
6.6582e+03	2.4e+00	6.2725e-01	4.9e-03
6.6616e+03	2.4e+00	6.1685e-01	4.5e-03
6.6649e+03	2.4e+00	6.0926e-01	4.6e-03
6.6683e+03	2.4e+00	6.1321e-01	2.5e-03
6.6716e+03	2.4e+00	6.2138e-01	5.2e-03
6.6749e+03	2.4e+00	6.1701e-01	4.3e-03
6.6783e+03	2.4e+00	6.1208e-01	3.4e-03
6.6816e+03	2.4e+00	6.1100e-01	2.9e-03
6.6850e+03	2.4e+00	6.2191e-01	2.0e-03
6.6883e+03	2.4e+00	6.2457e-01	4.3e-03
6.6916e+03	2.4e+00	6.2224e-01	4.7e-03
6.6950e+03	2.4e+00	6.1953e-01	4.7e-03
6.6983e+03	2.4e+00	6.1666e-01	4.8e-03
6.7017e+03	2.4e+00	6.1004e-01	4.0e-03
6.7050e+03	2.4e+00	6.1157e-01	5.1e-03
6.7083e+03	2.4e+00	6.0549e-01	4.6e-03
6.7117e+03	2.4e+00	6.0493e-01	4.8e-03
6.7150e+03	2.4e+00	5.9787e-01	5.1e-03
6.7183e+03	2.4e+00	5.9652e-01	3.0e-03
6.7217e+03	2.4e+00	6.0268e-01	4.9e-03
6.7250e+03	2.4e+00	6.0826e-01	5.8e-03
6.7283e+03	2.4e+00	6.1280e-01	4.8e-03
6.7317e+03	2.4e+00	6.1227e-01	5.5e-03
6.7350e+03	2.4e+00	6.0830e-01	5.5e-03
6.7383e+03	2.4e+00	6.0240e-01	6.7e-03
6.7417e+03	2.4e+00	6.0287e-01	4.6e-03
6.7450e+03	2.4e+00	5.9923e-01	3.4e-03
6.7483e+03	2.4e+00	5.9684e-01	4.6e-03
6.7517e+03	2.4e+00	6.0077e-01	4.2e-03
6.7550e+03	2.4e+00	5.9966e-01	4.5e-03
6.7583e+03	2.4e+00	6.0506e-01	5.5e-03
6.7617e+03	2.4e+00	6.0960e-01	4.4e-03
6.7650e+03	2.4e+00	6.0820e-01	6.6e-03
6.7683e+03	2.4e+00	5.9420e-01	3.5e-03
6.7716e+03	2.4e+00	5.9168e-01	2.3e-03
6.7750e+03	2.4e+00	5.9620e-01	2.8e-03
6.7783e+03	2.4e+00	6.0849e-01	6.3e-03
6.7816e+03	2.4e+00	6.0845e-01	3.9e-03
6.7849e+03	2.4e+00	6.0054e-01	3.2e-03
6.7883e+03	2.4e+00	5.9831e-01	5.8e-03
6.7916e+03	2.4e+00	5.9538e-01	6.4e-03
6.7949e+03	2.4e+00	5.9181e-01	4.1e-03
6.7983e+03	2.4e+00	5.9074e-01	4.3e-03
6.8016e+03	2.4e+00	5.9473e-01	3.8e-03
6.8049e+03	2.4e+00	5.9538e-01	3.1e-03
6.8082e+03	2.4e+00	5.9383e-01	4.2e-03
6.8115e+03	2.4e+00	5.8798e-01	3.9e-03
6.8149e+03	2.4e+00	5.8730e-01	4.1e-03
6.8182e+03	2.4e+00	5.9138e-01	4.6e-03
6.8215e+03	2.4e+00	5.9418e-01	4.7e-03
6.8248e+03	2.4e+00	5.8964e-01	3.2e-03
6.8282e+03	2.4e+00	5.8444e-01	3.2e-03
6.8315e+03	2.4e+00	5.7646e-01	5.0e-03
6.8348e+03	2.4e+00	5.7481e-01	4.0e-03
6.8381e+03	2.4e+00	5.7120e-01	4.5e-03
6.8414e+03	2.4e+00	5.6219e-01	4.1e-03
6.8447e+03	2.4e+00	5.6060e-01	4.1e-03
6.8481e+03	2.4e+00	5.6887e-01	5.6e-03
6.8514e+03	2.4e+00	5.7726e-01	4.8e-03
6.8547e+03	2.4e+00	5.6699e-01	3.6e-03
6.8580e+03	2.4e+00	5.5495e-01	3.5e-03
6.8613e+03	2.4e+00	5.5709e-01	3.8e-03
6.8647e+03	2.4e+00	5.2655e-01	3.7e-03
6.8680e+03	2.4e+00	4.8812e-01	2.8e-03
6.8713e+03	2.4e+00	4.1746e-01	5.1e-03
6.8746e+03	2.4e+00	4.0344e-01	3.3e-03
6.8779e+03	2.4e+00	4.4072e-01	2.3e-03
6.8812e+03	2.4e+00	4.8241e-01	3.4e-03
6.8845e+03	2.4e+00	5.0227e-01	4.9e-03
6.8878e+03	2.4e+00	4.9825e-01	2.7e-03
6.8912e+03	2.4e+00	4.9061e-01	4.9e-03
6.8945e+03	2.4e+00	4.9267e-01	2.1e-03
6.8978e+03	2.4e+00	4.9355e-01	3.7e-03
6.9011e+03	2.4e+00	5.0240e-01	5.0e-03
6.9044e+03	2.4e+00	5.1174e-01	3.7e-03
6.9077e+03	2.4e+00	5.1732e-01	5.8e-03
6.9110e+03	2.4e+00	5.2240e-01	3.9e-03
6.9143e+03	2.4e+00	5.2360e-01	4.4e-03
6.9176e+03	2.4e+00	5.2067e-01	4.9e-03
6.9210e+03	2.4e+00	5.3221e-01	4.7e-03
6.9243e+03	2.4e+00	5.3993e-01	4.1e-03
6.9276e+03	2.4e+00	5.3685e-01	4.5e-03
6.9309e+03	2.4e+00	5.4137e-01	5.7e-03
6.9342e+03	2.4e+00	5.4149e-01	4.9e-03
6.9375e+03	2.4e+00	5.3904e-01	5.4e-03
6.9408e+03	2.4e+00	5.3571e-01	5.7e-03
6.9441e+03	2.4e+00	5.3784e-01	5.2e-03
6.9474e+03	2.4e+00	5.3446e-01	5.2e-03
6.9507e+03	2.4e+00	5.3398e-01	4.8e-03
6.9540e+03	2.4e+00	5.3289e-01	4.2e-03
6.9573e+03	2.4e+00	5.3441e-01	3.3e-03
6.9606e+03	2.4e+00	5.4158e-01	4.6e-03
6.9639e+03	2.4e+00	5.4307e-01	5.4e-03
6.9672e+03	2.4e+00	5.4529e-01	5.3e-03
6.9705e+03	2.4e+00	5.4423e-01	3.5e-03
6.9738e+03	2.4e+00	5.3730e-01	4.7e-03
6.9771e+03	2.4e+00	5.2984e-01	5.7e-03
6.9804e+03	2.4e+00	5.2324e-01	4.3e-03
6.9837e+03	2.4e+00	5.2736e-01	3.4e-03
6.9870e+03	2.4e+00	5.3584e-01	5.3e-03
6.9903e+03	2.4e+00	5.3379e-01	4.5e-03
6.9936e+03	2.4e+00	5.2977e-01	5.0e-03
6.9969e+03	2.4e+00	5.2513e-01	5.1e-03
7.0002e+03	2.4e+00	5.2810e-01	6.2e-03
7.0035e+03	2.4e+00	5.1516e-01	5.6e-03
7.0068e+03	2.4e+00	5.1455e-01	5.0e-03
7.0101e+03	2.4e+00	5.1324e-01	5.2e-03
7.0134e+03	2.4e+00	5.1264e-01	5.9e-03
7.0167e+03	2.4e+00	5.0637e-01	4.7e-03
7.0200e+03	2.4e+00	5.0106e-01	6.1e-03
7.0233e+03	2.4e+00	5.0963e-01	5.1e-03
7.0266e+03	2.4e+00	5.0537e-01	4.2e-03
7.0299e+03	2.4e+00	5.1202e-01	5.6e-03
7.0332e+03	2.4e+00	5.1114e-01	4.0e-03
7.0365e+03	2.4e+00	5.1555e-01	6.0e-03
7.0398e+03	2.4e+00	5.2243e-01	5.3e-03
7.0430e+03	2.4e+00	5.2030e-01	5.6e-03
7.0463e+03	2.4e+00	5.2553e-01	6.0e-03
7.0496e+03	2.4e+00	5.2074e-01	6.5e-03
7.0529e+03	2.4e+00	5.1506e-01	6.4e-03
7.0562e+03	2.4e+00	5.1243e-01	4.3e-03
7.0595e+03	2.4e+00	5.1222e-01	6.1e-03
7.0628e+03	2.4e+00	5.1147e-01	7.6e-03
7.0661e+03	2.4e+00	5.1003e-01	6.8e-03
7.0694e+03	2.4e+00	5.0132e-01	7.3e-03
7.0726e+03	2.4e+00	5.0180e-01	6.0e-03
7.0759e+03	2.4e+00	5.0806e-01	7.5e-03
7.0792e+03	2.4e+00	5.0980e-01	6.3e-03
7.0825e+03	2.4e+00	5.0310e-01	5.0e-03
7.0858e+03	2.4e+00	4.9663e-01	6.8e-03
7.0891e+03	2.4e+00	4.9658e-01	5.5e-03
7.0924e+03	2.4e+00	4.9535e-01	6.7e-03
7.0957e+03	2.4e+00	4.9425e-01	7.5e-03
7.0989e+03	2.4e+00	4.9706e-01	6.7e-03
7.1022e+03	2.4e+00	5.0167e-01	7.8e-03
7.1055e+03	2.4e+00	4.9978e-01	7.2e-03
7.1088e+03	2.4e+00	4.9448e-01	7.0e-03
7.1121e+03	2.4e+00	4.8357e-01	5.4e-03
7.1154e+03	2.4e+00	4.8493e-01	7.1e-03
7.1186e+03	2.4e+00	4.8702e-01	7.9e-03
7.1219e+03	2.4e+00	4.8582e-01	7.8e-03
7.1252e+03	2.4e+00	4.8085e-01	6.7e-03
7.1285e+03	2.4e+00	4.8104e-01	8.1e-03
7.1318e+03	2.4e+00	4.7901e-01	7.3e-03
7.1350e+03	2.4e+00	4.7593e-01	7.5e-03
7.1383e+03	2.4e+00	4.8456e-01	7.4e-03
7.1416e+03	2.4e+00	4.8100e-01	7.4e-03
7.1449e+03	2.4e+00	4.8076e-01	6.7e-03
7.1481e+03	2.4e+00	4.7345e-01	6.6e-03
7.1514e+03	2.4e+00	4.6401e-01	6.3e-03
7.1547e+03	2.4e+00	4.7025e-01	8.8e-03
7.1580e+03	2.4e+00	4.7278e-01	8.7e-03
7.1613e+03	2.4e+00	4.7310e-01	7.7e-03
7.1645e+03	2.4e+00	4.5933e-01	6.4e-03
7.1678e+03	2.4e+00	4.5011e-01	7.7e-03
7.1711e+03	2.4e+00	4.3997e-01	9.2e-03
7.1744e+03	2.4e+00	4.4315e-01	8.1e-03
7.1776e+03	2.4e+00	4.3102e-01	7.2e-03
7.1809e+03	2.4e+00	4.1911e-01	8.3e-03
7.1842e+03	2.4e+00	4.0817e-01	7.0e-03
7.1874e+03	2.4e+00	4.0065e-01	6.2e-03
7.1907e+03	2.4e+00	3.8802e-01	5.9e-03
7.1940e+03	2.4e+00	3.9734e-01	7.0e-03
7.1973e+03	2.4e+00	3.9930e-01	7.2e-03
7.2005e+03	2.4e+00	4.0755e-01	7.5e-03
7.2038e+03	2.4e+00	4.0606e-01	6.5e-03
7.2071e+03	2.4e+00	4.0830e-01	9.3e-03
7.2103e+03	2.4e+00	4.1214e-01	8.8e-03
7.2136e+03	2.4e+00	4.2547e-01	8.4e-03
7.2169e+03	2.4e+00	4.3666e-01	9.5e-03
7.2201e+03	2.4e+00	4.3710e-01	9.7e-03
7.2234e+03	2.4e+00	4.2933e-01	1.1e-02
7.2267e+03	2.4e+00	4.2560e-01	8.6e-03
7.2299e+03	2.4e+00	4.2692e-01	9.4e-03
7.2332e+03	2.4e+00	4.2277e-01	8.6e-03
7.2365e+03	2.4e+00	4.1694e-01	8.5e-03
7.2397e+03	2.4e+00	4.0637e-01	1.0e-02
7.2430e+03	2.4e+00	4.1148e-01	1.0e-02
7.2463e+03	2.4e+00	4.0833e-01	1.1e-02
7.2495e+03	2.4e+00	4.0978e-01	1.0e-02
7.2528e+03	2.4e+00	4.0993e-01	9.0e-03
7.2561e+03	2.4e+00	4.1106e-01	9.7e-03
7.2593e+03	2.4e+00	4.0851e-01	1.0e-02
7.2626e+03	2.4e+00	4.1203e-01	1.1e-02
7.2658e+03	2.4e+00	4.0926e-01	1.1e-02
7.2691e+03	2.4e+00	4.1148e-01	9.3e-03
7.2724e+03	2.4e+00	4.1317e-01	1.1e-02
7.2756e+03	2.4e+00	4.0918e-01	1.0e-02
7.2789e+03	2.4e+00	3.9883e-01	9.0e-03
7.2821e+03	2.4e+00	3.9858e-01	9.9e-03
7.2854e+03	2.4e+00	4.0080e-01	9.7e-03
7.2887e+03	2.4e+00	3.9437e-01	9.9e-03
7.2919e+03	2.4e+00	3.9086e-01	1.0e-02
7.2952e+03	2.4e+00	3.8639e-01	9.4e-03
7.2984e+03	2.4e+00	3.9372e-01	9.9e-03
7.3017e+03	2.4e+00	4.0380e-01	1.0e-02
7.3049e+03	2.4e+00	4.0301e-01	1.1e-02
7.3082e+03	2.4e+00	3.9379e-01	1.2e-02
7.3115e+03	2.4e+00	3.9084e-01	9.6e-03
7.3147e+03	2.4e+00	3.9176e-01	1.0e-02
7.3180e+03	2.4e+00	3.9724e-01	9.5e-03
7.3212e+03	2.4e+00	3.9675e-01	1.1e-02
7.3245e+03	2.4e+00	3.9867e-01	1.1e-02
7.3277e+03	2.4e+00	3.9940e-01	1.1e-02
7.3310e+03	2.4e+00	3.9811e-01	1.1e-02
7.3342e+03	2.4e+00	4.0345e-01	1.0e-02
7.3375e+03	2.4e+00	4.0689e-01	1.2e-02
7.3407e+03	2.4e+00	4.0752e-01	1.1e-02
7.3440e+03	2.4e+00	4.0874e-01	1.0e-02
7.3472e+03	2.4e+00	4.0911e-01	1.2e-02
7.3505e+03	2.4e+00	3.9948e-01	1.1e-02
7.3537e+03	2.4e+00	3.9260e-01	1.1e-02
7.3570e+03	2.4e+00	3.8630e-01	1.1e-02
7.3602e+03	2.4e+00	3.8508e-01	1.1e-02
7.3635e+03	2.4e+00	3.8679e-01	1.0e-02
7.3667e+03	2.4e+00	3.9177e-01	1.1e-02
7.3700e+03	2.4e+00	3.8672e-01	1.1e-02
7.3732e+03	2.4e+00	3.8737e-01	1.1e-02
7.3765e+03	2.4e+00	3.8690e-01	1.1e-02
7.3797e+03	2.4e+00	3.9043e-01	1.1e-02
7.3830e+03	2.4e+00	3.8545e-01	1.2e-02
7.3862e+03	2.4e+00	3.7873e-01	1.1e-02
7.3895e+03	2.4e+00	3.6876e-01	1.2e-02
7.3927e+03	2.4e+00	3.6725e-01	1.1e-02
7.3959e+03	2.4e+00	3.7043e-01	1.2e-02
7.3992e+03	2.4e+00	3.7301e-01	1.1e-02
7.4024e+03	2.4e+00	3.7815e-01	1.2e-02
7.4057e+03	2.4e+00	3.7247e-01	1.2e-02
7.4089e+03	2.4e+00	3.6846e-01	1.2e-02
7.4122e+03	2.4e+00	3.6343e-01	1.3e-02
7.4154e+03	2.4e+00	3.5740e-01	1.2e-02
7.4186e+03	2.4e+00	3.5506e-01	1.1e-02
7.4219e+03	2.4e+00	3.5716e-01	1.2e-02
7.4251e+03	2.4e+00	3.6254e-01	1.3e-02
7.4284e+03	2.4e+00	3.6635e-01	1.3e-02
7.4316e+03	2.4e+00	3.6490e-01	1.2e-02
7.4348e+03	2.4e+00	3.6816e-01	1.3e-02
7.4381e+03	2.4e+00	3.6776e-01	1.3e-02
7.4413e+03	2.4e+00	3.7027e-01	1.4e-02
7.4445e+03	2.4e+00	3.6322e-01	1.3e-02
7.4478e+03	2.4e+00	3.5633e-01	1.3e-02
7.4510e+03	2.4e+00	3.6130e-01	1.4e-02
7.4543e+03	2.4e+00	3.6343e-01	1.2e-02
7.4575e+03	2.4e+00	3.6660e-01	1.3e-02
7.4607e+03	2.4e+00	3.6747e-01	1.5e-02
7.4640e+03	2.4e+00	3.6196e-01	1.5e-02
7.4672e+03	2.4e+00	3.5928e-01	1.3e-02
7.4704e+03	2.4e+00	3.5941e-01	1.5e-02
7.4737e+03	2.4e+00	3.6460e-01	1.4e-02
7.4769e+03	2.4e+00	3.6539e-01	1.6e-02
7.4801e+03	2.4e+00	3.6717e-01	1.5e-02
7.4834e+03	2.4e+00	3.6156e-01	1.4e-02
7.4866e+03	2.4e+00	3.6497e-01	1.3e-02
7.4898e+03	2.4e+00	3.5745e-01	1.5e-02
7.4931e+03	2.4e+00	3.5580e-01	1.4e-02
7.4963e+03	2.4e+00	3.5462e-01	1.3e-02
7.4995e+03	2.4e+00	3.5076e-01	1.5e-02
7.5027e+03	2.4e+00	3.5559e-01	1.6e-02
7.5060e+03	2.4e+00	3.5831e-01	1.5e-02
7.5092e+03	2.4e+00	3.5899e-01	1.4e-02
7.5124e+03	2.4e+00	3.5558e-01	1.5e-02
7.5157e+03	2.4e+00	3.5125e-01	1.4e-02
7.5189e+03	2.4e+00	3.4875e-01	1.6e-02
7.5221e+03	2.4e+00	3.4968e-01	1.6e-02
7.5253e+03	2.4e+00	3.5037e-01	1.6e-02
7.5286e+03	2.4e+00	3.4946e-01	1.6e-02
7.5318e+03	2.4e+00	3.4549e-01	1.6e-02
7.5350e+03	2.4e+00	3.4494e-01	1.6e-02
7.5382e+03	2.4e+00	3.4580e-01	1.7e-02
7.5415e+03	2.4e+00	3.4780e-01	1.5e-02
7.5447e+03	2.4e+00	3.5268e-01	1.6e-02
7.5479e+03	2.4e+00	3.5239e-01	1.8e-02
7.5511e+03	2.4e+00	3.4905e-01	1.7e-02
7.5543e+03	2.4e+00	3.5014e-01	1.7e-02
7.5576e+03	2.4e+00	3.4572e-01	1.8e-02
7.5608e+03	2.4e+00	3.4533e-01	1.7e-02
7.5640e+03	2.4e+00	3.4388e-01	1.7e-02
7.5672e+03	2.4e+00	3.4186e-01	1.7e-02
7.5705e+03	2.4e+00	3.4201e-01	1.8e-02
7.5737e+03	2.4e+00	3.3886e-01	1.7e-02
7.5769e+03	2.4e+00	3.3746e-01	1.7e-02
7.5801e+03	2.4e+00	3.3595e-01	1.7e-02
7.5833e+03	2.4e+00	3.3498e-01	1.7e-02
7.5865e+03	2.4e+00	3.3579e-01	1.7e-02
7.5898e+03	2.4e+00	3.2936e-01	1.8e-02
7.5930e+03	2.4e+00	3.2267e-01	1.6e-02
7.5962e+03	2.4e+00	3.0181e-01	1.7e-02
7.5994e+03	2.4e+00	2.6075e-01	1.6e-02
7.6026e+03	2.4e+00	1.9447e-01	1.2e-02
7.6058e+03	2.4e+00	1.2419e-01	8.2e-03
7.6091e+03	2.4e+00	8.5162e-02	6.0e-03
7.6123e+03	2.4e+00	7.1522e-02	4.6e-03
7.6155e+03	2.4e+00	7.9301e-02	4.2e-03
7.6187e+03	2.4e+00	1.0295e-01	4.9e-03
7.6219e+03	2.4e+00	1.4539e-01	6.7e-03
7.6251e+03	2.4e+00	1.7924e-01	8.8e-03
7.6283e+03	2.4e+00	1.9332e-01	1.2e-02
7.6315e+03	2.4e+00	1.7617e-01	1.2e-02
7.6348e+03	2.4e+00	1.5531e-01	9.2e-03
7.6380e+03	2.4e+00	1.4869e-01	9.1e-03
7.6412e+03	2.4e+00	1.5364e-01	9.9e-03
7.6444e+03	2.4e+00	1.6142e-01	9.1e-03
7.6476e+03	2.4e+00	1.7103e-01	1.1e-02
7.6508e+03	2.4e+00	1.8351e-01	1.1e-02
7.6540e+03	2.4e+00	2.0071e-01	1.2e-02
7.6572e+03	2.4e+00	2.0986e-01	1.3e-02
7.6604e+03	2.4e+00	2.2050e-01	1.4e-02
7.6636e+03	2.4e+00	2.2814e-01	1.5e-02
7.6668e+03	2.4e+00	2.3703e-01	1.5e-02
7.6700e+03	2.4e+00	2.4735e-01	1.5e-02
7.6733e+03	2.4e+00	2.5612e-01	1.5e-02
7.6765e+03	2.4e+00	2.6423e-01	1.7e-02
7.6797e+03	2.4e+00	2.7995e-01	1.8e-02
7.6829e+03	2.4e+00	2.8837e-01	1.8e-02
7.6861e+03	2.4e+00	2.9583e-01	1.9e-02
