# lambda [A]	Dlambda [A]	specval [counts]	Dspecval [counts]
4.0001e+03	3.1e+00	6.27461e+02	1.2e+01
4.0026e+03	3.1e+00	5.99671e+02	1.2e+01
4.0051e+03	3.1e+00	6.03612e+02	1.2e+01
4.0076e+03	3.1e+00	5.89283e+02	2.2e+01
4.0100e+03	3.1e+00	5.57698e+02	1.5e+01
4.0125e+03	3.1e+00	5.75361e+02	1.0e+01
4.0150e+03	3.1e+00	5.91806e+02	1.7e+01
4.0175e+03	3.0e+00	5.91427e+02	1.8e+01
4.0200e+03	3.0e+00	6.10112e+02	1.1e+01
4.0225e+03	3.0e+00	5.63338e+02	1.2e+01
4.0250e+03	3.0e+00	5.74108e+02	1.9e+01
4.0274e+03	3.0e+00	5.83433e+02	1.1e+01
4.0299e+03	3.0e+00	5.70124e+02	1.2e+01
4.0324e+03	3.0e+00	5.51627e+02	1.5e+01
4.0349e+03	3.0e+00	5.35721e+02	1.9e+01
4.0374e+03	3.0e+00	5.50229e+02	2.2e+01
4.0399e+03	3.0e+00	5.55433e+02	1.6e+01
4.0423e+03	3.0e+00	5.85778e+02	1.3e+01
4.0448e+03	3.0e+00	5.85647e+02	1.4e+01
4.0473e+03	3.0e+00	5.98364e+02	1.5e+01
4.0498e+03	2.9e+00	6.31141e+02	1.5e+01
4.0523e+03	2.9e+00	5.86665e+02	1.9e+01
4.0548e+03	2.9e+00	5.67594e+02	1.0e+01
4.0572e+03	2.9e+00	5.35507e+02	1.2e+01
4.0597e+03	2.9e+00	5.26721e+02	1.5e+01
4.0622e+03	2.9e+00	4.94670e+02	9.7e+00
4.0647e+03	2.9e+00	4.98647e+02	1.2e+01
4.0672e+03	2.9e+00	4.97697e+02	1.9e+01
4.0697e+03	2.9e+00	4.91770e+02	2.2e+01
4.0721e+03	2.9e+00	4.91810e+02	9.9e+00
4.0746e+03	2.9e+00	5.41667e+02	2.1e+01
4.0771e+03	2.9e+00	5.35505e+02	1.8e+01
4.0796e+03	2.9e+00	5.16349e+02	9.9e+00
4.0821e+03	2.9e+00	5.11894e+02	1.0e+01
4.0846e+03	2.8e+00	5.04655e+02	9.2e+00
4.0871e+03	2.8e+00	4.57113e+02	1.4e+01
4.0895e+03	2.8e+00	4.47480e+02	7.0e+00
4.0920e+03	2.8e+00	4.56478e+02	7.0e+00
4.0945e+03	2.8e+00	4.38073e+02	1.5e+01
4.0970e+03	2.8e+00	4.30431e+02	9.3e+00
4.0995e+03	2.8e+00	4.35937e+02	8.1e+00
4.1020e+03	2.8e+00	4.47892e+02	7.5e+00
4.1044e+03	2.8e+00	4.61629e+02	9.4e+00
4.1069e+03	2.8e+00	4.61886e+02	1.2e+01
4.1094e+03	2.8e+00	4.52543e+02	7.8e+00
4.1119e+03	2.8e+00	4.40409e+02	8.0e+00
4.1144e+03	2.8e+00	4.56805e+02	9.8e+00
4.1169e+03	2.8e+00	4.44541e+02	7.8e+00
4.1193e+03	2.8e+00	4.30235e+02	9.9e+00
4.1218e+03	2.7e+00	4.19565e+02	7.3e+00
4.1243e+03	2.7e+00	4.30859e+02	1.1e+01
4.1268e+03	2.7e+00	4.37417e+02	1.2e+01
4.1293e+03	2.7e+00	4.39469e+02	1.8e+01
4.1317e+03	2.7e+00	4.31233e+02	1.1e+01
4.1342e+03	2.7e+00	4.15348e+02	1.2e+01
4.1367e+03	2.7e+00	4.20766e+02	1.2e+01
4.1392e+03	2.7e+00	4.12360e+02	9.9e+00
4.1417e+03	2.7e+00	3.77023e+02	1.2e+01
4.1442e+03	2.7e+00	3.68079e+02	6.1e+00
4.1466e+03	2.7e+00	3.68118e+02	7.0e+00
4.1491e+03	2.7e+00	3.49616e+02	9.5e+00
4.1516e+03	2.7e+00	3.52426e+02	6.0e+00
4.1541e+03	2.7e+00	3.42434e+02	9.0e+00
4.1566e+03	2.7e+00	4.07038e+02	6.9e+00
4.1591e+03	2.6e+00	4.44840e+02	7.5e+00
4.1615e+03	2.6e+00	4.77879e+02	1.1e+01
4.1640e+03	2.6e+00	5.26362e+02	6.0e+00
4.1665e+03	2.6e+00	4.78741e+02	9.5e+00
4.1690e+03	2.6e+00	4.50120e+02	1.5e+01
4.1715e+03	2.6e+00	3.97360e+02	7.1e+00
4.1740e+03	2.6e+00	3.55198e+02	5.1e+00
4.1764e+03	2.6e+00	3.64687e+02	7.4e+00
4.1789e+03	2.6e+00	3.57957e+02	1.1e+01
4.1814e+03	2.6e+00	3.60110e+02	1.1e+01
4.1839e+03	2.6e+00	3.78700e+02	8.7e+00
4.1864e+03	2.6e+00	3.74691e+02	7.3e+00
4.1888e+03	2.6e+00	3.93961e+02	1.1e+01
4.1913e+03	2.6e+00	4.11507e+02	1.6e+01
4.1938e+03	2.6e+00	4.23217e+02	1.7e+01
4.1963e+03	2.6e+00	4.65170e+02	8.2e+00
4.1988e+03	2.6e+00	5.47165e+02	1.3e+01
4.2013e+03	2.5e+00	6.10609e+02	1.8e+01
4.2037e+03	2.5e+00	6.69581e+02	1.2e+01
4.2062e+03	2.5e+00	6.52987e+02	1.4e+01
4.2087e+03	2.5e+00	5.48471e+02	1.1e+01
4.2112e+03	2.5e+00	4.58317e+02	1.0e+01
4.2137e+03	2.5e+00	3.65102e+02	1.0e+01
4.2161e+03	2.5e+00	3.28960e+02	8.7e+00
4.2186e+03	2.5e+00	3.19941e+02	9.1e+00
4.2211e+03	2.5e+00	3.17240e+02	5.8e+00
4.2236e+03	2.5e+00	3.11832e+02	7.9e+00
4.2261e+03	2.5e+00	3.26462e+02	3.9e+00
4.2286e+03	2.5e+00	3.32324e+02	8.2e+00
4.2310e+03	2.5e+00	3.40661e+02	6.9e+00
4.2335e+03	2.5e+00	3.33306e+02	7.8e+00
4.2360e+03	2.5e+00	3.37203e+02	8.3e+00
4.2385e+03	2.5e+00	3.21620e+02	8.5e+00
4.2410e+03	2.5e+00	3.18773e+02	7.7e+00
4.2434e+03	2.5e+00	3.16127e+02	7.0e+00
4.2459e+03	2.5e+00	3.13861e+02	9.7e+00
4.2484e+03	2.4e+00	3.05196e+02	6.2e+00
4.2509e+03	2.4e+00	3.05077e+02	6.7e+00
4.2534e+03	2.4e+00	2.95576e+02	9.2e+00
4.2558e+03	2.4e+00	3.08441e+02	5.9e+00
4.2583e+03	2.4e+00	3.56788e+02	6.7e+00
4.2608e+03	2.4e+00	4.05091e+02	6.6e+00
4.2633e+03	2.4e+00	4.51173e+02	1.4e+01
4.2658e+03	2.4e+00	4.56396e+02	3.2e+00
4.2683e+03	2.4e+00	4.20489e+02	1.0e+01
4.2707e+03	2.4e+00	4.06500e+02	9.8e+00
4.2732e+03	2.4e+00	3.88782e+02	6.6e+00
4.2757e+03	2.4e+00	3.91302e+02	5.2e+00
4.2782e+03	2.4e+00	4.21258e+02	7.9e+00
4.2807e+03	2.4e+00	4.13895e+02	8.9e+00
4.2831e+03	2.4e+00	4.05561e+02	7.8e+00
4.2856e+03	2.4e+00	3.74326e+02	7.6e+00
4.2881e+03	2.4e+00	3.16011e+02	8.5e+00
4.2906e+03	2.4e+00	2.84519e+02	4.1e+00
4.2931e+03	2.4e+00	2.68770e+02	4.8e+00
4.2955e+03	2.4e+00	2.80364e+02	6.6e+00
4.2980e+03	2.4e+00	2.78446e+02	8.2e+00
4.3005e+03	2.3e+00	3.07691e+02	8.9e+00
4.3030e+03	2.3e+00	3.14190e+02	1.0e+01
4.3055e+03	2.3e+00	3.09341e+02	4.8e+00
4.3079e+03	2.3e+00	3.06956e+02	7.3e+00
4.3104e+03	2.3e+00	2.96014e+02	8.4e+00
4.3129e+03	2.3e+00	2.99003e+02	1.1e+01
4.3154e+03	2.3e+00	2.75378e+02	9.9e+00
4.3179e+03	2.3e+00	2.77265e+02	6.9e+00
4.3203e+03	2.3e+00	2.75994e+02	4.7e+00
4.3228e+03	2.3e+00	2.67301e+02	8.0e+00
4.3253e+03	2.3e+00	2.58094e+02	6.1e+00
4.3278e+03	2.3e+00	2.66334e+02	5.3e+00
4.3303e+03	2.3e+00	2.81115e+02	5.0e+00
4.3327e+03	2.3e+00	3.07552e+02	5.3e+00
4.3352e+03	2.3e+00	3.32870e+02	7.2e+00
4.3377e+03	2.3e+00	3.69012e+02	5.6e+00
4.3402e+03	2.3e+00	3.63219e+02	8.6e+00
4.3427e+03	2.3e+00	3.48960e+02	8.5e+00
4.3451e+03	2.3e+00	3.47265e+02	8.9e+00
4.3476e+03	2.3e+00	3.39962e+02	7.8e+00
4.3501e+03	2.3e+00	3.51006e+02	9.5e+00
4.3526e+03	2.3e+00	3.57845e+02	6.7e+00
4.3551e+03	2.3e+00	3.49060e+02	8.5e+00
4.3575e+03	2.2e+00	3.03674e+02	3.4e+00
4.3600e+03	2.2e+00	2.96552e+02	8.2e+00
4.3625e+03	2.2e+00	2.86766e+02	5.3e+00
4.3650e+03	2.2e+00	2.77052e+02	6.5e+00
4.3675e+03	2.2e+00	2.85642e+02	4.4e+00
4.3699e+03	2.2e+00	2.91149e+02	7.5e+00
4.3724e+03	2.2e+00	3.03399e+02	6.1e+00
4.3749e+03	2.2e+00	3.33181e+02	8.5e+00
4.3774e+03	2.2e+00	3.37654e+02	6.4e+00
4.3799e+03	2.2e+00	3.34063e+02	8.8e+00
4.3823e+03	2.2e+00	3.15333e+02	1.3e+01
4.3848e+03	2.2e+00	2.96898e+02	8.2e+00
4.3873e+03	2.2e+00	2.97076e+02	8.3e+00
4.3898e+03	2.2e+00	2.85776e+02	3.0e+00
4.3923e+03	2.2e+00	2.67953e+02	8.4e+00
4.3947e+03	2.2e+00	2.72229e+02	9.8e+00
4.3972e+03	2.2e+00	2.50660e+02	7.8e+00
4.3997e+03	2.2e+00	2.41675e+02	6.8e+00
4.4022e+03	2.2e+00	2.54932e+02	6.8e+00
4.4047e+03	2.2e+00	2.52594e+02	7.9e+00
4.4071e+03	2.2e+00	2.48269e+02	6.0e+00
4.4096e+03	2.2e+00	2.45361e+02	4.3e+00
4.4121e+03	2.2e+00	2.51233e+02	7.7e+00
4.4146e+03	2.2e+00	2.34505e+02	5.5e+00
4.4170e+03	2.2e+00	2.32041e+02	7.2e+00
4.4195e+03	2.2e+00	2.28117e+02	5.3e+00
4.4220e+03	2.2e+00	2.20393e+02	6.5e+00
4.4245e+03	2.2e+00	2.46790e+02	6.9e+00
4.4270e+03	2.2e+00	2.61444e+02	7.9e+00
4.4294e+03	2.2e+00	2.68024e+02	8.4e+00
4.4319e+03	2.1e+00	2.87971e+02	7.3e+00
4.4344e+03	2.1e+00	2.78691e+02	6.1e+00
4.4369e+03	2.1e+00	2.72167e+02	9.2e+00
4.4394e+03	2.1e+00	2.60853e+02	9.1e+00
4.4418e+03	2.1e+00	2.54189e+02	3.1e+00
4.4443e+03	2.1e+00	2.38660e+02	6.7e+00
4.4468e+03	2.1e+00	2.39089e+02	3.7e+00
4.4493e+03	2.1e+00	2.40288e+02	7.0e+00
4.4517e+03	2.1e+00	2.38442e+02	7.0e+00
4.4542e+03	2.1e+00	2.40992e+02	5.4e+00
4.4567e+03	2.1e+00	2.23995e+02	4.9e+00
4.4592e+03	2.1e+00	2.28218e+02	7.9e+00
4.4617e+03	2.1e+00	2.24048e+02	2.6e+00
4.4641e+03	2.1e+00	2.15356e+02	8.9e+00
4.4666e+03	2.1e+00	2.23125e+02	5.4e+00
4.4691e+03	2.1e+00	2.09923e+02	9.8e+00
4.4716e+03	2.1e+00	2.18502e+02	3.3e+00
4.4741e+03	2.1e+00	2.33542e+02	8.4e+00
4.4765e+03	2.1e+00	2.44007e+02	6.0e+00
4.4790e+03	2.1e+00	2.50155e+02	5.3e+00
4.4815e+03	2.1e+00	2.50192e+02	5.9e+00
4.4840e+03	2.1e+00	2.50389e+02	4.8e+00
4.4864e+03	2.1e+00	2.59348e+02	2.9e+00
4.4889e+03	2.1e+00	2.48195e+02	5.6e+00
4.4914e+03	2.1e+00	2.37122e+02	3.6e+00
4.4939e+03	2.1e+00	2.40215e+02	5.7e+00
4.4964e+03	2.1e+00	2.36257e+02	4.0e+00
4.4988e+03	2.1e+00	2.40783e+02	4.5e+00
4.5013e+03	2.1e+00	2.35197e+02	6.5e+00
4.5038e+03	2.1e+00	2.55483e+02	4.9e+00
4.5063e+03	2.1e+00	2.72711e+02	4.4e+00
4.5087e+03	2.1e+00	3.03801e+02	5.8e+00
4.5112e+03	2.1e+00	3.08476e+02	5.5e+00
4.5137e+03	2.1e+00	3.17734e+02	5.1e+00
4.5162e+03	2.1e+00	3.03950e+02	6.7e+00
4.5186e+03	2.1e+00	2.70976e+02	6.2e+00
4.5211e+03	2.1e+00	2.52882e+02	3.2e+00
4.5236e+03	2.1e+00	2.16485e+02	6.0e+00
4.5261e+03	2.1e+00	2.21472e+02	8.0e+00
4.5286e+03	2.1e+00	2.22512e+02	3.2e+00
4.5310e+03	2.0e+00	2.21353e+02	5.0e+00
4.5335e+03	2.0e+00	2.13613e+02	3.2e+00
4.5360e+03	2.0e+00	2.11546e+02	4.5e+00
4.5385e+03	2.0e+00	2.11140e+02	4.8e+00
4.5409e+03	2.0e+00	2.17616e+02	4.7e+00
4.5434e+03	2.0e+00	2.35670e+02	6.9e+00
4.5459e+03	2.0e+00	2.63871e+02	4.5e+00
4.5484e+03	2.0e+00	2.79318e+02	7.1e+00
4.5509e+03	2.0e+00	2.72651e+02	5.4e+00
4.5533e+03	2.0e+00	2.47675e+02	5.8e+00
4.5558e+03	2.0e+00	2.18803e+02	4.5e+00
4.5583e+03	2.0e+00	1.98404e+02	4.7e+00
4.5608e+03	2.0e+00	1.96534e+02	5.5e+00
4.5632e+03	2.0e+00	1.86979e+02	4.6e+00
4.5657e+03	2.0e+00	1.90926e+02	4.7e+00
4.5682e+03	2.0e+00	1.87955e+02	2.8e+00
4.5707e+03	2.0e+00	1.89694e+02	4.5e+00
4.5731e+03	2.0e+00	1.87652e+02	4.2e+00
4.5756e+03	2.0e+00	1.93496e+02	4.1e+00
4.5781e+03	2.0e+00	2.00448e+02	6.4e+00
4.5806e+03	2.0e+00	2.12128e+02	5.8e+00
4.5830e+03	2.0e+00	2.29533e+02	4.0e+00
4.5855e+03	2.0e+00	2.32835e+02	5.5e+00
4.5880e+03	2.0e+00	2.28154e+02	5.8e+00
4.5905e+03	2.0e+00	2.30531e+02	4.7e+00
4.5929e+03	2.0e+00	2.24160e+02	5.9e+00
4.5954e+03	2.0e+00	2.25252e+02	3.8e+00
4.5979e+03	2.0e+00	2.20059e+02	3.4e+00
4.6004e+03	2.0e+00	2.14307e+02	3.4e+00
4.6029e+03	2.0e+00	2.04578e+02	7.7e+00
4.6053e+03	2.0e+00	2.03511e+02	4.9e+00
4.6078e+03	2.0e+00	2.17718e+02	4.2e+00
4.6103e+03	2.0e+00	2.33816e+02	4.7e+00
4.6128e+03	2.0e+00	2.49262e+02	6.4e+00
4.6152e+03	2.0e+00	2.41759e+02	4.4e+00
4.6177e+03	2.0e+00	2.09983e+02	3.2e+00
4.6202e+03	2.0e+00	2.06471e+02	5.0e+00
4.6227e+03	2.0e+00	1.85706e+02	4.3e+00
4.6251e+03	2.0e+00	1.70679e+02	2.7e+00
4.6276e+03	2.0e+00	1.79585e+02	5.4e+00
4.6301e+03	2.0e+00	1.76386e+02	2.7e+00
4.6326e+03	2.0e+00	1.79270e+02	6.0e+00
4.6350e+03	2.0e+00	1.78564e+02	5.6e+00
4.6375e+03	2.0e+00	1.79044e+02	3.9e+00
4.6400e+03	2.0e+00	1.74569e+02	2.4e+00
4.6425e+03	2.0e+00	1.69230e+02	3.7e+00
4.6449e+03	2.0e+00	1.67398e+02	3.4e+00
4.6474e+03	2.0e+00	1.74137e+02	3.4e+00
4.6499e+03	2.0e+00	1.69368e+02	3.9e+00
4.6524e+03	2.0e+00	1.82898e+02	4.0e+00
4.6548e+03	2.0e+00	1.97905e+02	4.2e+00
4.6573e+03	2.0e+00	1.99142e+02	3.9e+00
4.6598e+03	2.0e+00	2.16687e+02	4.3e+00
4.6623e+03	2.0e+00	2.22903e+02	3.2e+00
4.6647e+03	2.0e+00	2.05367e+02	3.4e+00
4.6672e+03	2.0e+00	1.88805e+02	3.0e+00
4.6697e+03	2.0e+00	1.82760e+02	5.9e+00
4.6722e+03	2.0e+00	1.80151e+02	3.0e+00
4.6746e+03	2.0e+00	1.77792e+02	2.1e+00
4.6771e+03	2.0e+00	1.70604e+02	3.6e+00
4.6796e+03	2.0e+00	1.66363e+02	3.8e+00
4.6821e+03	2.0e+00	1.76271e+02	3.7e+00
4.6845e+03	2.0e+00	1.73142e+02	4.9e+00
4.6870e+03	2.0e+00	1.74572e+02	4.4e+00
4.6895e+03	2.0e+00	1.73650e+02	3.9e+00
4.6920e+03	2.0e+00	1.65003e+02	4.2e+00
4.6944e+03	2.0e+00	1.63601e+02	4.3e+00
4.6969e+03	2.0e+00	1.63841e+02	3.9e+00
4.6994e+03	2.0e+00	1.74292e+02	4.8e+00
4.7019e+03	2.0e+00	1.66327e+02	5.1e+00
4.7043e+03	2.0e+00	1.67826e+02	5.5e+00
4.7068e+03	2.0e+00	1.63635e+02	1.6e+00
4.7093e+03	2.0e+00	1.67121e+02	2.9e+00
4.7118e+03	2.0e+00	1.71686e+02	4.2e+00
4.7142e+03	2.0e+00	1.62932e+02	4.3e+00
4.7167e+03	2.0e+00	1.60587e+02	4.6e+00
4.7192e+03	2.0e+00	1.57921e+02	4.0e+00
4.7216e+03	2.0e+00	1.70123e+02	3.9e+00
4.7241e+03	2.0e+00	1.72440e+02	3.0e+00
4.7266e+03	2.0e+00	1.88032e+02	2.7e+00
4.7291e+03	2.0e+00	1.99243e+02	3.9e+00
4.7315e+03	2.0e+00	2.01833e+02	2.4e+00
4.7340e+03	2.0e+00	1.90126e+02	4.6e+00
4.7365e+03	2.0e+00	1.80935e+02	4.6e+00
4.7390e+03	2.0e+00	1.84370e+02	4.7e+00
4.7414e+03	2.0e+00	1.64387e+02	6.5e+00
4.7439e+03	2.0e+00	1.52378e+02	4.5e+00
4.7464e+03	2.0e+00	1.56651e+02	5.3e+00
4.7489e+03	2.0e+00	1.54053e+02	3.3e+00
4.7513e+03	2.0e+00	1.55020e+02	3.7e+00
4.7538e+03	2.0e+00	1.54994e+02	2.5e+00
4.7563e+03	2.0e+00	1.50998e+02	4.5e+00
4.7588e+03	2.0e+00	1.64315e+02	2.1e+00
4.7612e+03	2.0e+00	1.79806e+02	2.9e+00
4.7637e+03	2.0e+00	1.99295e+02	2.9e+00
4.7662e+03	2.0e+00	2.30187e+02	4.8e+00
4.7686e+03	2.0e+00	2.32764e+02	5.2e+00
4.7711e+03	2.0e+00	2.03932e+02	4.6e+00
4.7736e+03	2.0e+00	1.83759e+02	4.1e+00
4.7761e+03	2.0e+00	1.61069e+02	4.0e+00
4.7785e+03	2.0e+00	1.44110e+02	3.9e+00
4.7810e+03	2.0e+00	1.43200e+02	2.7e+00
4.7835e+03	2.0e+00	1.39863e+02	3.9e+00
4.7860e+03	2.0e+00	1.44295e+02	4.1e+00
4.7884e+03	2.0e+00	1.50585e+02	4.5e+00
4.7909e+03	2.0e+00	1.51148e+02	4.2e+00
4.7934e+03	2.0e+00	1.53239e+02	3.4e+00
4.7958e+03	2.0e+00	1.50711e+02	6.6e+00
4.7983e+03	2.0e+00	1.50827e+02	8.3e+00
4.8008e+03	2.0e+00	1.60144e+02	2.5e+00
4.8033e+03	2.0e+00	1.71548e+02	2.2e+00
4.8057e+03	2.0e+00	1.78091e+02	3.3e+00
4.8082e+03	2.0e+00	1.84895e+02	3.9e+00
4.8107e+03	2.0e+00	1.95636e+02	5.0e+00
4.8132e+03	2.0e+00	1.88221e+02	3.5e+00
4.8156e+03	2.0e+00	1.74925e+02	3.4e+00
4.8181e+03	2.0e+00	1.79160e+02	2.7e+00
4.8206e+03	2.0e+00	1.89390e+02	5.8e+00
4.8230e+03	2.0e+00	1.95803e+02	4.7e+00
4.8255e+03	2.0e+00	2.13290e+02	5.5e+00
4.8280e+03	2.0e+00	2.22388e+02	3.8e+00
4.8305e+03	2.0e+00	2.14824e+02	1.9e+00
4.8329e+03	2.0e+00	2.07141e+02	5.1e+00
4.8354e+03	2.0e+00	2.02260e+02	4.6e+00
4.8379e+03	2.0e+00	1.79211e+02	3.6e+00
4.8403e+03	2.0e+00	1.66780e+02	4.3e+00
4.8428e+03	2.0e+00	1.56805e+02	2.7e+00
4.8453e+03	2.0e+00	1.45816e+02	4.7e+00
4.8478e+03	2.0e+00	1.45178e+02	3.2e+00
4.8502e+03	2.0e+00	1.42946e+02	4.3e+00
4.8527e+03	2.0e+00	1.45953e+02	4.0e+00
4.8552e+03	2.0e+00	1.56378e+02	4.2e+00
4.8577e+03	2.0e+00	1.65724e+02	4.3e+00
4.8601e+03	2.0e+00	1.88595e+02	5.1e+00
4.8626e+03	2.0e+00	1.97405e+02	4.4e+00
4.8651e+03	2.0e+00	1.91356e+02	6.4e+00
4.8675e+03	2.0e+00	1.80327e+02	3.0e+00
4.8700e+03	2.0e+00	1.63289e+02	4.4e+00
4.8725e+03	2.0e+00	1.55963e+02	3.6e+00
4.8750e+03	2.0e+00	1.61071e+02	4.2e+00
4.8774e+03	2.0e+00	1.72389e+02	4.1e+00
4.8799e+03	2.0e+00	1.82141e+02	3.1e+00
4.8824e+03	2.0e+00	1.81870e+02	2.8e+00
4.8848e+03	2.0e+00	1.66401e+02	1.9e+00
4.8873e+03	2.0e+00	1.61252e+02	4.5e+00
4.8898e+03	2.0e+00	1.53737e+02	4.2e+00
4.8922e+03	2.0e+00	1.48062e+02	2.8e+00
4.8947e+03	2.0e+00	1.48651e+02	3.6e+00
4.8972e+03	2.0e+00	1.39108e+02	3.7e+00
4.8997e+03	2.0e+00	1.41037e+02	2.9e+00
4.9021e+03	2.0e+00	1.38937e+02	2.7e+00
4.9046e+03	2.0e+00	1.35479e+02	3.2e+00
4.9071e+03	2.0e+00	1.35922e+02	3.6e+00
4.9095e+03	2.0e+00	1.36720e+02	3.5e+00
4.9120e+03	2.0e+00	1.31939e+02	2.4e+00
4.9145e+03	2.0e+00	1.28165e+02	2.1e+00
4.9170e+03	2.0e+00	1.30980e+02	1.9e+00
4.9194e+03	2.0e+00	1.34697e+02	2.4e+00
4.9219e+03	2.0e+00	1.36298e+02	2.4e+00
4.9244e+03	2.0e+00	1.38708e+02	1.8e+00
4.9268e+03	2.0e+00	1.31720e+02	1.9e+00
4.9293e+03	2.0e+00	1.34105e+02	3.2e+00
4.9318e+03	2.0e+00	1.27142e+02	3.0e+00
4.9342e+03	2.0e+00	1.27591e+02	1.9e+00
4.9367e+03	2.0e+00	1.31692e+02	3.0e+00
4.9392e+03	2.0e+00	1.25482e+02	3.5e+00
4.9417e+03	2.0e+00	1.26289e+02	3.9e+00
4.9441e+03	2.0e+00	1.30476e+02	2.6e+00
4.9466e+03	2.0e+00	1.30794e+02	3.2e+00
4.9491e+03	2.0e+00	1.21440e+02	3.6e+00
4.9515e+03	2.0e+00	1.23354e+02	3.2e+00
4.9540e+03	2.0e+00	1.29646e+02	2.5e+00
4.9565e+03	2.0e+00	1.29633e+02	2.5e+00
4.9589e+03	2.0e+00	1.32808e+02	1.8e+00
4.9614e+03	2.0e+00	1.42647e+02	4.3e+00
4.9639e+03	2.0e+00	1.38987e+02	2.9e+00
4.9664e+03	2.0e+00	1.41745e+02	3.7e+00
4.9688e+03	2.0e+00	1.41341e+02	2.6e+00
4.9713e+03	2.0e+00	1.31918e+02	2.5e+00
4.9738e+03	2.0e+00	1.20179e+02	2.9e+00
4.9762e+03	2.0e+00	1.20216e+02	3.1e+00
4.9787e+03	2.0e+00	1.22866e+02	2.5e+00
4.9812e+03	2.0e+00	1.17650e+02	2.3e+00
4.9836e+03	2.0e+00	1.21603e+02	2.1e+00
4.9861e+03	2.0e+00	1.21371e+02	2.2e+00
4.9886e+03	2.0e+00	1.17795e+02	2.6e+00
4.9911e+03	2.0e+00	1.18735e+02	2.2e+00
4.9935e+03	2.0e+00	1.20749e+02	2.1e+00
4.9960e+03	2.0e+00	1.21867e+02	1.5e+00
4.9985e+03	2.0e+00	1.17876e+02	4.9e+00
5.0009e+03	2.0e+00	1.20523e+02	3.6e+00
5.0034e+03	2.0e+00	1.22823e+02	2.5e+00
5.0059e+03	2.0e+00	1.22839e+02	2.5e+00
5.0083e+03	2.0e+00	1.28862e+02	2.7e+00
5.0108e+03	2.0e+00	1.37366e+02	1.9e+00
5.0133e+03	2.0e+00	1.36376e+02	3.1e+00
5.0157e+03	2.0e+00	1.35478e+02	2.3e+00
5.0182e+03	2.0e+00	1.31565e+02	4.0e+00
5.0207e+03	2.0e+00	1.29041e+02	2.2e+00
5.0231e+03	2.0e+00	1.18793e+02	2.6e+00
5.0256e+03	2.0e+00	1.13112e+02	2.5e+00
5.0281e+03	2.0e+00	1.19302e+02	3.4e+00
5.0306e+03	2.0e+00	1.12796e+02	3.6e+00
5.0330e+03	2.0e+00	1.15749e+02	2.3e+00
5.0355e+03	2.0e+00	1.15642e+02	1.4e+00
5.0380e+03	2.0e+00	1.17388e+02	2.4e+00
5.0404e+03	2.0e+00	1.16123e+02	3.1e+00
5.0429e+03	2.0e+00	1.17998e+02	2.9e+00
5.0454e+03	2.0e+00	1.20273e+02	1.9e+00
5.0478e+03	2.0e+00	1.19426e+02	1.5e+00
5.0503e+03	2.0e+00	1.22974e+02	1.7e+00
5.0528e+03	2.0e+00	1.19219e+02	2.9e+00
5.0552e+03	2.0e+00	1.18005e+02	3.2e+00
5.0577e+03	2.0e+00	1.19568e+02	3.6e+00
5.0602e+03	2.0e+00	1.24502e+02	2.6e+00
5.0626e+03	2.0e+00	1.16476e+02	1.9e+00
5.0651e+03	2.0e+00	1.17135e+02	3.7e+00
5.0676e+03	2.0e+00	1.23859e+02	2.9e+00
5.0700e+03	2.0e+00	1.18785e+02	2.4e+00
5.0725e+03	2.0e+00	1.12436e+02	4.0e+00
5.0750e+03	2.0e+00	1.19063e+02	4.0e+00
5.0774e+03	2.0e+00	1.16743e+02	2.6e+00
5.0799e+03	2.0e+00	1.14925e+02	2.6e+00
5.0824e+03	2.0e+00	1.13955e+02	2.7e+00
5.0848e+03	2.0e+00	1.11859e+02	1.7e+00
5.0873e+03	2.0e+00	1.11340e+02	2.9e+00
5.0898e+03	2.0e+00	1.15634e+02	2.5e+00
5.0922e+03	2.0e+00	1.11207e+02	2.6e+00
5.0947e+03	2.0e+00	1.14262e+02	3.1e+00
5.0972e+03	2.0e+00	1.14144e+02	2.5e+00
5.0996e+03	2.0e+00	1.07923e+02	2.5e+00
5.1021e+03	2.0e+00	1.09597e+02	1.7e+00
5.1046e+03	2.0e+00	1.07620e+02	2.3e+00
5.1070e+03	2.0e+00	1.07276e+02	2.4e+00
5.1095e+03	2.0e+00	1.07489e+02	3.5e+00
5.1120e+03	2.0e+00	1.08152e+02	3.2e+00
5.1144e+03	2.0e+00	1.08052e+02	2.0e+00
5.1169e+03	2.0e+00	1.09123e+02	2.2e+00
5.1194e+03	2.0e+00	1.10081e+02	1.3e+00
5.1218e+03	2.0e+00	1.16186e+02	2.3e+00
5.1243e+03	2.1e+00	1.13126e+02	1.1e+00
5.1268e+03	2.1e+00	1.08526e+02	3.0e+00
5.1292e+03	2.1e+00	1.09600e+02	1.9e+00
5.1317e+03	2.1e+00	1.11600e+02	2.0e+00
5.1342e+03	2.1e+00	1.09175e+02	2.7e+00
5.1366e+03	2.1e+00	1.18965e+02	3.3e+00
5.1391e+03	2.1e+00	1.18554e+02	1.6e+00
5.1416e+03	2.1e+00	1.18664e+02	3.2e+00
5.1440e+03	2.1e+00	1.15833e+02	2.7e+00
5.1465e+03	2.1e+00	1.18003e+02	3.9e+00
5.1490e+03	2.1e+00	1.19454e+02	2.2e+00
5.1514e+03	2.1e+00	1.18131e+02	2.3e+00
5.1539e+03	2.1e+00	1.19198e+02	2.5e+00
5.1564e+03	2.1e+00	1.19754e+02	3.2e+00
5.1588e+03	2.1e+00	1.24424e+02	2.4e+00
5.1613e+03	2.1e+00	1.26938e+02	2.3e+00
5.1638e+03	2.1e+00	1.28234e+02	2.1e+00
5.1662e+03	2.1e+00	1.23819e+02	2.4e+00
5.1687e+03	2.1e+00	1.24161e+02	1.8e+00
5.1712e+03	2.1e+00	1.21816e+02	2.7e+00
5.1736e+03	2.1e+00	1.25947e+02	1.6e+00
5.1761e+03	2.1e+00	1.33213e+02	2.9e+00
5.1786e+03	2.1e+00	1.40565e+02	3.8e+00
5.1810e+03	2.1e+00	1.41783e+02	1.7e+00
5.1835e+03	2.1e+00	1.55653e+02	3.9e+00
5.1860e+03	2.1e+00	1.55278e+02	3.2e+00
5.1884e+03	2.1e+00	1.52754e+02	3.3e+00
5.1909e+03	2.1e+00	1.54992e+02	3.9e+00
5.1934e+03	2.1e+00	1.47187e+02	1.2e+00
5.1958e+03	2.1e+00	1.42769e+02	2.9e+00
5.1983e+03	2.1e+00	1.29370e+02	3.4e+00
5.2008e+03	2.1e+00	1.14412e+02	3.3e+00
5.2032e+03	2.1e+00	1.05465e+02	3.1e+00
5.2057e+03	2.1e+00	9.81985e+01	2.0e+00
5.2082e+03	2.1e+00	9.92997e+01	2.5e+00
5.2106e+03	2.1e+00	1.01658e+02	2.0e+00
5.2131e+03	2.1e+00	1.02200e+02	2.1e+00
5.2155e+03	2.1e+00	1.01778e+02	3.3e+00
5.2180e+03	2.1e+00	9.96656e+01	1.7e+00
5.2205e+03	2.1e+00	1.01096e+02	2.3e+00
5.2229e+03	2.1e+00	1.00569e+02	2.7e+00
5.2254e+03	2.1e+00	1.00556e+02	2.6e+00
5.2279e+03	2.1e+00	9.59340e+01	2.5e+00
5.2303e+03	2.1e+00	9.52155e+01	2.0e+00
5.2328e+03	2.1e+00	9.86409e+01	2.1e+00
5.2353e+03	2.1e+00	9.89349e+01	1.8e+00
5.2377e+03	2.1e+00	9.53374e+01	2.5e+00
5.2402e+03	2.1e+00	9.66033e+01	1.9e+00
5.2427e+03	2.1e+00	1.03321e+02	1.5e+00
5.2451e+03	2.1e+00	9.87104e+01	2.0e+00
5.2476e+03	2.1e+00	1.02544e+02	1.6e+00
5.2501e+03	2.1e+00	9.94171e+01	2.0e+00
5.2525e+03	2.1e+00	1.01419e+02	3.0e+00
5.2550e+03	2.1e+00	9.94772e+01	1.7e+00
5.2574e+03	2.1e+00	9.94050e+01	1.4e+00
5.2599e+03	2.1e+00	9.78743e+01	3.9e+00
5.2624e+03	2.1e+00	9.57255e+01	2.2e+00
5.2648e+03	2.1e+00	9.86441e+01	2.5e+00
5.2673e+03	2.1e+00	9.59680e+01	1.9e+00
5.2698e+03	2.1e+00	9.87736e+01	2.8e+00
5.2722e+03	2.1e+00	9.47411e+01	2.5e+00
5.2747e+03	2.1e+00	9.54210e+01	2.7e+00
5.2772e+03	2.1e+00	9.44010e+01	2.7e+00
5.2796e+03	2.1e+00	9.37832e+01	2.4e+00
5.2821e+03	2.1e+00	9.80254e+01	2.5e+00
5.2845e+03	2.1e+00	9.54151e+01	1.8e+00
5.2870e+03	2.1e+00	9.14660e+01	2.4e+00
5.2895e+03	2.1e+00	9.60669e+01	1.9e+00
5.2919e+03	2.1e+00	9.39209e+01	1.8e+00
5.2944e+03	2.1e+00	8.75980e+01	2.1e+00
5.2969e+03	2.1e+00	9.21396e+01	2.9e+00
5.2993e+03	2.1e+00	8.98466e+01	2.6e+00
5.3018e+03	2.1e+00	8.71987e+01	2.3e+00
5.3042e+03	2.1e+00	8.97403e+01	1.9e+00
5.3067e+03	2.1e+00	8.82543e+01	3.7e+00
5.3092e+03	2.1e+00	9.19408e+01	3.0e+00
5.3116e+03	2.1e+00	9.45763e+01	2.2e+00
5.3141e+03	2.1e+00	9.63522e+01	2.3e+00
5.3166e+03	2.1e+00	9.42433e+01	2.3e+00
5.3190e+03	2.1e+00	8.96042e+01	2.5e+00
5.3215e+03	2.1e+00	9.18670e+01	2.0e+00
5.3240e+03	2.1e+00	9.38520e+01	1.0e+00
5.3264e+03	2.1e+00	8.97542e+01	2.5e+00
5.3289e+03	2.1e+00	9.53374e+01	2.8e+00
5.3313e+03	2.1e+00	9.51989e+01	2.4e+00
5.3338e+03	2.1e+00	9.42500e+01	2.2e+00
5.3363e+03	2.1e+00	9.94680e+01	2.5e+00
5.3387e+03	2.1e+00	9.77622e+01	1.9e+00
5.3412e+03	2.1e+00	9.63648e+01	2.0e+00
5.3437e+03	2.1e+00	9.41450e+01	1.6e+00
5.3461e+03	2.1e+00	8.79240e+01	3.1e+00
5.3486e+03	2.1e+00	8.67540e+01	2.1e+00
5.3510e+03	2.1e+00	9.08617e+01	1.6e+00
5.3535e+03	2.1e+00	9.23319e+01	1.4e+00
5.3560e+03	2.1e+00	9.05624e+01	2.7e+00
5.3584e+03	2.1e+00	8.90437e+01	3.0e+00
5.3609e+03	2.1e+00	8.87759e+01	2.1e+00
5.3633e+03	2.1e+00	8.99593e+01	1.4e+00
5.3658e+03	2.1e+00	8.92612e+01	2.1e+00
5.3683e+03	2.1e+00	8.79430e+01	2.7e+00
5.3707e+03	2.1e+00	8.87093e+01	3.1e+00
5.3732e+03	2.1e+00	8.74660e+01	2.1e+00
5.3757e+03	2.1e+00	8.54843e+01	1.5e+00
5.3781e+03	2.1e+00	8.82704e+01	1.9e+00
5.3806e+03	2.1e+00	9.10958e+01	1.6e+00
5.3830e+03	2.1e+00	8.91628e+01	1.3e+00
5.3855e+03	2.1e+00	8.66799e+01	1.7e+00
5.3880e+03	2.2e+00	8.66835e+01	1.2e+00
5.3904e+03	2.2e+00	9.15648e+01	1.8e+00
5.3929e+03	2.2e+00	9.39708e+01	2.6e+00
5.3953e+03	2.2e+00	9.73677e+01	1.9e+00
5.3978e+03	2.2e+00	9.85003e+01	2.0e+00
5.4003e+03	2.2e+00	9.32049e+01	2.9e+00
5.4027e+03	2.2e+00	8.96879e+01	2.9e+00
5.4052e+03	2.2e+00	8.93353e+01	1.6e+00
5.4077e+03	2.2e+00	8.51818e+01	1.4e+00
5.4101e+03	2.2e+00	9.13094e+01	1.9e+00
5.4126e+03	2.2e+00	8.85112e+01	1.4e+00
5.4150e+03	2.2e+00	8.73726e+01	1.4e+00
5.4175e+03	2.2e+00	8.87888e+01	2.4e+00
5.4200e+03	2.2e+00	8.76669e+01	1.5e+00
5.4224e+03	2.2e+00	8.67706e+01	1.8e+00
5.4249e+03	2.2e+00	8.44382e+01	1.7e+00
5.4273e+03	2.2e+00	8.50241e+01	2.2e+00
5.4298e+03	2.2e+00	8.64235e+01	2.0e+00
5.4323e+03	2.2e+00	8.41156e+01	1.7e+00
5.4347e+03	2.2e+00	8.61933e+01	1.8e+00
5.4372e+03	2.2e+00	8.50175e+01	1.4e+00
5.4396e+03	2.2e+00	8.57724e+01	1.4e+00
5.4421e+03	2.2e+00	8.45155e+01	1.8e+00
5.4446e+03	2.2e+00	8.75214e+01	2.0e+00
5.4470e+03	2.2e+00	8.66087e+01	2.0e+00
5.4495e+03	2.2e+00	9.04126e+01	1.4e+00
5.4519e+03	2.2e+00	8.93711e+01	1.7e+00
5.4544e+03	2.2e+00	8.55812e+01	2.8e+00
5.4569e+03	2.2e+00	8.43939e+01	3.1e+00
5.4593e+03	2.2e+00	8.54231e+01	1.6e+00
5.4618e+03	2.2e+00	8.50331e+01	1.2e+00
5.4642e+03	2.2e+00	8.16397e+01	2.9e+00
5.4667e+03	2.2e+00	8.35807e+01	2.1e+00
5.4692e+03	2.2e+00	8.15351e+01	2.6e+00
5.4716e+03	2.2e+00	8.16537e+01	1.5e+00
5.4741e+03	2.2e+00	8.11174e+01	2.1e+00
5.4765e+03	2.2e+00	8.09750e+01	2.5e+00
5.4790e+03	2.2e+00	7.99902e+01	1.6e+00
5.4815e+03	2.2e+00	8.39184e+01	1.9e+00
5.4839e+03	2.2e+00	8.87896e+01	1.2e+00
5.4864e+03	2.2e+00	8.29005e+01	3.3e+00
5.4888e+03	2.2e+00	8.58131e+01	1.3e+00
5.4913e+03	2.2e+00	8.98133e+01	2.1e+00
5.4937e+03	2.2e+00	9.17136e+01	1.8e+00
5.4962e+03	2.2e+00	8.95361e+01	2.5e+00
5.4987e+03	2.2e+00	8.91116e+01	1.2e+00
5.5011e+03	2.2e+00	8.40289e+01	2.2e+00
5.5036e+03	2.2e+00	8.06565e+01	1.6e+00
5.5060e+03	2.2e+00	8.18751e+01	2.1e+00
5.5085e+03	2.2e+00	7.92136e+01	1.7e+00
5.5110e+03	2.2e+00	8.13941e+01	2.3e+00
5.5134e+03	2.2e+00	8.01439e+01	2.4e+00
5.5159e+03	2.2e+00	8.15071e+01	1.5e+00
5.5183e+03	2.2e+00	7.65760e+01	1.7e+00
5.5208e+03	2.2e+00	8.18465e+01	1.2e+00
5.5233e+03	2.2e+00	8.53574e+01	1.6e+00
5.5257e+03	2.2e+00	7.84598e+01	1.7e+00
5.5282e+03	2.2e+00	7.96928e+01	2.1e+00
5.5306e+03	2.2e+00	8.35248e+01	2.0e+00
5.5331e+03	2.2e+00	8.15226e+01	1.8e+00
5.5355e+03	2.2e+00	7.99673e+01	1.7e+00
5.5380e+03	2.2e+00	8.00066e+01	1.9e+00
5.5405e+03	2.2e+00	8.46612e+01	2.4e+00
5.5429e+03	2.2e+00	8.27316e+01	1.4e+00
5.5454e+03	2.2e+00	8.73163e+01	1.7e+00
5.5478e+03	2.2e+00	8.88024e+01	2.8e+00
5.5503e+03	2.2e+00	9.32858e+01	1.9e+00
5.5527e+03	2.2e+00	9.15233e+01	1.6e+00
5.5552e+03	2.2e+00	9.48914e+01	2.7e+00
5.5577e+03	2.2e+00	9.88463e+01	2.4e+00
5.5601e+03	2.2e+00	9.42163e+01	3.0e+00
5.5626e+03	2.2e+00	9.24758e+01	1.3e+00
5.5650e+03	2.2e+00	9.14787e+01	2.0e+00
5.5675e+03	2.2e+00	8.83780e+01	1.1e+00
5.5700e+03	2.2e+00	9.25944e+01	1.8e+00
5.5724e+03	2.2e+00	9.44783e+01	2.4e+00
5.5749e+03	2.2e+00	9.19282e+01	1.3e+00
5.5773e+03	2.2e+00	9.49945e+01	3.1e+00
5.5798e+03	2.2e+00	9.10221e+01	3.1e+00
5.5822e+03	2.2e+00	9.47751e+01	2.5e+00
5.5847e+03	2.2e+00	9.68226e+01	1.2e+00
5.5872e+03	2.2e+00	9.55469e+01	2.6e+00
5.5896e+03	2.2e+00	9.89141e+01	1.9e+00
5.5921e+03	2.2e+00	9.61071e+01	1.7e+00
5.5945e+03	2.2e+00	1.01610e+02	3.6e+00
5.5970e+03	2.2e+00	1.05940e+02	2.8e+00
5.5994e+03	2.2e+00	1.09387e+02	1.7e+00
5.6019e+03	2.2e+00	1.12045e+02	2.2e+00
5.6044e+03	2.2e+00	1.05221e+02	2.0e+00
5.6068e+03	2.2e+00	1.02194e+02	2.1e+00
5.6093e+03	2.2e+00	8.52759e+01	3.6e+00
5.6117e+03	2.2e+00	8.26612e+01	2.9e+00
5.6142e+03	2.2e+00	8.04325e+01	2.3e+00
5.6166e+03	2.2e+00	8.06672e+01	2.4e+00
5.6191e+03	2.2e+00	7.87067e+01	2.3e+00
5.6215e+03	2.2e+00	8.02477e+01	2.3e+00
5.6240e+03	2.2e+00	7.96190e+01	2.0e+00
5.6265e+03	2.2e+00	7.66618e+01	1.6e+00
5.6289e+03	2.2e+00	7.87277e+01	9.6e-01
5.6314e+03	2.2e+00	8.12443e+01	1.6e+00
5.6338e+03	2.2e+00	7.79604e+01	2.0e+00
5.6363e+03	2.2e+00	8.15133e+01	1.8e+00
5.6387e+03	2.2e+00	8.49154e+01	2.3e+00
5.6412e+03	2.2e+00	8.34370e+01	2.0e+00
5.6436e+03	2.2e+00	8.22367e+01	1.5e+00
5.6461e+03	2.2e+00	8.54014e+01	1.9e+00
5.6486e+03	2.2e+00	8.76388e+01	1.7e+00
5.6510e+03	2.2e+00	8.36975e+01	2.5e+00
5.6535e+03	2.2e+00	8.48686e+01	1.9e+00
5.6559e+03	2.2e+00	8.34103e+01	1.9e+00
5.6584e+03	2.2e+00	8.32804e+01	1.7e+00
5.6608e+03	2.2e+00	8.51131e+01	2.3e+00
5.6633e+03	2.2e+00	8.69926e+01	2.4e+00
5.6657e+03	2.2e+00	8.34205e+01	1.5e+00
5.6682e+03	2.2e+00	8.38694e+01	1.6e+00
5.6707e+03	2.2e+00	8.44403e+01	1.2e+00
5.6731e+03	2.2e+00	8.50965e+01	2.5e+00
5.6756e+03	2.2e+00	8.93128e+01	2.5e+00
5.6780e+03	2.2e+00	8.99064e+01	2.9e+00
5.6805e+03	2.2e+00	8.52509e+01	1.4e+00
5.6829e+03	2.2e+00	8.86044e+01	2.3e+00
5.6854e+03	2.2e+00	9.05043e+01	1.5e+00
5.6878e+03	2.2e+00	8.68193e+01	2.7e+00
5.6903e+03	2.2e+00	8.91040e+01	2.5e+00
5.6928e+03	2.2e+00	8.12471e+01	1.8e+00
5.6952e+03	2.2e+00	8.30421e+01	2.3e+00
5.6977e+03	2.2e+00	8.37595e+01	1.3e+00
5.7001e+03	2.2e+00	8.22694e+01	2.3e+00
5.7026e+03	2.2e+00	8.11449e+01	1.4e+00
5.7050e+03	2.2e+00	7.86039e+01	1.5e+00
5.7075e+03	2.2e+00	8.21395e+01	1.1e+00
5.7099e+03	2.2e+00	8.31157e+01	1.3e+00
5.7124e+03	2.2e+00	7.83927e+01	2.6e+00
5.7148e+03	2.2e+00	8.26313e+01	2.3e+00
5.7173e+03	2.2e+00	7.92186e+01	1.6e+00
5.7197e+03	2.2e+00	8.08473e+01	2.3e+00
5.7222e+03	2.2e+00	7.83450e+01	1.8e+00
5.7247e+03	2.2e+00	7.47424e+01	2.3e+00
5.7271e+03	2.2e+00	8.24197e+01	1.3e+00
5.7296e+03	2.2e+00	8.06107e+01	1.1e+00
5.7320e+03	2.2e+00	8.11073e+01	1.7e+00
5.7345e+03	2.2e+00	8.42262e+01	1.8e+00
5.7369e+03	2.2e+00	7.88236e+01	1.6e+00
5.7394e+03	2.2e+00	8.17086e+01	1.3e+00
5.7418e+03	2.2e+00	8.10560e+01	1.2e+00
5.7443e+03	2.2e+00	7.98155e+01	2.4e+00
5.7467e+03	2.2e+00	8.03117e+01	1.7e+00
5.7492e+03	2.2e+00	7.89706e+01	2.2e+00
5.7516e+03	2.2e+00	7.84498e+01	1.7e+00
5.7541e+03	2.2e+00	8.03022e+01	1.6e+00
5.7566e+03	2.2e+00	8.04462e+01	2.4e+00
5.7590e+03	2.2e+00	8.57228e+01	2.6e+00
5.7615e+03	2.2e+00	8.63683e+01	2.5e+00
5.7639e+03	2.2e+00	8.11662e+01	1.2e+00
5.7664e+03	2.2e+00	8.25187e+01	2.9e+00
5.7688e+03	2.2e+00	7.77721e+01	2.4e+00
5.7713e+03	2.2e+00	7.95313e+01	2.3e+00
5.7737e+03	2.2e+00	7.75519e+01	1.9e+00
5.7762e+03	2.2e+00	7.79898e+01	1.3e+00
5.7786e+03	2.2e+00	7.78998e+01	1.5e+00
5.7811e+03	2.2e+00	7.98193e+01	1.8e+00
5.7835e+03	2.2e+00	7.83277e+01	3.0e+00
5.7860e+03	2.2e+00	7.87305e+01	1.8e+00
5.7884e+03	2.2e+00	8.12458e+01	1.5e+00
5.7909e+03	2.2e+00	7.62276e+01	3.0e+00
5.7933e+03	2.2e+00	7.48788e+01	2.8e+00
5.7958e+03	2.2e+00	7.90537e+01	2.3e+00
5.7982e+03	2.2e+00	7.69731e+01	1.9e+00
5.8007e+03	2.2e+00	8.16664e+01	1.6e+00
5.8032e+03	2.2e+00	7.58232e+01	1.5e+00
5.8056e+03	2.2e+00	7.61057e+01	1.9e+00
5.8081e+03	2.2e+00	7.78503e+01	2.1e+00
5.8105e+03	2.3e+00	7.85836e+01	1.4e+00
5.8130e+03	2.3e+00	8.22075e+01	1.6e+00
5.8154e+03	2.3e+00	8.43418e+01	1.4e+00
5.8179e+03	2.3e+00	8.16838e+01	2.4e+00
5.8203e+03	2.3e+00	8.05487e+01	1.5e+00
5.8228e+03	2.3e+00	8.12434e+01	2.3e+00
5.8252e+03	2.3e+00	8.01901e+01	1.6e+00
5.8277e+03	2.3e+00	7.77892e+01	2.1e+00
5.8301e+03	2.3e+00	8.04308e+01	1.3e+00
5.8326e+03	2.3e+00	8.20041e+01	1.6e+00
5.8350e+03	2.3e+00	7.80489e+01	1.7e+00
5.8375e+03	2.3e+00	1.15349e+02	2.2e+00
5.8399e+03	2.3e+00	2.41799e+02	8.6e+00
5.8424e+03	2.3e+00	3.95654e+02	1.3e+01
5.8448e+03	2.3e+00	5.99919e+02	1.7e+01
5.8473e+03	2.3e+00	7.75124e+02	7.7e+00
5.8497e+03	2.3e+00	7.38823e+02	8.4e+00
5.8522e+03	2.3e+00	5.66361e+02	1.2e+01
5.8546e+03	2.3e+00	3.52572e+02	1.2e+01
5.8571e+03	2.3e+00	1.58400e+02	7.1e+00
5.8595e+03	2.3e+00	9.43352e+01	2.9e+00
5.8620e+03	2.3e+00	9.28200e+01	2.2e+00
5.8644e+03	2.3e+00	8.84086e+01	2.1e+00
5.8669e+03	2.3e+00	9.08115e+01	1.9e+00
5.8693e+03	2.3e+00	9.82980e+01	2.6e+00
5.8718e+03	2.3e+00	1.10815e+02	2.5e+00
5.8742e+03	2.3e+00	1.14393e+02	2.4e+00
5.8767e+03	2.3e+00	1.17199e+02	2.3e+00
5.8791e+03	2.3e+00	1.12253e+02	1.8e+00
5.8816e+03	2.3e+00	1.03460e+02	1.3e+00
5.8840e+03	2.3e+00	9.61814e+01	1.3e+00
5.8865e+03	2.3e+00	8.84497e+01	1.1e+00
5.8889e+03	2.3e+00	8.19237e+01	1.1e+00
5.8914e+03	2.3e+00	7.78793e+01	1.1e+00
5.8938e+03	2.3e+00	7.74175e+01	1.5e+00
5.8963e+03	2.3e+00	7.74130e+01	1.4e+00
5.8987e+03	2.3e+00	8.19927e+01	1.5e+00
5.9012e+03	2.3e+00	8.25125e+01	1.9e+00
5.9036e+03	2.3e+00	8.43312e+01	1.5e+00
5.9061e+03	2.3e+00	8.55433e+01	2.3e+00
5.9085e+03	2.3e+00	8.32050e+01	2.3e+00
5.9110e+03	2.3e+00	8.75158e+01	2.0e+00
5.9134e+03	2.3e+00	8.79291e+01	2.1e+00
5.9159e+03	2.3e+00	7.92807e+01	2.1e+00
5.9183e+03	2.3e+00	7.52189e+01	1.8e+00
5.9208e+03	2.3e+00	7.96681e+01	1.6e+00
5.9232e+03	2.3e+00	7.78173e+01	2.4e+00
5.9257e+03	2.3e+00	7.60528e+01	2.4e+00
5.9281e+03	2.3e+00	7.93472e+01	1.9e+00
5.9306e+03	2.3e+00	7.98905e+01	1.5e+00
5.9330e+03	2.3e+00	8.59849e+01	2.4e+00
5.9355e+03	2.3e+00	1.01282e+02	1.8e+00
5.9379e+03	2.3e+00	1.16757e+02	2.0e+00
5.9404e+03	2.3e+00	1.28818e+02	2.8e+00
5.9428e+03	2.3e+00	1.24353e+02	3.0e+00
5.9453e+03	2.3e+00	1.04273e+02	1.2e+00
5.9477e+03	2.3e+00	8.92373e+01	3.6e+00
5.9502e+03	2.3e+00	7.83053e+01	2.4e+00
5.9526e+03	2.3e+00	7.31342e+01	2.1e+00
5.9551e+03	2.3e+00	7.45594e+01	1.8e+00
5.9575e+03	2.3e+00	7.73780e+01	1.6e+00
5.9600e+03	2.3e+00	7.29631e+01	1.3e+00
5.9624e+03	2.3e+00	7.62341e+01	1.3e+00
5.9649e+03	2.3e+00	8.26239e+01	1.7e+00
5.9673e+03	2.3e+00	8.24179e+01	2.3e+00
5.9698e+03	2.3e+00	8.83956e+01	1.6e+00
5.9722e+03	2.3e+00	8.75203e+01	2.2e+00
5.9746e+03	2.3e+00	8.30484e+01	2.5e+00
5.9771e+03	2.3e+00	8.15175e+01	1.6e+00
5.9795e+03	2.3e+00	7.92313e+01	2.2e+00
5.9820e+03	2.3e+00	8.16734e+01	1.7e+00
5.9844e+03	2.3e+00	7.50018e+01	2.4e+00
5.9869e+03	2.3e+00	7.50270e+01	2.0e+00
5.9893e+03	2.3e+00	7.27153e+01	1.3e+00
5.9918e+03	2.3e+00	7.61911e+01	1.4e+00
5.9942e+03	2.3e+00	7.85631e+01	1.2e+00
5.9967e+03	2.3e+00	7.68447e+01	1.9e+00
5.9991e+03	2.3e+00	7.69748e+01	2.7e+00
6.0016e+03	2.3e+00	7.82194e+01	1.0e+00
6.0040e+03	2.3e+00	7.73106e+01	2.0e+00
6.0065e+03	2.3e+00	7.99930e+01	2.0e+00
6.0089e+03	2.3e+00	7.88824e+01	2.2e+00
6.0114e+03	2.3e+00	7.77626e+01	1.1e+00
6.0138e+03	2.3e+00	7.65761e+01	2.9e+00
6.0163e+03	2.3e+00	8.09402e+01	1.4e+00
6.0187e+03	2.3e+00	8.36484e+01	3.9e+00
6.0211e+03	2.3e+00	9.30473e+01	2.9e+00
6.0236e+03	2.3e+00	1.09082e+02	2.0e+00
6.0260e+03	2.3e+00	1.13576e+02	4.0e+00
6.0285e+03	2.3e+00	1.14173e+02	1.6e+00
6.0309e+03	2.3e+00	1.12081e+02	3.1e+00
6.0334e+03	2.3e+00	1.01479e+02	2.4e+00
6.0358e+03	2.3e+00	8.89856e+01	2.4e+00
6.0383e+03	2.3e+00	9.17719e+01	3.4e+00
6.0407e+03	2.3e+00	9.22734e+01	2.0e+00
6.0432e+03	2.3e+00	8.87227e+01	3.4e+00
6.0456e+03	2.3e+00	8.34007e+01	3.4e+00
6.0481e+03	2.3e+00	8.54183e+01	1.9e+00
6.0505e+03	2.3e+00	8.67991e+01	1.8e+00
6.0530e+03	2.3e+00	8.38932e+01	1.3e+00
6.0554e+03	2.3e+00	8.65298e+01	1.9e+00
6.0578e+03	2.3e+00	8.63115e+01	2.2e+00
6.0603e+03	2.3e+00	8.40596e+01	1.9e+00
6.0627e+03	2.3e+00	9.13658e+01	2.9e+00
6.0652e+03	2.3e+00	1.04052e+02	2.5e+00
6.0676e+03	2.3e+00	1.18753e+02	3.9e+00
6.0701e+03	2.3e+00	1.28430e+02	2.4e+00
6.0725e+03	2.3e+00	1.23494e+02	2.6e+00
6.0750e+03	2.3e+00	1.11590e+02	4.6e+00
6.0774e+03	2.3e+00	9.29685e+01	2.1e+00
6.0799e+03	2.3e+00	7.53280e+01	1.5e+00
6.0823e+03	2.3e+00	7.76348e+01	2.3e+00
6.0847e+03	2.3e+00	9.33952e+01	2.0e+00
6.0872e+03	2.3e+00	1.11422e+02	2.5e+00
6.0896e+03	2.3e+00	1.37359e+02	3.9e+00
6.0921e+03	2.3e+00	1.49161e+02	2.5e+00
6.0945e+03	2.3e+00	1.44077e+02	3.7e+00
6.0970e+03	2.3e+00	1.29051e+02	2.7e+00
6.0994e+03	2.3e+00	1.02664e+02	3.2e+00
6.1019e+03	2.3e+00	7.97976e+01	2.5e+00
6.1043e+03	2.3e+00	7.20967e+01	2.4e+00
6.1067e+03	2.3e+00	7.35373e+01	1.2e+00
6.1092e+03	2.3e+00	7.24272e+01	1.9e+00
6.1116e+03	2.3e+00	7.15726e+01	2.0e+00
6.1141e+03	2.3e+00	7.42085e+01	2.3e+00
6.1165e+03	2.3e+00	7.61066e+01	2.3e+00
6.1190e+03	2.3e+00	7.66816e+01	1.8e+00
6.1214e+03	2.3e+00	7.44283e+01	1.1e+00
6.1239e+03	2.3e+00	7.49184e+01	1.2e+00
6.1263e+03	2.3e+00	7.39800e+01	2.2e+00
6.1287e+03	2.3e+00	7.18816e+01	2.0e+00
6.1312e+03	2.3e+00	8.70806e+01	2.5e+00
6.1336e+03	2.3e+00	1.07568e+02	3.0e+00
6.1361e+03	2.3e+00	1.45533e+02	3.3e+00
6.1385e+03	2.3e+00	1.75464e+02	4.4e+00
6.1410e+03	2.3e+00	1.75185e+02	3.9e+00
6.1434e+03	2.3e+00	1.54905e+02	3.1e+00
6.1459e+03	2.3e+00	1.19587e+02	2.7e+00
6.1483e+03	2.3e+00	8.79461e+01	3.0e+00
6.1507e+03	2.3e+00	7.45636e+01	1.9e+00
6.1532e+03	2.3e+00	7.92381e+01	1.9e+00
6.1556e+03	2.3e+00	8.97328e+01	1.7e+00
6.1581e+03	2.3e+00	9.91946e+01	2.1e+00
6.1605e+03	2.3e+00	1.05954e+02	1.6e+00
6.1630e+03	2.3e+00	1.05834e+02	2.4e+00
6.1654e+03	2.3e+00	1.00970e+02	2.6e+00
6.1678e+03	2.3e+00	8.68138e+01	1.7e+00
6.1703e+03	2.3e+00	7.40680e+01	1.6e+00
6.1727e+03	2.3e+00	7.47170e+01	1.8e+00
6.1752e+03	2.3e+00	7.23589e+01	1.8e+00
6.1776e+03	2.3e+00	7.22118e+01	1.9e+00
6.1801e+03	2.3e+00	7.07230e+01	1.0e+00
6.1825e+03	2.3e+00	6.94202e+01	1.3e+00
6.1849e+03	2.3e+00	6.96903e+01	1.5e+00
6.1874e+03	2.3e+00	6.96230e+01	1.8e+00
6.1898e+03	2.3e+00	6.78767e+01	1.2e+00
6.1923e+03	2.3e+00	6.57690e+01	2.0e+00
6.1947e+03	2.3e+00	6.80030e+01	1.2e+00
6.1972e+03	2.3e+00	6.90428e+01	1.5e+00
6.1996e+03	2.3e+00	6.67906e+01	1.3e+00
6.2020e+03	2.3e+00	6.72980e+01	2.1e+00
6.2045e+03	2.3e+00	6.94611e+01	1.4e+00
6.2069e+03	2.3e+00	7.27377e+01	1.6e+00
6.2094e+03	2.3e+00	7.93960e+01	1.8e+00
6.2118e+03	2.3e+00	8.55488e+01	1.3e+00
6.2143e+03	2.3e+00	8.36521e+01	1.8e+00
6.2167e+03	2.3e+00	8.36986e+01	2.3e+00
6.2191e+03	2.3e+00	7.98986e+01	2.4e+00
6.2216e+03	2.4e+00	7.29930e+01	2.1e+00
6.2240e+03	2.4e+00	7.11339e+01	1.8e+00
6.2265e+03	2.4e+00	6.90463e+01	1.8e+00
6.2289e+03	2.4e+00	6.77293e+01	1.4e+00
6.2313e+03	2.4e+00	6.77232e+01	1.3e+00
6.2338e+03	2.4e+00	7.03113e+01	1.1e+00
6.2362e+03	2.4e+00	7.09638e+01	1.3e+00
6.2387e+03	2.4e+00	6.98443e+01	2.2e+00
6.2411e+03	2.4e+00	6.97606e+01	1.5e+00
6.2435e+03	2.4e+00	7.13537e+01	1.5e+00
6.2460e+03	2.4e+00	7.15453e+01	2.2e+00
6.2484e+03	2.4e+00	6.79922e+01	1.8e+00
6.2509e+03	2.4e+00	6.69087e+01	2.1e+00
6.2533e+03	2.4e+00	7.31157e+01	1.8e+00
6.2558e+03	2.4e+00	7.86601e+01	1.1e+00
6.2582e+03	2.4e+00	9.27262e+01	2.0e+00
6.2606e+03	2.4e+00	1.19161e+02	3.6e+00
6.2631e+03	2.4e+00	1.30254e+02	2.2e+00
6.2655e+03	2.4e+00	1.31706e+02	1.0e+00
6.2680e+03	2.4e+00	1.24768e+02	2.3e+00
6.2704e+03	2.4e+00	9.87921e+01	2.9e+00
6.2728e+03	2.4e+00	7.98785e+01	1.9e+00
6.2753e+03	2.4e+00	6.92484e+01	1.3e+00
6.2777e+03	2.4e+00	6.62263e+01	1.6e+00
6.2802e+03	2.4e+00	6.71395e+01	1.9e+00
6.2826e+03	2.4e+00	6.93540e+01	2.2e+00
6.2850e+03	2.4e+00	7.22026e+01	1.9e+00
6.2875e+03	2.4e+00	6.99994e+01	1.7e+00
6.2899e+03	2.4e+00	6.99667e+01	1.9e+00
6.2924e+03	2.4e+00	7.16693e+01	2.4e+00
6.2948e+03	2.4e+00	7.31072e+01	1.6e+00
6.2972e+03	2.4e+00	7.59537e+01	1.2e+00
6.2997e+03	2.4e+00	8.58907e+01	1.8e+00
6.3021e+03	2.4e+00	8.57990e+01	1.4e+00
6.3046e+03	2.4e+00	8.51452e+01	1.7e+00
6.3070e+03	2.4e+00	8.10648e+01	1.8e+00
6.3094e+03	2.4e+00	7.71502e+01	2.5e+00
6.3119e+03	2.4e+00	7.30329e+01	2.1e+00
6.3143e+03	2.4e+00	7.26482e+01	1.8e+00
6.3168e+03	2.4e+00	7.23778e+01	1.2e+00
6.3192e+03	2.4e+00	6.82339e+01	1.4e+00
6.3216e+03	2.4e+00	6.89407e+01	1.4e+00
6.3241e+03	2.4e+00	7.37688e+01	1.8e+00
6.3265e+03	2.4e+00	7.98301e+01	1.6e+00
6.3289e+03	2.4e+00	9.67129e+01	2.0e+00
6.3314e+03	2.4e+00	1.06274e+02	1.9e+00
6.3338e+03	2.4e+00	1.09152e+02	2.2e+00
6.3363e+03	2.4e+00	1.02995e+02	1.6e+00
6.3387e+03	2.4e+00	9.00228e+01	4.0e+00
6.3411e+03	2.4e+00	7.55123e+01	1.7e+00
6.3436e+03	2.4e+00	7.27298e+01	1.8e+00
6.3460e+03	2.4e+00	6.87642e+01	1.1e+00
6.3485e+03	2.4e+00	6.84017e+01	1.0e+00
6.3509e+03	2.4e+00	7.20252e+01	1.0e+00
6.3533e+03	2.4e+00	6.65484e+01	8.3e-01
6.3558e+03	2.4e+00	6.74619e+01	1.5e+00
6.3582e+03	2.4e+00	6.93591e+01	9.0e-01
6.3606e+03	2.4e+00	6.91187e+01	1.1e+00
6.3631e+03	2.4e+00	7.03526e+01	1.8e+00
6.3655e+03	2.4e+00	6.82658e+01	2.5e+00
6.3680e+03	2.4e+00	7.33404e+01	1.5e+00
6.3704e+03	2.4e+00	7.36047e+01	1.7e+00
6.3728e+03	2.4e+00	7.63303e+01	1.3e+00
6.3753e+03	2.4e+00	8.73182e+01	2.9e+00
6.3777e+03	2.4e+00	1.10651e+02	2.9e+00
6.3801e+03	2.4e+00	1.33178e+02	2.9e+00
6.3826e+03	2.4e+00	1.41059e+02	4.3e+00
6.3850e+03	2.4e+00	1.36720e+02	3.2e+00
6.3875e+03	2.4e+00	1.17676e+02	2.6e+00
6.3899e+03	2.5e+00	9.27161e+01	3.3e+00
6.3923e+03	2.5e+00	8.54004e+01	2.4e+00
6.3948e+03	2.5e+00	1.08904e+02	4.2e+00
6.3972e+03	2.5e+00	1.70625e+02	5.6e+00
6.3996e+03	2.5e+00	2.21663e+02	3.7e+00
6.4021e+03	2.5e+00	2.22702e+02	4.0e+00
6.4045e+03	2.5e+00	2.23186e+02	3.4e+00
6.4070e+03	2.5e+00	1.66843e+02	6.4e+00
6.4094e+03	2.5e+00	1.06917e+02	2.5e+00
6.4118e+03	2.5e+00	8.81558e+01	1.9e+00
6.4143e+03	2.5e+00	9.06099e+01	2.2e+00
6.4167e+03	2.5e+00	9.30869e+01	1.7e+00
6.4191e+03	2.5e+00	8.75455e+01	2.1e+00
6.4216e+03	2.5e+00	8.39969e+01	1.8e+00
6.4240e+03	2.5e+00	7.75843e+01	2.0e+00
6.4264e+03	2.5e+00	7.31405e+01	2.1e+00
6.4289e+03	2.5e+00	7.33394e+01	1.3e+00
6.4313e+03	2.5e+00	7.51760e+01	1.8e+00
6.4338e+03	2.5e+00	7.96353e+01	2.3e+00
6.4362e+03	2.5e+00	7.51286e+01	2.1e+00
6.4386e+03	2.5e+00	7.44493e+01	1.8e+00
6.4411e+03	2.5e+00	7.37637e+01	2.0e+00
6.4435e+03	2.5e+00	7.13348e+01	2.2e+00
6.4459e+03	2.5e+00	7.61141e+01	1.2e+00
6.4484e+03	2.5e+00	7.49214e+01	1.9e+00
6.4508e+03	2.5e+00	7.20182e+01	2.7e+00
6.4532e+03	2.5e+00	7.37579e+01	2.8e+00
6.4557e+03	2.5e+00	7.55767e+01	1.5e+00
6.4581e+03	2.5e+00	7.55702e+01	1.7e+00
6.4605e+03	2.5e+00	7.83574e+01	1.5e+00
6.4630e+03	2.5e+00	7.43059e+01	1.7e+00
6.4654e+03	2.5e+00	7.69793e+01	1.9e+00
6.4679e+03	2.5e+00	7.80577e+01	2.0e+00
6.4703e+03	2.5e+00	7.59045e+01	2.1e+00
6.4727e+03	2.5e+00	7.66720e+01	1.4e+00
6.4752e+03	2.5e+00	6.94256e+01	1.8e+00
6.4776e+03	2.5e+00	7.29625e+01	1.9e+00
6.4800e+03	2.5e+00	7.69993e+01	2.7e+00
6.4825e+03	2.5e+00	7.78722e+01	4.9e+00
6.4849e+03	2.5e+00	7.89612e+01	2.8e+00
6.4873e+03	2.5e+00	7.93122e+01	2.6e+00
6.4898e+03	2.5e+00	7.51334e+01	1.6e+00
6.4922e+03	2.5e+00	7.56839e+01	1.5e+00
6.4946e+03	2.5e+00	7.07480e+01	1.1e+00
6.4971e+03	2.6e+00	7.36597e+01	1.8e+00
6.4995e+03	2.6e+00	7.80083e+01	2.3e+00
6.5019e+03	2.6e+00	1.04619e+02	2.9e+00
6.5044e+03	2.6e+00	1.31840e+02	2.5e+00
6.5068e+03	2.6e+00	1.32839e+02	3.3e+00
6.5092e+03	2.6e+00	1.41708e+02	3.3e+00
6.5117e+03	2.6e+00	1.33834e+02	2.2e+00
6.5141e+03	2.6e+00	1.01568e+02	2.6e+00
6.5165e+03	2.6e+00	8.02365e+01	3.4e+00
6.5190e+03	2.6e+00	7.78772e+01	2.1e+00
6.5214e+03	2.6e+00	7.75677e+01	2.1e+00
6.5238e+03	2.6e+00	7.41201e+01	1.7e+00
6.5263e+03	2.6e+00	8.08510e+01	2.7e+00
6.5287e+03	2.6e+00	8.34377e+01	1.5e+00
6.5311e+03	2.6e+00	9.44128e+01	2.5e+00
6.5336e+03	2.6e+00	9.67343e+01	1.6e+00
6.5360e+03	2.6e+00	9.70653e+01	2.3e+00
6.5384e+03	2.6e+00	9.57089e+01	2.8e+00
6.5409e+03	2.6e+00	8.42044e+01	2.5e+00
6.5433e+03	2.6e+00	8.45729e+01	3.1e+00
6.5457e+03	2.6e+00	8.28814e+01	1.7e+00
6.5482e+03	2.6e+00	8.15695e+01	1.4e+00
6.5506e+03	2.6e+00	8.13745e+01	1.6e+00
6.5530e+03	2.6e+00	7.84077e+01	3.1e+00
6.5555e+03	2.6e+00	8.44894e+01	2.3e+00
6.5579e+03	2.6e+00	1.24494e+02	5.2e+00
6.5603e+03	2.6e+00	2.06942e+02	3.7e+00
6.5628e+03	2.6e+00	2.71274e+02	4.4e+00
6.5652e+03	2.6e+00	2.86726e+02	3.9e+00
6.5676e+03	2.6e+00	2.82091e+02	4.1e+00
6.5701e+03	2.6e+00	2.23517e+02	6.2e+00
6.5725e+03	2.6e+00	1.25672e+02	4.5e+00
6.5749e+03	2.6e+00	8.69227e+01	2.4e+00
6.5774e+03	2.6e+00	8.84967e+01	1.4e+00
6.5798e+03	2.6e+00	8.36723e+01	2.4e+00
6.5822e+03	2.7e+00	7.94649e+01	1.9e+00
6.5847e+03	2.7e+00	8.25040e+01	3.8e+00
6.5871e+03	2.7e+00	8.28026e+01	1.4e+00
6.5895e+03	2.7e+00	8.59568e+01	1.8e+00
6.5919e+03	2.7e+00	7.91276e+01	1.8e+00
6.5944e+03	2.7e+00	8.29006e+01	2.6e+00
6.5968e+03	2.7e+00	1.09141e+02	2.5e+00
6.5992e+03	2.7e+00	1.25310e+02	2.7e+00
6.6017e+03	2.7e+00	1.29541e+02	3.0e+00
6.6041e+03	2.7e+00	1.28795e+02	3.2e+00
6.6065e+03	2.7e+00	1.20739e+02	3.4e+00
6.6090e+03	2.7e+00	9.64095e+01	2.3e+00
6.6114e+03	2.7e+00	8.39185e+01	2.4e+00
6.6138e+03	2.7e+00	8.64069e+01	9.4e-01
6.6163e+03	2.7e+00	8.32144e+01	1.9e+00
6.6187e+03	2.7e+00	8.47068e+01	1.9e+00
6.6211e+03	2.7e+00	8.30911e+01	1.8e+00
6.6236e+03	2.7e+00	8.45388e+01	1.3e+00
6.6260e+03	2.7e+00	8.32353e+01	2.2e+00
6.6284e+03	2.7e+00	7.82857e+01	1.7e+00
6.6308e+03	2.7e+00	8.09768e+01	2.4e+00
6.6333e+03	2.7e+00	7.97781e+01	1.8e+00
6.6357e+03	2.7e+00	8.09935e+01	1.8e+00
6.6381e+03	2.7e+00	8.26606e+01	1.6e+00
6.6406e+03	2.7e+00	8.25049e+01	2.0e+00
6.6430e+03	2.7e+00	8.18400e+01	1.8e+00
6.6454e+03	2.7e+00	8.19737e+01	1.2e+00
6.6479e+03	2.7e+00	8.37359e+01	1.9e+00
6.6503e+03	2.8e+00	8.29365e+01	1.7e+00
6.6527e+03	2.8e+00	8.25283e+01	1.9e+00
6.6551e+03	2.8e+00	8.06024e+01	1.7e+00
6.6576e+03	2.8e+00	8.10180e+01	9.8e-01
6.6600e+03	2.8e+00	8.04588e+01	1.8e+00
6.6624e+03	2.8e+00	8.20850e+01	1.8e+00
6.6649e+03	2.8e+00	8.38020e+01	1.9e+00
6.6673e+03	2.8e+00	8.30923e+01	2.1e+00
6.6697e+03	2.8e+00	9.24474e+01	1.0e+01
6.6722e+03	2.8e+00	8.85054e+01	9.6e+00
6.6746e+03	2.8e+00	8.69420e+01	1.7e+00
6.6770e+03	2.8e+00	1.46555e+02	7.1e+00
6.6794e+03	2.8e+00	2.15820e+02	4.6e+00
6.6819e+03	2.8e+00	2.30587e+02	3.4e+00
6.6843e+03	2.8e+00	2.32917e+02	5.6e+00
6.6867e+03	2.8e+00	2.19599e+02	2.9e+00
6.6892e+03	2.8e+00	1.42312e+02	3.7e+00
6.6916e+03	2.8e+00	8.65751e+01	3.1e+00
6.6940e+03	2.8e+00	8.58261e+01	1.6e+00
6.6964e+03	2.8e+00	8.67633e+01	2.1e+00
6.6989e+03	2.8e+00	8.44830e+01	2.1e+00
6.7013e+03	2.8e+00	8.37896e+01	2.7e+00
6.7037e+03	2.8e+00	8.35722e+01	2.1e+00
6.7062e+03	2.8e+00	8.23317e+01	1.7e+00
6.7086e+03	2.8e+00	8.15533e+01	1.9e+00
6.7110e+03	2.9e+00	7.83458e+01	2.2e+00
6.7134e+03	2.9e+00	8.01368e+01	1.2e+00
6.7159e+03	2.9e+00	9.29354e+01	2.4e+00
6.7183e+03	2.9e+00	1.16571e+02	2.5e+00
6.7207e+03	2.9e+00	1.27947e+02	2.4e+00
6.7232e+03	2.9e+00	1.33793e+02	3.5e+00
6.7256e+03	2.9e+00	1.31277e+02	2.3e+00
6.7280e+03	2.9e+00	1.18020e+02	3.2e+00
6.7304e+03	2.9e+00	9.00872e+01	2.1e+00
6.7329e+03	2.9e+00	8.19015e+01	2.1e+00
6.7353e+03	2.9e+00	8.16383e+01	1.5e+00
6.7377e+03	2.9e+00	8.10577e+01	1.7e+00
6.7401e+03	2.9e+00	8.41513e+01	2.3e+00
6.7426e+03	2.9e+00	8.49859e+01	1.9e+00
6.7450e+03	2.9e+00	8.43915e+01	2.1e+00
6.7474e+03	2.9e+00	8.44347e+01	2.5e+00
6.7499e+03	2.9e+00	8.01272e+01	1.5e+00
6.7523e+03	2.9e+00	8.32707e+01	3.4e+00
6.7547e+03	2.9e+00	1.10324e+02	3.3e+00
6.7571e+03	2.9e+00	1.18600e+02	2.8e+00
6.7596e+03	2.9e+00	1.20148e+02	3.0e+00
6.7620e+03	2.9e+00	1.21434e+02	3.0e+00
6.7644e+03	3.0e+00	1.11385e+02	2.9e+00
6.7668e+03	3.0e+00	9.64822e+01	3.2e+00
6.7693e+03	3.0e+00	9.02322e+01	1.9e+00
6.7717e+03	3.0e+00	8.77940e+01	2.6e+00
6.7741e+03	3.0e+00	8.33351e+01	2.3e+00
6.7765e+03	3.0e+00	8.79406e+01	2.6e+00
6.7790e+03	3.0e+00	8.82372e+01	1.8e+00
6.7814e+03	3.0e+00	8.39850e+01	2.7e+00
6.7838e+03	3.0e+00	8.39993e+01	2.0e+00
6.7863e+03	3.0e+00	8.55480e+01	2.2e+00
6.7887e+03	3.0e+00	8.35587e+01	2.9e+00
6.7911e+03	3.0e+00	8.49035e+01	2.8e+00
6.7935e+03	3.0e+00	8.83078e+01	2.4e+00
6.7960e+03	3.0e+00	8.50576e+01	1.6e+00
6.7984e+03	3.0e+00	8.30128e+01	1.7e+00
6.8008e+03	3.0e+00	8.46665e+01	2.9e+00
6.8032e+03	3.0e+00	8.54735e+01	1.6e+00
6.8057e+03	3.0e+00	7.79860e+01	4.2e+00
6.8081e+03	3.0e+00	8.16843e+01	3.4e+00
6.8105e+03	3.0e+00	8.85608e+01	3.1e+00
6.8129e+03	3.1e+00	8.92378e+01	2.0e+00
6.8154e+03	3.1e+00	8.36665e+01	2.0e+00
6.8178e+03	3.1e+00	8.53914e+01	2.1e+00
6.8202e+03	3.1e+00	8.32165e+01	2.3e+00
6.8226e+03	3.1e+00	8.77535e+01	2.7e+00
6.8251e+03	3.1e+00	8.68568e+01	2.2e+00
6.8275e+03	3.1e+00	8.40232e+01	2.2e+00
6.8299e+03	3.1e+00	8.67569e+01	2.3e+00
6.8323e+03	3.1e+00	8.65354e+01	1.7e+00
6.8348e+03	3.1e+00	8.75802e+01	2.8e+00
6.8372e+03	3.1e+00	9.16103e+01	2.9e+00
6.8396e+03	3.1e+00	9.21273e+01	2.7e+00
6.8420e+03	3.1e+00	8.78968e+01	4.1e+00
6.8445e+03	3.1e+00	8.53668e+01	3.6e+00
6.8469e+03	3.1e+00	8.78773e+01	1.9e+00
6.8493e+03	3.1e+00	9.03364e+01	1.9e+00
6.8517e+03	3.1e+00	8.88618e+01	2.7e+00
6.8541e+03	3.1e+00	8.58587e+01	1.9e+00
6.8566e+03	3.1e+00	8.84842e+01	2.5e+00
6.8590e+03	3.2e+00	8.66300e+01	2.0e+00
6.8614e+03	3.2e+00	8.50205e+01	2.8e+00
6.8638e+03	3.2e+00	9.04560e+01	1.2e+00
6.8663e+03	3.2e+00	8.71097e+01	2.0e+00
6.8687e+03	3.2e+00	8.54843e+01	1.8e+00
6.8711e+03	3.2e+00	9.01959e+01	8.8e-01
6.8735e+03	3.2e+00	9.12114e+01	2.8e+00
6.8760e+03	3.2e+00	1.09929e+02	3.4e+00
6.8784e+03	3.2e+00	1.16379e+02	2.5e+00
6.8808e+03	3.2e+00	1.17343e+02	3.5e+00
6.8832e+03	3.2e+00	1.25484e+02	5.1e+00
6.8857e+03	3.2e+00	1.16046e+02	2.4e+00
6.8881e+03	3.2e+00	1.00846e+02	2.9e+00
6.8905e+03	3.2e+00	9.67300e+01	3.8e+00
6.8929e+03	3.2e+00	9.38053e+01	1.3e+00
6.8953e+03	3.2e+00	9.12023e+01	3.3e+00
6.8978e+03	3.2e+00	9.32097e+01	2.1e+00
6.9002e+03	3.3e+00	9.62681e+01	2.8e+00
6.9026e+03	3.3e+00	9.43237e+01	1.8e+00
6.9050e+03	3.3e+00	9.03811e+01	1.8e+00
6.9075e+03	3.3e+00	9.29708e+01	1.2e+00
6.9099e+03	3.3e+00	9.53149e+01	2.1e+00
6.9123e+03	3.3e+00	9.16231e+01	2.5e+00
6.9147e+03	3.3e+00	9.36564e+01	1.6e+00
6.9171e+03	3.3e+00	9.40343e+01	1.2e+00
6.9196e+03	3.3e+00	9.13515e+01	2.7e+00
6.9220e+03	3.3e+00	9.55571e+01	2.2e+00
6.9244e+03	3.3e+00	9.37655e+01	2.6e+00
6.9268e+03	3.3e+00	9.08734e+01	2.0e+00
6.9293e+03	3.3e+00	9.34845e+01	2.4e+00
6.9317e+03	3.3e+00	9.49331e+01	2.5e+00
6.9341e+03	3.3e+00	1.01838e+02	3.2e+00
6.9365e+03	3.3e+00	1.34515e+02	5.0e+00
6.9389e+03	3.3e+00	1.44839e+02	3.2e+00
6.9414e+03	3.4e+00	1.45548e+02	4.1e+00
6.9438e+03	3.4e+00	1.43262e+02	3.2e+00
6.9462e+03	3.4e+00	1.43701e+02	5.6e+00
6.9486e+03	3.4e+00	1.16812e+02	4.3e+00
6.9510e+03	3.4e+00	1.05287e+02	1.7e+00
6.9535e+03	3.4e+00	1.07052e+02	2.5e+00
6.9559e+03	3.4e+00	1.00046e+02	1.5e+00
6.9583e+03	3.4e+00	9.96544e+01	3.0e+00
6.9607e+03	3.4e+00	9.78603e+01	2.8e+00
6.9632e+03	3.4e+00	9.99379e+01	1.9e+00
6.9656e+03	3.4e+00	9.98724e+01	2.7e+00
6.9680e+03	3.4e+00	1.11760e+02	2.4e+00
6.9704e+03	3.4e+00	9.39405e+01	7.5e+00
6.9728e+03	3.4e+00	4.43202e+02	2.4e+01
6.9753e+03	3.4e+00	7.93484e+02	2.0e+01
6.9777e+03	3.5e+00	8.18781e+02	1.3e+01
6.9801e+03	3.5e+00	8.01247e+02	9.1e+00
6.9825e+03	3.5e+00	8.06008e+02	1.4e+01
6.9849e+03	3.5e+00	3.94908e+02	2.0e+01
6.9874e+03	3.5e+00	9.67975e+01	8.2e+00
6.9898e+03	3.5e+00	1.08628e+02	2.9e+00
6.9922e+03	3.5e+00	9.96456e+01	2.3e+00
6.9946e+03	3.5e+00	9.96564e+01	4.7e+00
6.9970e+03	3.5e+00	9.62576e+01	2.6e+00
6.9995e+03	3.5e+00	9.53430e+01	1.6e+00
7.0019e+03	3.5e+00	9.26633e+01	2.2e+00
7.0043e+03	3.5e+00	9.74585e+01	1.8e+00
7.0067e+03	3.5e+00	9.51642e+01	1.4e+00
7.0091e+03	3.5e+00	9.48330e+01	2.2e+00
7.0115e+03	3.5e+00	1.01322e+02	1.7e+00
7.0140e+03	3.6e+00	9.73407e+01	2.3e+00
7.0164e+03	3.6e+00	9.53098e+01	2.6e+00
7.0188e+03	3.6e+00	9.64990e+01	2.5e+00
7.0212e+03	3.6e+00	9.77211e+01	2.0e+00
7.0236e+03	3.6e+00	9.54184e+01	2.6e+00
7.0261e+03	3.6e+00	9.20831e+01	2.3e+00
7.0285e+03	3.6e+00	9.35063e+01	1.3e+00
7.0309e+03	3.6e+00	9.84436e+01	1.6e+00
7.0333e+03	3.6e+00	9.58966e+01	9.5e-01
7.0357e+03	3.6e+00	9.96323e+01	1.9e+00
7.0382e+03	3.6e+00	1.04296e+02	2.2e+00
7.0406e+03	3.6e+00	1.14778e+02	3.3e+00
7.0430e+03	3.6e+00	1.61399e+02	4.4e+00
7.0454e+03	3.6e+00	1.79627e+02	2.6e+00
7.0478e+03	3.7e+00	1.76749e+02	3.5e+00
7.0502e+03	3.7e+00	1.75424e+02	4.3e+00
7.0527e+03	3.7e+00	1.56060e+02	2.3e+00
7.0551e+03	3.7e+00	1.12285e+02	3.0e+00
7.0575e+03	3.7e+00	1.03556e+02	1.9e+00
7.0599e+03	3.7e+00	1.00413e+02	1.5e+00
7.0623e+03	3.7e+00	9.98740e+01	2.4e+00
7.0648e+03	3.7e+00	9.84934e+01	2.2e+00
7.0672e+03	3.7e+00	9.71196e+01	2.8e+00
7.0696e+03	3.7e+00	9.76150e+01	2.1e+00
7.0720e+03	3.7e+00	1.04182e+02	2.3e+00
7.0744e+03	3.7e+00	1.05224e+02	5.0e+00
7.0768e+03	3.7e+00	1.48700e+02	1.4e+01
7.0793e+03	3.8e+00	4.49480e+02	1.7e+01
7.0817e+03	3.8e+00	5.71611e+02	6.2e+00
7.0841e+03	3.8e+00	5.49993e+02	8.6e+00
7.0865e+03	3.8e+00	5.82191e+02	5.7e+00
7.0889e+03	3.8e+00	5.04785e+02	1.9e+01
7.0913e+03	3.8e+00	2.07793e+02	9.8e+00
7.0938e+03	3.8e+00	9.83799e+01	4.0e+00
7.0962e+03	3.8e+00	1.07545e+02	2.4e+00
7.0986e+03	3.8e+00	9.89644e+01	3.9e+00
7.1010e+03	3.8e+00	1.02925e+02	2.7e+00
7.1034e+03	3.8e+00	1.02423e+02	1.7e+00
7.1058e+03	3.8e+00	9.84783e+01	2.7e+00
7.1083e+03	3.8e+00	9.30945e+01	1.6e+00
7.1107e+03	3.8e+00	9.76017e+01	1.9e+00
7.1131e+03	3.9e+00	1.00190e+02	2.2e+00
7.1155e+03	3.9e+00	9.78151e+01	1.8e+00
7.1179e+03	3.9e+00	1.03212e+02	1.8e+00
7.1203e+03	3.9e+00	9.90617e+01	4.1e+00
7.1227e+03	3.9e+00	9.86654e+01	1.7e+00
7.1252e+03	3.9e+00	1.02545e+02	2.3e+00
7.1276e+03	3.9e+00	1.02609e+02	2.0e+00
7.1300e+03	3.9e+00	1.05253e+02	1.9e+00
7.1324e+03	3.9e+00	1.00805e+02	2.2e+00
7.1348e+03	3.9e+00	9.55839e+01	2.6e+00
7.1372e+03	3.9e+00	1.03904e+02	3.1e+00
7.1397e+03	3.9e+00	1.00820e+02	1.1e+00
7.1421e+03	4.0e+00	1.07492e+02	3.0e+00
7.1445e+03	4.0e+00	1.03423e+02	1.5e+00
7.1469e+03	4.0e+00	1.03846e+02	2.4e+00
7.1493e+03	4.0e+00	1.03746e+02	2.7e+00
7.1517e+03	4.0e+00	1.04288e+02	2.4e+00
7.1541e+03	4.0e+00	1.00260e+02	2.7e+00
7.1566e+03	4.0e+00	9.99092e+01	1.4e+00
7.1590e+03	4.0e+00	9.80095e+01	2.1e+00
7.1614e+03	4.0e+00	1.23830e+02	3.1e+00
7.1638e+03	4.0e+00	1.49563e+02	3.7e+00
7.1662e+03	4.0e+00	1.53011e+02	3.3e+00
7.1686e+03	4.0e+00	1.56872e+02	3.9e+00
7.1710e+03	4.1e+00	1.49797e+02	3.0e+00
7.1735e+03	4.1e+00	1.18928e+02	2.6e+00
7.1759e+03	4.1e+00	1.00627e+02	1.4e+00
7.1783e+03	4.1e+00	1.01249e+02	2.5e+00
7.1807e+03	4.1e+00	1.05310e+02	2.4e+00
7.1831e+03	4.1e+00	1.04789e+02	1.6e+00
7.1855e+03	4.1e+00	1.00794e+02	9.4e-01
7.1879e+03	4.1e+00	9.62605e+01	1.9e+00
7.1904e+03	4.1e+00	1.02233e+02	2.2e+00
7.1928e+03	4.1e+00	1.08605e+02	3.8e+00
7.1952e+03	4.1e+00	1.05136e+02	2.0e+00
7.1976e+03	4.1e+00	1.06967e+02	2.5e+00
7.2000e+03	4.2e+00	1.03547e+02	2.9e+00
7.2024e+03	4.2e+00	1.01592e+02	2.7e+00
7.2048e+03	4.2e+00	1.02188e+02	4.1e+00
7.2072e+03	4.2e+00	1.01084e+02	2.4e+00
7.2097e+03	4.2e+00	9.90216e+01	2.4e+00
7.2121e+03	4.2e+00	1.01345e+02	3.9e+00
7.2145e+03	4.2e+00	1.00169e+02	2.5e+00
7.2169e+03	4.2e+00	1.02142e+02	3.4e+00
7.2193e+03	4.2e+00	1.03486e+02	1.9e+00
7.2217e+03	4.2e+00	9.84635e+01	2.3e+00
7.2241e+03	4.2e+00	1.07060e+02	2.4e+00
7.2265e+03	4.2e+00	1.12352e+02	2.6e+00
7.2290e+03	4.3e+00	1.12050e+02	2.7e+00
7.2314e+03	4.3e+00	1.15071e+02	2.6e+00
7.2338e+03	4.3e+00	1.13843e+02	1.9e+00
7.2362e+03	4.3e+00	1.06670e+02	3.7e+00
7.2386e+03	4.3e+00	1.04728e+02	2.8e+00
7.2410e+03	4.3e+00	1.00807e+02	3.7e+00
7.2434e+03	4.3e+00	1.05969e+02	3.3e+00
7.2458e+03	4.3e+00	1.06123e+02	2.2e+00
7.2483e+03	4.3e+00	1.00805e+02	1.8e+00
7.2507e+03	4.3e+00	9.94571e+01	2.6e+00
7.2531e+03	4.3e+00	1.05536e+02	1.7e+00
7.2555e+03	4.4e+00	1.04857e+02	2.7e+00
7.2579e+03	4.4e+00	1.06012e+02	2.1e+00
7.2603e+03	4.4e+00	1.04952e+02	2.3e+00
7.2627e+03	4.4e+00	1.09450e+02	3.4e+00
7.2651e+03	4.4e+00	1.20774e+02	3.1e+00
7.2675e+03	4.4e+00	1.23077e+02	2.4e+00
7.2700e+03	4.4e+00	1.19272e+02	2.3e+00
7.2724e+03	4.4e+00	1.20898e+02	3.5e+00
7.2748e+03	4.4e+00	1.19067e+02	2.3e+00
7.2772e+03	4.4e+00	1.11404e+02	3.1e+00
7.2796e+03	4.4e+00	1.05553e+02	3.1e+00
7.2820e+03	4.5e+00	1.06999e+02	2.0e+00
7.2844e+03	4.5e+00	1.09657e+02	2.8e+00
7.2868e+03	4.5e+00	1.09826e+02	2.7e+00
7.2892e+03	4.5e+00	1.13213e+02	2.1e+00
7.2917e+03	4.5e+00	1.41454e+02	6.0e+00
7.2941e+03	4.5e+00	2.26495e+02	6.7e+00
7.2965e+03	4.5e+00	2.68385e+02	7.1e+00
7.2989e+03	4.5e+00	2.77794e+02	4.7e+00
7.3013e+03	4.5e+00	2.68969e+02	3.9e+00
7.3037e+03	4.5e+00	2.38171e+02	9.5e+00
7.3061e+03	4.5e+00	1.46877e+02	3.2e+00
7.3085e+03	4.6e+00	1.13458e+02	3.2e+00
7.3109e+03	4.6e+00	1.14918e+02	2.9e+00
7.3133e+03	4.6e+00	1.09447e+02	4.6e+00
7.3158e+03	4.6e+00	1.07344e+02	2.3e+00
7.3182e+03	4.6e+00	1.08214e+02	2.6e+00
7.3206e+03	4.6e+00	1.06074e+02	3.4e+00
7.3230e+03	4.6e+00	1.08007e+02	2.6e+00
7.3254e+03	4.6e+00	1.10605e+02	1.7e+00
7.3278e+03	4.6e+00	1.04562e+02	2.0e+00
7.3302e+03	4.6e+00	1.02384e+02	3.7e+00
7.3326e+03	4.7e+00	1.09107e+02	4.0e+00
7.3350e+03	4.7e+00	1.14281e+02	3.3e+00
7.3374e+03	4.7e+00	1.12595e+02	2.7e+00
7.3398e+03	4.7e+00	1.17900e+02	2.7e+00
7.3423e+03	4.7e+00	1.21694e+02	2.3e+00
7.3447e+03	4.7e+00	1.22071e+02	3.4e+00
7.3471e+03	4.7e+00	1.13796e+02	2.4e+00
7.3495e+03	4.7e+00	1.08078e+02	2.6e+00
7.3519e+03	4.7e+00	1.09007e+02	2.4e+00
7.3543e+03	4.7e+00	1.06286e+02	2.9e+00
7.3567e+03	4.8e+00	1.07880e+02	2.2e+00
7.3591e+03	4.8e+00	1.09384e+02	3.1e+00
7.3615e+03	4.8e+00	1.09387e+02	3.6e+00
7.3639e+03	4.8e+00	1.08599e+02	2.3e+00
7.3663e+03	4.8e+00	1.05625e+02	3.0e+00
7.3687e+03	4.8e+00	1.06958e+02	2.8e+00
7.3711e+03	4.8e+00	1.07954e+02	1.9e+00
7.3736e+03	4.8e+00	1.09554e+02	2.0e+00
7.3760e+03	4.8e+00	1.10419e+02	3.0e+00
7.3784e+03	4.8e+00	1.19697e+02	3.6e+00
7.3808e+03	4.9e+00	1.21706e+02	2.2e+00
7.3832e+03	4.9e+00	1.23010e+02	2.4e+00
7.3856e+03	4.9e+00	1.24480e+02	2.9e+00
7.3880e+03	4.9e+00	1.16196e+02	3.6e+00
7.3904e+03	4.9e+00	1.13974e+02	2.7e+00
7.3928e+03	4.9e+00	1.13223e+02	2.3e+00
7.3952e+03	4.9e+00	1.26602e+02	5.9e+00
7.3976e+03	4.9e+00	1.37973e+02	2.5e+00
7.4000e+03	4.9e+00	1.47336e+02	3.5e+00
7.4024e+03	4.9e+00	1.53893e+02	1.5e+00
7.4048e+03	5.0e+00	1.51076e+02	1.9e+00
7.4073e+03	5.0e+00	2.19837e+02	7.6e+00
7.4097e+03	5.0e+00	5.58307e+02	1.8e+01
7.4121e+03	5.0e+00	8.42371e+02	2.1e+01
7.4145e+03	5.0e+00	8.86023e+02	6.1e+00
7.4169e+03	5.0e+00	8.91921e+02	1.2e+01
7.4193e+03	5.0e+00	7.85108e+02	1.6e+01
7.4217e+03	5.0e+00	4.62915e+02	2.1e+01
7.4241e+03	5.0e+00	1.99844e+02	7.0e+00
7.4265e+03	5.0e+00	1.29595e+02	2.2e+00
7.4289e+03	5.1e+00	1.20186e+02	2.2e+00
7.4313e+03	5.1e+00	1.14995e+02	2.7e+00
7.4337e+03	5.1e+00	1.14889e+02	2.9e+00
7.4361e+03	5.1e+00	1.11984e+02	2.4e+00
7.4385e+03	5.1e+00	1.12948e+02	2.9e+00
7.4409e+03	5.1e+00	1.16494e+02	2.4e+00
7.4433e+03	5.1e+00	1.20209e+02	3.1e+00
7.4457e+03	5.1e+00	1.18109e+02	2.0e+00
7.4481e+03	5.1e+00	1.13465e+02	1.2e+00
7.4506e+03	5.2e+00	1.19018e+02	2.9e+00
7.4530e+03	5.2e+00	1.12116e+02	2.7e+00
7.4554e+03	5.2e+00	1.17298e+02	3.5e+00
7.4578e+03	5.2e+00	1.19037e+02	2.4e+00
7.4602e+03	5.2e+00	1.16706e+02	2.4e+00
7.4626e+03	5.2e+00	1.19605e+02	3.5e+00
7.4650e+03	5.2e+00	1.17517e+02	3.8e+00
7.4674e+03	5.2e+00	1.23724e+02	3.4e+00
7.4698e+03	5.2e+00	1.23277e+02	3.8e+00
7.4722e+03	5.2e+00	1.24184e+02	3.3e+00
7.4746e+03	5.3e+00	1.24546e+02	2.8e+00
7.4770e+03	5.3e+00	1.22716e+02	2.9e+00
7.4794e+03	5.3e+00	1.20210e+02	2.3e+00
7.4818e+03	5.3e+00	1.14875e+02	2.0e+00
7.4842e+03	5.3e+00	1.16964e+02	2.8e+00
7.4866e+03	5.3e+00	1.18409e+02	2.0e+00
7.4890e+03	5.3e+00	1.17610e+02	2.8e+00
7.4914e+03	5.3e+00	1.17355e+02	1.9e+00
7.4938e+03	5.3e+00	1.20146e+02	2.3e+00
7.4962e+03	5.4e+00	1.19132e+02	2.2e+00
7.4986e+03	5.4e+00	1.22230e+02	2.0e+00
7.5010e+03	5.4e+00	1.21138e+02	3.5e+00
7.5034e+03	5.4e+00	1.18925e+02	2.1e+00
7.5058e+03	5.4e+00	1.21936e+02	2.7e+00
7.5082e+03	5.4e+00	1.23663e+02	2.7e+00
7.5107e+03	5.4e+00	1.25009e+02	2.4e+00
7.5131e+03	5.4e+00	1.28802e+02	1.9e+00
7.5155e+03	5.4e+00	1.30499e+02	1.8e+00
7.5179e+03	5.5e+00	1.28151e+02	1.9e+00
7.5203e+03	5.5e+00	1.30974e+02	2.0e+00
7.5227e+03	5.5e+00	1.40364e+02	2.2e+00
7.5251e+03	5.5e+00	1.48137e+02	2.0e+00
7.5275e+03	5.5e+00	1.62321e+02	5.1e+00
7.5299e+03	5.5e+00	1.85045e+02	5.1e+00
7.5323e+03	5.5e+00	3.46066e+02	3.2e+01
7.5347e+03	5.5e+00	1.67991e+03	1.0e+02
7.5371e+03	5.5e+00	3.89628e+03	1.1e+02
7.5395e+03	5.6e+00	5.18635e+03	6.8e+01
7.5419e+03	5.6e+00	5.44151e+03	4.4e+01
7.5443e+03	5.6e+00	5.33832e+03	6.5e+01
7.5467e+03	5.6e+00	4.35661e+03	7.5e+01
7.5491e+03	5.6e+00	3.00848e+03	6.6e+01
7.5515e+03	5.6e+00	2.02357e+03	3.1e+01
7.5539e+03	5.6e+00	1.63218e+03	2.6e+01
7.5563e+03	5.6e+00	1.48308e+03	3.2e+01
7.5587e+03	5.6e+00	9.91995e+02	3.1e+01
7.5611e+03	5.7e+00	5.25307e+02	2.3e+01
7.5635e+03	5.7e+00	2.41913e+02	9.5e+00
7.5659e+03	5.7e+00	1.45932e+02	5.8e+00
7.5683e+03	5.7e+00	1.35123e+02	3.8e+00
7.5707e+03	5.7e+00	1.36327e+02	2.0e+00
7.5731e+03	5.7e+00	1.29951e+02	3.1e+00
7.5755e+03	5.7e+00	1.37836e+02	2.8e+00
7.5779e+03	5.7e+00	1.42833e+02	3.3e+00
7.5803e+03	5.7e+00	1.33617e+02	3.6e+00
7.5827e+03	5.8e+00	1.33785e+02	2.8e+00
7.5851e+03	5.8e+00	1.31632e+02	3.0e+00
7.5875e+03	5.8e+00	1.37125e+02	2.4e+00
7.5899e+03	5.8e+00	1.35346e+02	2.9e+00
7.5923e+03	5.8e+00	1.30656e+02	3.5e+00
7.5947e+03	5.8e+00	1.28854e+02	2.8e+00
7.5971e+03	5.8e+00	1.30600e+02	3.0e+00
7.5995e+03	5.8e+00	1.33496e+02	3.2e+00
7.6019e+03	5.9e+00	1.36916e+02	2.9e+00
7.6043e+03	5.9e+00	1.31368e+02	4.7e+00
7.6067e+03	5.9e+00	1.29237e+02	4.1e+00
7.6091e+03	5.9e+00	1.27376e+02	4.6e+00
7.6115e+03	5.9e+00	1.28807e+02	2.8e+00
7.6139e+03	5.9e+00	1.29260e+02	2.1e+00
7.6163e+03	5.9e+00	1.25999e+02	3.1e+00
7.6187e+03	5.9e+00	1.22791e+02	2.9e+00
7.6211e+03	5.9e+00	1.26539e+02	2.2e+00
7.6235e+03	6.0e+00	1.24196e+02	3.2e+00
7.6259e+03	6.0e+00	1.29042e+02	3.9e+00
7.6283e+03	6.0e+00	1.31122e+02	3.0e+00
7.6307e+03	6.0e+00	1.26075e+02	3.3e+00
7.6331e+03	6.0e+00	1.33047e+02	4.0e+00
7.6355e+03	6.0e+00	1.28041e+02	3.0e+00
7.6379e+03	6.0e+00	1.26860e+02	3.6e+00
7.6403e+03	6.0e+00	1.30636e+02	2.8e+00
7.6427e+03	6.1e+00	1.25788e+02	3.0e+00
7.6451e+03	6.1e+00	1.29104e+02	3.3e+00
7.6475e+03	6.1e+00	1.34019e+02	4.9e+00
7.6499e+03	6.1e+00	1.31708e+02	3.5e+00
7.6523e+03	6.1e+00	1.32768e+02	2.8e+00
7.6547e+03	6.1e+00	1.34835e+02	3.2e+00
7.6571e+03	6.1e+00	1.31794e+02	3.9e+00
7.6595e+03	6.1e+00	1.32995e+02	4.7e+00
7.6619e+03	6.2e+00	1.33392e+02	3.5e+00
7.6643e+03	6.2e+00	1.36291e+02	2.4e+00
7.6667e+03	6.2e+00	1.50455e+02	4.4e+00
7.6691e+03	6.2e+00	1.56782e+02	3.6e+00
7.6715e+03	6.2e+00	2.85106e+02	2.2e+01
7.6739e+03	6.2e+00	1.05304e+03	4.1e+01
7.6763e+03	6.2e+00	1.91741e+03	5.2e+01
7.6787e+03	6.2e+00	2.54598e+03	4.0e+01
7.6810e+03	6.3e+00	2.79317e+03	3.5e+01
7.6834e+03	6.3e+00	2.66943e+03	3.7e+01
7.6858e+03	6.3e+00	1.90882e+03	5.8e+01
7.6882e+03	6.3e+00	1.06772e+03	3.9e+01
7.6906e+03	6.3e+00	5.74709e+02	2.3e+01
7.6930e+03	6.3e+00	2.32229e+02	1.0e+01
7.6954e+03	6.3e+00	1.36705e+02	2.8e+00
7.6978e+03	6.3e+00	1.37128e+02	2.3e+00
7.7002e+03	6.3e+00	1.35576e+02	2.4e+00
7.7026e+03	6.4e+00	1.35792e+02	3.0e+00
7.7050e+03	6.4e+00	1.35227e+02	2.8e+00
7.7074e+03	6.4e+00	1.29733e+02	3.4e+00
7.7098e+03	6.4e+00	1.27281e+02	3.1e+00
7.7122e+03	6.4e+00	1.30746e+02	3.0e+00
7.7146e+03	6.4e+00	1.33528e+02	3.8e+00
7.7170e+03	6.4e+00	1.32719e+02	4.1e+00
7.7194e+03	6.5e+00	1.32974e+02	2.7e+00
7.7218e+03	6.5e+00	1.35539e+02	5.0e+00
7.7242e+03	6.5e+00	1.35883e+02	3.2e+00
7.7266e+03	6.5e+00	1.38391e+02	3.9e+00
7.7290e+03	6.5e+00	1.35911e+02	2.8e+00
7.7314e+03	6.5e+00	1.32159e+02	1.5e+00
7.7338e+03	6.5e+00	1.33425e+02	3.2e+00
7.7362e+03	6.5e+00	1.38043e+02	3.0e+00
7.7386e+03	6.6e+00	1.33928e+02	2.7e+00
7.7409e+03	6.6e+00	1.37727e+02	2.6e+00
7.7433e+03	6.6e+00	1.38298e+02	3.4e+00
7.7457e+03	6.6e+00	1.41789e+02	2.9e+00
7.7481e+03	6.6e+00	1.38133e+02	2.7e+00
7.7505e+03	6.6e+00	1.37041e+02	4.1e+00
7.7529e+03	6.6e+00	1.37278e+02	3.3e+00
7.7553e+03	6.6e+00	1.42108e+02	2.2e+00
7.7577e+03	6.7e+00	1.35127e+02	3.5e+00
7.7601e+03	6.7e+00	1.42409e+02	3.8e+00
7.7625e+03	6.7e+00	1.47956e+02	4.1e+00
7.7649e+03	6.7e+00	1.49962e+02	3.4e+00
7.7673e+03	6.7e+00	2.87697e+02	1.6e+01
7.7697e+03	6.7e+00	6.31219e+02	1.7e+01
7.7721e+03	6.7e+00	8.88113e+02	2.0e+01
7.7745e+03	6.7e+00	1.05073e+03	1.4e+01
7.7769e+03	6.8e+00	1.13813e+03	1.4e+01
7.7793e+03	6.8e+00	9.98088e+02	1.7e+01
7.7816e+03	6.8e+00	6.67184e+02	2.2e+01
7.7840e+03	6.8e+00	4.48472e+02	1.1e+01
7.7864e+03	6.8e+00	3.00808e+02	7.9e+00
7.7888e+03	6.8e+00	1.67876e+02	5.4e+00
7.7912e+03	6.8e+00	1.43376e+02	3.4e+00
7.7936e+03	6.8e+00	1.43271e+02	3.8e+00
7.7960e+03	6.9e+00	1.45185e+02	4.9e+00
7.7984e+03	6.9e+00	1.42175e+02	3.0e+00
7.8008e+03	6.9e+00	1.35490e+02	1.4e+00
7.8032e+03	6.9e+00	1.47789e+02	2.4e+00
7.8056e+03	6.9e+00	1.44302e+02	2.2e+00
7.8080e+03	6.9e+00	1.42933e+02	2.0e+00
7.8104e+03	6.9e+00	1.40435e+02	3.2e+00
7.8128e+03	7.0e+00	1.47559e+02	2.8e+00
7.8151e+03	7.0e+00	1.44220e+02	3.2e+00
7.8175e+03	7.0e+00	1.47741e+02	3.4e+00
7.8199e+03	7.0e+00	1.44644e+02	4.5e+00
7.8223e+03	7.0e+00	1.41520e+02	3.1e+00
7.8247e+03	7.0e+00	1.45142e+02	4.3e+00
7.8271e+03	7.0e+00	1.42661e+02	2.5e+00
7.8295e+03	7.0e+00	1.52123e+02	4.0e+00
7.8319e+03	7.1e+00	1.44997e+02	3.2e+00
7.8343e+03	7.1e+00	1.45299e+02	3.0e+00
7.8367e+03	7.1e+00	1.49666e+02	2.6e+00
7.8391e+03	7.1e+00	1.46057e+02	2.6e+00
7.8415e+03	7.1e+00	1.49613e+02	3.6e+00
7.8439e+03	7.1e+00	1.45761e+02	1.9e+00
7.8462e+03	7.1e+00	1.43745e+02	2.1e+00
7.8486e+03	7.2e+00	1.39831e+02	3.6e+00
7.8510e+03	7.2e+00	1.43422e+02	3.7e+00
7.8534e+03	7.2e+00	1.45251e+02	2.2e+00
7.8558e+03	7.2e+00	1.41354e+02	4.9e+00
7.8582e+03	7.2e+00	1.44067e+02	4.5e+00
7.8606e+03	7.2e+00	1.54356e+02	2.0e+00
7.8630e+03	7.2e+00	1.50392e+02	2.9e+00
7.8654e+03	7.3e+00	1.42037e+02	2.8e+00
7.8678e+03	7.3e+00	1.48562e+02	3.9e+00
7.8701e+03	7.3e+00	1.48691e+02	2.9e+00
7.8725e+03	7.3e+00	1.50399e+02	3.5e+00
7.8749e+03	7.3e+00	1.43207e+02	4.2e+00
7.8773e+03	7.3e+00	1.49586e+02	3.3e+00
7.8797e+03	7.3e+00	1.48832e+02	1.5e+00
7.8821e+03	7.3e+00	1.45532e+02	2.6e+00
7.8845e+03	7.4e+00	1.46441e+02	3.1e+00
7.8869e+03	7.4e+00	1.45338e+02	2.0e+00
7.8893e+03	7.4e+00	1.50556e+02	1.8e+00
7.8917e+03	7.4e+00	1.50268e+02	3.2e+00
7.8940e+03	7.4e+00	1.49268e+02	3.0e+00
7.8964e+03	7.4e+00	1.50236e+02	2.2e+00
7.8988e+03	7.4e+00	1.53954e+02	3.4e+00
7.9012e+03	7.5e+00	1.52890e+02	3.5e+00
7.9036e+03	7.5e+00	1.50205e+02	3.7e+00
7.9060e+03	7.5e+00	1.53821e+02	3.3e+00
7.9084e+03	7.5e+00	1.48270e+02	3.1e+00
7.9108e+03	7.5e+00	1.53693e+02	3.7e+00
7.9132e+03	7.5e+00	1.55867e+02	2.8e+00
7.9155e+03	7.5e+00	1.52520e+02	3.7e+00
7.9179e+03	7.6e+00	1.52449e+02	3.3e+00
7.9203e+03	7.6e+00	1.56431e+02	3.7e+00
7.9227e+03	7.6e+00	1.53981e+02	3.9e+00
7.9251e+03	7.6e+00	1.48960e+02	3.3e+00
7.9275e+03	7.6e+00	1.58604e+02	3.6e+00
7.9299e+03	7.6e+00	1.64221e+02	5.2e+00
7.9323e+03	7.6e+00	1.58332e+02	5.6e+00
7.9347e+03	7.7e+00	1.51934e+02	3.8e+00
7.9370e+03	7.7e+00	1.55465e+02	3.9e+00
7.9394e+03	7.7e+00	1.55032e+02	2.2e+00
7.9418e+03	7.7e+00	1.53824e+02	4.5e+00
7.9442e+03	7.7e+00	1.58644e+02	2.9e+00
7.9466e+03	7.7e+00	1.57541e+02	4.5e+00
7.9490e+03	7.7e+00	1.55924e+02	5.8e+00
7.9514e+03	7.8e+00	1.52946e+02	5.0e+00
7.9538e+03	7.8e+00	1.65263e+02	4.6e+00
7.9561e+03	7.8e+00	1.63113e+02	8.0e+00
7.9585e+03	7.8e+00	1.59424e+02	4.8e+00
7.9609e+03	7.8e+00	1.55481e+02	3.7e+00
7.9633e+03	7.8e+00	1.57172e+02	4.2e+00
7.9657e+03	7.8e+00	1.57656e+02	4.1e+00
7.9681e+03	7.9e+00	1.64407e+02	2.9e+00
7.9705e+03	7.9e+00	1.65063e+02	3.6e+00
7.9728e+03	7.9e+00	1.63087e+02	2.6e+00
7.9752e+03	7.9e+00	1.58457e+02	3.3e+00
7.9776e+03	7.9e+00	1.58443e+02	3.4e+00
7.9800e+03	7.9e+00	1.62363e+02	5.3e+00
7.9824e+03	7.9e+00	1.58893e+02	3.0e+00
7.9848e+03	8.0e+00	1.69353e+02	4.7e+00
7.9872e+03	8.0e+00	1.64456e+02	8.0e+00
7.9896e+03	8.0e+00	1.63267e+02	4.9e+00
7.9919e+03	8.0e+00	1.61090e+02	3.8e+00
7.9943e+03	8.0e+00	1.66810e+02	2.7e+00
7.9967e+03	8.0e+00	1.69846e+02	2.8e+00
7.9991e+03	8.0e+00	1.71669e+02	4.9e+00
8.0015e+03	8.1e+00	1.72520e+02	4.2e+00
8.0039e+03	8.1e+00	1.77805e+02	3.0e+00
8.0063e+03	8.1e+00	2.19236e+02	4.9e+00
8.0086e+03	8.1e+00	3.94529e+02	1.6e+01
8.0110e+03	8.1e+00	6.65227e+02	2.0e+01
8.0134e+03	8.1e+00	8.28287e+02	1.5e+01
8.0158e+03	8.1e+00	9.66129e+02	1.4e+01
8.0182e+03	8.2e+00	1.00689e+03	1.2e+01
8.0206e+03	8.2e+00	8.29825e+02	1.8e+01
8.0229e+03	8.2e+00	5.79677e+02	1.7e+01
8.0253e+03	8.2e+00	4.44917e+02	1.0e+01
8.0277e+03	8.2e+00	3.50453e+02	3.6e+00
8.0301e+03	8.2e+00	2.47730e+02	6.8e+00
8.0325e+03	8.2e+00	1.89870e+02	5.1e+00
8.0349e+03	8.3e+00	1.78440e+02	5.3e+00
8.0373e+03	8.3e+00	1.73949e+02	5.7e+00
8.0396e+03	8.3e+00	1.81448e+02	4.0e+00
8.0420e+03	8.3e+00	1.80752e+02	4.7e+00
8.0444e+03	8.3e+00	1.81290e+02	3.0e+00
8.0468e+03	8.3e+00	1.78211e+02	4.4e+00
8.0492e+03	8.3e+00	1.88212e+02	4.8e+00
8.0516e+03	8.4e+00	1.86413e+02	4.1e+00
8.0539e+03	8.4e+00	1.77663e+02	4.8e+00
8.0563e+03	8.4e+00	1.91316e+02	4.7e+00
8.0587e+03	8.4e+00	1.81931e+02	6.0e+00
8.0611e+03	8.4e+00	1.69841e+02	4.3e+00
8.0635e+03	8.4e+00	1.89040e+02	6.7e+00
8.0659e+03	8.5e+00	1.97434e+02	6.3e+00
8.0682e+03	8.5e+00	1.95592e+02	5.6e+00
8.0706e+03	8.5e+00	2.51522e+02	7.9e+00
8.0730e+03	8.5e+00	3.56089e+02	1.1e+01
8.0754e+03	8.5e+00	4.38689e+02	9.5e+00
8.0778e+03	8.5e+00	4.86102e+02	9.2e+00
8.0802e+03	8.5e+00	6.49978e+02	1.6e+01
8.0825e+03	8.6e+00	7.95270e+02	1.7e+01
8.0849e+03	8.6e+00	8.15823e+02	1.2e+01
8.0873e+03	8.6e+00	8.09942e+02	1.2e+01
8.0897e+03	8.6e+00	8.45684e+02	1.6e+01
8.0921e+03	8.6e+00	7.46617e+02	1.6e+01
8.0944e+03	8.6e+00	5.17432e+02	1.0e+01
8.0968e+03	8.6e+00	3.92584e+02	6.1e+00
8.0992e+03	8.7e+00	3.44073e+02	9.9e+00
8.1016e+03	8.7e+00	2.83957e+02	9.4e+00
8.1040e+03	8.7e+00	2.17850e+02	6.8e+00
8.1064e+03	8.7e+00	2.10233e+02	4.3e+00
8.1087e+03	8.7e+00	1.95183e+02	7.7e+00
8.1111e+03	8.7e+00	1.85466e+02	4.6e+00
8.1135e+03	8.8e+00	1.95393e+02	5.5e+00
8.1159e+03	8.8e+00	2.07952e+02	6.4e+00
8.1183e+03	8.8e+00	2.01977e+02	4.9e+00
8.1206e+03	8.8e+00	2.01555e+02	4.6e+00
8.1230e+03	8.8e+00	2.01800e+02	6.7e+00
8.1254e+03	8.8e+00	1.95147e+02	3.4e+00
8.1278e+03	8.8e+00	1.97594e+02	4.5e+00
8.1302e+03	8.9e+00	2.03483e+02	3.5e+00
8.1325e+03	8.9e+00	2.00366e+02	3.8e+00
8.1349e+03	8.9e+00	2.02413e+02	3.3e+00
8.1373e+03	8.9e+00	2.03514e+02	2.6e+00
8.1397e+03	8.9e+00	2.06598e+02	4.2e+00
8.1421e+03	8.9e+00	1.98880e+02	2.3e+00
8.1444e+03	9.0e+00	2.04648e+02	6.2e+00
8.1468e+03	9.0e+00	2.02108e+02	4.4e+00
8.1492e+03	9.0e+00	1.94343e+02	2.8e+00
8.1516e+03	9.0e+00	1.95919e+02	4.6e+00
8.1540e+03	9.0e+00	2.00107e+02	7.3e+00
8.1563e+03	9.0e+00	2.13116e+02	5.2e+00
8.1587e+03	9.0e+00	2.15096e+02	6.3e+00
8.1611e+03	9.1e+00	2.05851e+02	4.5e+00
8.1635e+03	9.1e+00	2.11147e+02	5.0e+00
8.1659e+03	9.1e+00	2.14616e+02	2.9e+00
8.1682e+03	9.1e+00	2.14574e+02	2.9e+00
8.1706e+03	9.1e+00	2.21768e+02	6.1e+00
8.1730e+03	9.1e+00	2.38973e+02	2.5e+00
8.1754e+03	9.2e+00	3.06234e+02	1.1e+01
8.1778e+03	9.2e+00	5.10069e+02	1.4e+01
8.1801e+03	9.2e+00	7.68560e+02	1.9e+01
8.1825e+03	9.2e+00	9.14460e+02	1.9e+01
8.1849e+03	9.2e+00	1.04583e+03	1.8e+01
8.1873e+03	9.2e+00	1.20206e+03	1.4e+01
8.1897e+03	9.3e+00	1.50961e+03	2.3e+01
8.1920e+03	9.3e+00	1.96814e+03	4.4e+01
8.1944e+03	9.3e+00	2.29361e+03	4.7e+01
8.1968e+03	9.3e+00	2.54514e+03	3.5e+01
8.1992e+03	9.3e+00	2.69834e+03	2.8e+01
8.2015e+03	9.3e+00	2.36204e+03	5.8e+01
8.2039e+03	9.3e+00	1.59863e+03	4.7e+01
8.2063e+03	9.4e+00	1.10569e+03	2.0e+01
8.2087e+03	9.4e+00	8.75912e+02	1.6e+01
8.2111e+03	9.4e+00	6.34074e+02	1.6e+01
8.2134e+03	9.4e+00	3.80455e+02	1.1e+01
8.2158e+03	9.4e+00	2.57465e+02	6.7e+00
8.2182e+03	9.4e+00	2.27191e+02	7.2e+00
8.2206e+03	9.5e+00	2.38853e+02	4.6e+00
8.2229e+03	9.5e+00	2.37419e+02	7.3e+00
8.2253e+03	9.5e+00	2.21051e+02	6.6e+00
8.2277e+03	9.5e+00	2.18622e+02	5.4e+00
8.2301e+03	9.5e+00	2.17767e+02	5.7e+00
8.2324e+03	9.5e+00	2.22773e+02	5.0e+00
8.2348e+03	9.6e+00	2.31701e+02	7.1e+00
8.2372e+03	9.6e+00	2.35873e+02	5.1e+00
8.2396e+03	9.6e+00	2.23538e+02	7.7e+00
8.2420e+03	9.6e+00	2.26336e+02	5.2e+00
8.2443e+03	9.6e+00	2.32815e+02	4.0e+00
8.2467e+03	9.6e+00	2.28749e+02	3.2e+00
8.2491e+03	9.7e+00	2.31735e+02	6.2e+00
8.2515e+03	9.7e+00	2.22900e+02	2.7e+00
8.2538e+03	9.7e+00	2.27067e+02	5.2e+00
8.2562e+03	9.7e+00	2.30077e+02	5.5e+00
8.2586e+03	9.7e+00	2.30382e+02	4.5e+00
8.2610e+03	9.7e+00	2.37669e+02	3.6e+00
8.2633e+03	9.8e+00	2.28193e+02	3.6e+00
8.2657e+03	9.8e+00	2.27681e+02	5.9e+00
8.2681e+03	9.8e+00	2.36806e+02	4.4e+00
8.2705e+03	9.8e+00	2.31926e+02	3.6e+00
8.2728e+03	9.8e+00	2.34496e+02	3.4e+00
8.2752e+03	9.8e+00	2.36182e+02	3.9e+00
8.2776e+03	9.8e+00	2.33558e+02	4.3e+00
8.2800e+03	9.9e+00	2.31973e+02	5.9e+00
8.2823e+03	9.9e+00	2.32821e+02	6.8e+00
8.2847e+03	9.9e+00	2.38352e+02	6.6e+00
8.2871e+03	9.9e+00	2.29792e+02	7.2e+00
8.2895e+03	9.9e+00	2.38594e+02	2.0e+00
8.2918e+03	9.9e+00	2.36061e+02	4.5e+00
8.2942e+03	1.0e+01	2.43399e+02	4.9e+00
8.2966e+03	1.0e+01	2.39466e+02	4.0e+00
8.2990e+03	1.0e+01	2.39166e+02	6.0e+00
8.3013e+03	1.0e+01	2.41343e+02	8.1e+00
8.3037e+03	1.0e+01	2.51002e+02	6.2e+00
8.3061e+03	1.0e+01	2.44785e+02	4.3e+00
8.3085e+03	1.0e+01	2.42190e+02	5.8e+00
8.3108e+03	1.0e+01	2.46502e+02	6.2e+00
8.3132e+03	1.0e+01	2.46015e+02	8.0e+00
8.3156e+03	1.0e+01	2.53580e+02	8.4e+00
8.3179e+03	1.0e+01	2.46911e+02	4.8e+00
8.3203e+03	1.0e+01	2.45958e+02	7.1e+00
8.3227e+03	1.0e+01	2.54036e+02	6.3e+00
8.3251e+03	1.0e+01	2.54545e+02	5.3e+00
8.3274e+03	1.0e+01	2.47811e+02	8.2e+00
8.3298e+03	1.0e+01	2.58359e+02	4.9e+00
8.3322e+03	1.0e+01	2.53961e+02	5.5e+00
8.3346e+03	1.0e+01	2.50529e+02	6.2e+00
8.3369e+03	1.0e+01	2.58927e+02	3.6e+00
8.3393e+03	1.0e+01	2.67556e+02	6.2e+00
8.3417e+03	1.0e+01	2.57080e+02	4.8e+00
8.3440e+03	1.0e+01	2.48377e+02	6.1e+00
8.3464e+03	1.0e+01	2.62229e+02	8.3e+00
8.3488e+03	1.0e+01	2.71741e+02	4.4e+00
8.3512e+03	1.0e+01	3.13016e+02	6.5e+00
8.3535e+03	1.0e+01	4.32680e+02	2.1e+01
8.3559e+03	1.0e+01	6.17082e+02	1.5e+01
8.3583e+03	1.0e+01	7.26250e+02	1.2e+01
8.3607e+03	1.0e+01	8.04452e+02	1.5e+01
8.3630e+03	1.0e+01	8.72374e+02	1.3e+01
8.3654e+03	1.0e+01	7.90578e+02	1.9e+01
8.3678e+03	1.0e+01	6.11887e+02	1.4e+01
8.3701e+03	1.1e+01	4.93665e+02	8.6e+00
8.3725e+03	1.1e+01	4.65585e+02	6.1e+00
8.3749e+03	1.1e+01	3.97262e+02	1.0e+01
8.3773e+03	1.1e+01	3.36662e+02	7.7e+00
8.3796e+03	1.1e+01	2.92190e+02	7.9e+00
8.3820e+03	1.1e+01	2.72068e+02	5.3e+00
8.3844e+03	1.1e+01	2.74229e+02	8.4e+00
8.3867e+03	1.1e+01	2.69409e+02	6.7e+00
8.3891e+03	1.1e+01	2.56001e+02	1.1e+01
8.3915e+03	1.1e+01	2.72589e+02	6.7e+00
8.3938e+03	1.1e+01	2.66424e+02	4.0e+00
8.3962e+03	1.1e+01	2.74845e+02	1.1e+01
8.3986e+03	1.1e+01	2.82648e+02	6.6e+00
