# lambda [A]	Dlambda [A]	specval [counts]	Dspecval [counts]
3.6818e+03	4.3e+00	1.7921e+00	2.0e-01
3.6843e+03	4.3e+00	1.7187e+00	1.9e-01
3.6868e+03	4.3e+00	1.7599e+00	1.9e-01
3.6893e+03	4.3e+00	1.7587e+00	1.9e-01
3.6918e+03	4.3e+00	1.7438e+00	1.8e-01
3.6943e+03	4.3e+00	1.7984e+00	2.0e-01
3.6968e+03	4.2e+00	1.7192e+00	1.8e-01
3.6993e+03	4.2e+00	1.7699e+00	1.9e-01
3.7017e+03	4.2e+00	1.8121e+00	1.9e-01
3.7042e+03	4.2e+00	1.7960e+00	1.8e-01
3.7067e+03	4.2e+00	1.8257e+00	1.9e-01
3.7092e+03	4.2e+00	1.8673e+00	1.9e-01
3.7117e+03	4.2e+00	1.8237e+00	1.8e-01
3.7142e+03	4.2e+00	1.8572e+00	1.8e-01
3.7167e+03	4.2e+00	1.8416e+00	1.8e-01
3.7192e+03	4.1e+00	1.9133e+00	1.8e-01
3.7217e+03	4.1e+00	1.9163e+00	1.8e-01
3.7241e+03	4.1e+00	1.9277e+00	1.8e-01
3.7266e+03	4.1e+00	2.0136e+00	1.9e-01
3.7291e+03	4.1e+00	1.9344e+00	1.8e-01
3.7316e+03	4.1e+00	1.9923e+00	1.8e-01
3.7341e+03	4.1e+00	2.0394e+00	1.9e-01
3.7366e+03	4.1e+00	2.0776e+00	1.8e-01
3.7391e+03	4.1e+00	2.1437e+00	1.9e-01
3.7416e+03	4.0e+00	2.0905e+00	1.8e-01
3.7440e+03	4.0e+00	2.1424e+00	1.9e-01
3.7465e+03	4.0e+00	2.1679e+00	2.0e-01
3.7490e+03	4.0e+00	2.1301e+00	1.8e-01
3.7515e+03	4.0e+00	2.2211e+00	1.8e-01
3.7540e+03	4.0e+00	2.3227e+00	1.7e-01
3.7565e+03	4.0e+00	2.4183e+00	1.7e-01
3.7590e+03	4.0e+00	2.3974e+00	1.6e-01
3.7615e+03	4.0e+00	2.3860e+00	1.7e-01
3.7639e+03	4.0e+00	2.3656e+00	1.8e-01
3.7664e+03	3.9e+00	2.2945e+00	1.6e-01
3.7689e+03	3.9e+00	2.3308e+00	1.7e-01
3.7714e+03	3.9e+00	2.3950e+00	1.6e-01
3.7739e+03	3.9e+00	2.5723e+00	1.5e-01
3.7764e+03	3.9e+00	2.7262e+00	1.5e-01
3.7789e+03	3.9e+00	2.9113e+00	1.5e-01
3.7814e+03	3.9e+00	3.0308e+00	1.6e-01
3.7838e+03	3.9e+00	3.0460e+00	1.5e-01
3.7863e+03	3.9e+00	3.0188e+00	1.4e-01
3.7888e+03	3.9e+00	2.9457e+00	1.5e-01
3.7913e+03	3.8e+00	2.7954e+00	1.6e-01
3.7938e+03	3.8e+00	2.6833e+00	1.6e-01
3.7963e+03	3.8e+00	2.5269e+00	1.4e-01
3.7988e+03	3.8e+00	2.6936e+00	1.5e-01
3.8012e+03	3.8e+00	2.9383e+00	1.5e-01
3.8037e+03	3.8e+00	3.1565e+00	1.3e-01
3.8062e+03	3.8e+00	3.4263e+00	1.2e-01
3.8087e+03	3.8e+00	3.6561e+00	1.3e-01
3.8112e+03	3.8e+00	3.8947e+00	1.1e-01
3.8137e+03	3.8e+00	4.0100e+00	1.2e-01
3.8162e+03	3.7e+00	4.0584e+00	1.1e-01
3.8187e+03	3.7e+00	4.0862e+00	1.1e-01
3.8211e+03	3.7e+00	4.0237e+00	1.1e-01
3.8236e+03	3.7e+00	3.9892e+00	1.2e-01
3.8261e+03	3.7e+00	3.7260e+00	1.2e-01
3.8286e+03	3.7e+00	3.3894e+00	1.3e-01
3.8311e+03	3.7e+00	3.1624e+00	1.4e-01
3.8336e+03	3.7e+00	3.0733e+00	1.4e-01
3.8361e+03	3.7e+00	3.0373e+00	1.3e-01
3.8385e+03	3.7e+00	3.3800e+00	1.4e-01
3.8410e+03	3.7e+00	3.6925e+00	1.2e-01
3.8435e+03	3.6e+00	4.0579e+00	1.0e-01
3.8460e+03	3.6e+00	4.4531e+00	1.1e-01
3.8485e+03	3.6e+00	4.7768e+00	1.1e-01
3.8510e+03	3.6e+00	5.0649e+00	1.1e-01
3.8535e+03	3.6e+00	5.3067e+00	1.1e-01
3.8560e+03	3.6e+00	5.4674e+00	1.1e-01
3.8584e+03	3.6e+00	5.6531e+00	1.2e-01
3.8609e+03	3.6e+00	5.6608e+00	1.2e-01
3.8634e+03	3.6e+00	5.8814e+00	1.3e-01
3.8659e+03	3.6e+00	5.7534e+00	1.2e-01
3.8684e+03	3.5e+00	5.8271e+00	1.3e-01
3.8709e+03	3.5e+00	5.7624e+00	1.3e-01
3.8734e+03	3.5e+00	5.6333e+00	1.1e-01
3.8758e+03	3.5e+00	5.3639e+00	1.1e-01
3.8783e+03	3.5e+00	5.0061e+00	9.7e-02
3.8808e+03	3.5e+00	4.6609e+00	9.9e-02
3.8833e+03	3.5e+00	4.2180e+00	9.4e-02
3.8858e+03	3.5e+00	3.7779e+00	1.0e-01
3.8883e+03	3.5e+00	3.5312e+00	1.1e-01
3.8908e+03	3.5e+00	3.5207e+00	1.0e-01
3.8932e+03	3.5e+00	3.7602e+00	1.0e-01
3.8957e+03	3.5e+00	4.2025e+00	8.6e-02
3.8982e+03	3.4e+00	4.6489e+00	9.2e-02
3.9007e+03	3.4e+00	5.1308e+00	1.1e-01
3.9032e+03	3.4e+00	5.5515e+00	1.2e-01
3.9057e+03	3.4e+00	5.8560e+00	1.5e-01
3.9082e+03	3.4e+00	6.1654e+00	1.5e-01
3.9106e+03	3.4e+00	6.3961e+00	1.6e-01
3.9131e+03	3.4e+00	6.6123e+00	1.9e-01
3.9156e+03	3.4e+00	6.7349e+00	1.8e-01
3.9181e+03	3.4e+00	6.8955e+00	1.9e-01
3.9206e+03	3.4e+00	6.9877e+00	2.0e-01
3.9231e+03	3.4e+00	6.9657e+00	1.9e-01
3.9256e+03	3.3e+00	7.0039e+00	2.0e-01
3.9280e+03	3.3e+00	7.0050e+00	1.9e-01
3.9305e+03	3.3e+00	6.8080e+00	2.1e-01
3.9330e+03	3.3e+00	6.6698e+00	1.9e-01
3.9355e+03	3.3e+00	6.5661e+00	1.8e-01
3.9380e+03	3.3e+00	6.7156e+00	1.9e-01
3.9405e+03	3.3e+00	6.7857e+00	1.8e-01
3.9430e+03	3.3e+00	6.7688e+00	2.0e-01
3.9454e+03	3.3e+00	6.6464e+00	1.9e-01
3.9479e+03	3.3e+00	6.6038e+00	1.9e-01
3.9504e+03	3.3e+00	6.4321e+00	1.8e-01
3.9529e+03	3.3e+00	6.2312e+00	1.8e-01
3.9554e+03	3.2e+00	6.0515e+00	1.5e-01
3.9579e+03	3.2e+00	5.6905e+00	1.4e-01
3.9604e+03	3.2e+00	5.2749e+00	1.1e-01
3.9628e+03	3.2e+00	4.8005e+00	8.4e-02
3.9653e+03	3.2e+00	4.1607e+00	7.6e-02
3.9678e+03	3.2e+00	3.6983e+00	7.1e-02
3.9703e+03	3.2e+00	3.4093e+00	7.0e-02
3.9728e+03	3.2e+00	3.3614e+00	6.3e-02
3.9753e+03	3.2e+00	3.5885e+00	6.6e-02
3.9777e+03	3.2e+00	4.0870e+00	7.4e-02
3.9802e+03	3.2e+00	4.5775e+00	8.1e-02
3.9827e+03	3.2e+00	5.0130e+00	1.2e-01
3.9852e+03	3.1e+00	5.2711e+00	1.3e-01
3.9877e+03	3.1e+00	5.6396e+00	1.5e-01
3.9902e+03	3.1e+00	5.8607e+00	1.6e-01
3.9927e+03	3.1e+00	5.8792e+00	1.8e-01
3.9951e+03	3.1e+00	6.0702e+00	1.8e-01
3.9976e+03	3.1e+00	6.2376e+00	1.9e-01
4.0001e+03	3.1e+00	6.2033e+00	1.9e-01
4.0026e+03	3.1e+00	6.2487e+00	2.0e-01
4.0051e+03	3.1e+00	6.2121e+00	2.0e-01
4.0076e+03	3.1e+00	6.2299e+00	1.9e-01
4.0100e+03	3.1e+00	6.2561e+00	2.0e-01
4.0125e+03	3.1e+00	6.1809e+00	2.1e-01
4.0150e+03	3.1e+00	6.1886e+00	2.0e-01
4.0175e+03	3.0e+00	6.1515e+00	2.0e-01
4.0200e+03	3.0e+00	6.0925e+00	2.0e-01
4.0225e+03	3.0e+00	6.0378e+00	1.9e-01
4.0250e+03	3.0e+00	5.9318e+00	1.9e-01
4.0274e+03	3.0e+00	5.8945e+00	1.9e-01
4.0299e+03	3.0e+00	5.9244e+00	2.0e-01
4.0324e+03	3.0e+00	5.7977e+00	1.8e-01
4.0349e+03	3.0e+00	5.7527e+00	1.8e-01
4.0374e+03	3.0e+00	5.6556e+00	1.9e-01
4.0399e+03	3.0e+00	5.6053e+00	1.9e-01
4.0423e+03	3.0e+00	5.5887e+00	1.7e-01
4.0448e+03	3.0e+00	5.5240e+00	1.7e-01
4.0473e+03	3.0e+00	5.3569e+00	1.7e-01
4.0498e+03	2.9e+00	5.3656e+00	1.7e-01
4.0523e+03	2.9e+00	5.3204e+00	1.7e-01
4.0548e+03	2.9e+00	5.3039e+00	1.7e-01
4.0572e+03	2.9e+00	5.2117e+00	1.8e-01
4.0597e+03	2.9e+00	5.2041e+00	1.6e-01
4.0622e+03	2.9e+00	5.0778e+00	1.7e-01
4.0647e+03	2.9e+00	5.0114e+00	1.6e-01
4.0672e+03	2.9e+00	4.9619e+00	1.6e-01
4.0697e+03	2.9e+00	4.8498e+00	1.6e-01
4.0721e+03	2.9e+00	4.7987e+00	1.6e-01
4.0746e+03	2.9e+00	4.6922e+00	1.5e-01
4.0771e+03	2.9e+00	4.6378e+00	1.4e-01
4.0796e+03	2.9e+00	4.5774e+00	1.4e-01
4.0821e+03	2.9e+00	4.3696e+00	1.4e-01
4.0846e+03	2.8e+00	4.2467e+00	1.3e-01
4.0871e+03	2.8e+00	4.0838e+00	1.2e-01
4.0895e+03	2.8e+00	3.8544e+00	1.0e-01
4.0920e+03	2.8e+00	3.6326e+00	9.0e-02
4.0945e+03	2.8e+00	3.2762e+00	7.3e-02
4.0970e+03	2.8e+00	2.9592e+00	4.7e-02
4.0995e+03	2.8e+00	2.5598e+00	3.5e-02
4.1020e+03	2.8e+00	2.2264e+00	3.2e-02
4.1044e+03	2.8e+00	2.1478e+00	2.8e-02
4.1069e+03	2.8e+00	2.2422e+00	2.9e-02
4.1094e+03	2.8e+00	2.4410e+00	4.2e-02
4.1119e+03	2.8e+00	2.7571e+00	5.5e-02
4.1144e+03	2.8e+00	3.0243e+00	6.8e-02
4.1169e+03	2.8e+00	3.2501e+00	8.4e-02
4.1193e+03	2.8e+00	3.4877e+00	9.8e-02
4.1218e+03	2.7e+00	3.5731e+00	1.1e-01
4.1243e+03	2.7e+00	3.6953e+00	1.1e-01
4.1268e+03	2.7e+00	3.7372e+00	1.2e-01
4.1293e+03	2.7e+00	3.8246e+00	1.2e-01
4.1317e+03	2.7e+00	3.7942e+00	1.2e-01
4.1342e+03	2.7e+00	3.8598e+00	1.3e-01
4.1367e+03	2.7e+00	3.8814e+00	1.2e-01
4.1392e+03	2.7e+00	3.8661e+00	1.3e-01
4.1417e+03	2.7e+00	3.8510e+00	1.2e-01
4.1442e+03	2.7e+00	3.9095e+00	1.3e-01
4.1466e+03	2.7e+00	3.8715e+00	1.3e-01
4.1491e+03	2.7e+00	3.8461e+00	1.3e-01
4.1516e+03	2.7e+00	3.8820e+00	1.2e-01
4.1541e+03	2.7e+00	3.7931e+00	1.3e-01
4.1566e+03	2.7e+00	3.7954e+00	1.3e-01
4.1591e+03	2.6e+00	3.8022e+00	1.3e-01
4.1615e+03	2.6e+00	3.7665e+00	1.2e-01
4.1640e+03	2.6e+00	3.7759e+00	1.3e-01
4.1665e+03	2.6e+00	3.7223e+00	1.2e-01
4.1690e+03	2.6e+00	3.6913e+00	1.2e-01
4.1715e+03	2.6e+00	3.6525e+00	1.2e-01
4.1740e+03	2.6e+00	3.6389e+00	1.2e-01
4.1764e+03	2.6e+00	3.6661e+00	1.2e-01
4.1789e+03	2.6e+00	3.6460e+00	1.2e-01
4.1814e+03	2.6e+00	3.6054e+00	1.2e-01
4.1839e+03	2.6e+00	3.6077e+00	1.2e-01
4.1864e+03	2.6e+00	3.5856e+00	1.2e-01
4.1888e+03	2.6e+00	3.6141e+00	1.2e-01
4.1913e+03	2.6e+00	3.6259e+00	1.2e-01
4.1938e+03	2.6e+00	3.5669e+00	1.2e-01
4.1963e+03	2.6e+00	3.5929e+00	1.2e-01
4.1988e+03	2.6e+00	3.5604e+00	1.3e-01
4.2013e+03	2.5e+00	3.5314e+00	1.2e-01
4.2037e+03	2.5e+00	3.4898e+00	1.2e-01
4.2062e+03	2.5e+00	3.5200e+00	1.2e-01
4.2087e+03	2.5e+00	3.4960e+00	1.2e-01
4.2112e+03	2.5e+00	3.4834e+00	1.1e-01
4.2137e+03	2.5e+00	3.4718e+00	1.2e-01
4.2161e+03	2.5e+00	3.4215e+00	1.1e-01
4.2186e+03	2.5e+00	3.4247e+00	1.1e-01
4.2211e+03	2.5e+00	3.3944e+00	1.2e-01
4.2236e+03	2.5e+00	3.3639e+00	1.1e-01
4.2261e+03	2.5e+00	3.3291e+00	1.0e-01
4.2286e+03	2.5e+00	3.3381e+00	1.1e-01
4.2310e+03	2.5e+00	3.3064e+00	1.0e-01
4.2335e+03	2.5e+00	3.2697e+00	1.1e-01
4.2360e+03	2.5e+00	3.2687e+00	1.1e-01
4.2385e+03	2.5e+00	3.2760e+00	1.1e-01
4.2410e+03	2.5e+00	3.2168e+00	1.0e-01
4.2434e+03	2.5e+00	3.2284e+00	1.0e-01
4.2459e+03	2.5e+00	3.1848e+00	1.0e-01
4.2484e+03	2.4e+00	3.1781e+00	1.0e-01
4.2509e+03	2.4e+00	3.1437e+00	9.9e-02
4.2534e+03	2.4e+00	3.1673e+00	9.9e-02
4.2558e+03	2.4e+00	3.1431e+00	1.0e-01
4.2583e+03	2.4e+00	3.1671e+00	1.0e-01
4.2608e+03	2.4e+00	3.1149e+00	1.0e-01
4.2633e+03	2.4e+00	3.1307e+00	1.0e-01
4.2658e+03	2.4e+00	3.1052e+00	9.9e-02
4.2683e+03	2.4e+00	3.0947e+00	1.0e-01
4.2707e+03	2.4e+00	3.0638e+00	9.8e-02
4.2732e+03	2.4e+00	3.0724e+00	9.9e-02
4.2757e+03	2.4e+00	3.0437e+00	9.8e-02
4.2782e+03	2.4e+00	3.0411e+00	1.0e-01
4.2807e+03	2.4e+00	3.0251e+00	9.8e-02
4.2831e+03	2.4e+00	3.0283e+00	9.5e-02
4.2856e+03	2.4e+00	3.0054e+00	1.0e-01
4.2881e+03	2.4e+00	2.9828e+00	9.6e-02
4.2906e+03	2.4e+00	2.9700e+00	9.6e-02
4.2931e+03	2.4e+00	2.9264e+00	9.8e-02
4.2955e+03	2.4e+00	2.9052e+00	9.5e-02
4.2980e+03	2.4e+00	2.8972e+00	8.6e-02
4.3005e+03	2.3e+00	2.8685e+00	8.8e-02
4.3030e+03	2.3e+00	2.8184e+00	9.0e-02
4.3055e+03	2.3e+00	2.8307e+00	8.8e-02
4.3079e+03	2.3e+00	2.7910e+00	8.8e-02
4.3104e+03	2.3e+00	2.7486e+00	8.8e-02
4.3129e+03	2.3e+00	2.6967e+00	8.6e-02
4.3154e+03	2.3e+00	2.6764e+00	7.8e-02
4.3179e+03	2.3e+00	2.6256e+00	7.6e-02
4.3203e+03	2.3e+00	2.5557e+00	7.0e-02
4.3228e+03	2.3e+00	2.4977e+00	6.9e-02
4.3253e+03	2.3e+00	2.4327e+00	6.3e-02
4.3278e+03	2.3e+00	2.3119e+00	5.9e-02
4.3303e+03	2.3e+00	2.1835e+00	4.9e-02
4.3327e+03	2.3e+00	2.0373e+00	4.3e-02
4.3352e+03	2.3e+00	1.8654e+00	2.9e-02
4.3377e+03	2.3e+00	1.6265e+00	1.6e-02
4.3402e+03	2.3e+00	1.4684e+00	9.9e-03
4.3427e+03	2.3e+00	1.3803e+00	1.1e-02
4.3451e+03	2.3e+00	1.4059e+00	1.2e-02
4.3476e+03	2.3e+00	1.5454e+00	1.8e-02
4.3501e+03	2.3e+00	1.7199e+00	3.0e-02
4.3526e+03	2.3e+00	1.8617e+00	3.5e-02
4.3551e+03	2.3e+00	1.9832e+00	4.8e-02
4.3575e+03	2.2e+00	2.0952e+00	5.5e-02
4.3600e+03	2.2e+00	2.2201e+00	5.7e-02
4.3625e+03	2.2e+00	2.3056e+00	6.8e-02
4.3650e+03	2.2e+00	2.3836e+00	7.0e-02
4.3675e+03	2.2e+00	2.3955e+00	6.7e-02
4.3699e+03	2.2e+00	2.4348e+00	7.0e-02
4.3724e+03	2.2e+00	2.4812e+00	7.2e-02
4.3749e+03	2.2e+00	2.4617e+00	7.5e-02
4.3774e+03	2.2e+00	2.4857e+00	7.8e-02
4.3799e+03	2.2e+00	2.4760e+00	7.5e-02
4.3823e+03	2.2e+00	2.4684e+00	7.7e-02
4.3848e+03	2.2e+00	2.4785e+00	7.6e-02
4.3873e+03	2.2e+00	2.4880e+00	7.5e-02
4.3898e+03	2.2e+00	2.5016e+00	7.6e-02
4.3923e+03	2.2e+00	2.4463e+00	7.9e-02
4.3947e+03	2.2e+00	2.4546e+00	7.5e-02
4.3972e+03	2.2e+00	2.4770e+00	7.5e-02
4.3997e+03	2.2e+00	2.4751e+00	7.6e-02
4.4022e+03	2.2e+00	2.4550e+00	7.9e-02
4.4047e+03	2.2e+00	2.4467e+00	7.9e-02
4.4071e+03	2.2e+00	2.4564e+00	7.7e-02
4.4096e+03	2.2e+00	2.4409e+00	7.7e-02
4.4121e+03	2.2e+00	2.4352e+00	7.9e-02
4.4146e+03	2.2e+00	2.4440e+00	7.7e-02
4.4170e+03	2.2e+00	2.4222e+00	7.2e-02
4.4195e+03	2.2e+00	2.4172e+00	7.3e-02
4.4220e+03	2.2e+00	2.4075e+00	7.3e-02
4.4245e+03	2.2e+00	2.3731e+00	7.4e-02
4.4270e+03	2.2e+00	2.3622e+00	7.5e-02
4.4294e+03	2.2e+00	2.3754e+00	7.3e-02
4.4319e+03	2.1e+00	2.3492e+00	7.4e-02
4.4344e+03	2.1e+00	2.3441e+00	7.2e-02
4.4369e+03	2.1e+00	2.3197e+00	7.3e-02
4.4394e+03	2.1e+00	2.3224e+00	7.4e-02
4.4418e+03	2.1e+00	2.3012e+00	7.1e-02
4.4443e+03	2.1e+00	2.3024e+00	6.7e-02
4.4468e+03	2.1e+00	2.2778e+00	6.9e-02
4.4493e+03	2.1e+00	2.2785e+00	6.6e-02
4.4517e+03	2.1e+00	2.2513e+00	6.8e-02
4.4542e+03	2.1e+00	2.2302e+00	6.8e-02
4.4567e+03	2.1e+00	2.2150e+00	7.1e-02
4.4592e+03	2.1e+00	2.2207e+00	7.2e-02
4.4617e+03	2.1e+00	2.2136e+00	7.0e-02
4.4641e+03	2.1e+00	2.2052e+00	6.8e-02
4.4666e+03	2.1e+00	2.1858e+00	6.8e-02
4.4691e+03	2.1e+00	2.1762e+00	6.7e-02
4.4716e+03	2.1e+00	2.1751e+00	6.6e-02
4.4741e+03	2.1e+00	2.1523e+00	6.7e-02
4.4765e+03	2.1e+00	2.1511e+00	6.6e-02
4.4790e+03	2.1e+00	2.1351e+00	6.6e-02
4.4815e+03	2.1e+00	2.0940e+00	7.0e-02
4.4840e+03	2.1e+00	2.0985e+00	6.5e-02
4.4864e+03	2.1e+00	2.1190e+00	6.5e-02
4.4889e+03	2.1e+00	2.1236e+00	6.7e-02
4.4914e+03	2.1e+00	2.1143e+00	6.6e-02
4.4939e+03	2.1e+00	2.1204e+00	6.8e-02
4.4964e+03	2.1e+00	2.1292e+00	6.7e-02
4.4988e+03	2.1e+00	2.1108e+00	6.5e-02
4.5013e+03	2.1e+00	2.1013e+00	6.7e-02
4.5038e+03	2.1e+00	2.0987e+00	6.6e-02
4.5063e+03	2.1e+00	2.0864e+00	6.3e-02
4.5087e+03	2.1e+00	2.0704e+00	6.5e-02
4.5112e+03	2.1e+00	2.0644e+00	6.5e-02
4.5137e+03	2.1e+00	2.0403e+00	6.6e-02
4.5162e+03	2.1e+00	2.0623e+00	6.2e-02
4.5186e+03	2.1e+00	2.0297e+00	6.0e-02
4.5211e+03	2.1e+00	2.0052e+00	6.3e-02
4.5236e+03	2.1e+00	2.0068e+00	6.2e-02
4.5261e+03	2.1e+00	1.9924e+00	6.2e-02
4.5286e+03	2.1e+00	1.9864e+00	5.9e-02
4.5310e+03	2.0e+00	1.9643e+00	6.0e-02
4.5335e+03	2.0e+00	1.9680e+00	6.1e-02
4.5360e+03	2.0e+00	1.9618e+00	5.8e-02
4.5385e+03	2.0e+00	1.9564e+00	5.7e-02
4.5409e+03	2.0e+00	1.9357e+00	6.1e-02
4.5434e+03	2.0e+00	1.9719e+00	5.8e-02
4.5459e+03	2.0e+00	1.9320e+00	6.0e-02
4.5484e+03	2.0e+00	1.9117e+00	5.6e-02
4.5509e+03	2.0e+00	1.9076e+00	5.4e-02
4.5533e+03	2.0e+00	1.8861e+00	5.5e-02
4.5558e+03	2.0e+00	1.8694e+00	5.6e-02
4.5583e+03	2.0e+00	1.8662e+00	5.6e-02
4.5608e+03	2.0e+00	1.8725e+00	5.4e-02
4.5632e+03	2.0e+00	1.8672e+00	5.6e-02
4.5657e+03	2.0e+00	1.8411e+00	5.8e-02
4.5682e+03	2.0e+00	1.8609e+00	5.7e-02
4.5707e+03	2.0e+00	1.8407e+00	5.5e-02
4.5731e+03	2.0e+00	1.8162e+00	5.6e-02
4.5756e+03	2.0e+00	1.8204e+00	5.3e-02
4.5781e+03	2.0e+00	1.8054e+00	5.5e-02
4.5806e+03	2.0e+00	1.7965e+00	5.5e-02
4.5830e+03	2.0e+00	1.7879e+00	5.3e-02
4.5855e+03	2.0e+00	1.7809e+00	5.2e-02
4.5880e+03	2.0e+00	1.7689e+00	5.3e-02
4.5905e+03	2.0e+00	1.7887e+00	5.2e-02
4.5929e+03	2.0e+00	1.7758e+00	5.3e-02
4.5954e+03	2.0e+00	1.7674e+00	5.2e-02
4.5979e+03	2.0e+00	1.7717e+00	5.4e-02
4.6004e+03	2.0e+00	1.7695e+00	5.5e-02
4.6029e+03	2.0e+00	1.7530e+00	5.5e-02
4.6053e+03	2.0e+00	1.7537e+00	5.6e-02
4.6078e+03	2.0e+00	1.7526e+00	5.4e-02
4.6103e+03	2.0e+00	1.7436e+00	5.3e-02
4.6128e+03	2.0e+00	1.7391e+00	5.2e-02
4.6152e+03	2.0e+00	1.7202e+00	5.3e-02
4.6177e+03	2.0e+00	1.7209e+00	5.4e-02
4.6202e+03	2.0e+00	1.7197e+00	5.1e-02
4.6227e+03	2.0e+00	1.7143e+00	5.0e-02
4.6251e+03	2.0e+00	1.6866e+00	4.9e-02
4.6276e+03	2.0e+00	1.6766e+00	5.0e-02
4.6301e+03	2.0e+00	1.6890e+00	4.9e-02
4.6326e+03	2.0e+00	1.6762e+00	5.0e-02
4.6350e+03	2.0e+00	1.6644e+00	4.9e-02
4.6375e+03	2.0e+00	1.6732e+00	4.9e-02
4.6400e+03	2.0e+00	1.6566e+00	5.0e-02
4.6425e+03	2.0e+00	1.6337e+00	5.2e-02
4.6449e+03	2.0e+00	1.6368e+00	5.1e-02
4.6474e+03	2.0e+00	1.6259e+00	4.8e-02
4.6499e+03	2.0e+00	1.6364e+00	4.8e-02
4.6524e+03	2.0e+00	1.6208e+00	4.8e-02
4.6548e+03	2.0e+00	1.6108e+00	4.9e-02
4.6573e+03	2.0e+00	1.6032e+00	4.9e-02
4.6598e+03	2.0e+00	1.5858e+00	4.8e-02
4.6623e+03	2.0e+00	1.5863e+00	4.5e-02
4.6647e+03	2.0e+00	1.5821e+00	4.4e-02
4.6672e+03	2.0e+00	1.5602e+00	4.7e-02
4.6697e+03	2.0e+00	1.5536e+00	4.7e-02
4.6722e+03	2.0e+00	1.5403e+00	4.7e-02
4.6746e+03	2.0e+00	1.5496e+00	4.5e-02
4.6771e+03	2.0e+00	1.5479e+00	4.7e-02
4.6796e+03	2.0e+00	1.5344e+00	4.5e-02
4.6821e+03	2.0e+00	1.5133e+00	4.6e-02
4.6845e+03	2.0e+00	1.5101e+00	4.4e-02
4.6870e+03	2.0e+00	1.5209e+00	4.6e-02
4.6895e+03	2.0e+00	1.5139e+00	4.5e-02
4.6920e+03	2.0e+00	1.5139e+00	4.4e-02
4.6944e+03	2.0e+00	1.5144e+00	4.6e-02
4.6969e+03	2.0e+00	1.5020e+00	4.3e-02
4.6994e+03	2.0e+00	1.4986e+00	4.3e-02
4.7019e+03	2.0e+00	1.4895e+00	4.4e-02
4.7043e+03	2.0e+00	1.4831e+00	4.4e-02
4.7068e+03	2.0e+00	1.4823e+00	4.3e-02
4.7093e+03	2.0e+00	1.4921e+00	4.5e-02
4.7118e+03	2.0e+00	1.4728e+00	4.4e-02
4.7142e+03	2.0e+00	1.4611e+00	4.5e-02
4.7167e+03	2.0e+00	1.4624e+00	4.5e-02
4.7192e+03	2.0e+00	1.4519e+00	4.4e-02
4.7216e+03	2.0e+00	1.4713e+00	4.4e-02
4.7241e+03	2.0e+00	1.4627e+00	4.5e-02
4.7266e+03	2.0e+00	1.4605e+00	4.4e-02
4.7291e+03	2.0e+00	1.4339e+00	4.4e-02
4.7315e+03	2.0e+00	1.4315e+00	4.5e-02
4.7340e+03	2.0e+00	1.4291e+00	4.4e-02
4.7365e+03	2.0e+00	1.4239e+00	4.4e-02
4.7390e+03	2.0e+00	1.4142e+00	4.4e-02
4.7414e+03	2.0e+00	1.4102e+00	4.5e-02
4.7439e+03	2.0e+00	1.3961e+00	4.4e-02
4.7464e+03	2.0e+00	1.3928e+00	4.4e-02
4.7489e+03	2.0e+00	1.3918e+00	4.4e-02
4.7513e+03	2.0e+00	1.3855e+00	4.4e-02
4.7538e+03	2.0e+00	1.3844e+00	4.1e-02
4.7563e+03	2.0e+00	1.3882e+00	4.2e-02
4.7588e+03	2.0e+00	1.3644e+00	4.2e-02
4.7612e+03	2.0e+00	1.3596e+00	4.2e-02
4.7637e+03	2.0e+00	1.3625e+00	4.1e-02
4.7662e+03	2.0e+00	1.3485e+00	4.2e-02
4.7686e+03	2.0e+00	1.3491e+00	4.1e-02
4.7711e+03	2.0e+00	1.3346e+00	4.1e-02
4.7736e+03	2.0e+00	1.3190e+00	3.9e-02
4.7761e+03	2.0e+00	1.3177e+00	4.0e-02
4.7785e+03	2.0e+00	1.3226e+00	4.0e-02
4.7810e+03	2.0e+00	1.3146e+00	4.1e-02
4.7835e+03	2.0e+00	1.3002e+00	3.9e-02
4.7860e+03	2.0e+00	1.2969e+00	4.0e-02
4.7884e+03	2.0e+00	1.2891e+00	3.9e-02
4.7909e+03	2.0e+00	1.2904e+00	4.0e-02
4.7934e+03	2.0e+00	1.2836e+00	3.9e-02
4.7958e+03	2.0e+00	1.2790e+00	3.8e-02
4.7983e+03	2.0e+00	1.2551e+00	3.8e-02
4.8008e+03	2.0e+00	1.2710e+00	3.8e-02
4.8033e+03	2.0e+00	1.2620e+00	3.8e-02
4.8057e+03	2.0e+00	1.2406e+00	3.8e-02
4.8082e+03	2.0e+00	1.2331e+00	3.8e-02
4.8107e+03	2.0e+00	1.2407e+00	3.7e-02
4.8132e+03	2.0e+00	1.2192e+00	3.8e-02
4.8156e+03	2.0e+00	1.2095e+00	3.7e-02
4.8181e+03	2.0e+00	1.1997e+00	3.7e-02
4.8206e+03	2.0e+00	1.2025e+00	3.4e-02
4.8230e+03	2.0e+00	1.1791e+00	3.5e-02
4.8255e+03	2.0e+00	1.1750e+00	3.5e-02
4.8280e+03	2.0e+00	1.1725e+00	3.2e-02
4.8305e+03	2.0e+00	1.1536e+00	3.2e-02
4.8329e+03	2.0e+00	1.1421e+00	3.1e-02
4.8354e+03	2.0e+00	1.1212e+00	3.2e-02
4.8379e+03	2.0e+00	1.0926e+00	3.0e-02
4.8403e+03	2.0e+00	1.0715e+00	2.8e-02
4.8428e+03	2.0e+00	1.0311e+00	2.7e-02
4.8453e+03	2.0e+00	1.0054e+00	2.4e-02
4.8478e+03	2.0e+00	9.4804e-01	2.1e-02
4.8502e+03	2.0e+00	8.8592e-01	1.8e-02
4.8527e+03	2.0e+00	8.2383e-01	1.5e-02
4.8552e+03	2.0e+00	7.5410e-01	1.1e-02
4.8577e+03	2.0e+00	6.9039e-01	1.1e-02
4.8601e+03	2.0e+00	6.6695e-01	1.1e-02
4.8626e+03	2.0e+00	6.8197e-01	1.1e-02
4.8651e+03	2.0e+00	7.4023e-01	1.3e-02
4.8675e+03	2.0e+00	8.0167e-01	1.6e-02
4.8700e+03	2.0e+00	8.6124e-01	2.0e-02
4.8725e+03	2.0e+00	9.2002e-01	2.3e-02
4.8750e+03	2.0e+00	9.5632e-01	2.6e-02
4.8774e+03	2.0e+00	9.9600e-01	2.8e-02
4.8799e+03	2.0e+00	1.0186e+00	3.0e-02
4.8824e+03	2.0e+00	1.0364e+00	3.1e-02
4.8848e+03	2.0e+00	1.0576e+00	3.2e-02
4.8873e+03	2.0e+00	1.0750e+00	3.2e-02
4.8898e+03	2.0e+00	1.0739e+00	3.3e-02
4.8922e+03	2.0e+00	1.0921e+00	3.3e-02
4.8947e+03	2.0e+00	1.0874e+00	3.2e-02
4.8972e+03	2.0e+00	1.0964e+00	3.3e-02
4.8997e+03	2.0e+00	1.0901e+00	3.4e-02
4.9021e+03	2.0e+00	1.0878e+00	3.3e-02
4.9046e+03	2.0e+00	1.0900e+00	3.3e-02
4.9071e+03	2.0e+00	1.0817e+00	3.3e-02
4.9095e+03	2.0e+00	1.0809e+00	3.3e-02
4.9120e+03	2.0e+00	1.0704e+00	3.4e-02
4.9145e+03	2.0e+00	1.0698e+00	3.3e-02
4.9170e+03	2.0e+00	1.0626e+00	3.3e-02
4.9194e+03	2.0e+00	1.0555e+00	3.3e-02
4.9219e+03	2.0e+00	1.0534e+00	3.2e-02
4.9244e+03	2.0e+00	1.0498e+00	3.3e-02
4.9268e+03	2.0e+00	1.0490e+00	3.3e-02
4.9293e+03	2.0e+00	1.0453e+00	3.1e-02
4.9318e+03	2.0e+00	1.0421e+00	3.3e-02
4.9342e+03	2.0e+00	1.0513e+00	3.1e-02
4.9367e+03	2.0e+00	1.0421e+00	3.2e-02
4.9392e+03	2.0e+00	1.0440e+00	3.2e-02
4.9417e+03	2.0e+00	1.0444e+00	3.1e-02
4.9441e+03	2.0e+00	1.0305e+00	3.3e-02
4.9466e+03	2.0e+00	1.0327e+00	3.1e-02
4.9491e+03	2.0e+00	1.0195e+00	3.1e-02
4.9515e+03	2.0e+00	1.0104e+00	3.2e-02
4.9540e+03	2.0e+00	1.0114e+00	3.2e-02
4.9565e+03	2.0e+00	1.0092e+00	3.2e-02
4.9589e+03	2.0e+00	1.0187e+00	3.0e-02
4.9614e+03	2.0e+00	1.0157e+00	3.1e-02
4.9639e+03	2.0e+00	1.0088e+00	3.1e-02
4.9664e+03	2.0e+00	1.0146e+00	3.0e-02
4.9688e+03	2.0e+00	1.0215e+00	3.1e-02
4.9713e+03	2.0e+00	1.0158e+00	3.2e-02
4.9738e+03	2.0e+00	1.0110e+00	3.1e-02
4.9762e+03	2.0e+00	9.9748e-01	3.1e-02
4.9787e+03	2.0e+00	1.0053e+00	3.0e-02
4.9812e+03	2.0e+00	1.0013e+00	3.3e-02
4.9836e+03	2.0e+00	1.0005e+00	3.0e-02
4.9861e+03	2.0e+00	9.9317e-01	3.2e-02
4.9886e+03	2.0e+00	9.9398e-01	3.1e-02
4.9911e+03	2.0e+00	9.8707e-01	3.1e-02
4.9935e+03	2.0e+00	9.8420e-01	3.1e-02
4.9960e+03	2.0e+00	9.8194e-01	3.1e-02
4.9985e+03	2.0e+00	9.8542e-01	3.1e-02
5.0009e+03	2.0e+00	9.8353e-01	3.1e-02
5.0034e+03	2.0e+00	9.8425e-01	3.0e-02
5.0059e+03	2.0e+00	9.7883e-01	2.9e-02
5.0083e+03	2.0e+00	9.7277e-01	3.1e-02
5.0108e+03	2.0e+00	9.6931e-01	3.1e-02
5.0133e+03	2.0e+00	9.6523e-01	3.0e-02
5.0157e+03	2.0e+00	9.4385e-01	3.0e-02
5.0182e+03	2.0e+00	9.4765e-01	2.9e-02
5.0207e+03	2.0e+00	9.5072e-01	3.0e-02
5.0231e+03	2.0e+00	9.6311e-01	2.9e-02
5.0256e+03	2.0e+00	9.5055e-01	2.9e-02
5.0281e+03	2.0e+00	9.4222e-01	2.9e-02
5.0306e+03	2.0e+00	9.3669e-01	2.9e-02
5.0330e+03	2.0e+00	9.3164e-01	2.9e-02
5.0355e+03	2.0e+00	9.1947e-01	2.9e-02
5.0380e+03	2.0e+00	9.1205e-01	2.8e-02
5.0404e+03	2.0e+00	9.1622e-01	2.9e-02
5.0429e+03	2.0e+00	9.1401e-01	2.9e-02
5.0454e+03	2.0e+00	9.2222e-01	2.8e-02
5.0478e+03	2.0e+00	9.1764e-01	2.7e-02
5.0503e+03	2.0e+00	9.0884e-01	2.8e-02
5.0528e+03	2.0e+00	8.9426e-01	2.8e-02
5.0552e+03	2.0e+00	8.9774e-01	2.7e-02
5.0577e+03	2.0e+00	8.9305e-01	2.7e-02
5.0602e+03	2.0e+00	8.9337e-01	2.7e-02
5.0626e+03	2.0e+00	8.8584e-01	2.8e-02
5.0651e+03	2.0e+00	8.8773e-01	2.7e-02
5.0676e+03	2.0e+00	8.7852e-01	2.6e-02
5.0700e+03	2.0e+00	8.7230e-01	2.8e-02
5.0725e+03	2.0e+00	8.7539e-01	2.7e-02
5.0750e+03	2.0e+00	8.7766e-01	2.8e-02
5.0774e+03	2.0e+00	8.7596e-01	2.7e-02
5.0799e+03	2.0e+00	8.6202e-01	2.5e-02
5.0824e+03	2.0e+00	8.6123e-01	2.6e-02
5.0848e+03	2.0e+00	8.6628e-01	2.6e-02
5.0873e+03	2.0e+00	8.5708e-01	2.7e-02
5.0898e+03	2.0e+00	8.4318e-01	2.7e-02
5.0922e+03	2.0e+00	8.4606e-01	2.6e-02
5.0947e+03	2.0e+00	8.5593e-01	2.6e-02
5.0972e+03	2.0e+00	8.5473e-01	2.6e-02
5.0996e+03	2.0e+00	8.4436e-01	2.6e-02
5.1021e+03	2.0e+00	8.4980e-01	2.6e-02
5.1046e+03	2.0e+00	8.3867e-01	2.6e-02
5.1070e+03	2.0e+00	8.4143e-01	2.5e-02
5.1095e+03	2.0e+00	8.3642e-01	2.7e-02
5.1120e+03	2.0e+00	8.3084e-01	2.6e-02
5.1144e+03	2.0e+00	8.2324e-01	2.7e-02
5.1169e+03	2.0e+00	8.3897e-01	2.6e-02
5.1194e+03	2.0e+00	8.3412e-01	2.6e-02
5.1218e+03	2.0e+00	8.2825e-01	2.5e-02
5.1243e+03	2.1e+00	8.3008e-01	2.6e-02
5.1268e+03	2.1e+00	8.2416e-01	2.6e-02
5.1292e+03	2.1e+00	8.2498e-01	2.5e-02
5.1317e+03	2.1e+00	8.2518e-01	2.6e-02
5.1342e+03	2.1e+00	8.1365e-01	2.6e-02
5.1366e+03	2.1e+00	8.1177e-01	2.6e-02
5.1391e+03	2.1e+00	8.1758e-01	2.6e-02
5.1416e+03	2.1e+00	8.2177e-01	2.5e-02
5.1440e+03	2.1e+00	8.1241e-01	2.5e-02
5.1465e+03	2.1e+00	8.1630e-01	2.4e-02
5.1490e+03	2.1e+00	8.0635e-01	2.6e-02
5.1514e+03	2.1e+00	7.9446e-01	2.6e-02
5.1539e+03	2.1e+00	8.0668e-01	2.5e-02
5.1564e+03	2.1e+00	8.0413e-01	2.6e-02
5.1588e+03	2.1e+00	7.9380e-01	2.5e-02
5.1613e+03	2.1e+00	7.9393e-01	2.5e-02
5.1638e+03	2.1e+00	7.8759e-01	2.4e-02
5.1662e+03	2.1e+00	7.7640e-01	2.5e-02
5.1687e+03	2.1e+00	7.7626e-01	2.6e-02
5.1712e+03	2.1e+00	7.7846e-01	2.5e-02
5.1736e+03	2.1e+00	7.8194e-01	2.4e-02
5.1761e+03	2.1e+00	7.7206e-01	2.5e-02
5.1786e+03	2.1e+00	7.7195e-01	2.5e-02
5.1810e+03	2.1e+00	7.6917e-01	2.3e-02
5.1835e+03	2.1e+00	7.6684e-01	2.4e-02
5.1860e+03	2.1e+00	7.6682e-01	2.4e-02
5.1884e+03	2.1e+00	7.7066e-01	2.4e-02
5.1909e+03	2.1e+00	7.5228e-01	2.4e-02
5.1934e+03	2.1e+00	7.5619e-01	2.4e-02
5.1958e+03	2.1e+00	7.4763e-01	2.5e-02
5.1983e+03	2.1e+00	7.4839e-01	2.5e-02
5.2008e+03	2.1e+00	7.4652e-01	2.4e-02
5.2032e+03	2.1e+00	7.3672e-01	2.3e-02
5.2057e+03	2.1e+00	7.4548e-01	2.2e-02
5.2082e+03	2.1e+00	7.3606e-01	2.3e-02
5.2106e+03	2.1e+00	7.3593e-01	2.3e-02
5.2131e+03	2.1e+00	7.3255e-01	2.4e-02
5.2155e+03	2.1e+00	7.3073e-01	2.3e-02
5.2180e+03	2.1e+00	7.2041e-01	2.3e-02
5.2205e+03	2.1e+00	7.1773e-01	2.3e-02
5.2229e+03	2.1e+00	7.1542e-01	2.2e-02
5.2254e+03	2.1e+00	7.1346e-01	2.2e-02
5.2279e+03	2.1e+00	7.1525e-01	2.2e-02
5.2303e+03	2.1e+00	7.0735e-01	2.2e-02
5.2328e+03	2.1e+00	7.0750e-01	2.2e-02
5.2353e+03	2.1e+00	7.0295e-01	2.2e-02
5.2377e+03	2.1e+00	7.0728e-01	2.2e-02
5.2402e+03	2.1e+00	7.0116e-01	2.2e-02
5.2427e+03	2.1e+00	6.9920e-01	2.1e-02
5.2451e+03	2.1e+00	7.0343e-01	2.1e-02
5.2476e+03	2.1e+00	6.9905e-01	2.2e-02
5.2501e+03	2.1e+00	6.9440e-01	2.2e-02
5.2525e+03	2.1e+00	6.9169e-01	2.2e-02
5.2550e+03	2.1e+00	6.9278e-01	2.1e-02
5.2574e+03	2.1e+00	6.8551e-01	2.1e-02
5.2599e+03	2.1e+00	6.8379e-01	2.2e-02
5.2624e+03	2.1e+00	6.8551e-01	2.1e-02
5.2648e+03	2.1e+00	6.8021e-01	2.1e-02
5.2673e+03	2.1e+00	6.7468e-01	2.1e-02
5.2698e+03	2.1e+00	6.7060e-01	2.1e-02
5.2722e+03	2.1e+00	6.8048e-01	2.1e-02
5.2747e+03	2.1e+00	6.7604e-01	2.1e-02
5.2772e+03	2.1e+00	6.7823e-01	2.1e-02
5.2796e+03	2.1e+00	6.7688e-01	2.2e-02
5.2821e+03	2.1e+00	6.7151e-01	2.1e-02
5.2845e+03	2.1e+00	6.6582e-01	2.0e-02
5.2870e+03	2.1e+00	6.6842e-01	2.1e-02
5.2895e+03	2.1e+00	6.6965e-01	2.1e-02
5.2919e+03	2.1e+00	6.5708e-01	2.1e-02
5.2944e+03	2.1e+00	6.5990e-01	2.1e-02
5.2969e+03	2.1e+00	6.6256e-01	2.0e-02
5.2993e+03	2.1e+00	6.5598e-01	2.0e-02
5.3018e+03	2.1e+00	6.5585e-01	2.0e-02
5.3042e+03	2.1e+00	6.5992e-01	2.0e-02
5.3067e+03	2.1e+00	6.5201e-01	2.1e-02
5.3092e+03	2.1e+00	6.4783e-01	2.0e-02
5.3116e+03	2.1e+00	6.4264e-01	2.0e-02
5.3141e+03	2.1e+00	6.5371e-01	1.9e-02
5.3166e+03	2.1e+00	6.3956e-01	2.1e-02
5.3190e+03	2.1e+00	6.4054e-01	2.1e-02
5.3215e+03	2.1e+00	6.3830e-01	1.9e-02
5.3240e+03	2.1e+00	6.3704e-01	1.9e-02
5.3264e+03	2.1e+00	6.3247e-01	1.9e-02
5.3289e+03	2.1e+00	6.3207e-01	2.0e-02
5.3313e+03	2.1e+00	6.3640e-01	1.9e-02
5.3338e+03	2.1e+00	6.2956e-01	1.9e-02
5.3363e+03	2.1e+00	6.3551e-01	1.9e-02
5.3387e+03	2.1e+00	6.3803e-01	2.0e-02
5.3412e+03	2.1e+00	6.3178e-01	1.9e-02
5.3437e+03	2.1e+00	6.2486e-01	1.9e-02
5.3461e+03	2.1e+00	6.2692e-01	2.0e-02
5.3486e+03	2.1e+00	6.2544e-01	1.9e-02
5.3510e+03	2.1e+00	6.1931e-01	1.9e-02
5.3535e+03	2.1e+00	6.2181e-01	1.9e-02
5.3560e+03	2.1e+00	6.1648e-01	1.9e-02
5.3584e+03	2.1e+00	6.0557e-01	1.9e-02
5.3609e+03	2.1e+00	6.1573e-01	1.9e-02
5.3633e+03	2.1e+00	6.0863e-01	1.9e-02
5.3658e+03	2.1e+00	6.0542e-01	1.9e-02
5.3683e+03	2.1e+00	5.9920e-01	1.8e-02
5.3707e+03	2.1e+00	5.9491e-01	1.9e-02
5.3732e+03	2.1e+00	6.0543e-01	1.9e-02
5.3757e+03	2.1e+00	6.0007e-01	1.9e-02
5.3781e+03	2.1e+00	5.9635e-01	1.8e-02
5.3806e+03	2.1e+00	6.0217e-01	1.8e-02
5.3830e+03	2.1e+00	5.9868e-01	1.8e-02
5.3855e+03	2.1e+00	5.8642e-01	1.8e-02
5.3880e+03	2.2e+00	5.8596e-01	1.8e-02
5.3904e+03	2.2e+00	5.9209e-01	1.8e-02
5.3929e+03	2.2e+00	5.8842e-01	1.8e-02
5.3953e+03	2.2e+00	5.8412e-01	1.8e-02
5.3978e+03	2.2e+00	5.8069e-01	1.7e-02
5.4003e+03	2.2e+00	5.7758e-01	1.8e-02
5.4027e+03	2.2e+00	5.7541e-01	1.7e-02
5.4052e+03	2.2e+00	5.7240e-01	1.8e-02
5.4077e+03	2.2e+00	5.7033e-01	1.8e-02
5.4101e+03	2.2e+00	5.6928e-01	1.8e-02
5.4126e+03	2.2e+00	5.6741e-01	1.8e-02
5.4150e+03	2.2e+00	5.6709e-01	1.7e-02
5.4175e+03	2.2e+00	5.6097e-01	1.7e-02
5.4200e+03	2.2e+00	5.7016e-01	1.8e-02
5.4224e+03	2.2e+00	5.7195e-01	1.7e-02
5.4249e+03	2.2e+00	5.6570e-01	1.7e-02
5.4273e+03	2.2e+00	5.6576e-01	1.7e-02
5.4298e+03	2.2e+00	5.5938e-01	1.7e-02
5.4323e+03	2.2e+00	5.6025e-01	1.7e-02
5.4347e+03	2.2e+00	5.5806e-01	1.7e-02
5.4372e+03	2.2e+00	5.5932e-01	1.7e-02
5.4396e+03	2.2e+00	5.5330e-01	1.6e-02
5.4421e+03	2.2e+00	5.5647e-01	1.7e-02
5.4446e+03	2.2e+00	5.5266e-01	1.7e-02
5.4470e+03	2.2e+00	5.6023e-01	1.7e-02
5.4495e+03	2.2e+00	5.5513e-01	1.7e-02
5.4519e+03	2.2e+00	5.5693e-01	1.7e-02
5.4544e+03	2.2e+00	5.5755e-01	1.7e-02
5.4569e+03	2.2e+00	5.4761e-01	1.8e-02
5.4593e+03	2.2e+00	5.4837e-01	1.7e-02
5.4618e+03	2.2e+00	5.4952e-01	1.7e-02
5.4642e+03	2.2e+00	5.4908e-01	1.7e-02
5.4667e+03	2.2e+00	5.4414e-01	1.6e-02
5.4692e+03	2.2e+00	5.4908e-01	1.7e-02
5.4716e+03	2.2e+00	5.4362e-01	1.7e-02
5.4741e+03	2.2e+00	5.4433e-01	1.7e-02
5.4765e+03	2.2e+00	5.4310e-01	1.7e-02
5.4790e+03	2.2e+00	5.4779e-01	1.6e-02
5.4815e+03	2.2e+00	5.4297e-01	1.7e-02
5.4839e+03	2.2e+00	5.4762e-01	1.7e-02
5.4864e+03	2.2e+00	5.4070e-01	1.6e-02
5.4888e+03	2.2e+00	5.3440e-01	1.6e-02
5.4913e+03	2.2e+00	5.3816e-01	1.7e-02
5.4937e+03	2.2e+00	5.3588e-01	1.7e-02
5.4962e+03	2.2e+00	5.3457e-01	1.6e-02
5.4987e+03	2.2e+00	5.3277e-01	1.6e-02
5.5011e+03	2.2e+00	5.2946e-01	1.7e-02
5.5036e+03	2.2e+00	5.3032e-01	1.7e-02
5.5060e+03	2.2e+00	5.2425e-01	1.6e-02
5.5085e+03	2.2e+00	5.2691e-01	1.6e-02
5.5110e+03	2.2e+00	5.1886e-01	1.6e-02
5.5134e+03	2.2e+00	5.1983e-01	1.6e-02
5.5159e+03	2.2e+00	5.1390e-01	1.5e-02
5.5183e+03	2.2e+00	5.1707e-01	1.6e-02
5.5208e+03	2.2e+00	5.1902e-01	1.7e-02
5.5233e+03	2.2e+00	5.1189e-01	1.6e-02
5.5257e+03	2.2e+00	5.0784e-01	1.6e-02
5.5282e+03	2.2e+00	5.0809e-01	1.5e-02
5.5306e+03	2.2e+00	5.0313e-01	1.6e-02
5.5331e+03	2.2e+00	5.0610e-01	1.6e-02
5.5355e+03	2.2e+00	5.0673e-01	1.5e-02
5.5380e+03	2.2e+00	5.0229e-01	1.5e-02
5.5405e+03	2.2e+00	5.0593e-01	1.6e-02
5.5429e+03	2.2e+00	5.0073e-01	1.6e-02
5.5454e+03	2.2e+00	4.9486e-01	1.6e-02
5.5478e+03	2.2e+00	4.9532e-01	1.6e-02
5.5503e+03	2.2e+00	4.9765e-01	1.6e-02
5.5527e+03	2.2e+00	5.0002e-01	1.5e-02
5.5552e+03	2.2e+00	4.9829e-01	1.5e-02
5.5577e+03	2.2e+00	4.8882e-01	1.5e-02
5.5601e+03	2.2e+00	4.9056e-01	1.6e-02
5.5626e+03	2.2e+00	4.8800e-01	1.6e-02
5.5650e+03	2.2e+00	4.9165e-01	1.5e-02
5.5675e+03	2.2e+00	4.8786e-01	1.5e-02
5.5700e+03	2.2e+00	4.8771e-01	1.5e-02
5.5724e+03	2.2e+00	4.8409e-01	1.5e-02
5.5749e+03	2.2e+00	4.8317e-01	1.6e-02
5.5773e+03	2.2e+00	4.8456e-01	1.5e-02
5.5798e+03	2.2e+00	4.8455e-01	1.5e-02
5.5822e+03	2.2e+00	4.7501e-01	1.5e-02
5.5847e+03	2.2e+00	4.7639e-01	1.5e-02
5.5872e+03	2.2e+00	4.7232e-01	1.5e-02
5.5896e+03	2.2e+00	4.7194e-01	1.4e-02
5.5921e+03	2.2e+00	4.7371e-01	1.5e-02
5.5945e+03	2.2e+00	4.8076e-01	1.5e-02
5.5970e+03	2.2e+00	4.7772e-01	1.5e-02
5.5994e+03	2.2e+00	4.7219e-01	1.5e-02
5.6019e+03	2.2e+00	4.7202e-01	1.5e-02
5.6044e+03	2.2e+00	4.6816e-01	1.5e-02
5.6068e+03	2.2e+00	4.6831e-01	1.5e-02
5.6093e+03	2.2e+00	4.7007e-01	1.4e-02
5.6117e+03	2.2e+00	4.7191e-01	1.5e-02
5.6142e+03	2.2e+00	4.6754e-01	1.5e-02
5.6166e+03	2.2e+00	4.7111e-01	1.4e-02
5.6191e+03	2.2e+00	4.7119e-01	1.4e-02
5.6215e+03	2.2e+00	4.6242e-01	1.5e-02
5.6240e+03	2.2e+00	4.6319e-01	1.5e-02
5.6265e+03	2.2e+00	4.6596e-01	1.5e-02
5.6289e+03	2.2e+00	4.6037e-01	1.5e-02
5.6314e+03	2.2e+00	4.6317e-01	1.5e-02
5.6338e+03	2.2e+00	4.6084e-01	1.5e-02
5.6363e+03	2.2e+00	4.5646e-01	1.5e-02
5.6387e+03	2.2e+00	4.5543e-01	1.4e-02
5.6412e+03	2.2e+00	4.5695e-01	1.4e-02
5.6436e+03	2.2e+00	4.5825e-01	1.4e-02
5.6461e+03	2.2e+00	4.6042e-01	1.5e-02
5.6486e+03	2.2e+00	4.5026e-01	1.4e-02
5.6510e+03	2.2e+00	4.5478e-01	1.4e-02
5.6535e+03	2.2e+00	4.4927e-01	1.4e-02
5.6559e+03	2.2e+00	4.5046e-01	1.3e-02
5.6584e+03	2.2e+00	4.5227e-01	1.4e-02
5.6608e+03	2.2e+00	4.4938e-01	1.4e-02
5.6633e+03	2.2e+00	4.4416e-01	1.5e-02
5.6657e+03	2.2e+00	4.4551e-01	1.4e-02
5.6682e+03	2.2e+00	4.4529e-01	1.3e-02
5.6707e+03	2.2e+00	4.4586e-01	1.4e-02
5.6731e+03	2.2e+00	4.4127e-01	1.4e-02
5.6756e+03	2.2e+00	4.4489e-01	1.4e-02
5.6780e+03	2.2e+00	4.4283e-01	1.4e-02
5.6805e+03	2.2e+00	4.4218e-01	1.4e-02
5.6829e+03	2.2e+00	4.4172e-01	1.3e-02
5.6854e+03	2.2e+00	4.3414e-01	1.4e-02
5.6878e+03	2.2e+00	4.3258e-01	1.3e-02
5.6903e+03	2.2e+00	4.3149e-01	1.3e-02
5.6928e+03	2.2e+00	4.3452e-01	1.3e-02
5.6952e+03	2.2e+00	4.2763e-01	1.4e-02
5.6977e+03	2.2e+00	4.3028e-01	1.4e-02
5.7001e+03	2.2e+00	4.2419e-01	1.3e-02
5.7026e+03	2.2e+00	4.2749e-01	1.3e-02
5.7050e+03	2.2e+00	4.2612e-01	1.4e-02
5.7075e+03	2.2e+00	4.2629e-01	1.4e-02
5.7099e+03	2.2e+00	4.2459e-01	1.3e-02
5.7124e+03	2.2e+00	4.2092e-01	1.4e-02
5.7148e+03	2.2e+00	4.2601e-01	1.3e-02
5.7173e+03	2.2e+00	4.2082e-01	1.3e-02
5.7197e+03	2.2e+00	4.1510e-01	1.3e-02
5.7222e+03	2.2e+00	4.2132e-01	1.3e-02
5.7247e+03	2.2e+00	4.1741e-01	1.3e-02
5.7271e+03	2.2e+00	4.1918e-01	1.3e-02
5.7296e+03	2.2e+00	4.1563e-01	1.3e-02
5.7320e+03	2.2e+00	4.1276e-01	1.3e-02
5.7345e+03	2.2e+00	4.1489e-01	1.3e-02
5.7369e+03	2.2e+00	4.0355e-01	1.3e-02
5.7394e+03	2.2e+00	4.0845e-01	1.3e-02
5.7418e+03	2.2e+00	4.1036e-01	1.4e-02
5.7443e+03	2.2e+00	4.1154e-01	1.3e-02
5.7467e+03	2.2e+00	4.0968e-01	1.2e-02
5.7492e+03	2.2e+00	4.0238e-01	1.2e-02
5.7516e+03	2.2e+00	4.0252e-01	1.3e-02
5.7541e+03	2.2e+00	4.0631e-01	1.3e-02
5.7566e+03	2.2e+00	4.0273e-01	1.3e-02
5.7590e+03	2.2e+00	4.0090e-01	1.3e-02
5.7615e+03	2.2e+00	4.0020e-01	1.3e-02
5.7639e+03	2.2e+00	3.9806e-01	1.2e-02
5.7664e+03	2.2e+00	4.0028e-01	1.2e-02
5.7688e+03	2.2e+00	4.0032e-01	1.3e-02
5.7713e+03	2.2e+00	3.9843e-01	1.2e-02
5.7737e+03	2.2e+00	3.9533e-01	1.3e-02
5.7762e+03	2.2e+00	4.0012e-01	1.3e-02
5.7786e+03	2.2e+00	3.9932e-01	1.3e-02
5.7811e+03	2.2e+00	3.9765e-01	1.3e-02
5.7835e+03	2.2e+00	3.9570e-01	1.2e-02
5.7860e+03	2.2e+00	3.9596e-01	1.2e-02
5.7884e+03	2.2e+00	3.9347e-01	1.3e-02
5.7909e+03	2.2e+00	3.9372e-01	1.3e-02
5.7933e+03	2.2e+00	3.9286e-01	1.3e-02
5.7958e+03	2.2e+00	3.9453e-01	1.3e-02
5.7982e+03	2.2e+00	3.9694e-01	1.2e-02
5.8007e+03	2.2e+00	3.9578e-01	1.3e-02
5.8032e+03	2.2e+00	3.9759e-01	1.3e-02
5.8056e+03	2.2e+00	3.9170e-01	1.2e-02
5.8081e+03	2.2e+00	3.8856e-01	1.2e-02
5.8105e+03	2.3e+00	3.9373e-01	1.2e-02
5.8130e+03	2.3e+00	3.9597e-01	1.2e-02
5.8154e+03	2.3e+00	3.9233e-01	1.3e-02
5.8179e+03	2.3e+00	3.9496e-01	1.2e-02
5.8203e+03	2.3e+00	3.9453e-01	1.3e-02
5.8228e+03	2.3e+00	3.9343e-01	1.3e-02
5.8252e+03	2.3e+00	3.9354e-01	1.3e-02
5.8277e+03	2.3e+00	3.9239e-01	1.2e-02
5.8301e+03	2.3e+00	3.9086e-01	1.2e-02
5.8326e+03	2.3e+00	3.9139e-01	1.2e-02
5.8350e+03	2.3e+00	3.9645e-01	1.2e-02
5.8375e+03	2.3e+00	3.9255e-01	1.2e-02
5.8399e+03	2.3e+00	3.8975e-01	1.3e-02
5.8424e+03	2.3e+00	3.8443e-01	1.3e-02
5.8448e+03	2.3e+00	3.8473e-01	1.2e-02
5.8473e+03	2.3e+00	3.8406e-01	1.3e-02
5.8497e+03	2.3e+00	3.8317e-01	1.3e-02
5.8522e+03	2.3e+00	3.8637e-01	1.3e-02
5.8546e+03	2.3e+00	3.8009e-01	1.3e-02
5.8571e+03	2.3e+00	3.7795e-01	1.2e-02
5.8595e+03	2.3e+00	3.8318e-01	1.2e-02
5.8620e+03	2.3e+00	3.7449e-01	1.3e-02
5.8644e+03	2.3e+00	3.7966e-01	1.2e-02
5.8669e+03	2.3e+00	3.7643e-01	1.2e-02
5.8693e+03	2.3e+00	3.7017e-01	1.2e-02
5.8718e+03	2.3e+00	3.7063e-01	1.2e-02
5.8742e+03	2.3e+00	3.6944e-01	1.2e-02
5.8767e+03	2.3e+00	3.5980e-01	1.2e-02
5.8791e+03	2.3e+00	3.6397e-01	1.2e-02
5.8816e+03	2.3e+00	3.5916e-01	1.1e-02
5.8840e+03	2.3e+00	3.5368e-01	1.2e-02
5.8865e+03	2.3e+00	3.5589e-01	1.2e-02
5.8889e+03	2.3e+00	3.5370e-01	1.1e-02
5.8914e+03	2.3e+00	3.5311e-01	1.1e-02
5.8938e+03	2.3e+00	3.5191e-01	1.2e-02
5.8963e+03	2.3e+00	3.5392e-01	1.1e-02
5.8987e+03	2.3e+00	3.6082e-01	1.2e-02
5.9012e+03	2.3e+00	3.5298e-01	1.2e-02
5.9036e+03	2.3e+00	3.5042e-01	1.2e-02
5.9061e+03	2.3e+00	3.5370e-01	1.1e-02
5.9085e+03	2.3e+00	3.5015e-01	1.1e-02
5.9110e+03	2.3e+00	3.5227e-01	1.1e-02
5.9134e+03	2.3e+00	3.4911e-01	1.1e-02
5.9159e+03	2.3e+00	3.5364e-01	1.2e-02
5.9183e+03	2.3e+00	3.5727e-01	1.2e-02
5.9208e+03	2.3e+00	3.5509e-01	1.2e-02
5.9232e+03	2.3e+00	3.5458e-01	1.2e-02
5.9257e+03	2.3e+00	3.5637e-01	1.2e-02
5.9281e+03	2.3e+00	3.5525e-01	1.2e-02
5.9306e+03	2.3e+00	3.5173e-01	1.2e-02
5.9330e+03	2.3e+00	3.4907e-01	1.2e-02
5.9355e+03	2.3e+00	3.3841e-01	1.1e-02
5.9379e+03	2.3e+00	3.3891e-01	1.1e-02
5.9404e+03	2.3e+00	3.4345e-01	1.1e-02
5.9428e+03	2.3e+00	3.4415e-01	1.2e-02
5.9453e+03	2.3e+00	3.4223e-01	1.2e-02
5.9477e+03	2.3e+00	3.4166e-01	1.1e-02
5.9502e+03	2.3e+00	3.4533e-01	1.1e-02
5.9526e+03	2.3e+00	3.4218e-01	1.1e-02
5.9551e+03	2.3e+00	3.4586e-01	1.2e-02
5.9575e+03	2.3e+00	3.4852e-01	1.2e-02
5.9600e+03	2.3e+00	3.4582e-01	1.2e-02
5.9624e+03	2.3e+00	3.4511e-01	1.1e-02
5.9649e+03	2.3e+00	3.4470e-01	1.2e-02
5.9673e+03	2.3e+00	3.4290e-01	1.1e-02
5.9698e+03	2.3e+00	3.4198e-01	1.1e-02
5.9722e+03	2.3e+00	3.4580e-01	1.2e-02
5.9746e+03	2.3e+00	3.4320e-01	1.2e-02
5.9771e+03	2.3e+00	3.4132e-01	1.2e-02
5.9795e+03	2.3e+00	3.4413e-01	1.1e-02
5.9820e+03	2.3e+00	3.3747e-01	1.1e-02
5.9844e+03	2.3e+00	3.4082e-01	1.1e-02
5.9869e+03	2.3e+00	3.4058e-01	1.1e-02
5.9893e+03	2.3e+00	3.4215e-01	1.1e-02
5.9918e+03	2.3e+00	3.4222e-01	1.1e-02
5.9942e+03	2.3e+00	3.4038e-01	1.1e-02
5.9967e+03	2.3e+00	3.4361e-01	1.1e-02
5.9991e+03	2.3e+00	3.3961e-01	1.1e-02
6.0016e+03	2.3e+00	3.3905e-01	1.1e-02
6.0040e+03	2.3e+00	3.3661e-01	1.1e-02
6.0065e+03	2.3e+00	3.3829e-01	1.1e-02
6.0089e+03	2.3e+00	3.4278e-01	1.1e-02
6.0114e+03	2.3e+00	3.3833e-01	1.2e-02
6.0138e+03	2.3e+00	3.3878e-01	1.2e-02
6.0163e+03	2.3e+00	3.3535e-01	1.1e-02
6.0187e+03	2.3e+00	3.3666e-01	1.1e-02
6.0211e+03	2.3e+00	3.3892e-01	1.1e-02
6.0236e+03	2.3e+00	3.3679e-01	1.1e-02
6.0260e+03	2.3e+00	3.3722e-01	1.2e-02
6.0285e+03	2.3e+00	3.3477e-01	1.2e-02
6.0309e+03	2.3e+00	3.3575e-01	1.1e-02
6.0334e+03	2.3e+00	3.3206e-01	1.1e-02
6.0358e+03	2.3e+00	3.2887e-01	1.1e-02
6.0383e+03	2.3e+00	3.3190e-01	1.1e-02
6.0407e+03	2.3e+00	3.3335e-01	1.2e-02
6.0432e+03	2.3e+00	3.3338e-01	1.1e-02
6.0456e+03	2.3e+00	3.3208e-01	1.1e-02
6.0481e+03	2.3e+00	3.2612e-01	1.1e-02
6.0505e+03	2.3e+00	3.3193e-01	1.2e-02
6.0530e+03	2.3e+00	3.3322e-01	1.2e-02
6.0554e+03	2.3e+00	3.3224e-01	1.1e-02
6.0578e+03	2.3e+00	3.2991e-01	1.1e-02
6.0603e+03	2.3e+00	3.2808e-01	1.1e-02
6.0627e+03	2.3e+00	3.3020e-01	1.1e-02
6.0652e+03	2.3e+00	3.2560e-01	1.1e-02
6.0676e+03	2.3e+00	3.3059e-01	1.1e-02
6.0701e+03	2.3e+00	3.2994e-01	1.1e-02
6.0725e+03	2.3e+00	3.2485e-01	1.1e-02
6.0750e+03	2.3e+00	3.2149e-01	1.1e-02
6.0774e+03	2.3e+00	3.2349e-01	1.1e-02
6.0799e+03	2.3e+00	3.2331e-01	1.1e-02
6.0823e+03	2.3e+00	3.2742e-01	1.1e-02
6.0847e+03	2.3e+00	3.2174e-01	1.1e-02
6.0872e+03	2.3e+00	3.2675e-01	1.1e-02
6.0896e+03	2.3e+00	3.2323e-01	1.1e-02
6.0921e+03	2.3e+00	3.1519e-01	1.1e-02
6.0945e+03	2.3e+00	3.2134e-01	1.1e-02
6.0970e+03	2.3e+00	3.2273e-01	1.1e-02
6.0994e+03	2.3e+00	3.1864e-01	1.1e-02
6.1019e+03	2.3e+00	3.2049e-01	1.1e-02
6.1043e+03	2.3e+00	3.1835e-01	1.1e-02
6.1067e+03	2.3e+00	3.2022e-01	1.1e-02
6.1092e+03	2.3e+00	3.1740e-01	1.1e-02
6.1116e+03	2.3e+00	3.1602e-01	1.1e-02
6.1141e+03	2.3e+00	3.1565e-01	1.1e-02
6.1165e+03	2.3e+00	3.1403e-01	1.1e-02
6.1190e+03	2.3e+00	3.1700e-01	1.0e-02
6.1214e+03	2.3e+00	3.0910e-01	1.1e-02
6.1239e+03	2.3e+00	3.1661e-01	1.1e-02
6.1263e+03	2.3e+00	3.1497e-01	1.1e-02
6.1287e+03	2.3e+00	3.1481e-01	1.1e-02
6.1312e+03	2.3e+00	3.0643e-01	1.0e-02
6.1336e+03	2.3e+00	3.1149e-01	1.1e-02
6.1361e+03	2.3e+00	3.1274e-01	1.1e-02
6.1385e+03	2.3e+00	3.1144e-01	1.1e-02
6.1410e+03	2.3e+00	3.0717e-01	1.1e-02
6.1434e+03	2.3e+00	3.0945e-01	1.1e-02
6.1459e+03	2.3e+00	3.0655e-01	1.1e-02
6.1483e+03	2.3e+00	3.0545e-01	1.1e-02
6.1507e+03	2.3e+00	3.0601e-01	1.1e-02
6.1532e+03	2.3e+00	3.0494e-01	1.1e-02
6.1556e+03	2.3e+00	3.0279e-01	1.1e-02
6.1581e+03	2.3e+00	3.0163e-01	1.0e-02
6.1605e+03	2.3e+00	3.0562e-01	1.0e-02
6.1630e+03	2.3e+00	3.0379e-01	1.1e-02
6.1654e+03	2.3e+00	3.0881e-01	1.1e-02
6.1678e+03	2.3e+00	3.0149e-01	1.0e-02
6.1703e+03	2.3e+00	3.0052e-01	1.1e-02
6.1727e+03	2.3e+00	3.0952e-01	1.0e-02
6.1752e+03	2.3e+00	3.0469e-01	1.1e-02
6.1776e+03	2.3e+00	3.0246e-01	1.1e-02
6.1801e+03	2.3e+00	3.0275e-01	1.1e-02
6.1825e+03	2.3e+00	3.0162e-01	1.0e-02
6.1849e+03	2.3e+00	3.0397e-01	1.0e-02
6.1874e+03	2.3e+00	3.0165e-01	1.0e-02
6.1898e+03	2.3e+00	3.0118e-01	1.1e-02
6.1923e+03	2.3e+00	2.9831e-01	1.0e-02
6.1947e+03	2.3e+00	2.9686e-01	1.0e-02
6.1972e+03	2.3e+00	2.9618e-01	1.0e-02
6.1996e+03	2.3e+00	2.9717e-01	1.0e-02
6.2020e+03	2.3e+00	2.9622e-01	1.1e-02
6.2045e+03	2.3e+00	2.9982e-01	1.1e-02
6.2069e+03	2.3e+00	2.9885e-01	1.1e-02
6.2094e+03	2.3e+00	2.9211e-01	1.0e-02
6.2118e+03	2.3e+00	2.9559e-01	1.1e-02
6.2143e+03	2.3e+00	2.9641e-01	1.1e-02
6.2167e+03	2.3e+00	2.9520e-01	1.0e-02
6.2191e+03	2.3e+00	2.9633e-01	1.1e-02
6.2216e+03	2.4e+00	2.9745e-01	1.1e-02
6.2240e+03	2.4e+00	2.9967e-01	1.1e-02
6.2265e+03	2.4e+00	2.9731e-01	1.1e-02
6.2289e+03	2.4e+00	2.9548e-01	1.1e-02
6.2313e+03	2.4e+00	2.9516e-01	1.1e-02
6.2338e+03	2.4e+00	2.9628e-01	1.1e-02
6.2362e+03	2.4e+00	2.9864e-01	1.1e-02
6.2387e+03	2.4e+00	2.9552e-01	1.0e-02
6.2411e+03	2.4e+00	2.9541e-01	1.1e-02
6.2435e+03	2.4e+00	2.8995e-01	1.1e-02
6.2460e+03	2.4e+00	2.9491e-01	1.1e-02
6.2484e+03	2.4e+00	2.9372e-01	1.1e-02
6.2509e+03	2.4e+00	2.9702e-01	1.1e-02
6.2533e+03	2.4e+00	2.9088e-01	1.1e-02
6.2558e+03	2.4e+00	2.9250e-01	1.1e-02
6.2582e+03	2.4e+00	2.9316e-01	1.1e-02
6.2606e+03	2.4e+00	2.8592e-01	1.0e-02
6.2631e+03	2.4e+00	2.8998e-01	1.0e-02
6.2655e+03	2.4e+00	2.9472e-01	1.0e-02
6.2680e+03	2.4e+00	2.9022e-01	1.1e-02
6.2704e+03	2.4e+00	2.8495e-01	1.0e-02
6.2728e+03	2.4e+00	2.8256e-01	1.0e-02
6.2753e+03	2.4e+00	2.8081e-01	1.0e-02
6.2777e+03	2.4e+00	2.8527e-01	1.1e-02
6.2802e+03	2.4e+00	2.8221e-01	1.0e-02
6.2826e+03	2.4e+00	2.8584e-01	1.1e-02
6.2850e+03	2.4e+00	2.8582e-01	1.1e-02
6.2875e+03	2.4e+00	2.8421e-01	1.1e-02
6.2899e+03	2.4e+00	2.8363e-01	1.0e-02
6.2924e+03	2.4e+00	2.8621e-01	1.1e-02
6.2948e+03	2.4e+00	2.8408e-01	1.1e-02
6.2972e+03	2.4e+00	2.8408e-01	1.1e-02
6.2997e+03	2.4e+00	2.7922e-01	1.0e-02
6.3021e+03	2.4e+00	2.8211e-01	9.8e-03
6.3046e+03	2.4e+00	2.8282e-01	1.1e-02
6.3070e+03	2.4e+00	2.8283e-01	1.0e-02
6.3094e+03	2.4e+00	2.8474e-01	1.1e-02
6.3119e+03	2.4e+00	2.8512e-01	1.1e-02
6.3143e+03	2.4e+00	2.7902e-01	1.0e-02
6.3168e+03	2.4e+00	2.8336e-01	1.1e-02
6.3192e+03	2.4e+00	2.8167e-01	1.0e-02
6.3216e+03	2.4e+00	2.7852e-01	1.0e-02
6.3241e+03	2.4e+00	2.8478e-01	1.0e-02
6.3265e+03	2.4e+00	2.7950e-01	1.0e-02
6.3289e+03	2.4e+00	2.8233e-01	1.1e-02
6.3314e+03	2.4e+00	2.8394e-01	1.1e-02
6.3338e+03	2.4e+00	2.8136e-01	1.0e-02
6.3363e+03	2.4e+00	2.8104e-01	1.1e-02
6.3387e+03	2.4e+00	2.7848e-01	1.0e-02
6.3411e+03	2.4e+00	2.7336e-01	1.0e-02
6.3436e+03	2.4e+00	2.7150e-01	1.0e-02
6.3460e+03	2.4e+00	2.7307e-01	1.1e-02
6.3485e+03	2.4e+00	2.7858e-01	1.1e-02
6.3509e+03	2.4e+00	2.8236e-01	1.1e-02
6.3533e+03	2.4e+00	2.7873e-01	1.0e-02
6.3558e+03	2.4e+00	2.7726e-01	1.1e-02
6.3582e+03	2.4e+00	2.7133e-01	1.0e-02
6.3606e+03	2.4e+00	2.7736e-01	1.1e-02
6.3631e+03	2.4e+00	2.8005e-01	1.1e-02
6.3655e+03	2.4e+00	2.7840e-01	1.1e-02
6.3680e+03	2.4e+00	2.7256e-01	1.0e-02
6.3704e+03	2.4e+00	2.7452e-01	1.1e-02
6.3728e+03	2.4e+00	2.7867e-01	1.1e-02
6.3753e+03	2.4e+00	2.6987e-01	9.8e-03
6.3777e+03	2.4e+00	2.7258e-01	1.1e-02
6.3801e+03	2.4e+00	2.8019e-01	1.1e-02
6.3826e+03	2.4e+00	2.8082e-01	1.2e-02
6.3850e+03	2.4e+00	2.7633e-01	1.1e-02
6.3875e+03	2.4e+00	2.7717e-01	1.1e-02
6.3899e+03	2.5e+00	2.7553e-01	1.1e-02
6.3923e+03	2.5e+00	2.7706e-01	1.1e-02
6.3948e+03	2.5e+00	2.7601e-01	1.1e-02
6.3972e+03	2.5e+00	2.7726e-01	1.1e-02
6.3996e+03	2.5e+00	2.7356e-01	1.1e-02
6.4021e+03	2.5e+00	2.7353e-01	1.1e-02
6.4045e+03	2.5e+00	2.7187e-01	1.1e-02
6.4070e+03	2.5e+00	2.7277e-01	1.1e-02
6.4094e+03	2.5e+00	2.7437e-01	1.1e-02
6.4118e+03	2.5e+00	2.7429e-01	1.1e-02
6.4143e+03	2.5e+00	2.7140e-01	1.1e-02
6.4167e+03	2.5e+00	2.7484e-01	1.1e-02
6.4191e+03	2.5e+00	2.7427e-01	1.1e-02
6.4216e+03	2.5e+00	2.7253e-01	1.0e-02
6.4240e+03	2.5e+00	2.7499e-01	1.1e-02
6.4264e+03	2.5e+00	2.6958e-01	1.0e-02
6.4289e+03	2.5e+00	2.7096e-01	1.1e-02
6.4313e+03	2.5e+00	2.7216e-01	1.1e-02
6.4338e+03	2.5e+00	2.7267e-01	1.1e-02
6.4362e+03	2.5e+00	2.7300e-01	1.1e-02
6.4386e+03	2.5e+00	2.7047e-01	1.1e-02
6.4411e+03	2.5e+00	2.7541e-01	1.1e-02
6.4435e+03	2.5e+00	2.7071e-01	1.1e-02
6.4459e+03	2.5e+00	2.7233e-01	1.1e-02
6.4484e+03	2.5e+00	2.7191e-01	1.1e-02
6.4508e+03	2.5e+00	2.7304e-01	1.2e-02
6.4532e+03	2.5e+00	2.7241e-01	1.2e-02
6.4557e+03	2.5e+00	2.7038e-01	1.1e-02
6.4581e+03	2.5e+00	2.6771e-01	1.1e-02
6.4605e+03	2.5e+00	2.6548e-01	1.1e-02
6.4630e+03	2.5e+00	2.6492e-01	1.1e-02
6.4654e+03	2.5e+00	2.6864e-01	1.1e-02
6.4679e+03	2.5e+00	2.6504e-01	1.1e-02
6.4703e+03	2.5e+00	2.6607e-01	1.1e-02
6.4727e+03	2.5e+00	2.6159e-01	1.0e-02
6.4752e+03	2.5e+00	2.6170e-01	1.0e-02
6.4776e+03	2.5e+00	2.6247e-01	1.1e-02
6.4800e+03	2.5e+00	2.6274e-01	1.1e-02
6.4825e+03	2.5e+00	2.5780e-01	1.0e-02
6.4849e+03	2.5e+00	2.5926e-01	1.1e-02
6.4873e+03	2.5e+00	2.5781e-01	1.1e-02
6.4898e+03	2.5e+00	2.6043e-01	1.1e-02
6.4922e+03	2.5e+00	2.6038e-01	1.1e-02
6.4946e+03	2.5e+00	2.6032e-01	1.1e-02
6.4971e+03	2.6e+00	2.6219e-01	1.1e-02
6.4995e+03	2.6e+00	2.6312e-01	1.1e-02
6.5019e+03	2.6e+00	2.6209e-01	1.1e-02
6.5044e+03	2.6e+00	2.5733e-01	1.1e-02
6.5068e+03	2.6e+00	2.5493e-01	1.0e-02
6.5092e+03	2.6e+00	2.6057e-01	1.1e-02
6.5117e+03	2.6e+00	2.6006e-01	1.1e-02
6.5141e+03	2.6e+00	2.5802e-01	1.1e-02
6.5165e+03	2.6e+00	2.5472e-01	1.1e-02
6.5190e+03	2.6e+00	2.5518e-01	1.1e-02
6.5214e+03	2.6e+00	2.5398e-01	1.1e-02
6.5238e+03	2.6e+00	2.5283e-01	1.1e-02
6.5263e+03	2.6e+00	2.5712e-01	1.1e-02
6.5287e+03	2.6e+00	2.5472e-01	1.1e-02
6.5311e+03	2.6e+00	2.5411e-01	1.1e-02
6.5336e+03	2.6e+00	2.5092e-01	1.1e-02
6.5360e+03	2.6e+00	2.5711e-01	1.2e-02
6.5384e+03	2.6e+00	2.5016e-01	1.1e-02
6.5409e+03	2.6e+00	2.4870e-01	1.1e-02
6.5433e+03	2.6e+00	2.4489e-01	1.1e-02
6.5457e+03	2.6e+00	2.4323e-01	1.2e-02
6.5482e+03	2.6e+00	2.3838e-01	1.1e-02
6.5506e+03	2.6e+00	2.3084e-01	1.1e-02
6.5530e+03	2.6e+00	2.2951e-01	1.2e-02
6.5555e+03	2.6e+00	2.1958e-01	1.2e-02
6.5579e+03	2.6e+00	2.1208e-01	1.2e-02
6.5603e+03	2.6e+00	2.0235e-01	1.2e-02
6.5628e+03	2.6e+00	1.9756e-01	1.2e-02
6.5652e+03	2.6e+00	2.0438e-01	1.2e-02
6.5676e+03	2.6e+00	2.0628e-01	1.2e-02
6.5701e+03	2.6e+00	2.1527e-01	1.2e-02
6.5725e+03	2.6e+00	2.2342e-01	1.2e-02
6.5749e+03	2.6e+00	2.3343e-01	1.2e-02
6.5774e+03	2.6e+00	2.3474e-01	1.2e-02
6.5798e+03	2.6e+00	2.3751e-01	1.2e-02
6.5822e+03	2.7e+00	2.3948e-01	1.2e-02
6.5847e+03	2.7e+00	2.4947e-01	1.2e-02
6.5871e+03	2.7e+00	2.4960e-01	1.2e-02
6.5895e+03	2.7e+00	2.4516e-01	1.1e-02
6.5919e+03	2.7e+00	2.4819e-01	1.1e-02
6.5944e+03	2.7e+00	2.5094e-01	1.1e-02
6.5968e+03	2.7e+00	2.5646e-01	1.2e-02
6.5992e+03	2.7e+00	2.5311e-01	1.2e-02
6.6017e+03	2.7e+00	2.5035e-01	1.1e-02
6.6041e+03	2.7e+00	2.5612e-01	1.2e-02
6.6065e+03	2.7e+00	2.5444e-01	1.2e-02
6.6090e+03	2.7e+00	2.5484e-01	1.1e-02
6.6114e+03	2.7e+00	2.5633e-01	1.2e-02
6.6138e+03	2.7e+00	2.6098e-01	1.2e-02
6.6163e+03	2.7e+00	2.5748e-01	1.2e-02
6.6187e+03	2.7e+00	2.5705e-01	1.2e-02
6.6211e+03	2.7e+00	2.5951e-01	1.2e-02
6.6236e+03	2.7e+00	2.5599e-01	1.2e-02
6.6260e+03	2.7e+00	2.5714e-01	1.1e-02
6.6284e+03	2.7e+00	2.5731e-01	1.2e-02
6.6308e+03	2.7e+00	2.5956e-01	1.2e-02
6.6333e+03	2.7e+00	2.5728e-01	1.2e-02
6.6357e+03	2.7e+00	2.5697e-01	1.2e-02
6.6381e+03	2.7e+00	2.5448e-01	1.1e-02
6.6406e+03	2.7e+00	2.5664e-01	1.2e-02
6.6430e+03	2.7e+00	2.5993e-01	1.2e-02
6.6454e+03	2.7e+00	2.6001e-01	1.2e-02
6.6479e+03	2.7e+00	2.5604e-01	1.2e-02
6.6503e+03	2.8e+00	2.5176e-01	1.1e-02
6.6527e+03	2.8e+00	2.5444e-01	1.1e-02
6.6551e+03	2.8e+00	2.5889e-01	1.2e-02
6.6576e+03	2.8e+00	2.5945e-01	1.2e-02
6.6600e+03	2.8e+00	2.5375e-01	1.2e-02
6.6624e+03	2.8e+00	2.5409e-01	1.1e-02
6.6649e+03	2.8e+00	2.5782e-01	1.2e-02
6.6673e+03	2.8e+00	2.5834e-01	1.2e-02
6.6697e+03	2.8e+00	2.5518e-01	1.2e-02
6.6722e+03	2.8e+00	2.5920e-01	1.2e-02
6.6746e+03	2.8e+00	2.5043e-01	1.1e-02
6.6770e+03	2.8e+00	2.5772e-01	1.2e-02
6.6794e+03	2.8e+00	2.6103e-01	1.3e-02
6.6819e+03	2.8e+00	2.6069e-01	1.3e-02
6.6843e+03	2.8e+00	2.5497e-01	1.2e-02
6.6867e+03	2.8e+00	2.5341e-01	1.2e-02
6.6892e+03	2.8e+00	2.5693e-01	1.2e-02
6.6916e+03	2.8e+00	2.5728e-01	1.2e-02
6.6940e+03	2.8e+00	2.5308e-01	1.2e-02
6.6964e+03	2.8e+00	2.5603e-01	1.2e-02
6.6989e+03	2.8e+00	2.5686e-01	1.2e-02
6.7013e+03	2.8e+00	2.5951e-01	1.3e-02
6.7037e+03	2.8e+00	2.5381e-01	1.2e-02
6.7062e+03	2.8e+00	2.5257e-01	1.2e-02
6.7086e+03	2.8e+00	2.5707e-01	1.2e-02
6.7110e+03	2.9e+00	2.5839e-01	1.2e-02
6.7134e+03	2.9e+00	2.5987e-01	1.3e-02
6.7159e+03	2.9e+00	2.5723e-01	1.3e-02
6.7183e+03	2.9e+00	2.5593e-01	1.2e-02
6.7207e+03	2.9e+00	2.5467e-01	1.3e-02
6.7232e+03	2.9e+00	2.5791e-01	1.2e-02
6.7256e+03	2.9e+00	2.5889e-01	1.3e-02
6.7280e+03	2.9e+00	2.5691e-01	1.3e-02
6.7304e+03	2.9e+00	2.5200e-01	1.2e-02
6.7329e+03	2.9e+00	2.5612e-01	1.2e-02
6.7353e+03	2.9e+00	2.5390e-01	1.2e-02
6.7377e+03	2.9e+00	2.5041e-01	1.2e-02
6.7401e+03	2.9e+00	2.5643e-01	1.3e-02
6.7426e+03	2.9e+00	2.5624e-01	1.3e-02
6.7450e+03	2.9e+00	2.6221e-01	1.3e-02
6.7474e+03	2.9e+00	2.5758e-01	1.3e-02
6.7499e+03	2.9e+00	2.5675e-01	1.3e-02
6.7523e+03	2.9e+00	2.5956e-01	1.3e-02
6.7547e+03	2.9e+00	2.6128e-01	1.3e-02
6.7571e+03	2.9e+00	2.5285e-01	1.2e-02
6.7596e+03	2.9e+00	2.5431e-01	1.2e-02
6.7620e+03	2.9e+00	2.5455e-01	1.3e-02
6.7644e+03	3.0e+00	2.5204e-01	1.2e-02
6.7668e+03	3.0e+00	2.5643e-01	1.3e-02
6.7693e+03	3.0e+00	2.5589e-01	1.3e-02
6.7717e+03	3.0e+00	2.4862e-01	1.2e-02
6.7741e+03	3.0e+00	2.5414e-01	1.3e-02
6.7765e+03	3.0e+00	2.5620e-01	1.3e-02
6.7790e+03	3.0e+00	2.5709e-01	1.2e-02
6.7814e+03	3.0e+00	2.5619e-01	1.3e-02
6.7838e+03	3.0e+00	2.5276e-01	1.3e-02
6.7863e+03	3.0e+00	2.5034e-01	1.3e-02
6.7887e+03	3.0e+00	2.5524e-01	1.4e-02
6.7911e+03	3.0e+00	2.5741e-01	1.3e-02
6.7935e+03	3.0e+00	2.5635e-01	1.3e-02
6.7960e+03	3.0e+00	2.5412e-01	1.4e-02
6.7984e+03	3.0e+00	2.5500e-01	1.3e-02
6.8008e+03	3.0e+00	2.5305e-01	1.3e-02
6.8032e+03	3.0e+00	2.5298e-01	1.3e-02
6.8057e+03	3.0e+00	2.5745e-01	1.4e-02
6.8081e+03	3.0e+00	2.5417e-01	1.3e-02
6.8105e+03	3.0e+00	2.4693e-01	1.2e-02
6.8129e+03	3.1e+00	2.5252e-01	1.3e-02
6.8154e+03	3.1e+00	2.5225e-01	1.3e-02
6.8178e+03	3.1e+00	2.5371e-01	1.4e-02
6.8202e+03	3.1e+00	2.4903e-01	1.3e-02
6.8226e+03	3.1e+00	2.5276e-01	1.3e-02
6.8251e+03	3.1e+00	2.5381e-01	1.4e-02
6.8275e+03	3.1e+00	2.5326e-01	1.3e-02
6.8299e+03	3.1e+00	2.4955e-01	1.3e-02
6.8323e+03	3.1e+00	2.4533e-01	1.3e-02
6.8348e+03	3.1e+00	2.5298e-01	1.3e-02
6.8372e+03	3.1e+00	2.5299e-01	1.4e-02
6.8396e+03	3.1e+00	2.5279e-01	1.4e-02
6.8420e+03	3.1e+00	2.5218e-01	1.4e-02
6.8445e+03	3.1e+00	2.5179e-01	1.3e-02
6.8469e+03	3.1e+00	2.4980e-01	1.3e-02
6.8493e+03	3.1e+00	2.4717e-01	1.3e-02
6.8517e+03	3.1e+00	2.4956e-01	1.3e-02
6.8541e+03	3.1e+00	2.5123e-01	1.3e-02
6.8566e+03	3.1e+00	2.4850e-01	1.3e-02
6.8590e+03	3.2e+00	2.4804e-01	1.3e-02
6.8614e+03	3.2e+00	2.4683e-01	1.4e-02
6.8638e+03	3.2e+00	2.4862e-01	1.3e-02
6.8663e+03	3.2e+00	2.5008e-01	1.4e-02
6.8687e+03	3.2e+00	2.5009e-01	1.4e-02
6.8711e+03	3.2e+00	2.4664e-01	1.4e-02
6.8735e+03	3.2e+00	2.3744e-01	1.4e-02
6.8760e+03	3.2e+00	2.2517e-01	1.4e-02
6.8784e+03	3.2e+00	2.2153e-01	1.5e-02
6.8808e+03	3.2e+00	2.1813e-01	1.5e-02
6.8832e+03	3.2e+00	2.1433e-01	1.4e-02
6.8857e+03	3.2e+00	2.2143e-01	1.4e-02
6.8881e+03	3.2e+00	2.3101e-01	1.4e-02
6.8905e+03	3.2e+00	2.3379e-01	1.4e-02
6.8929e+03	3.2e+00	2.3677e-01	1.4e-02
6.8953e+03	3.2e+00	2.3449e-01	1.4e-02
6.8978e+03	3.2e+00	2.3980e-01	1.5e-02
6.9002e+03	3.3e+00	2.3459e-01	1.5e-02
6.9026e+03	3.3e+00	2.2867e-01	1.4e-02
6.9050e+03	3.3e+00	2.3365e-01	1.4e-02
6.9075e+03	3.3e+00	2.3093e-01	1.4e-02
6.9099e+03	3.3e+00	2.3401e-01	1.4e-02
6.9123e+03	3.3e+00	2.3187e-01	1.4e-02
6.9147e+03	3.3e+00	2.3569e-01	1.4e-02
6.9171e+03	3.3e+00	2.3839e-01	1.4e-02
6.9196e+03	3.3e+00	2.3595e-01	1.4e-02
6.9220e+03	3.3e+00	2.4318e-01	1.5e-02
6.9244e+03	3.3e+00	2.4472e-01	1.5e-02
6.9268e+03	3.3e+00	2.3956e-01	1.4e-02
6.9293e+03	3.3e+00	2.4342e-01	1.5e-02
6.9317e+03	3.3e+00	2.4349e-01	1.5e-02
6.9341e+03	3.3e+00	2.4513e-01	1.5e-02
6.9365e+03	3.3e+00	2.3939e-01	1.4e-02
6.9389e+03	3.3e+00	2.3864e-01	1.4e-02
6.9414e+03	3.4e+00	2.4388e-01	1.5e-02
6.9438e+03	3.4e+00	2.4239e-01	1.5e-02
6.9462e+03	3.4e+00	2.3757e-01	1.4e-02
6.9486e+03	3.4e+00	2.3234e-01	1.4e-02
6.9510e+03	3.4e+00	2.3649e-01	1.5e-02
6.9535e+03	3.4e+00	2.3729e-01	1.5e-02
6.9559e+03	3.4e+00	2.3835e-01	1.5e-02
6.9583e+03	3.4e+00	2.3801e-01	1.5e-02
6.9607e+03	3.4e+00	2.3891e-01	1.5e-02
6.9632e+03	3.4e+00	2.4144e-01	1.5e-02
6.9656e+03	3.4e+00	2.4083e-01	1.5e-02
6.9680e+03	3.4e+00	2.4149e-01	1.5e-02
6.9704e+03	3.4e+00	2.3645e-01	1.5e-02
6.9728e+03	3.4e+00	2.4038e-01	1.5e-02
6.9753e+03	3.4e+00	2.4014e-01	1.5e-02
6.9777e+03	3.5e+00	2.4277e-01	1.5e-02
6.9801e+03	3.5e+00	2.4361e-01	1.5e-02
6.9825e+03	3.5e+00	2.4598e-01	1.5e-02
6.9849e+03	3.5e+00	2.4870e-01	1.5e-02
6.9874e+03	3.5e+00	2.3867e-01	1.4e-02
6.9898e+03	3.5e+00	2.4254e-01	1.5e-02
6.9922e+03	3.5e+00	2.4112e-01	1.4e-02
6.9946e+03	3.5e+00	2.4096e-01	1.5e-02
6.9970e+03	3.5e+00	2.4122e-01	1.5e-02
6.9995e+03	3.5e+00	2.4348e-01	1.6e-02
7.0019e+03	3.5e+00	2.3986e-01	1.6e-02
7.0043e+03	3.5e+00	2.3396e-01	1.4e-02
7.0067e+03	3.5e+00	2.3881e-01	1.5e-02
7.0091e+03	3.5e+00	2.3826e-01	1.5e-02
7.0115e+03	3.5e+00	2.3876e-01	1.5e-02
7.0140e+03	3.6e+00	2.4142e-01	1.6e-02
7.0164e+03	3.6e+00	2.3276e-01	1.4e-02
7.0188e+03	3.6e+00	2.3101e-01	1.5e-02
7.0212e+03	3.6e+00	2.3433e-01	1.5e-02
7.0236e+03	3.6e+00	2.3986e-01	1.6e-02
7.0261e+03	3.6e+00	2.3853e-01	1.5e-02
7.0285e+03	3.6e+00	2.3234e-01	1.5e-02
7.0309e+03	3.6e+00	2.3492e-01	1.5e-02
7.0333e+03	3.6e+00	2.3317e-01	1.5e-02
7.0357e+03	3.6e+00	2.3660e-01	1.6e-02
7.0382e+03	3.6e+00	2.2883e-01	1.5e-02
7.0406e+03	3.6e+00	2.2712e-01	1.4e-02
7.0430e+03	3.6e+00	2.3293e-01	1.4e-02
7.0454e+03	3.6e+00	2.4181e-01	1.6e-02
7.0478e+03	3.7e+00	2.3910e-01	1.5e-02
7.0502e+03	3.7e+00	2.3615e-01	1.5e-02
7.0527e+03	3.7e+00	2.3593e-01	1.5e-02
7.0551e+03	3.7e+00	2.3648e-01	1.5e-02
7.0575e+03	3.7e+00	2.3559e-01	1.5e-02
7.0599e+03	3.7e+00	2.3565e-01	1.5e-02
7.0623e+03	3.7e+00	2.3716e-01	1.5e-02
7.0648e+03	3.7e+00	2.3614e-01	1.5e-02
7.0672e+03	3.7e+00	2.3124e-01	1.5e-02
7.0696e+03	3.7e+00	2.3238e-01	1.5e-02
7.0720e+03	3.7e+00	2.3212e-01	1.5e-02
7.0744e+03	3.7e+00	2.3260e-01	1.5e-02
7.0768e+03	3.7e+00	2.3841e-01	1.6e-02
7.0793e+03	3.8e+00	2.3592e-01	1.5e-02
7.0817e+03	3.8e+00	2.3919e-01	1.6e-02
7.0841e+03	3.8e+00	2.3691e-01	1.5e-02
7.0865e+03	3.8e+00	2.3678e-01	1.5e-02
7.0889e+03	3.8e+00	2.3954e-01	1.6e-02
7.0913e+03	3.8e+00	2.3371e-01	1.5e-02
7.0938e+03	3.8e+00	2.3281e-01	1.5e-02
7.0962e+03	3.8e+00	2.3549e-01	1.5e-02
7.0986e+03	3.8e+00	2.3633e-01	1.6e-02
7.1010e+03	3.8e+00	2.3565e-01	1.5e-02
7.1034e+03	3.8e+00	2.3698e-01	1.6e-02
7.1058e+03	3.8e+00	2.3618e-01	1.6e-02
7.1083e+03	3.8e+00	2.3070e-01	1.5e-02
7.1107e+03	3.8e+00	2.3707e-01	1.6e-02
7.1131e+03	3.9e+00	2.3412e-01	1.5e-02
7.1155e+03	3.9e+00	2.3726e-01	1.6e-02
7.1179e+03	3.9e+00	2.4286e-01	1.7e-02
7.1203e+03	3.9e+00	2.3737e-01	1.6e-02
7.1227e+03	3.9e+00	2.3573e-01	1.6e-02
7.1252e+03	3.9e+00	2.4116e-01	1.7e-02
7.1276e+03	3.9e+00	2.3741e-01	1.6e-02
7.1300e+03	3.9e+00	2.3655e-01	1.6e-02
7.1324e+03	3.9e+00	2.3251e-01	1.5e-02
7.1348e+03	3.9e+00	2.3772e-01	1.7e-02
7.1372e+03	3.9e+00	2.3949e-01	1.7e-02
7.1397e+03	3.9e+00	2.3878e-01	1.6e-02
7.1421e+03	4.0e+00	2.3353e-01	1.6e-02
7.1445e+03	4.0e+00	2.3603e-01	1.6e-02
7.1469e+03	4.0e+00	2.3663e-01	1.7e-02
7.1493e+03	4.0e+00	2.3200e-01	1.6e-02
7.1517e+03	4.0e+00	2.3176e-01	1.6e-02
7.1541e+03	4.0e+00	2.3097e-01	1.6e-02
7.1566e+03	4.0e+00	2.3354e-01	1.6e-02
7.1590e+03	4.0e+00	2.3349e-01	1.6e-02
7.1614e+03	4.0e+00	2.3096e-01	1.6e-02
7.1638e+03	4.0e+00	2.3441e-01	1.6e-02
7.1662e+03	4.0e+00	2.3028e-01	1.6e-02
7.1686e+03	4.0e+00	2.3051e-01	1.6e-02
7.1710e+03	4.1e+00	2.2992e-01	1.6e-02
7.1735e+03	4.1e+00	2.2946e-01	1.6e-02
7.1759e+03	4.1e+00	2.3286e-01	1.7e-02
7.1783e+03	4.1e+00	2.2818e-01	1.6e-02
7.1807e+03	4.1e+00	2.3086e-01	1.6e-02
7.1831e+03	4.1e+00	2.2701e-01	1.6e-02
7.1855e+03	4.1e+00	2.2304e-01	1.7e-02
7.1879e+03	4.1e+00	2.2088e-01	1.7e-02
7.1904e+03	4.1e+00	2.1950e-01	1.7e-02
7.1928e+03	4.1e+00	2.1298e-01	1.7e-02
7.1952e+03	4.1e+00	2.0539e-01	1.6e-02
7.1976e+03	4.1e+00	2.1390e-01	1.7e-02
7.2000e+03	4.2e+00	2.1591e-01	1.7e-02
7.2024e+03	4.2e+00	2.0933e-01	1.7e-02
7.2048e+03	4.2e+00	2.0692e-01	1.7e-02
7.2072e+03	4.2e+00	2.0892e-01	1.6e-02
7.2097e+03	4.2e+00	2.1027e-01	1.7e-02
7.2121e+03	4.2e+00	2.0958e-01	1.7e-02
7.2145e+03	4.2e+00	2.1141e-01	1.7e-02
7.2169e+03	4.2e+00	2.1060e-01	1.7e-02
7.2193e+03	4.2e+00	2.0932e-01	1.7e-02
7.2217e+03	4.2e+00	2.1005e-01	1.7e-02
7.2241e+03	4.2e+00	2.0829e-01	1.7e-02
7.2265e+03	4.2e+00	2.0996e-01	1.7e-02
7.2290e+03	4.3e+00	2.1803e-01	1.7e-02
7.2314e+03	4.3e+00	2.1901e-01	1.7e-02
7.2338e+03	4.3e+00	2.1902e-01	1.6e-02
7.2362e+03	4.3e+00	2.2165e-01	1.7e-02
7.2386e+03	4.3e+00	2.2122e-01	1.7e-02
7.2410e+03	4.3e+00	2.2492e-01	1.7e-02
7.2434e+03	4.3e+00	2.2322e-01	1.6e-02
7.2458e+03	4.3e+00	2.2783e-01	1.8e-02
7.2483e+03	4.3e+00	2.2326e-01	1.7e-02
7.2507e+03	4.3e+00	2.1870e-01	1.7e-02
7.2531e+03	4.3e+00	2.1536e-01	1.6e-02
7.2555e+03	4.4e+00	2.1579e-01	1.7e-02
7.2579e+03	4.4e+00	2.1333e-01	1.7e-02
7.2603e+03	4.4e+00	2.0797e-01	1.7e-02
7.2627e+03	4.4e+00	2.1049e-01	1.6e-02
7.2651e+03	4.4e+00	2.1544e-01	1.8e-02
7.2675e+03	4.4e+00	2.1715e-01	1.8e-02
7.2700e+03	4.4e+00	2.1293e-01	1.7e-02
7.2724e+03	4.4e+00	2.1812e-01	1.8e-02
7.2748e+03	4.4e+00	2.1401e-01	1.8e-02
7.2772e+03	4.4e+00	2.0934e-01	1.7e-02
7.2796e+03	4.4e+00	2.1505e-01	1.7e-02
7.2820e+03	4.5e+00	2.1633e-01	1.7e-02
7.2844e+03	4.5e+00	2.1553e-01	1.8e-02
7.2868e+03	4.5e+00	2.1552e-01	1.8e-02
7.2892e+03	4.5e+00	2.1754e-01	1.8e-02
7.2917e+03	4.5e+00	2.1815e-01	1.8e-02
7.2941e+03	4.5e+00	2.1503e-01	1.7e-02
7.2965e+03	4.5e+00	2.1545e-01	1.8e-02
7.2989e+03	4.5e+00	2.1309e-01	1.7e-02
7.3013e+03	4.5e+00	2.1318e-01	1.7e-02
7.3037e+03	4.5e+00	2.1667e-01	1.8e-02
7.3061e+03	4.5e+00	2.1753e-01	1.8e-02
7.3085e+03	4.6e+00	2.1845e-01	1.8e-02
7.3109e+03	4.6e+00	2.2398e-01	1.8e-02
7.3133e+03	4.6e+00	2.1404e-01	1.7e-02
7.3158e+03	4.6e+00	2.1404e-01	1.7e-02
7.3182e+03	4.6e+00	2.1439e-01	1.7e-02
7.3206e+03	4.6e+00	2.1326e-01	1.7e-02
7.3230e+03	4.6e+00	2.2139e-01	1.8e-02
7.3254e+03	4.6e+00	2.1275e-01	1.7e-02
7.3278e+03	4.6e+00	2.1458e-01	1.8e-02
7.3302e+03	4.6e+00	2.1765e-01	1.8e-02
7.3326e+03	4.7e+00	2.1668e-01	1.8e-02
7.3350e+03	4.7e+00	2.1273e-01	1.7e-02
7.3374e+03	4.7e+00	2.1584e-01	1.8e-02
7.3398e+03	4.7e+00	2.1888e-01	1.8e-02
7.3423e+03	4.7e+00	2.1723e-01	1.8e-02
7.3447e+03	4.7e+00	2.1229e-01	1.7e-02
7.3471e+03	4.7e+00	2.1698e-01	1.7e-02
7.3495e+03	4.7e+00	2.2686e-01	1.9e-02
7.3519e+03	4.7e+00	2.2005e-01	1.8e-02
7.3543e+03	4.7e+00	2.2838e-01	1.9e-02
7.3567e+03	4.8e+00	2.2074e-01	1.8e-02
7.3591e+03	4.8e+00	2.2522e-01	1.9e-02
7.3615e+03	4.8e+00	2.2113e-01	1.8e-02
7.3639e+03	4.8e+00	2.2428e-01	1.8e-02
7.3663e+03	4.8e+00	2.2747e-01	1.8e-02
7.3687e+03	4.8e+00	2.2852e-01	1.9e-02
7.3711e+03	4.8e+00	2.2122e-01	1.7e-02
7.3736e+03	4.8e+00	2.2202e-01	1.7e-02
7.3760e+03	4.8e+00	2.2758e-01	1.8e-02
7.3784e+03	4.8e+00	2.2389e-01	1.8e-02
7.3808e+03	4.9e+00	2.2846e-01	1.9e-02
7.3832e+03	4.9e+00	2.3054e-01	1.9e-02
7.3856e+03	4.9e+00	2.2477e-01	1.8e-02
7.3880e+03	4.9e+00	2.2362e-01	1.8e-02
7.3904e+03	4.9e+00	2.2790e-01	1.9e-02
7.3928e+03	4.9e+00	2.2364e-01	1.8e-02
7.3952e+03	4.9e+00	2.1940e-01	1.8e-02
7.3976e+03	4.9e+00	2.2479e-01	1.9e-02
7.4000e+03	4.9e+00	2.2451e-01	1.8e-02
7.4024e+03	4.9e+00	2.2319e-01	1.8e-02
7.4048e+03	5.0e+00	2.2490e-01	1.8e-02
7.4073e+03	5.0e+00	2.2239e-01	1.8e-02
7.4097e+03	5.0e+00	2.2626e-01	1.9e-02
7.4121e+03	5.0e+00	2.2507e-01	1.8e-02
7.4145e+03	5.0e+00	2.2030e-01	1.8e-02
7.4169e+03	5.0e+00	2.2468e-01	1.8e-02
7.4193e+03	5.0e+00	2.2176e-01	1.8e-02
7.4217e+03	5.0e+00	2.2469e-01	1.8e-02
7.4241e+03	5.0e+00	2.2050e-01	1.8e-02
7.4265e+03	5.0e+00	2.2145e-01	1.9e-02
7.4289e+03	5.1e+00	2.1755e-01	1.8e-02
7.4313e+03	5.1e+00	2.1809e-01	1.8e-02
7.4337e+03	5.1e+00	2.2659e-01	1.9e-02
7.4361e+03	5.1e+00	2.2607e-01	1.9e-02
7.4385e+03	5.1e+00	2.2167e-01	1.8e-02
7.4409e+03	5.1e+00	2.2173e-01	1.8e-02
7.4433e+03	5.1e+00	2.2408e-01	1.8e-02
7.4457e+03	5.1e+00	2.1963e-01	1.7e-02
7.4481e+03	5.1e+00	2.1781e-01	1.7e-02
7.4506e+03	5.2e+00	2.2156e-01	1.8e-02
7.4530e+03	5.2e+00	2.2533e-01	1.9e-02
7.4554e+03	5.2e+00	2.2142e-01	1.8e-02
7.4578e+03	5.2e+00	2.2261e-01	1.8e-02
7.4602e+03	5.2e+00	2.1997e-01	1.8e-02
7.4626e+03	5.2e+00	2.1960e-01	1.8e-02
7.4650e+03	5.2e+00	2.2921e-01	1.8e-02
7.4674e+03	5.2e+00	2.2245e-01	1.8e-02
7.4698e+03	5.2e+00	2.1959e-01	1.8e-02
7.4722e+03	5.2e+00	2.2142e-01	1.8e-02
7.4746e+03	5.3e+00	2.2525e-01	1.8e-02
7.4770e+03	5.3e+00	2.2793e-01	1.9e-02
7.4794e+03	5.3e+00	2.2242e-01	1.8e-02
7.4818e+03	5.3e+00	2.1670e-01	1.7e-02
7.4842e+03	5.3e+00	2.2462e-01	1.8e-02
7.4866e+03	5.3e+00	2.2783e-01	1.9e-02
7.4890e+03	5.3e+00	2.2486e-01	1.8e-02
7.4914e+03	5.3e+00	2.2646e-01	1.9e-02
7.4938e+03	5.3e+00	2.2673e-01	1.9e-02
7.4962e+03	5.4e+00	2.2456e-01	1.8e-02
7.4986e+03	5.4e+00	2.2525e-01	1.9e-02
7.5010e+03	5.4e+00	2.2791e-01	1.9e-02
7.5034e+03	5.4e+00	2.2370e-01	1.9e-02
7.5058e+03	5.4e+00	2.3222e-01	1.9e-02
7.5082e+03	5.4e+00	2.2474e-01	1.9e-02
7.5107e+03	5.4e+00	2.1698e-01	1.8e-02
7.5131e+03	5.4e+00	2.2431e-01	1.9e-02
7.5155e+03	5.4e+00	2.3174e-01	2.0e-02
7.5179e+03	5.5e+00	2.2778e-01	1.9e-02
7.5203e+03	5.5e+00	2.2839e-01	1.9e-02
7.5227e+03	5.5e+00	2.2569e-01	1.9e-02
7.5251e+03	5.5e+00	2.2864e-01	1.9e-02
7.5275e+03	5.5e+00	2.2427e-01	1.9e-02
7.5299e+03	5.5e+00	2.2518e-01	1.9e-02
7.5323e+03	5.5e+00	2.2847e-01	2.0e-02
7.5347e+03	5.5e+00	2.2563e-01	2.0e-02
7.5371e+03	5.5e+00	2.2579e-01	2.0e-02
7.5395e+03	5.6e+00	2.2696e-01	2.0e-02
7.5419e+03	5.6e+00	2.2170e-01	1.9e-02
7.5443e+03	5.6e+00	2.2114e-01	1.9e-02
7.5467e+03	5.6e+00	2.2667e-01	2.0e-02
7.5491e+03	5.6e+00	2.2736e-01	2.0e-02
7.5515e+03	5.6e+00	2.2176e-01	1.9e-02
7.5539e+03	5.6e+00	2.2792e-01	2.0e-02
7.5563e+03	5.6e+00	2.3116e-01	2.0e-02
7.5587e+03	5.6e+00	2.2801e-01	2.0e-02
7.5611e+03	5.7e+00	2.2607e-01	2.0e-02
7.5635e+03	5.7e+00	2.3314e-01	2.1e-02
7.5659e+03	5.7e+00	2.2972e-01	2.1e-02
7.5683e+03	5.7e+00	2.3098e-01	2.0e-02
7.5707e+03	5.7e+00	2.2611e-01	1.9e-02
7.5731e+03	5.7e+00	2.3081e-01	2.0e-02
7.5755e+03	5.7e+00	2.3047e-01	2.0e-02
7.5779e+03	5.7e+00	2.3122e-01	2.1e-02
7.5803e+03	5.7e+00	2.2596e-01	1.9e-02
7.5827e+03	5.8e+00	2.3447e-01	2.1e-02
7.5851e+03	5.8e+00	2.3368e-01	2.0e-02
7.5875e+03	5.8e+00	2.3030e-01	2.0e-02
7.5899e+03	5.8e+00	2.3457e-01	2.1e-02
7.5923e+03	5.8e+00	2.3930e-01	2.1e-02
7.5947e+03	5.8e+00	2.3067e-01	2.0e-02
7.5971e+03	5.8e+00	2.3646e-01	2.1e-02
7.5995e+03	5.8e+00	2.3389e-01	2.1e-02
7.6019e+03	5.9e+00	2.3390e-01	2.1e-02
7.6043e+03	5.9e+00	2.3066e-01	2.0e-02
7.6067e+03	5.9e+00	2.3383e-01	2.1e-02
7.6091e+03	5.9e+00	2.3279e-01	2.0e-02
7.6115e+03	5.9e+00	2.4121e-01	2.1e-02
7.6139e+03	5.9e+00	2.3351e-01	2.0e-02
7.6163e+03	5.9e+00	2.3752e-01	2.1e-02
7.6187e+03	5.9e+00	2.3427e-01	2.0e-02
7.6211e+03	5.9e+00	2.3980e-01	2.1e-02
7.6235e+03	6.0e+00	2.3042e-01	2.0e-02
7.6259e+03	6.0e+00	2.3946e-01	2.1e-02
7.6283e+03	6.0e+00	2.3781e-01	2.1e-02
7.6307e+03	6.0e+00	2.3049e-01	2.0e-02
7.6331e+03	6.0e+00	2.2960e-01	2.1e-02
7.6355e+03	6.0e+00	2.2122e-01	2.1e-02
7.6379e+03	6.0e+00	2.1736e-01	2.1e-02
7.6403e+03	6.0e+00	2.1964e-01	2.2e-02
7.6427e+03	6.1e+00	2.0812e-01	2.2e-02
7.6451e+03	6.1e+00	2.0453e-01	2.2e-02
7.6475e+03	6.1e+00	1.9495e-01	2.1e-02
7.6499e+03	6.1e+00	1.9871e-01	2.1e-02
7.6523e+03	6.1e+00	2.0444e-01	2.2e-02
7.6547e+03	6.1e+00	2.0304e-01	2.2e-02
7.6571e+03	6.1e+00	2.1031e-01	2.2e-02
7.6595e+03	6.1e+00	2.1335e-01	2.1e-02
7.6619e+03	6.2e+00	2.1736e-01	2.1e-02
7.6643e+03	6.2e+00	2.2072e-01	2.2e-02
7.6667e+03	6.2e+00	2.2161e-01	2.3e-02
7.6691e+03	6.2e+00	2.1671e-01	2.1e-02
7.6715e+03	6.2e+00	2.1517e-01	2.2e-02
7.6739e+03	6.2e+00	2.1428e-01	2.2e-02
7.6763e+03	6.2e+00	2.0713e-01	2.1e-02
7.6787e+03	6.2e+00	2.1826e-01	2.3e-02
7.6810e+03	6.3e+00	2.1071e-01	2.1e-02
7.6834e+03	6.3e+00	2.1556e-01	2.2e-02
7.6858e+03	6.3e+00	2.2045e-01	2.3e-02
7.6882e+03	6.3e+00	2.2025e-01	2.4e-02
7.6906e+03	6.3e+00	2.1398e-01	2.1e-02
7.6930e+03	6.3e+00	2.1890e-01	2.2e-02
7.6954e+03	6.3e+00	2.2119e-01	2.1e-02
7.6978e+03	6.3e+00	2.2228e-01	2.2e-02
7.7002e+03	6.3e+00	2.2169e-01	2.2e-02
7.7026e+03	6.4e+00	2.2789e-01	2.2e-02
7.7050e+03	6.4e+00	2.2222e-01	2.2e-02
7.7074e+03	6.4e+00	2.2975e-01	2.2e-02
7.7098e+03	6.4e+00	2.3086e-01	2.2e-02
7.7122e+03	6.4e+00	2.2760e-01	2.2e-02
7.7146e+03	6.4e+00	2.3943e-01	2.4e-02
7.7170e+03	6.4e+00	2.2713e-01	2.2e-02
7.7194e+03	6.5e+00	2.2602e-01	2.2e-02
7.7218e+03	6.5e+00	2.2739e-01	2.2e-02
7.7242e+03	6.5e+00	2.2422e-01	2.1e-02
7.7266e+03	6.5e+00	2.2649e-01	2.2e-02
7.7290e+03	6.5e+00	2.3394e-01	2.3e-02
7.7314e+03	6.5e+00	2.3042e-01	2.2e-02
7.7338e+03	6.5e+00	2.2842e-01	2.2e-02
7.7362e+03	6.5e+00	2.3282e-01	2.3e-02
7.7386e+03	6.6e+00	2.3483e-01	2.3e-02
7.7409e+03	6.6e+00	2.3614e-01	2.2e-02
7.7433e+03	6.6e+00	2.3595e-01	2.3e-02
7.7457e+03	6.6e+00	2.3448e-01	2.2e-02
7.7481e+03	6.6e+00	2.4062e-01	2.3e-02
7.7505e+03	6.6e+00	2.4146e-01	2.3e-02
7.7529e+03	6.6e+00	2.4054e-01	2.3e-02
7.7553e+03	6.6e+00	2.3900e-01	2.2e-02
7.7577e+03	6.7e+00	2.4495e-01	2.3e-02
7.7601e+03	6.7e+00	2.4369e-01	2.3e-02
7.7625e+03	6.7e+00	2.3640e-01	2.1e-02
7.7649e+03	6.7e+00	2.4304e-01	2.2e-02
7.7673e+03	6.7e+00	2.4100e-01	2.3e-02
7.7697e+03	6.7e+00	2.4191e-01	2.2e-02
7.7721e+03	6.7e+00	2.4623e-01	2.3e-02
7.7745e+03	6.7e+00	2.4708e-01	2.3e-02
7.7769e+03	6.8e+00	2.5365e-01	2.4e-02
7.7793e+03	6.8e+00	2.4320e-01	2.2e-02
7.7816e+03	6.8e+00	2.4218e-01	2.2e-02
7.7840e+03	6.8e+00	2.4828e-01	2.3e-02
7.7864e+03	6.8e+00	2.4731e-01	2.3e-02
7.7888e+03	6.8e+00	2.5305e-01	2.3e-02
7.7912e+03	6.8e+00	2.4864e-01	2.3e-02
7.7936e+03	6.8e+00	2.5354e-01	2.4e-02
7.7960e+03	6.9e+00	2.4989e-01	2.3e-02
7.7984e+03	6.9e+00	2.5507e-01	2.4e-02
7.8008e+03	6.9e+00	2.5638e-01	2.4e-02
7.8032e+03	6.9e+00	2.5549e-01	2.3e-02
7.8056e+03	6.9e+00	2.5488e-01	2.4e-02
7.8080e+03	6.9e+00	2.4656e-01	2.3e-02
7.8104e+03	6.9e+00	2.4850e-01	2.3e-02
7.8128e+03	7.0e+00	2.4781e-01	2.2e-02
7.8151e+03	7.0e+00	2.5864e-01	2.4e-02
7.8175e+03	7.0e+00	2.5647e-01	2.4e-02
7.8199e+03	7.0e+00	2.5455e-01	2.4e-02
7.8223e+03	7.0e+00	2.5543e-01	2.4e-02
7.8247e+03	7.0e+00	2.6377e-01	2.5e-02
7.8271e+03	7.0e+00	2.5815e-01	2.5e-02
7.8295e+03	7.0e+00	2.5822e-01	2.4e-02
7.8319e+03	7.1e+00	2.6183e-01	2.6e-02
7.8343e+03	7.1e+00	2.5933e-01	2.5e-02
7.8367e+03	7.1e+00	2.6789e-01	2.6e-02
7.8391e+03	7.1e+00	2.6208e-01	2.5e-02
7.8415e+03	7.1e+00	2.6104e-01	2.5e-02
7.8439e+03	7.1e+00	2.6138e-01	2.4e-02
7.8462e+03	7.1e+00	2.5420e-01	2.4e-02
7.8486e+03	7.2e+00	2.6703e-01	2.6e-02
7.8510e+03	7.2e+00	2.6464e-01	2.5e-02
7.8534e+03	7.2e+00	2.6748e-01	2.6e-02
7.8558e+03	7.2e+00	2.6797e-01	2.6e-02
7.8582e+03	7.2e+00	2.6276e-01	2.5e-02
7.8606e+03	7.2e+00	2.6587e-01	2.6e-02
7.8630e+03	7.2e+00	2.6406e-01	2.5e-02
7.8654e+03	7.3e+00	2.6145e-01	2.5e-02
7.8678e+03	7.3e+00	2.5841e-01	2.5e-02
7.8701e+03	7.3e+00	2.6877e-01	2.6e-02
7.8725e+03	7.3e+00	2.7573e-01	2.7e-02
7.8749e+03	7.3e+00	2.6913e-01	2.6e-02
7.8773e+03	7.3e+00	2.7157e-01	2.6e-02
7.8797e+03	7.3e+00	2.6673e-01	2.6e-02
7.8821e+03	7.3e+00	2.7322e-01	2.7e-02
7.8845e+03	7.4e+00	2.6940e-01	2.6e-02
7.8869e+03	7.4e+00	2.6901e-01	2.6e-02
7.8893e+03	7.4e+00	2.5975e-01	2.4e-02
7.8917e+03	7.4e+00	2.7060e-01	2.6e-02
7.8940e+03	7.4e+00	2.6193e-01	2.5e-02
7.8964e+03	7.4e+00	2.6968e-01	2.6e-02
7.8988e+03	7.4e+00	2.7452e-01	2.7e-02
7.9012e+03	7.5e+00	2.7058e-01	2.5e-02
7.9036e+03	7.5e+00	2.6759e-01	2.6e-02
7.9060e+03	7.5e+00	2.6772e-01	2.6e-02
7.9084e+03	7.5e+00	2.7176e-01	2.6e-02
7.9108e+03	7.5e+00	2.6847e-01	2.6e-02
7.9132e+03	7.5e+00	2.6956e-01	2.6e-02
7.9155e+03	7.5e+00	2.7446e-01	2.7e-02
7.9179e+03	7.6e+00	2.7547e-01	2.7e-02
7.9203e+03	7.6e+00	2.7885e-01	2.7e-02
7.9227e+03	7.6e+00	2.7282e-01	2.7e-02
7.9251e+03	7.6e+00	2.7682e-01	2.7e-02
7.9275e+03	7.6e+00	2.7732e-01	2.7e-02
7.9299e+03	7.6e+00	2.7865e-01	2.7e-02
7.9323e+03	7.6e+00	2.6966e-01	2.7e-02
7.9347e+03	7.7e+00	2.7305e-01	2.7e-02
7.9370e+03	7.7e+00	2.7770e-01	2.7e-02
7.9394e+03	7.7e+00	2.7524e-01	2.7e-02
7.9418e+03	7.7e+00	2.7911e-01	2.8e-02
7.9442e+03	7.7e+00	2.7455e-01	2.7e-02
7.9466e+03	7.7e+00	2.7757e-01	2.8e-02
7.9490e+03	7.7e+00	2.7637e-01	2.7e-02
7.9514e+03	7.8e+00	2.7457e-01	2.7e-02
7.9538e+03	7.8e+00	2.8152e-01	2.8e-02
7.9561e+03	7.8e+00	2.8044e-01	2.8e-02
7.9585e+03	7.8e+00	2.8196e-01	2.8e-02
7.9609e+03	7.8e+00	2.8697e-01	2.9e-02
7.9633e+03	7.8e+00	2.7576e-01	2.7e-02
7.9657e+03	7.8e+00	2.8542e-01	2.9e-02
7.9681e+03	7.9e+00	2.8321e-01	2.9e-02
7.9705e+03	7.9e+00	2.7805e-01	2.8e-02
7.9728e+03	7.9e+00	2.8039e-01	2.8e-02
7.9752e+03	7.9e+00	2.8555e-01	2.9e-02
7.9776e+03	7.9e+00	2.8415e-01	2.9e-02
7.9800e+03	7.9e+00	2.9068e-01	2.9e-02
7.9824e+03	7.9e+00	2.8148e-01	2.8e-02
7.9848e+03	8.0e+00	2.8460e-01	2.9e-02
7.9872e+03	8.0e+00	2.8867e-01	2.9e-02
7.9896e+03	8.0e+00	2.8995e-01	3.0e-02
7.9919e+03	8.0e+00	2.8518e-01	2.8e-02
7.9943e+03	8.0e+00	2.9151e-01	3.0e-02
7.9967e+03	8.0e+00	2.9458e-01	3.1e-02
7.9991e+03	8.0e+00	2.9133e-01	3.0e-02
8.0015e+03	8.1e+00	2.9298e-01	3.1e-02
8.0039e+03	8.1e+00	2.8861e-01	3.0e-02
8.0063e+03	8.1e+00	2.9554e-01	3.0e-02
8.0086e+03	8.1e+00	3.0235e-01	3.2e-02
8.0110e+03	8.1e+00	2.9317e-01	3.1e-02
8.0134e+03	8.1e+00	2.9070e-01	3.0e-02
8.0158e+03	8.1e+00	2.8976e-01	3.1e-02
8.0182e+03	8.2e+00	2.9919e-01	3.2e-02
8.0206e+03	8.2e+00	2.9807e-01	3.2e-02
8.0229e+03	8.2e+00	2.9838e-01	3.2e-02
8.0253e+03	8.2e+00	2.8947e-01	3.1e-02
8.0277e+03	8.2e+00	2.9047e-01	3.1e-02
8.0301e+03	8.2e+00	3.0002e-01	3.2e-02
8.0325e+03	8.2e+00	2.9885e-01	3.2e-02
8.0349e+03	8.3e+00	3.0190e-01	3.3e-02
8.0373e+03	8.3e+00	2.9694e-01	3.1e-02
8.0396e+03	8.3e+00	3.0551e-01	3.2e-02
8.0420e+03	8.3e+00	3.1253e-01	3.3e-02
8.0444e+03	8.3e+00	3.0784e-01	3.2e-02
8.0468e+03	8.3e+00	3.0414e-01	3.2e-02
8.0492e+03	8.3e+00	3.0789e-01	3.2e-02
8.0516e+03	8.4e+00	3.1048e-01	3.2e-02
8.0539e+03	8.4e+00	3.1411e-01	3.3e-02
8.0563e+03	8.4e+00	3.1398e-01	3.2e-02
8.0587e+03	8.4e+00	3.1485e-01	3.3e-02
8.0611e+03	8.4e+00	3.1436e-01	3.3e-02
8.0635e+03	8.4e+00	3.1104e-01	3.2e-02
8.0659e+03	8.5e+00	3.1551e-01	3.3e-02
8.0682e+03	8.5e+00	3.1727e-01	3.3e-02
8.0706e+03	8.5e+00	3.2610e-01	3.4e-02
8.0730e+03	8.5e+00	3.2249e-01	3.3e-02
8.0754e+03	8.5e+00	3.1492e-01	3.2e-02
8.0778e+03	8.5e+00	3.1874e-01	3.2e-02
8.0802e+03	8.5e+00	3.2087e-01	3.3e-02
8.0825e+03	8.6e+00	3.2526e-01	3.4e-02
8.0849e+03	8.6e+00	3.1973e-01	3.3e-02
8.0873e+03	8.6e+00	3.1998e-01	3.4e-02
8.0897e+03	8.6e+00	3.2126e-01	3.4e-02
8.0921e+03	8.6e+00	3.1961e-01	3.3e-02
8.0944e+03	8.6e+00	3.2413e-01	3.4e-02
8.0968e+03	8.6e+00	3.2849e-01	3.4e-02
8.0992e+03	8.7e+00	3.2446e-01	3.3e-02
8.1016e+03	8.7e+00	3.2830e-01	3.3e-02
8.1040e+03	8.7e+00	3.3199e-01	3.5e-02
8.1064e+03	8.7e+00	3.3030e-01	3.5e-02
8.1087e+03	8.7e+00	3.3354e-01	3.5e-02
8.1111e+03	8.7e+00	3.4110e-01	3.6e-02
8.1135e+03	8.8e+00	3.3460e-01	3.4e-02
8.1159e+03	8.8e+00	3.2323e-01	3.4e-02
8.1183e+03	8.8e+00	3.3598e-01	3.5e-02
8.1206e+03	8.8e+00	3.3197e-01	3.4e-02
8.1230e+03	8.8e+00	3.3498e-01	3.5e-02
8.1254e+03	8.8e+00	3.2992e-01	3.4e-02
8.1278e+03	8.8e+00	3.3895e-01	3.6e-02
8.1302e+03	8.9e+00	3.4052e-01	3.5e-02
8.1325e+03	8.9e+00	3.3928e-01	3.5e-02
8.1349e+03	8.9e+00	3.3454e-01	3.4e-02
8.1373e+03	8.9e+00	3.4106e-01	3.6e-02
8.1397e+03	8.9e+00	3.3722e-01	3.5e-02
8.1421e+03	8.9e+00	3.4106e-01	3.6e-02
8.1444e+03	9.0e+00	3.4094e-01	3.6e-02
8.1468e+03	9.0e+00	3.3961e-01	3.5e-02
8.1492e+03	9.0e+00	3.5129e-01	3.7e-02
8.1516e+03	9.0e+00	3.4785e-01	3.6e-02
8.1540e+03	9.0e+00	3.3795e-01	3.5e-02
8.1563e+03	9.0e+00	3.4804e-01	3.6e-02
8.1587e+03	9.0e+00	3.4521e-01	3.6e-02
8.1611e+03	9.1e+00	3.4940e-01	3.7e-02
8.1635e+03	9.1e+00	3.5494e-01	3.8e-02
8.1659e+03	9.1e+00	3.4179e-01	3.5e-02
8.1682e+03	9.1e+00	3.3683e-01	3.5e-02
8.1706e+03	9.1e+00	3.3943e-01	3.5e-02
8.1730e+03	9.1e+00	3.4429e-01	3.6e-02
8.1754e+03	9.2e+00	3.5099e-01	3.7e-02
8.1778e+03	9.2e+00	3.4931e-01	3.7e-02
8.1801e+03	9.2e+00	3.5719e-01	3.9e-02
8.1825e+03	9.2e+00	3.5231e-01	3.8e-02
8.1849e+03	9.2e+00	3.4867e-01	3.7e-02
8.1873e+03	9.2e+00	3.4992e-01	3.8e-02
8.1897e+03	9.3e+00	3.6228e-01	3.9e-02
8.1920e+03	9.3e+00	3.5772e-01	3.9e-02
8.1944e+03	9.3e+00	3.5977e-01	3.8e-02
8.1968e+03	9.3e+00	3.5620e-01	3.8e-02
8.1992e+03	9.3e+00	3.5377e-01	3.9e-02
8.2015e+03	9.3e+00	3.5316e-01	3.8e-02
8.2039e+03	9.3e+00	3.4945e-01	3.7e-02
8.2063e+03	9.4e+00	3.6352e-01	3.9e-02
8.2087e+03	9.4e+00	3.6448e-01	4.0e-02
8.2111e+03	9.4e+00	3.6888e-01	4.0e-02
8.2134e+03	9.4e+00	3.7024e-01	4.0e-02
8.2158e+03	9.4e+00	3.6433e-01	3.9e-02
8.2182e+03	9.4e+00	3.6213e-01	3.9e-02
8.2206e+03	9.5e+00	3.7484e-01	4.1e-02
8.2229e+03	9.5e+00	3.7055e-01	4.1e-02
8.2253e+03	9.5e+00	3.6342e-01	3.9e-02
8.2277e+03	9.5e+00	3.7026e-01	3.9e-02
8.2301e+03	9.5e+00	3.6467e-01	4.0e-02
8.2324e+03	9.5e+00	3.4979e-01	3.7e-02
8.2348e+03	9.6e+00	3.6226e-01	3.9e-02
8.2372e+03	9.6e+00	3.7270e-01	4.0e-02
8.2396e+03	9.6e+00	3.6561e-01	4.0e-02
8.2420e+03	9.6e+00	3.7275e-01	4.0e-02
8.2443e+03	9.6e+00	3.7400e-01	4.1e-02
8.2467e+03	9.6e+00	3.7771e-01	4.1e-02
8.2491e+03	9.7e+00	3.6548e-01	4.0e-02
8.2515e+03	9.7e+00	3.6150e-01	3.9e-02
8.2538e+03	9.7e+00	3.6733e-01	4.0e-02
8.2562e+03	9.7e+00	3.8110e-01	4.1e-02
8.2586e+03	9.7e+00	3.7585e-01	4.0e-02
8.2610e+03	9.7e+00	3.7508e-01	4.1e-02
8.2633e+03	9.8e+00	3.7732e-01	4.0e-02
8.2657e+03	9.8e+00	3.9715e-01	4.5e-02
8.2681e+03	9.8e+00	3.8304e-01	4.2e-02
8.2705e+03	9.8e+00	3.7362e-01	4.0e-02
8.2728e+03	9.8e+00	3.8809e-01	4.3e-02
8.2752e+03	9.8e+00	3.9051e-01	4.3e-02
8.2776e+03	9.8e+00	3.8559e-01	4.2e-02
8.2800e+03	9.9e+00	3.8039e-01	4.1e-02
8.2823e+03	9.9e+00	3.9710e-01	4.4e-02
8.2847e+03	9.9e+00	3.8594e-01	4.2e-02
8.2871e+03	9.9e+00	3.8173e-01	4.1e-02
8.2895e+03	9.9e+00	3.8577e-01	4.1e-02
8.2918e+03	9.9e+00	4.0070e-01	4.4e-02
8.2942e+03	1.0e+01	4.0653e-01	4.5e-02
8.2966e+03	1.0e+01	3.8669e-01	4.3e-02
8.2990e+03	1.0e+01	3.9800e-01	4.4e-02
8.3013e+03	1.0e+01	3.9539e-01	4.3e-02
8.3037e+03	1.0e+01	4.0187e-01	4.4e-02
8.3061e+03	1.0e+01	4.0130e-01	4.3e-02
8.3085e+03	1.0e+01	4.0491e-01	4.4e-02
8.3108e+03	1.0e+01	4.0558e-01	4.4e-02
8.3132e+03	1.0e+01	3.9800e-01	4.3e-02
8.3156e+03	1.0e+01	3.9945e-01	4.3e-02
8.3179e+03	1.0e+01	4.0861e-01	4.5e-02
8.3203e+03	1.0e+01	4.0915e-01	4.6e-02
8.3227e+03	1.0e+01	4.1347e-01	4.6e-02
8.3251e+03	1.0e+01	4.0223e-01	4.4e-02
8.3274e+03	1.0e+01	3.9855e-01	4.4e-02
8.3298e+03	1.0e+01	4.0392e-01	4.4e-02
8.3322e+03	1.0e+01	4.1128e-01	4.5e-02
8.3346e+03	1.0e+01	4.1138e-01	4.6e-02
8.3369e+03	1.0e+01	4.2547e-01	4.8e-02
8.3393e+03	1.0e+01	4.1530e-01	4.5e-02
8.3417e+03	1.0e+01	4.2812e-01	4.7e-02
8.3440e+03	1.0e+01	4.2932e-01	4.7e-02
8.3464e+03	1.0e+01	4.2919e-01	4.8e-02
8.3488e+03	1.0e+01	4.2895e-01	4.8e-02
8.3512e+03	1.0e+01	4.3499e-01	4.9e-02
8.3535e+03	1.0e+01	4.3022e-01	4.7e-02
8.3559e+03	1.0e+01	4.1852e-01	4.5e-02
8.3583e+03	1.0e+01	4.3111e-01	4.8e-02
8.3607e+03	1.0e+01	4.3474e-01	4.8e-02
8.3630e+03	1.0e+01	4.3939e-01	4.8e-02
8.3654e+03	1.0e+01	4.4056e-01	5.0e-02
8.3678e+03	1.0e+01	4.3761e-01	4.9e-02
8.3701e+03	1.1e+01	4.3648e-01	4.8e-02
8.3725e+03	1.1e+01	4.3867e-01	4.8e-02
8.3749e+03	1.1e+01	4.3640e-01	4.9e-02
8.3773e+03	1.1e+01	4.4731e-01	5.1e-02
8.3796e+03	1.1e+01	4.4228e-01	4.9e-02
8.3820e+03	1.1e+01	4.4091e-01	4.8e-02
8.3844e+03	1.1e+01	4.4827e-01	5.2e-02
8.3867e+03	1.1e+01	4.4884e-01	5.1e-02
8.3891e+03	1.1e+01	4.4887e-01	5.0e-02
8.3915e+03	1.1e+01	4.4179e-01	4.8e-02
8.3938e+03	1.1e+01	4.6244e-01	5.1e-02
8.3962e+03	1.1e+01	4.5844e-01	5.2e-02
8.3986e+03	1.1e+01	4.5025e-01	5.0e-02
8.4010e+03	1.1e+01	4.6277e-01	5.3e-02
8.4033e+03	1.1e+01	4.6044e-01	5.1e-02
8.4057e+03	1.1e+01	4.5251e-01	5.0e-02
8.4081e+03	1.1e+01	4.5797e-01	5.1e-02
8.4104e+03	1.1e+01	4.6255e-01	5.2e-02
8.4128e+03	1.1e+01	4.6251e-01	5.2e-02
8.4152e+03	1.1e+01	4.7667e-01	5.4e-02
8.4175e+03	1.1e+01	4.7245e-01	5.2e-02
8.4199e+03	1.1e+01	4.5530e-01	4.9e-02
8.4223e+03	1.1e+01	4.6053e-01	4.9e-02
8.4247e+03	1.1e+01	4.7971e-01	5.4e-02
8.4270e+03	1.1e+01	4.7735e-01	5.4e-02
8.4294e+03	1.1e+01	4.6206e-01	5.1e-02
8.4318e+03	1.1e+01	4.8948e-01	5.7e-02
8.4341e+03	1.1e+01	4.7539e-01	5.2e-02
8.4365e+03	1.1e+01	4.7421e-01	5.3e-02
8.4389e+03	1.1e+01	4.7610e-01	5.4e-02
8.4412e+03	1.1e+01	4.9546e-01	5.6e-02
8.4436e+03	1.1e+01	4.9103e-01	5.5e-02
8.4460e+03	1.1e+01	4.8877e-01	5.4e-02
8.4483e+03	1.1e+01	4.7774e-01	5.4e-02
8.4507e+03	1.1e+01	4.9606e-01	5.6e-02
8.4531e+03	1.1e+01	4.8685e-01	5.4e-02
8.4554e+03	1.1e+01	4.8820e-01	5.5e-02
8.4578e+03	1.1e+01	4.8657e-01	5.5e-02
8.4602e+03	1.1e+01	4.9122e-01	5.4e-02
8.4625e+03	1.1e+01	4.9594e-01	5.5e-02
8.4649e+03	1.1e+01	4.8862e-01	5.5e-02
8.4673e+03	1.1e+01	4.9917e-01	5.7e-02
8.4697e+03	1.1e+01	5.0071e-01	5.6e-02
8.4720e+03	1.1e+01	5.0698e-01	5.8e-02
8.4744e+03	1.1e+01	4.9079e-01	5.5e-02
8.4768e+03	1.1e+01	4.8652e-01	5.3e-02
8.4791e+03	1.1e+01	5.0814e-01	5.7e-02
8.4815e+03	1.1e+01	5.0772e-01	5.7e-02
8.4839e+03	1.1e+01	5.1315e-01	5.8e-02
8.4862e+03	1.1e+01	4.9949e-01	5.5e-02
8.4886e+03	1.1e+01	5.0515e-01	5.7e-02
8.4910e+03	1.1e+01	5.1278e-01	5.8e-02
8.4933e+03	1.1e+01	5.0407e-01	5.6e-02
8.4957e+03	1.1e+01	5.0122e-01	5.7e-02
8.4981e+03	1.1e+01	5.0613e-01	5.7e-02
8.5004e+03	1.1e+01	5.1950e-01	5.9e-02
8.5028e+03	1.1e+01	5.1012e-01	5.6e-02
8.5052e+03	1.1e+01	5.2267e-01	5.9e-02
8.5075e+03	1.2e+01	5.3078e-01	5.9e-02
8.5099e+03	1.2e+01	5.3576e-01	6.2e-02
8.5122e+03	1.2e+01	5.2365e-01	5.9e-02
8.5146e+03	1.2e+01	5.1671e-01	5.8e-02
8.5170e+03	1.2e+01	5.1343e-01	5.7e-02
8.5193e+03	1.2e+01	5.3784e-01	6.2e-02
8.5217e+03	1.2e+01	5.2867e-01	6.0e-02
8.5241e+03	1.2e+01	5.2457e-01	5.8e-02
