# lambda [A]	Dlambda [A]	specval [counts]	Dspecval [counts]
4.1683e+03	2.5e+00	3.20011e+02	2.0e+01
4.1718e+03	2.5e+00	3.12535e+02	2.0e+01
4.1753e+03	2.5e+00	2.78927e+02	1.7e+01
4.1788e+03	2.5e+00	3.60146e+02	2.0e+01
4.1823e+03	2.5e+00	4.27562e+02	1.8e+01
4.1858e+03	2.5e+00	4.96704e+02	1.9e+01
4.1893e+03	2.5e+00	5.57910e+02	2.2e+01
4.1928e+03	2.5e+00	8.14146e+02	2.9e+01
4.1963e+03	2.5e+00	1.22089e+03	2.6e+01
4.1999e+03	2.5e+00	1.27844e+03	2.6e+01
4.2034e+03	2.5e+00	9.85500e+02	2.6e+01
4.2069e+03	2.5e+00	4.67377e+02	2.9e+01
4.2104e+03	2.5e+00	3.00555e+02	8.5e+00
4.2139e+03	2.5e+00	2.98575e+02	1.1e+01
4.2174e+03	2.5e+00	2.96423e+02	1.4e+01
4.2209e+03	2.5e+00	3.14056e+02	1.1e+01
4.2244e+03	2.5e+00	3.35796e+02	1.7e+01
4.2280e+03	2.5e+00	3.33876e+02	1.8e+01
4.2315e+03	2.5e+00	3.19477e+02	1.8e+01
4.2350e+03	2.5e+00	2.82353e+02	1.1e+01
4.2385e+03	2.5e+00	2.56944e+02	1.8e+01
4.2420e+03	2.5e+00	2.21384e+02	1.6e+01
4.2456e+03	2.5e+00	2.31267e+02	2.0e+01
4.2491e+03	2.5e+00	2.42503e+02	1.2e+01
4.2526e+03	2.5e+00	3.72342e+02	1.6e+01
4.2561e+03	2.5e+00	6.42538e+02	1.4e+01
4.2596e+03	2.5e+00	7.37508e+02	2.4e+01
4.2631e+03	2.5e+00	6.52023e+02	2.3e+01
4.2667e+03	2.5e+00	4.96088e+02	2.6e+01
4.2702e+03	2.5e+00	4.99238e+02	2.3e+01
4.2737e+03	2.5e+00	6.24493e+02	2.0e+01
4.2772e+03	2.5e+00	5.95358e+02	1.1e+01
4.2808e+03	2.5e+00	4.54661e+02	1.5e+01
4.2843e+03	2.5e+00	2.76088e+02	1.5e+01
4.2878e+03	2.5e+00	1.73192e+02	1.2e+01
4.2913e+03	2.5e+00	1.74268e+02	1.3e+01
4.2948e+03	2.5e+00	2.60122e+02	1.4e+01
4.2984e+03	2.5e+00	2.99945e+02	1.5e+01
4.3019e+03	2.5e+00	2.75503e+02	1.3e+01
4.3054e+03	2.5e+00	2.60228e+02	1.1e+01
4.3090e+03	2.5e+00	2.30986e+02	8.4e+00
4.3125e+03	2.5e+00	2.28762e+02	1.3e+01
4.3160e+03	2.5e+00	2.04623e+02	1.5e+01
4.3195e+03	2.5e+00	1.82165e+02	1.6e+01
4.3231e+03	2.5e+00	2.15547e+02	9.3e+00
4.3266e+03	2.5e+00	3.07171e+02	1.1e+01
4.3301e+03	2.5e+00	4.66788e+02	2.7e+01
4.3336e+03	2.5e+00	5.18184e+02	2.0e+01
4.3372e+03	2.5e+00	4.80173e+02	9.7e+00
4.3407e+03	2.5e+00	4.21016e+02	1.1e+01
4.3442e+03	2.5e+00	4.79404e+02	9.9e+00
4.3478e+03	2.5e+00	4.72799e+02	1.8e+01
4.3513e+03	2.5e+00	3.98601e+02	1.5e+01
4.3548e+03	2.5e+00	2.78050e+02	8.1e+00
4.3584e+03	2.5e+00	2.47285e+02	1.3e+01
4.3619e+03	2.5e+00	2.57658e+02	1.2e+01
4.3654e+03	2.5e+00	3.33292e+02	8.3e+00
4.3689e+03	2.5e+00	3.97261e+02	1.1e+01
4.3725e+03	2.5e+00	4.48640e+02	7.6e+00
4.3760e+03	2.5e+00	4.25855e+02	9.2e+00
4.3795e+03	2.5e+00	3.49055e+02	1.1e+01
4.3831e+03	2.5e+00	3.12806e+02	8.5e+00
4.3866e+03	2.5e+00	2.32740e+02	9.7e+00
4.3902e+03	2.6e+00	2.08470e+02	1.0e+01
4.3937e+03	2.6e+00	2.02052e+02	1.3e+01
4.3972e+03	2.6e+00	2.44650e+02	1.4e+01
4.4008e+03	2.6e+00	2.29865e+02	1.6e+01
4.4043e+03	2.6e+00	2.04285e+02	1.2e+01
4.4078e+03	2.6e+00	1.83717e+02	7.9e+00
4.4114e+03	2.6e+00	1.51878e+02	7.1e+00
4.4149e+03	2.6e+00	1.52247e+02	7.0e+00
4.4184e+03	2.6e+00	1.68948e+02	7.5e+00
4.4220e+03	2.6e+00	2.44992e+02	1.4e+01
4.4255e+03	2.6e+00	3.32210e+02	1.0e+01
4.4291e+03	2.6e+00	3.28232e+02	1.3e+01
4.4326e+03	2.6e+00	2.46935e+02	1.1e+01
4.4361e+03	2.6e+00	1.71875e+02	1.1e+01
4.4397e+03	2.6e+00	1.61958e+02	6.9e+00
4.4432e+03	2.6e+00	1.83176e+02	9.6e+00
4.4467e+03	2.6e+00	1.80321e+02	1.5e+01
4.4503e+03	2.6e+00	1.71431e+02	7.9e+00
4.4538e+03	2.6e+00	1.55782e+02	5.1e+00
4.4574e+03	2.6e+00	1.54230e+02	8.2e+00
4.4609e+03	2.6e+00	1.49843e+02	1.2e+01
4.4645e+03	2.6e+00	1.72662e+02	1.2e+01
4.4680e+03	2.6e+00	1.98184e+02	5.8e+00
4.4715e+03	2.6e+00	2.31668e+02	8.6e+00
4.4751e+03	2.6e+00	2.57270e+02	9.1e+00
4.4786e+03	2.6e+00	2.28797e+02	1.5e+01
4.4822e+03	2.6e+00	2.42370e+02	7.5e+00
4.4857e+03	2.6e+00	2.23090e+02	1.3e+01
4.4892e+03	2.6e+00	2.08488e+02	8.2e+00
4.4928e+03	2.6e+00	2.25144e+02	6.3e+00
4.4963e+03	2.6e+00	2.82373e+02	8.9e+00
4.4999e+03	2.6e+00	3.28067e+02	5.1e+00
4.5034e+03	2.6e+00	3.84179e+02	1.5e+01
4.5070e+03	2.6e+00	4.41620e+02	1.1e+01
4.5105e+03	2.6e+00	4.44551e+02	1.1e+01
4.5141e+03	2.6e+00	3.25511e+02	1.1e+01
4.5176e+03	2.6e+00	2.11369e+02	1.3e+01
4.5211e+03	2.6e+00	1.79789e+02	1.2e+01
4.5247e+03	2.6e+00	1.94690e+02	9.0e+00
4.5282e+03	2.6e+00	1.99927e+02	1.0e+01
4.5318e+03	2.6e+00	1.70121e+02	7.8e+00
4.5353e+03	2.6e+00	1.64922e+02	9.6e+00
4.5389e+03	2.6e+00	2.31711e+02	7.1e+00
4.5424e+03	2.6e+00	3.22983e+02	9.1e+00
4.5460e+03	2.6e+00	3.25851e+02	1.0e+01
4.5495e+03	2.6e+00	2.51307e+02	7.4e+00
4.5531e+03	2.6e+00	1.55473e+02	7.7e+00
4.5566e+03	2.6e+00	1.46318e+02	6.1e+00
4.5602e+03	2.6e+00	1.42933e+02	7.7e+00
4.5637e+03	2.6e+00	1.36566e+02	2.9e+00
4.5673e+03	2.6e+00	1.46647e+02	5.7e+00
4.5708e+03	2.6e+00	1.58250e+02	6.4e+00
4.5744e+03	2.6e+00	1.84770e+02	9.5e+00
4.5779e+03	2.6e+00	2.24278e+02	1.6e+01
4.5815e+03	2.6e+00	2.20958e+02	1.4e+01
4.5850e+03	2.6e+00	2.25692e+02	1.0e+01
4.5886e+03	2.6e+00	2.32540e+02	8.0e+00
4.5921e+03	2.6e+00	2.24487e+02	9.7e+00
4.5957e+03	2.6e+00	1.94700e+02	8.6e+00
4.5992e+03	2.6e+00	1.58289e+02	6.6e+00
4.6028e+03	2.6e+00	2.10294e+02	1.1e+01
4.6063e+03	2.6e+00	2.88995e+02	1.3e+01
4.6099e+03	2.6e+00	2.76935e+02	5.5e+00
4.6134e+03	2.6e+00	2.26867e+02	1.2e+01
4.6170e+03	2.6e+00	1.40834e+02	9.5e+00
4.6205e+03	2.6e+00	1.08806e+02	6.1e+00
4.6241e+03	2.6e+00	1.08697e+02	5.3e+00
4.6276e+03	2.6e+00	1.06138e+02	5.0e+00
4.6312e+03	2.6e+00	1.03090e+02	8.3e+00
4.6347e+03	2.6e+00	1.09003e+02	4.3e+00
4.6383e+03	2.6e+00	1.17314e+02	1.1e+01
4.6418e+03	2.6e+00	1.06958e+02	2.7e+00
4.6454e+03	2.6e+00	1.07526e+02	5.6e+00
4.6489e+03	2.6e+00	1.16309e+02	8.5e+00
4.6525e+03	2.6e+00	1.91148e+02	8.8e+00
4.6560e+03	2.6e+00	2.47008e+02	6.2e+00
4.6596e+03	2.6e+00	2.42225e+02	5.8e+00
4.6631e+03	2.6e+00	1.72733e+02	5.1e+00
4.6667e+03	2.6e+00	1.24709e+02	4.4e+00
4.6703e+03	2.6e+00	1.18053e+02	4.1e+00
4.6738e+03	2.6e+00	1.31957e+02	7.0e+00
4.6774e+03	2.6e+00	1.21230e+02	4.6e+00
4.6809e+03	2.6e+00	1.32569e+02	5.8e+00
4.6845e+03	2.6e+00	1.29241e+02	6.0e+00
4.6880e+03	2.6e+00	1.11313e+02	2.6e+00
4.6916e+03	2.6e+00	1.11494e+02	5.4e+00
4.6951e+03	2.6e+00	1.05170e+02	4.1e+00
4.6987e+03	2.6e+00	1.15568e+02	7.7e+00
4.7022e+03	2.6e+00	1.16919e+02	1.2e+01
4.7058e+03	2.6e+00	1.20969e+02	5.9e+00
4.7093e+03	2.6e+00	1.18413e+02	4.3e+00
4.7129e+03	2.6e+00	1.19253e+02	5.9e+00
4.7165e+03	2.6e+00	1.18046e+02	5.1e+00
4.7200e+03	2.6e+00	1.28397e+02	1.1e+01
4.7236e+03	2.6e+00	1.60619e+02	8.0e+00
4.7271e+03	2.6e+00	1.85604e+02	6.9e+00
4.7307e+03	2.6e+00	1.89074e+02	3.5e+00
4.7342e+03	2.6e+00	1.56110e+02	7.8e+00
4.7378e+03	2.6e+00	1.40083e+02	8.7e+00
4.7413e+03	2.6e+00	1.07575e+02	5.0e+00
4.7449e+03	2.6e+00	8.77005e+01	7.1e+00
4.7485e+03	2.6e+00	7.93589e+01	6.0e+00
4.7520e+03	2.6e+00	9.88605e+01	4.7e+00
4.7556e+03	2.6e+00	1.02365e+02	4.5e+00
4.7591e+03	2.6e+00	1.66209e+02	8.9e+00
4.7627e+03	2.6e+00	2.76237e+02	1.5e+01
4.7662e+03	2.6e+00	2.75535e+02	1.1e+01
4.7698e+03	2.6e+00	2.15692e+02	8.2e+00
4.7734e+03	2.6e+00	1.03044e+02	8.1e+00
4.7769e+03	2.6e+00	8.08769e+01	5.7e+00
4.7805e+03	2.6e+00	7.93529e+01	4.1e+00
4.7840e+03	2.6e+00	9.71295e+01	7.5e+00
4.7876e+03	2.6e+00	7.70559e+01	3.8e+00
4.7911e+03	2.6e+00	9.18117e+01	3.8e+00
4.7947e+03	2.6e+00	1.06116e+02	7.7e+00
4.7983e+03	2.6e+00	1.17202e+02	5.8e+00
4.8018e+03	2.6e+00	1.55959e+02	4.2e+00
4.8054e+03	2.6e+00	1.99863e+02	9.2e+00
4.8089e+03	2.6e+00	2.03372e+02	5.4e+00
4.8125e+03	2.6e+00	1.84869e+02	8.0e+00
4.8160e+03	2.6e+00	1.83658e+02	9.6e+00
4.8196e+03	2.6e+00	2.11105e+02	9.2e+00
4.8232e+03	2.6e+00	2.43218e+02	1.2e+01
4.8267e+03	2.6e+00	2.74520e+02	8.0e+00
4.8303e+03	2.6e+00	2.73225e+02	3.6e+00
4.8338e+03	2.6e+00	2.52618e+02	7.2e+00
4.8374e+03	2.6e+00	1.78554e+02	6.7e+00
4.8409e+03	2.6e+00	1.18692e+02	3.7e+00
4.8445e+03	2.6e+00	1.12373e+02	5.2e+00
4.8481e+03	2.6e+00	1.11826e+02	4.0e+00
4.8516e+03	2.6e+00	1.03293e+02	4.5e+00
4.8552e+03	2.6e+00	1.33740e+02	8.5e+00
4.8587e+03	2.6e+00	2.20661e+02	8.2e+00
4.8623e+03	2.6e+00	2.49910e+02	8.9e+00
4.8658e+03	2.6e+00	2.02427e+02	1.0e+01
4.8694e+03	2.6e+00	1.22478e+02	5.0e+00
4.8730e+03	2.6e+00	1.08425e+02	1.8e+00
4.8765e+03	2.6e+00	1.79031e+02	8.0e+00
4.8801e+03	2.6e+00	2.08859e+02	6.0e+00
4.8836e+03	2.6e+00	1.77065e+02	5.9e+00
4.8872e+03	2.6e+00	1.48643e+02	6.1e+00
4.8907e+03	2.6e+00	1.15840e+02	7.2e+00
4.8943e+03	2.6e+00	1.03216e+02	8.7e+00
4.8979e+03	2.6e+00	8.91261e+01	5.8e+00
4.9014e+03	2.6e+00	8.62575e+01	4.9e+00
4.9050e+03	2.6e+00	8.19241e+01	4.4e+00
4.9085e+03	2.6e+00	8.41340e+01	3.9e+00
4.9121e+03	2.6e+00	7.56423e+01	4.1e+00
4.9156e+03	2.6e+00	7.13783e+01	3.3e+00
4.9192e+03	2.6e+00	8.05471e+01	6.6e+00
4.9228e+03	2.6e+00	8.71268e+01	5.6e+00
4.9263e+03	2.6e+00	8.64184e+01	5.1e+00
4.9299e+03	2.6e+00	7.56676e+01	3.0e+00
4.9334e+03	2.6e+00	6.42105e+01	4.3e+00
4.9370e+03	2.6e+00	7.53872e+01	4.8e+00
4.9405e+03	2.6e+00	6.73191e+01	3.7e+00
4.9441e+03	2.6e+00	5.83021e+01	3.8e+00
4.9477e+03	2.6e+00	5.55579e+01	3.8e+00
4.9512e+03	2.6e+00	6.61111e+01	5.5e+00
4.9548e+03	2.6e+00	6.46430e+01	2.6e+00
4.9583e+03	2.6e+00	7.57669e+01	4.3e+00
4.9619e+03	2.6e+00	8.41240e+01	4.7e+00
4.9654e+03	2.6e+00	1.03271e+02	3.9e+00
4.9690e+03	2.6e+00	1.02275e+02	3.3e+00
4.9725e+03	2.6e+00	8.11173e+01	4.4e+00
4.9761e+03	2.6e+00	6.59629e+01	2.1e+00
4.9797e+03	2.6e+00	6.02651e+01	5.7e+00
4.9832e+03	2.6e+00	6.52782e+01	2.4e+00
4.9868e+03	2.6e+00	6.20715e+01	3.9e+00
4.9903e+03	2.6e+00	5.57793e+01	3.1e+00
4.9939e+03	2.6e+00	5.85958e+01	4.8e+00
4.9974e+03	2.6e+00	6.62281e+01	3.8e+00
5.0010e+03	2.6e+00	6.98217e+01	1.4e+00
5.0046e+03	2.6e+00	6.53095e+01	5.6e+00
5.0081e+03	2.6e+00	7.38021e+01	2.7e+00
5.0117e+03	2.6e+00	8.79742e+01	6.2e+00
5.0152e+03	2.6e+00	1.03637e+02	3.0e+00
5.0188e+03	2.6e+00	9.59125e+01	4.7e+00
5.0223e+03	2.6e+00	7.74098e+01	3.8e+00
5.0259e+03	2.6e+00	4.75048e+01	3.8e+00
5.0294e+03	2.6e+00	5.38146e+01	3.1e+00
5.0330e+03	2.6e+00	6.20985e+01	2.5e+00
5.0365e+03	2.6e+00	5.79084e+01	7.6e+00
5.0401e+03	2.6e+00	5.81502e+01	4.2e+00
5.0437e+03	2.6e+00	6.74709e+01	5.0e+00
5.0472e+03	2.6e+00	6.32508e+01	3.3e+00
5.0508e+03	2.6e+00	7.51032e+01	4.2e+00
5.0543e+03	2.6e+00	7.70757e+01	4.5e+00
5.0579e+03	2.6e+00	7.64688e+01	5.2e+00
5.0614e+03	2.6e+00	7.91017e+01	4.9e+00
5.0650e+03	2.6e+00	8.59082e+01	5.1e+00
5.0685e+03	2.6e+00	7.66277e+01	2.1e+00
5.0721e+03	2.6e+00	6.28469e+01	3.5e+00
5.0756e+03	2.6e+00	7.34881e+01	3.6e+00
5.0792e+03	2.6e+00	7.40373e+01	4.2e+00
5.0827e+03	2.6e+00	6.55775e+01	4.8e+00
5.0863e+03	2.6e+00	6.17058e+01	4.1e+00
5.0898e+03	2.6e+00	5.61458e+01	4.5e+00
5.0934e+03	2.6e+00	5.40120e+01	4.5e+00
5.0970e+03	2.6e+00	4.80714e+01	3.6e+00
5.1005e+03	2.6e+00	4.42946e+01	3.3e+00
5.1041e+03	2.6e+00	4.67023e+01	2.7e+00
5.1076e+03	2.6e+00	4.45514e+01	2.4e+00
5.1112e+03	2.6e+00	4.19856e+01	3.0e+00
5.1147e+03	2.6e+00	4.22288e+01	4.1e+00
5.1183e+03	2.6e+00	5.30726e+01	4.2e+00
5.1218e+03	2.6e+00	5.86697e+01	3.8e+00
5.1254e+03	2.6e+00	5.97895e+01	1.7e+00
5.1289e+03	2.6e+00	5.28582e+01	2.6e+00
5.1325e+03	2.6e+00	5.58271e+01	2.7e+00
5.1360e+03	2.6e+00	5.76289e+01	3.5e+00
5.1396e+03	2.6e+00	6.90708e+01	5.0e+00
5.1431e+03	2.6e+00	7.32599e+01	2.6e+00
5.1467e+03	2.6e+00	8.03416e+01	2.8e+00
5.1502e+03	2.6e+00	7.30642e+01	3.1e+00
5.1538e+03	2.6e+00	7.23495e+01	5.5e+00
5.1573e+03	2.6e+00	7.94619e+01	3.7e+00
5.1609e+03	2.6e+00	8.55961e+01	6.0e+00
5.1644e+03	2.6e+00	9.64546e+01	2.4e+00
5.1680e+03	2.6e+00	9.83859e+01	3.9e+00
5.1715e+03	2.6e+00	9.89119e+01	1.6e+00
5.1751e+03	2.6e+00	9.36971e+01	3.4e+00
5.1786e+03	2.6e+00	1.02248e+02	4.9e+00
5.1821e+03	2.6e+00	1.21164e+02	2.1e+00
5.1857e+03	2.6e+00	1.42903e+02	5.1e+00
5.1892e+03	2.6e+00	1.75302e+02	8.2e+00
5.1928e+03	2.6e+00	1.86073e+02	6.4e+00
5.1963e+03	2.6e+00	1.81214e+02	5.7e+00
5.1999e+03	2.6e+00	1.37348e+02	4.8e+00
5.2034e+03	2.6e+00	8.68297e+01	5.4e+00
5.2070e+03	2.6e+00	4.21550e+01	4.4e+00
5.2105e+03	2.6e+00	3.43959e+01	3.1e+00
5.2141e+03	2.6e+00	3.71227e+01	4.8e+00
5.2176e+03	2.6e+00	3.70567e+01	3.9e+00
5.2212e+03	2.6e+00	3.63833e+01	1.8e+00
5.2247e+03	2.6e+00	4.22954e+01	4.5e+00
5.2282e+03	2.6e+00	3.95826e+01	2.0e+00
5.2318e+03	2.6e+00	3.81651e+01	3.2e+00
5.2353e+03	2.6e+00	3.44362e+01	2.4e+00
5.2389e+03	2.6e+00	3.32253e+01	3.0e+00
5.2424e+03	2.6e+00	3.84828e+01	2.4e+00
5.2460e+03	2.6e+00	4.19601e+01	2.5e+00
5.2495e+03	2.6e+00	4.83187e+01	3.2e+00
5.2531e+03	2.6e+00	4.79727e+01	3.7e+00
5.2566e+03	2.6e+00	4.94689e+01	2.8e+00
5.2601e+03	2.6e+00	4.86831e+01	1.9e+00
5.2637e+03	2.6e+00	4.21423e+01	1.6e+00
5.2672e+03	2.6e+00	4.37539e+01	2.6e+00
5.2708e+03	2.6e+00	4.18102e+01	2.2e+00
5.2743e+03	2.6e+00	3.88313e+01	2.7e+00
5.2778e+03	2.6e+00	3.42567e+01	2.2e+00
5.2814e+03	2.6e+00	3.43852e+01	2.4e+00
5.2849e+03	2.6e+00	3.55972e+01	7.5e-01
5.2885e+03	2.6e+00	4.00232e+01	2.7e+00
5.2920e+03	2.6e+00	3.47331e+01	1.6e+00
5.2955e+03	2.6e+00	3.06952e+01	2.4e+00
5.2991e+03	2.6e+00	3.05528e+01	3.0e+00
5.3026e+03	2.6e+00	3.16743e+01	3.1e+00
5.3062e+03	2.6e+00	3.16513e+01	2.6e+00
5.3097e+03	2.6e+00	3.25299e+01	3.0e+00
5.3132e+03	2.6e+00	3.66486e+01	2.3e+00
5.3168e+03	2.6e+00	3.87129e+01	2.4e+00
5.3203e+03	2.6e+00	3.20739e+01	2.8e+00
5.3239e+03	2.6e+00	3.30247e+01	1.6e+00
5.3274e+03	2.6e+00	3.62162e+01	1.2e+00
5.3309e+03	2.6e+00	3.88596e+01	2.4e+00
5.3345e+03	2.6e+00	4.15111e+01	2.4e+00
5.3380e+03	2.6e+00	4.80336e+01	2.5e+00
5.3415e+03	2.6e+00	4.64860e+01	2.0e+00
5.3451e+03	2.6e+00	3.93656e+01	4.2e+00
5.3486e+03	2.6e+00	4.21875e+01	2.7e+00
5.3521e+03	2.6e+00	3.52124e+01	3.7e+00
5.3557e+03	2.6e+00	3.60740e+01	3.4e+00
5.3592e+03	2.6e+00	3.46698e+01	3.3e+00
5.3627e+03	2.6e+00	3.28475e+01	3.4e+00
5.3663e+03	2.6e+00	3.17829e+01	3.1e+00
5.3698e+03	2.6e+00	2.95955e+01	2.5e+00
5.3733e+03	2.6e+00	3.37897e+01	3.1e+00
5.3769e+03	2.6e+00	2.96658e+01	1.8e+00
5.3804e+03	2.6e+00	3.09137e+01	3.0e+00
5.3839e+03	2.6e+00	2.54926e+01	2.9e+00
5.3875e+03	2.6e+00	2.80166e+01	2.1e+00
5.3910e+03	2.6e+00	2.78001e+01	1.4e+00
5.3945e+03	2.6e+00	2.73640e+01	3.0e+00
5.3981e+03	2.6e+00	3.52293e+01	4.1e+00
5.4016e+03	2.6e+00	5.13973e+01	2.7e+00
5.4051e+03	2.6e+00	5.38637e+01	2.9e+00
5.4086e+03	2.6e+00	4.45780e+01	1.3e+00
5.4122e+03	2.6e+00	3.08052e+01	1.1e+00
5.4157e+03	2.6e+00	2.38416e+01	2.7e+00
5.4192e+03	2.6e+00	2.63472e+01	2.5e+00
5.4228e+03	2.6e+00	2.68351e+01	2.4e+00
5.4263e+03	2.6e+00	2.55482e+01	3.9e+00
5.4298e+03	2.6e+00	2.75076e+01	3.1e+00
5.4333e+03	2.6e+00	2.75884e+01	1.7e+00
5.4369e+03	2.6e+00	2.62001e+01	3.8e+00
5.4404e+03	2.6e+00	2.84974e+01	1.7e+00
5.4439e+03	2.6e+00	2.92350e+01	3.0e+00
5.4474e+03	2.6e+00	2.74273e+01	1.1e+00
5.4510e+03	2.6e+00	2.63076e+01	2.3e+00
5.4545e+03	2.6e+00	2.92452e+01	2.4e+00
5.4580e+03	2.6e+00	3.20782e+01	1.8e+00
5.4615e+03	2.6e+00	2.94020e+01	1.3e+00
5.4651e+03	2.6e+00	2.40391e+01	3.3e+00
5.4686e+03	2.6e+00	2.63260e+01	1.8e+00
5.4721e+03	2.6e+00	2.20724e+01	2.8e+00
5.4756e+03	2.6e+00	2.13144e+01	1.0e+00
5.4792e+03	2.6e+00	1.69271e+01	1.9e+00
5.4827e+03	2.6e+00	1.97338e+01	2.1e+00
5.4862e+03	2.6e+00	2.01600e+01	2.1e+00
5.4897e+03	2.6e+00	1.81669e+01	1.4e+00
5.4932e+03	2.6e+00	2.66472e+01	2.6e+00
5.4968e+03	2.6e+00	3.98919e+01	2.6e+00
5.5003e+03	2.6e+00	4.17917e+01	4.0e+00
5.5038e+03	2.6e+00	3.47406e+01	2.6e+00
5.5073e+03	2.6e+00	3.40242e+01	3.0e+00
5.5108e+03	2.6e+00	2.28842e+01	1.8e+00
5.5143e+03	2.6e+00	2.26288e+01	1.3e+00
5.5179e+03	2.6e+00	2.24789e+01	1.6e+00
5.5214e+03	2.6e+00	1.84193e+01	2.0e+00
5.5249e+03	2.6e+00	1.92333e+01	3.0e+00
5.5284e+03	2.6e+00	2.17054e+01	2.4e+00
5.5319e+03	2.6e+00	2.25849e+01	1.2e+00
5.5354e+03	2.6e+00	2.05160e+01	1.5e+00
5.5390e+03	2.6e+00	2.40171e+01	2.4e+00
5.5425e+03	2.6e+00	2.59224e+01	2.3e+00
5.5460e+03	2.6e+00	2.51300e+01	2.6e+00
5.5495e+03	2.6e+00	1.95897e+01	2.4e+00
5.5530e+03	2.6e+00	2.43341e+01	3.3e+00
5.5565e+03	2.6e+00	3.71456e+01	2.6e+00
5.5600e+03	2.6e+00	5.34584e+01	2.6e+00
5.5635e+03	2.6e+00	5.10642e+01	2.9e+00
5.5671e+03	2.6e+00	4.99604e+01	2.5e+00
5.5706e+03	2.6e+00	4.72256e+01	1.4e+00
5.5741e+03	2.6e+00	4.23277e+01	2.7e+00
5.5776e+03	2.6e+00	4.24495e+01	2.0e+00
5.5811e+03	2.6e+00	4.66980e+01	2.0e+00
5.5846e+03	2.6e+00	4.02455e+01	3.0e+00
5.5881e+03	2.6e+00	4.56047e+01	3.2e+00
5.5916e+03	2.6e+00	5.11951e+01	2.4e+00
5.5951e+03	2.6e+00	5.45055e+01	2.8e+00
5.5986e+03	2.6e+00	6.22776e+01	2.7e+00
5.6021e+03	2.6e+00	6.93444e+01	2.7e+00
5.6056e+03	2.6e+00	8.42217e+01	2.1e+00
5.6091e+03	2.6e+00	9.30491e+01	2.7e+00
5.6126e+03	2.6e+00	8.33108e+01	3.0e+00
5.6162e+03	2.6e+00	6.01661e+01	2.6e+00
5.6197e+03	2.6e+00	3.48247e+01	3.0e+00
5.6232e+03	2.6e+00	1.99884e+01	1.2e+00
5.6267e+03	2.6e+00	2.43959e+01	2.7e+00
5.6302e+03	2.6e+00	2.36759e+01	1.6e+00
5.6337e+03	2.6e+00	2.48188e+01	2.4e+00
5.6372e+03	2.6e+00	2.39169e+01	2.0e+00
5.6407e+03	2.6e+00	2.57573e+01	1.3e+00
5.6442e+03	2.6e+00	2.98796e+01	1.1e+00
5.6477e+03	2.6e+00	2.71952e+01	3.3e+00
5.6512e+03	2.6e+00	3.02734e+01	2.7e+00
5.6547e+03	2.6e+00	4.11639e+01	2.6e+00
5.6582e+03	2.6e+00	4.10728e+01	2.8e+00
5.6617e+03	2.6e+00	3.84432e+01	2.3e+00
5.6652e+03	2.6e+00	3.24532e+01	2.5e+00
5.6687e+03	2.6e+00	2.96978e+01	1.7e+00
5.6721e+03	2.6e+00	3.42091e+01	2.5e+00
5.6756e+03	2.6e+00	4.01406e+01	2.1e+00
5.6791e+03	2.6e+00	4.20282e+01	2.8e+00
5.6826e+03	2.6e+00	4.53456e+01	2.5e+00
5.6861e+03	2.6e+00	4.40783e+01	4.2e+00
5.6896e+03	2.6e+00	4.28398e+01	9.3e-01
5.6931e+03	2.6e+00	4.56195e+01	2.8e+00
5.6966e+03	2.6e+00	4.18980e+01	2.9e+00
5.7001e+03	2.6e+00	4.01839e+01	2.6e+00
5.7036e+03	2.6e+00	3.17512e+01	2.8e+00
5.7071e+03	2.6e+00	2.80520e+01	3.1e+00
5.7106e+03	2.6e+00	2.55455e+01	2.5e+00
5.7141e+03	2.6e+00	2.89059e+01	1.7e+00
5.7175e+03	2.6e+00	2.20375e+01	1.9e+00
5.7210e+03	2.6e+00	2.51861e+01	1.7e+00
5.7245e+03	2.6e+00	1.77592e+01	2.7e+00
5.7280e+03	2.6e+00	2.37179e+01	2.1e+00
5.7315e+03	2.6e+00	2.19131e+01	9.8e-01
5.7350e+03	2.6e+00	1.99588e+01	1.3e+00
5.7385e+03	2.6e+00	2.51671e+01	2.1e+00
5.7420e+03	2.6e+00	2.79842e+01	1.2e+00
5.7454e+03	2.6e+00	2.82223e+01	2.0e+00
5.7489e+03	2.6e+00	2.88066e+01	2.7e+00
5.7524e+03	2.6e+00	2.68827e+01	2.6e+00
5.7559e+03	2.6e+00	2.50648e+01	2.4e+00
5.7594e+03	2.6e+00	2.56361e+01	2.1e+00
5.7629e+03	2.6e+00	2.79261e+01	2.5e+00
5.7663e+03	2.6e+00	3.27724e+01	1.4e+00
5.7698e+03	2.6e+00	3.90027e+01	3.1e+00
5.7733e+03	2.6e+00	3.72023e+01	3.1e+00
5.7768e+03	2.6e+00	2.68005e+01	2.3e+00
5.7803e+03	2.6e+00	1.85428e+01	2.3e+00
5.7837e+03	2.6e+00	2.43830e+01	1.5e+00
5.7872e+03	2.6e+00	2.60192e+01	1.9e+00
5.7907e+03	2.6e+00	2.30654e+01	2.9e+00
5.7942e+03	2.6e+00	2.18561e+01	1.7e+00
5.7976e+03	2.6e+00	1.73711e+01	2.5e+00
5.8011e+03	2.6e+00	2.32070e+01	2.4e+00
5.8046e+03	2.6e+00	2.28057e+01	1.7e+00
5.8081e+03	2.6e+00	2.36226e+01	1.8e+00
5.8115e+03	2.6e+00	2.49963e+01	2.4e+00
5.8150e+03	2.6e+00	2.77723e+01	2.1e+00
5.8185e+03	2.6e+00	2.82335e+01	2.6e+00
5.8219e+03	2.6e+00	2.89975e+01	2.5e+00
5.8254e+03	2.6e+00	2.90430e+01	2.6e+00
5.8289e+03	2.6e+00	2.84619e+01	2.6e+00
5.8324e+03	2.6e+00	2.45994e+01	2.6e+00
5.8358e+03	2.6e+00	2.39132e+01	1.3e+00
5.8393e+03	2.6e+00	3.27054e+01	1.2e+00
5.8428e+03	2.6e+00	4.91076e+01	5.1e+00
5.8462e+03	2.6e+00	1.11806e+02	7.5e+00
5.8497e+03	2.6e+00	3.05775e+02	2.7e+01
5.8532e+03	2.6e+00	9.71701e+02	6.8e+01
5.8566e+03	2.6e+00	1.50489e+03	2.4e+01
5.8601e+03	2.6e+00	1.34059e+03	3.2e+01
5.8636e+03	2.6e+00	7.31192e+02	4.9e+01
5.8670e+03	2.6e+00	7.99084e+01	1.8e+01
5.8705e+03	2.6e+00	3.33115e+01	4.2e+00
5.8739e+03	2.6e+00	3.83255e+01	2.0e+00
5.8774e+03	2.6e+00	5.96867e+01	3.0e+00
5.8809e+03	2.6e+00	8.29595e+01	3.6e+00
5.8843e+03	2.6e+00	1.17298e+02	3.8e+00
5.8878e+03	2.6e+00	1.03460e+02	2.6e+00
5.8912e+03	2.6e+00	8.60624e+01	4.3e+00
5.8947e+03	2.6e+00	5.12598e+01	3.8e+00
5.8982e+03	2.6e+00	3.02745e+01	1.4e+00
5.9016e+03	2.6e+00	2.20043e+01	2.4e+00
5.9051e+03	2.6e+00	2.35492e+01	2.2e+00
5.9085e+03	2.6e+00	3.34398e+01	3.0e+00
5.9120e+03	2.6e+00	3.49854e+01	2.4e+00
5.9154e+03	2.6e+00	4.62766e+01	1.8e+00
5.9189e+03	2.6e+00	4.07802e+01	2.3e+00
5.9223e+03	2.6e+00	3.21970e+01	2.6e+00
5.9258e+03	2.6e+00	2.19331e+01	1.0e+00
5.9293e+03	2.6e+00	2.38168e+01	1.2e+00
5.9327e+03	2.6e+00	2.53039e+01	1.8e+00
5.9362e+03	2.6e+00	2.77148e+01	2.0e+00
5.9396e+03	2.6e+00	3.65970e+01	2.2e+00
5.9431e+03	2.6e+00	4.64666e+01	3.0e+00
5.9465e+03	2.6e+00	1.07075e+02	7.9e+00
5.9499e+03	2.6e+00	1.28389e+02	4.1e+00
5.9534e+03	2.6e+00	1.00724e+02	5.0e+00
5.9568e+03	2.6e+00	4.94302e+01	3.9e+00
5.9603e+03	2.6e+00	1.47059e+01	2.1e+00
5.9637e+03	2.6e+00	1.72631e+01	1.4e+00
5.9672e+03	2.6e+00	1.75011e+01	1.5e+00
5.9706e+03	2.6e+00	2.14581e+01	1.9e+00
5.9741e+03	2.6e+00	3.14925e+01	2.8e+00
5.9775e+03	2.6e+00	3.82812e+01	3.0e+00
5.9809e+03	2.6e+00	4.59415e+01	2.7e+00
5.9844e+03	2.6e+00	4.03263e+01	2.1e+00
5.9878e+03	2.6e+00	3.12047e+01	2.2e+00
5.9913e+03	2.6e+00	2.48886e+01	2.3e+00
5.9947e+03	2.6e+00	2.69771e+01	1.4e+00
5.9981e+03	2.6e+00	1.98573e+01	1.8e+00
6.0016e+03	2.6e+00	2.09647e+01	1.4e+00
6.0050e+03	2.6e+00	2.26964e+01	2.0e+00
6.0084e+03	2.6e+00	2.58434e+01	1.6e+00
6.0119e+03	2.6e+00	2.52596e+01	1.0e+00
6.0153e+03	2.6e+00	2.58908e+01	2.1e+00
6.0187e+03	2.6e+00	2.60021e+01	1.6e+00
6.0222e+03	2.6e+00	3.08726e+01	2.5e+00
6.0256e+03	2.6e+00	3.50014e+01	1.6e+00
6.0290e+03	2.6e+00	4.99572e+01	3.3e+00
6.0325e+03	2.6e+00	9.07664e+01	5.1e+00
6.0359e+03	2.6e+00	1.06798e+02	3.0e+00
6.0393e+03	2.6e+00	1.01488e+02	4.2e+00
6.0428e+03	2.6e+00	7.30058e+01	2.8e+00
6.0462e+03	2.6e+00	4.92791e+01	2.3e+00
6.0496e+03	2.6e+00	5.06487e+01	1.9e+00
6.0530e+03	2.6e+00	4.58439e+01	1.5e+00
6.0565e+03	2.6e+00	3.68561e+01	1.6e+00
6.0599e+03	2.6e+00	3.96380e+01	3.4e+00
6.0633e+03	2.6e+00	4.57530e+01	2.6e+00
6.0667e+03	2.6e+00	4.37938e+01	1.9e+00
6.0702e+03	2.6e+00	5.36394e+01	1.8e+00
6.0736e+03	2.6e+00	8.59468e+01	5.2e+00
6.0770e+03	2.6e+00	1.29310e+02	4.5e+00
6.0804e+03	2.6e+00	1.30769e+02	5.3e+00
6.0838e+03	2.6e+00	9.53746e+01	3.7e+00
6.0873e+03	2.6e+00	4.52367e+01	4.1e+00
6.0907e+03	2.6e+00	3.19553e+01	2.9e+00
6.0941e+03	2.6e+00	6.34589e+01	5.7e+00
6.0975e+03	2.6e+00	1.47980e+02	5.1e+00
6.1009e+03	2.6e+00	1.79424e+02	4.9e+00
6.1043e+03	2.6e+00	1.44479e+02	3.4e+00
6.1078e+03	2.6e+00	6.53341e+01	4.0e+00
6.1112e+03	2.6e+00	1.86766e+01	2.2e+00
6.1146e+03	2.6e+00	2.65891e+01	2.6e+00
6.1180e+03	2.6e+00	2.47884e+01	1.7e+00
6.1214e+03	2.6e+00	2.45266e+01	2.5e+00
6.1248e+03	2.6e+00	2.20526e+01	2.2e+00
6.1282e+03	2.6e+00	2.21815e+01	2.0e+00
6.1316e+03	2.6e+00	2.58814e+01	2.7e+00
6.1350e+03	2.6e+00	3.02869e+01	3.1e+00
6.1384e+03	2.6e+00	4.63035e+01	3.2e+00
6.1419e+03	2.6e+00	1.16872e+02	6.9e+00
6.1453e+03	2.6e+00	2.10467e+02	6.1e+00
6.1487e+03	2.6e+00	2.12571e+02	6.0e+00
6.1521e+03	2.6e+00	1.53512e+02	7.3e+00
6.1555e+03	2.6e+00	5.11464e+01	5.7e+00
6.1589e+03	2.6e+00	2.90986e+01	2.0e+00
6.1623e+03	2.6e+00	5.39116e+01	2.9e+00
6.1657e+03	2.6e+00	8.59181e+01	3.1e+00
6.1691e+03	2.6e+00	8.82024e+01	2.7e+00
6.1725e+03	2.6e+00	7.45173e+01	3.6e+00
6.1759e+03	2.6e+00	3.70480e+01	3.1e+00
6.1793e+03	2.6e+00	2.84630e+01	2.2e+00
6.1827e+03	2.6e+00	2.28190e+01	1.7e+00
6.1861e+03	2.6e+00	1.23756e+01	1.6e+00
6.1895e+03	2.6e+00	1.46887e+01	1.8e+00
6.1928e+03	2.6e+00	1.18889e+01	1.7e+00
6.1962e+03	2.6e+00	7.20877e+00	1.6e+00
6.1996e+03	2.6e+00	1.15823e+01	1.4e+00
6.2030e+03	2.6e+00	1.04725e+01	2.5e+00
6.2064e+03	2.6e+00	8.42678e+00	1.5e+00
6.2098e+03	2.6e+00	1.23633e+01	2.1e+00
6.2132e+03	2.6e+00	2.09827e+01	2.5e+00
6.2166e+03	2.6e+00	3.70672e+01	2.8e+00
6.2200e+03	2.6e+00	4.45523e+01	1.3e+00
6.2234e+03	2.6e+00	3.61403e+01	2.2e+00
6.2267e+03	2.6e+00	2.17800e+01	2.6e+00
6.2301e+03	2.6e+00	7.39412e+00	1.9e+00
6.2335e+03	2.6e+00	1.14087e+01	2.1e+00
6.2369e+03	2.6e+00	9.14672e+00	1.7e+00
6.2403e+03	2.6e+00	9.68213e+00	2.4e+00
6.2437e+03	2.6e+00	7.41820e+00	1.2e+00
6.2470e+03	2.6e+00	1.05470e+01	1.8e+00
6.2504e+03	2.6e+00	1.38142e+01	1.2e+00
6.2538e+03	2.6e+00	1.16146e+01	1.4e+00
6.2572e+03	2.6e+00	1.78122e+01	1.4e+00
6.2605e+03	2.6e+00	2.43951e+01	1.1e+00
6.2639e+03	2.6e+00	5.92101e+01	3.9e+00
6.2673e+03	2.6e+00	1.23016e+02	6.7e+00
6.2707e+03	2.6e+00	1.26541e+02	3.5e+00
6.2740e+03	2.6e+00	9.38854e+01	3.5e+00
6.2774e+03	2.6e+00	2.85140e+01	3.3e+00
6.2808e+03	2.6e+00	1.10652e+01	1.3e+00
6.2842e+03	2.6e+00	9.45727e+00	1.4e+00
6.2875e+03	2.6e+00	8.35356e+00	9.7e-01
6.2909e+03	2.6e+00	1.06088e+01	1.9e+00
6.2943e+03	2.6e+00	1.36433e+01	1.2e+00
6.2976e+03	2.6e+00	1.90361e+01	1.5e+00
6.3010e+03	2.6e+00	2.69082e+01	1.7e+00
6.3044e+03	2.6e+00	3.64807e+01	3.4e+00
6.3077e+03	2.6e+00	3.97796e+01	3.0e+00
6.3111e+03	2.6e+00	3.28168e+01	2.8e+00
6.3145e+03	2.6e+00	2.12102e+01	1.9e+00
6.3178e+03	2.6e+00	9.83412e+00	1.6e+00
6.3212e+03	2.6e+00	1.01867e+01	1.2e+00
6.3245e+03	2.6e+00	1.43788e+01	1.1e+00
6.3279e+03	2.6e+00	2.08954e+01	1.4e+00
6.3313e+03	2.6e+00	4.20796e+01	2.4e+00
6.3346e+03	2.6e+00	8.22765e+01	3.5e+00
6.3380e+03	2.6e+00	7.92440e+01	1.4e+00
6.3413e+03	2.6e+00	5.66926e+01	5.1e+00
6.3447e+03	2.6e+00	1.77586e+01	1.8e+00
6.3480e+03	2.6e+00	9.06412e+00	1.6e+00
6.3514e+03	2.6e+00	7.08406e+00	2.3e+00
6.3548e+03	2.6e+00	8.14995e+00	2.2e+00
6.3581e+03	2.6e+00	8.10360e+00	9.4e-01
6.3615e+03	2.6e+00	8.04427e+00	2.2e+00
6.3648e+03	2.6e+00	1.20326e+01	1.6e+00
6.3682e+03	2.6e+00	1.23176e+01	2.0e+00
6.3715e+03	2.6e+00	1.80232e+01	1.3e+00
6.3748e+03	2.6e+00	2.67484e+01	7.5e-01
6.3782e+03	2.6e+00	4.74992e+01	3.5e+00
6.3815e+03	2.6e+00	1.13861e+02	6.7e+00
6.3849e+03	2.6e+00	1.35645e+02	5.3e+00
6.3882e+03	2.6e+00	1.24198e+02	8.0e+00
6.3916e+03	2.6e+00	7.29008e+01	7.0e+00
6.3949e+03	2.6e+00	5.44621e+01	4.6e+00
6.3982e+03	2.6e+00	1.47907e+02	1.1e+01
6.4016e+03	2.6e+00	2.70054e+02	9.3e+00
6.4049e+03	2.6e+00	2.75649e+02	5.4e+00
6.4083e+03	2.6e+00	2.04496e+02	1.1e+01
6.4116e+03	2.6e+00	6.59395e+01	8.9e+00
6.4149e+03	2.6e+00	3.91334e+01	4.2e+00
6.4183e+03	2.6e+00	4.11809e+01	1.9e+00
6.4216e+03	2.6e+00	3.20017e+01	2.7e+00
6.4249e+03	2.6e+00	1.86602e+01	2.0e+00
6.4283e+03	2.6e+00	1.39080e+01	1.9e+00
6.4316e+03	2.6e+00	1.40987e+01	2.0e+00
6.4349e+03	2.6e+00	1.61990e+01	2.0e+00
6.4383e+03	2.6e+00	1.48939e+01	1.8e+00
6.4416e+03	2.6e+00	1.55263e+01	1.5e+00
6.4449e+03	2.6e+00	1.60236e+01	1.7e+00
6.4482e+03	2.6e+00	1.24912e+01	2.2e+00
6.4516e+03	2.6e+00	1.61146e+01	1.4e+00
6.4549e+03	2.6e+00	1.16464e+01	1.2e+00
6.4582e+03	2.6e+00	1.36717e+01	1.0e+00
6.4615e+03	2.6e+00	1.62961e+01	2.1e+00
6.4649e+03	2.6e+00	1.66929e+01	2.2e+00
6.4682e+03	2.6e+00	1.71969e+01	1.6e+00
6.4715e+03	2.6e+00	1.84059e+01	1.5e+00
6.4748e+03	2.6e+00	1.35001e+01	3.3e+00
6.4781e+03	2.6e+00	1.59254e+01	2.7e+00
6.4814e+03	2.5e+00	1.59014e+01	2.4e+00
6.4848e+03	2.5e+00	1.59487e+01	1.3e+00
6.4881e+03	2.5e+00	1.29930e+01	2.0e+00
6.4914e+03	2.5e+00	1.51501e+01	2.0e+00
6.4947e+03	2.5e+00	1.85490e+01	2.1e+00
6.4980e+03	2.5e+00	3.32025e+01	2.7e+00
6.5013e+03	2.5e+00	8.26696e+01	6.1e+00
6.5046e+03	2.5e+00	1.30966e+02	3.9e+00
6.5079e+03	2.5e+00	1.26310e+02	4.6e+00
6.5113e+03	2.5e+00	9.05466e+01	6.4e+00
6.5146e+03	2.5e+00	2.26016e+01	2.9e+00
6.5179e+03	2.5e+00	1.53486e+01	1.4e+00
6.5212e+03	2.5e+00	1.67869e+01	2.2e+00
6.5245e+03	2.5e+00	2.33774e+01	1.4e+00
6.5278e+03	2.5e+00	3.48131e+01	2.1e+00
6.5311e+03	2.5e+00	5.01975e+01	2.4e+00
6.5344e+03	2.5e+00	5.49147e+01	1.8e+00
6.5377e+03	2.5e+00	3.81187e+01	2.8e+00
6.5410e+03	2.5e+00	1.65774e+01	2.0e+00
6.5443e+03	2.5e+00	1.95229e+01	3.0e+00
6.5476e+03	2.5e+00	3.97872e+01	2.2e+00
6.5509e+03	2.5e+00	6.96995e+01	3.7e+00
6.5542e+03	2.5e+00	1.27890e+02	1.4e+01
6.5575e+03	2.5e+00	3.04098e+02	1.9e+01
6.5607e+03	2.5e+00	4.06107e+02	4.8e+00
6.5640e+03	2.5e+00	3.72711e+02	8.9e+00
6.5673e+03	2.5e+00	1.99223e+02	1.2e+01
6.5706e+03	2.5e+00	3.29910e+01	6.3e+00
6.5739e+03	2.5e+00	1.90343e+01	2.0e+00
6.5772e+03	2.5e+00	1.61879e+01	1.9e+00
6.5805e+03	2.5e+00	1.82251e+01	9.0e-01
6.5838e+03	2.5e+00	1.93344e+01	1.4e+00
6.5870e+03	2.5e+00	2.52651e+01	2.3e+00
6.5903e+03	2.5e+00	4.47941e+01	4.8e+00
6.5936e+03	2.5e+00	8.90445e+01	4.3e+00
6.5969e+03	2.5e+00	1.05547e+02	4.0e+00
6.6002e+03	2.5e+00	9.07685e+01	5.7e+00
6.6035e+03	2.5e+00	5.13600e+01	5.0e+00
6.6067e+03	2.5e+00	2.01006e+01	1.7e+00
6.6100e+03	2.5e+00	1.71352e+01	1.7e+00
6.6133e+03	2.5e+00	1.73789e+01	2.7e+00
6.6166e+03	2.5e+00	1.48755e+01	2.7e+00
6.6198e+03	2.5e+00	1.44993e+01	1.2e+00
6.6231e+03	2.5e+00	9.29950e+00	1.2e+00
6.6264e+03	2.5e+00	8.22371e+00	1.3e+00
6.6296e+03	2.5e+00	9.09793e+00	1.1e+00
6.6329e+03	2.5e+00	1.58390e+01	1.8e+00
6.6362e+03	2.5e+00	1.58671e+01	3.2e+00
6.6395e+03	2.5e+00	1.66922e+01	1.5e+00
6.6427e+03	2.5e+00	1.45009e+01	2.2e+00
6.6460e+03	2.5e+00	8.97022e+00	1.6e+00
6.6493e+03	2.5e+00	1.01705e+01	1.9e+00
6.6525e+03	2.5e+00	1.08959e+01	1.7e+00
6.6558e+03	2.5e+00	1.06767e+01	1.8e+00
6.6590e+03	2.5e+00	3.05727e+01	4.0e+00
6.6623e+03	2.5e+00	4.35964e+01	3.1e+00
6.6656e+03	2.5e+00	6.78971e+01	5.4e+00
6.6688e+03	2.5e+00	1.63851e+02	9.7e+00
6.6721e+03	2.5e+00	2.83527e+02	9.6e+00
6.6753e+03	2.5e+00	2.76823e+02	4.0e+00
6.6786e+03	2.5e+00	1.91400e+02	7.1e+00
6.6818e+03	2.5e+00	4.40230e+01	6.3e+00
6.6851e+03	2.5e+00	1.04739e+01	2.7e+00
6.6883e+03	2.5e+00	1.35317e+01	2.6e+00
6.6916e+03	2.5e+00	1.20618e+01	1.7e+00
6.6948e+03	2.5e+00	7.33882e+00	2.3e+00
6.6981e+03	2.5e+00	1.41252e+01	2.3e+00
6.7013e+03	2.5e+00	2.03559e+01	1.9e+00
6.7046e+03	2.5e+00	2.97519e+01	3.9e+00
6.7078e+03	2.5e+00	6.91663e+01	4.7e+00
6.7111e+03	2.5e+00	9.19180e+01	5.1e+00
6.7143e+03	2.5e+00	8.76368e+01	3.7e+00
6.7176e+03	2.5e+00	4.96150e+01	2.8e+00
6.7208e+03	2.5e+00	9.01423e+00	3.0e+00
6.7240e+03	2.5e+00	5.66734e+00	1.7e+00
6.7273e+03	2.5e+00	6.84756e+00	1.4e+00
6.7305e+03	2.5e+00	6.95594e+00	2.0e+00
6.7337e+03	2.5e+00	1.27266e+01	1.8e+00
6.7370e+03	2.5e+00	2.09438e+01	1.4e+00
6.7402e+03	2.5e+00	3.63054e+01	2.8e+00
6.7435e+03	2.5e+00	6.68766e+01	4.2e+00
6.7467e+03	2.5e+00	6.97244e+01	3.2e+00
6.7499e+03	2.5e+00	6.35571e+01	3.5e+00
6.7531e+03	2.5e+00	3.50522e+01	4.6e+00
6.7564e+03	2.5e+00	1.24101e+01	2.7e+00
6.7596e+03	2.5e+00	1.63688e+01	2.4e+00
6.7628e+03	2.5e+00	1.39705e+01	1.6e+00
6.7660e+03	2.5e+00	8.71339e+00	1.4e+00
6.7693e+03	2.5e+00	4.00018e+00	8.5e-01
6.7725e+03	2.5e+00	5.07442e+00	1.6e+00
6.7757e+03	2.5e+00	7.09890e+00	3.2e+00
6.7789e+03	2.5e+00	7.33099e+00	2.1e+00
6.7822e+03	2.5e+00	1.04494e+01	1.5e+00
6.7854e+03	2.5e+00	9.07561e+00	2.7e+00
6.7886e+03	2.5e+00	5.98322e+00	1.9e+00
6.7918e+03	2.5e+00	4.34758e+00	2.1e+00
6.7950e+03	2.5e+00	5.45215e+00	1.1e+00
6.7982e+03	2.5e+00	5.84237e+00	2.3e+00
6.8015e+03	2.5e+00	8.53965e+00	1.8e+00
6.8047e+03	2.5e+00	1.06214e+01	2.7e+00
6.8079e+03	2.5e+00	1.29682e+01	1.9e+00
6.8111e+03	2.5e+00	1.11917e+01	2.5e+00
6.8143e+03	2.5e+00	1.44085e+01	2.5e+00
6.8175e+03	2.5e+00	1.19812e+01	1.5e+00
6.8207e+03	2.5e+00	1.26698e+01	1.9e+00
6.8239e+03	2.5e+00	9.35695e+00	1.5e+00
6.8271e+03	2.5e+00	1.21479e+01	1.6e+00
6.8303e+03	2.5e+00	7.11142e+00	2.3e+00
6.8335e+03	2.5e+00	6.64050e+00	2.9e+00
6.8367e+03	2.5e+00	1.06506e+01	2.9e+00
6.8399e+03	2.5e+00	1.19291e+01	2.2e+00
6.8431e+03	2.5e+00	9.73456e+00	2.8e+00
6.8463e+03	2.5e+00	1.36406e+01	1.6e+00
6.8495e+03	2.5e+00	1.48546e+01	2.2e+00
6.8527e+03	2.5e+00	2.17436e+01	1.1e+00
6.8559e+03	2.5e+00	3.87586e+01	4.8e+00
6.8591e+03	2.5e+00	5.69127e+01	3.0e+00
6.8623e+03	2.5e+00	6.91477e+01	2.3e+00
6.8655e+03	2.5e+00	5.07996e+01	3.8e+00
6.8687e+03	2.5e+00	2.03553e+01	2.7e+00
6.8718e+03	2.5e+00	1.19222e+01	2.0e+00
6.8750e+03	2.5e+00	1.24477e+01	2.8e+00
6.8782e+03	2.5e+00	1.30608e+01	2.2e+00
6.8814e+03	2.5e+00	1.10596e+01	3.4e+00
6.8846e+03	2.5e+00	1.02722e+01	2.7e+00
6.8878e+03	2.5e+00	1.11235e+01	2.8e+00
6.8909e+03	2.5e+00	1.18735e+01	2.0e+00
6.8941e+03	2.5e+00	1.23347e+01	1.1e+00
6.8973e+03	2.5e+00	1.25450e+01	2.2e+00
6.9005e+03	2.5e+00	1.22468e+01	9.7e-01
6.9036e+03	2.5e+00	1.79696e+01	2.5e+00
6.9068e+03	2.5e+00	2.68864e+01	1.8e+00
6.9100e+03	2.5e+00	4.39990e+01	3.2e+00
6.9132e+03	2.5e+00	7.15536e+01	3.3e+00
6.9163e+03	2.5e+00	8.93026e+01	3.2e+00
6.9195e+03	2.5e+00	9.53822e+01	4.2e+00
6.9227e+03	2.5e+00	7.95867e+01	2.5e+00
6.9258e+03	2.5e+00	3.20742e+01	9.1e-01
6.9290e+03	2.5e+00	2.93170e+01	2.2e+00
6.9322e+03	2.5e+00	2.40375e+01	4.0e+00
6.9353e+03	2.5e+00	6.25623e+01	8.0e+00
6.9385e+03	2.5e+00	1.39095e+02	1.3e+01
6.9417e+03	2.5e+00	2.58271e+02	1.2e+01
6.9448e+03	2.5e+00	5.04996e+02	2.8e+01
6.9480e+03	2.5e+00	1.00530e+03	4.5e+01
6.9511e+03	2.5e+00	1.25391e+03	1.5e+01
6.9543e+03	2.5e+00	1.12596e+03	3.2e+01
6.9574e+03	2.5e+00	5.87973e+02	3.8e+01
6.9606e+03	2.5e+00	5.18990e+01	1.3e+01
6.9637e+03	2.5e+00	1.79281e+01	3.0e+00
6.9669e+03	2.5e+00	8.82425e+00	2.8e+00
6.9701e+03	2.5e+00	1.70334e+01	3.2e+00
6.9732e+03	2.5e+00	1.80080e+01	1.7e+00
6.9763e+03	2.5e+00	9.77125e+00	1.3e+00
6.9795e+03	2.5e+00	1.14293e+01	2.5e+00
6.9826e+03	2.5e+00	1.10537e+01	2.2e+00
6.9858e+03	2.5e+00	1.27410e+01	3.0e+00
6.9889e+03	2.5e+00	8.05222e+00	2.1e+00
6.9921e+03	2.5e+00	1.39683e+01	2.4e+00
6.9952e+03	2.5e+00	1.30400e+01	2.4e+00
6.9983e+03	2.5e+00	1.65488e+01	2.0e+00
7.0015e+03	2.5e+00	3.03502e+01	3.3e+00
7.0046e+03	2.5e+00	3.87586e+01	3.3e+00
7.0078e+03	2.5e+00	6.49214e+01	3.9e+00
7.0109e+03	2.5e+00	1.20113e+02	5.9e+00
7.0140e+03	2.5e+00	1.44465e+02	5.3e+00
7.0172e+03	2.5e+00	1.21967e+02	5.4e+00
7.0203e+03	2.5e+00	7.97462e+01	3.1e+00
7.0234e+03	2.5e+00	2.70193e+01	2.7e+00
7.0265e+03	2.5e+00	1.91781e+01	2.2e+00
7.0297e+03	2.5e+00	2.17222e+01	1.7e+00
7.0328e+03	2.5e+00	4.88067e+01	6.4e+00
7.0359e+03	2.5e+00	1.05196e+02	6.9e+00
7.0390e+03	2.5e+00	1.84370e+02	1.0e+01
7.0422e+03	2.5e+00	3.33806e+02	2.4e+01
7.0453e+03	2.5e+00	6.38451e+02	2.8e+01
7.0484e+03	2.5e+00	7.81867e+02	1.1e+01
7.0515e+03	2.4e+00	6.71517e+02	1.7e+01
7.0546e+03	2.4e+00	3.91454e+02	3.2e+01
7.0578e+03	2.4e+00	5.54329e+01	6.9e+00
7.0609e+03	2.4e+00	9.48925e+00	3.5e+00
7.0640e+03	2.4e+00	9.45976e+00	1.5e+00
7.0671e+03	2.4e+00	9.10883e+00	2.5e+00
7.0702e+03	2.4e+00	9.64234e+00	3.0e+00
7.0733e+03	2.4e+00	1.24806e+01	1.4e+00
7.0764e+03	2.4e+00	8.24774e+00	2.4e+00
7.0795e+03	2.4e+00	1.11835e+01	3.0e+00
7.0826e+03	2.4e+00	1.15041e+01	3.1e+00
7.0857e+03	2.4e+00	1.68995e+01	3.0e+00
7.0888e+03	2.4e+00	1.37510e+01	2.8e+00
7.0919e+03	2.4e+00	1.61756e+01	2.8e+00
7.0950e+03	2.4e+00	1.55065e+01	3.1e+00
7.0981e+03	2.4e+00	1.36552e+01	3.3e+00
7.1012e+03	2.4e+00	1.34498e+01	3.1e+00
7.1043e+03	2.4e+00	1.09135e+01	1.9e+00
7.1074e+03	2.4e+00	1.93624e+01	3.2e+00
7.1105e+03	2.4e+00	2.37732e+01	2.2e+00
7.1136e+03	2.4e+00	2.59938e+01	3.3e+00
7.1167e+03	2.4e+00	3.83137e+01	3.6e+00
7.1198e+03	2.4e+00	6.73755e+01	6.1e+00
7.1229e+03	2.4e+00	8.94271e+01	5.1e+00
7.1260e+03	2.4e+00	8.62955e+01	2.7e+00
7.1291e+03	2.4e+00	6.85357e+01	4.1e+00
7.1321e+03	2.4e+00	3.01809e+01	2.7e+00
7.1352e+03	2.4e+00	1.63784e+01	2.5e+00
7.1383e+03	2.4e+00	1.41153e+01	2.4e+00
7.1414e+03	2.4e+00	1.25969e+01	2.8e+00
7.1445e+03	2.4e+00	1.05453e+01	2.6e+00
7.1475e+03	2.4e+00	1.97723e+01	1.8e+00
7.1506e+03	2.4e+00	1.86862e+01	3.4e+00
7.1537e+03	2.4e+00	1.87558e+01	1.3e+00
7.1568e+03	2.4e+00	1.08857e+01	2.5e+00
7.1598e+03	2.4e+00	8.89514e+00	1.6e+00
7.1629e+03	2.4e+00	7.54873e+00	2.6e+00
7.1660e+03	2.4e+00	1.40882e+01	1.1e+00
7.1690e+03	2.4e+00	1.21425e+01	2.4e+00
7.1721e+03	2.4e+00	1.44504e+01	3.2e+00
7.1752e+03	2.4e+00	2.58541e+01	2.3e+00
7.1782e+03	2.4e+00	3.04339e+01	1.6e+00
7.1813e+03	2.4e+00	2.50093e+01	2.7e+00
7.1844e+03	2.4e+00	2.42244e+01	4.4e+00
7.1874e+03	2.4e+00	2.16508e+01	1.7e+00
7.1905e+03	2.4e+00	1.28426e+01	3.4e+00
7.1936e+03	2.4e+00	1.48246e+01	1.1e+00
7.1966e+03	2.4e+00	1.61587e+01	2.3e+00
7.1997e+03	2.4e+00	1.60698e+01	2.3e+00
7.2027e+03	2.4e+00	2.30055e+01	3.9e+00
7.2058e+03	2.4e+00	2.37267e+01	2.5e+00
7.2088e+03	2.4e+00	2.23861e+01	1.7e+00
7.2119e+03	2.4e+00	2.57315e+01	2.8e+00
7.2149e+03	2.4e+00	4.48283e+01	2.8e+00
7.2180e+03	2.4e+00	4.83166e+01	5.0e+00
7.2210e+03	2.4e+00	3.42480e+01	5.1e+00
7.2241e+03	2.4e+00	2.28625e+01	4.5e+00
7.2271e+03	2.4e+00	2.84511e+01	5.5e+00
7.2301e+03	2.4e+00	5.25806e+01	2.6e+00
7.2332e+03	2.4e+00	8.47725e+01	3.8e+00
7.2362e+03	2.4e+00	1.40558e+02	9.1e+00
7.2393e+03	2.4e+00	2.21389e+02	8.6e+00
7.2423e+03	2.4e+00	2.71782e+02	1.2e+01
7.2453e+03	2.4e+00	2.63790e+02	6.5e+00
7.2484e+03	2.4e+00	1.80537e+02	1.1e+01
7.2514e+03	2.4e+00	5.52993e+01	6.1e+00
7.2544e+03	2.4e+00	1.64432e+01	4.1e+00
7.2575e+03	2.4e+00	2.08251e+01	3.5e+00
7.2605e+03	2.4e+00	1.96351e+01	2.7e+00
7.2635e+03	2.4e+00	1.61509e+01	3.9e+00
7.2666e+03	2.4e+00	1.57345e+01	2.7e+00
7.2696e+03	2.4e+00	2.21757e+01	1.9e+00
7.2726e+03	2.4e+00	2.00591e+01	4.2e+00
7.2756e+03	2.4e+00	2.49109e+01	2.4e+00
7.2786e+03	2.4e+00	3.64805e+01	3.6e+00
7.2817e+03	2.4e+00	3.30715e+01	3.7e+00
7.2847e+03	2.4e+00	2.96948e+01	3.1e+00
7.2877e+03	2.4e+00	1.99734e+01	2.9e+00
7.2907e+03	2.4e+00	1.99324e+01	2.6e+00
7.2937e+03	2.4e+00	1.33891e+01	3.1e+00
7.2967e+03	2.4e+00	1.62880e+01	2.6e+00
7.2997e+03	2.4e+00	1.79311e+01	2.5e+00
7.3028e+03	2.4e+00	1.52059e+01	1.6e+00
7.3058e+03	2.4e+00	2.07632e+01	3.6e+00
7.3088e+03	2.4e+00	2.74142e+01	3.8e+00
7.3118e+03	2.4e+00	3.32522e+01	5.0e+00
7.3148e+03	2.4e+00	3.51172e+01	2.8e+00
7.3178e+03	2.4e+00	4.39174e+01	3.3e+00
7.3208e+03	2.4e+00	4.59239e+01	4.3e+00
7.3238e+03	2.4e+00	4.32823e+01	4.0e+00
7.3268e+03	2.4e+00	5.09297e+01	3.4e+00
7.3298e+03	2.4e+00	1.10435e+02	1.0e+01
7.3328e+03	2.4e+00	2.12796e+02	1.2e+01
7.3358e+03	2.4e+00	3.61220e+02	1.9e+01
7.3388e+03	2.4e+00	5.52509e+02	1.7e+01
7.3418e+03	2.4e+00	7.92403e+02	2.5e+01
7.3447e+03	2.4e+00	1.12347e+03	2.1e+01
7.3477e+03	2.4e+00	1.15434e+03	1.8e+01
7.3507e+03	2.4e+00	9.41220e+02	2.5e+01
7.3537e+03	2.4e+00	4.62264e+02	4.3e+01
7.3567e+03	2.4e+00	7.10257e+01	1.3e+01
7.3597e+03	2.4e+00	2.85817e+01	2.9e+00
7.3627e+03	2.4e+00	2.48806e+01	4.2e+00
7.3656e+03	2.4e+00	2.96521e+01	2.7e+00
7.3686e+03	2.4e+00	2.30311e+01	2.2e+00
7.3716e+03	2.4e+00	2.93288e+01	3.8e+00
7.3746e+03	2.4e+00	2.85790e+01	2.3e+00
7.3775e+03	2.4e+00	2.47046e+01	4.5e+00
7.3805e+03	2.4e+00	2.81428e+01	1.4e+00
7.3835e+03	2.4e+00	3.01644e+01	3.2e+00
7.3865e+03	2.4e+00	3.35283e+01	2.5e+00
7.3894e+03	2.4e+00	3.80665e+01	2.9e+00
7.3924e+03	2.4e+00	4.23115e+01	4.1e+00
7.3954e+03	2.4e+00	4.25629e+01	3.0e+00
7.3983e+03	2.4e+00	3.86453e+01	2.9e+00
7.4013e+03	2.4e+00	4.11666e+01	2.6e+00
7.4043e+03	2.4e+00	3.41171e+01	3.0e+00
7.4072e+03	2.4e+00	2.87848e+01	2.9e+00
7.4102e+03	2.4e+00	2.74477e+01	1.6e+00
7.4131e+03	2.4e+00	2.91892e+01	2.1e+00
7.4161e+03	2.4e+00	3.52841e+01	4.0e+00
7.4190e+03	2.4e+00	3.55708e+01	1.5e+00
7.4220e+03	2.4e+00	3.78753e+01	1.7e+00
7.4250e+03	2.4e+00	4.27448e+01	2.6e+00
7.4279e+03	2.4e+00	4.58813e+01	4.3e+00
7.4309e+03	2.4e+00	6.28378e+01	3.0e+00
7.4338e+03	2.4e+00	6.49936e+01	3.4e+00
7.4367e+03	2.4e+00	1.43575e+02	1.1e+01
7.4397e+03	2.4e+00	4.67591e+02	3.6e+01
7.4426e+03	2.4e+00	1.06276e+03	6.2e+01
7.4456e+03	2.4e+00	1.95082e+03	8.0e+01
7.4485e+03	2.3e+00	3.25131e+03	1.1e+02
7.4515e+03	2.3e+00	4.82517e+03	1.5e+02
7.4544e+03	2.3e+00	7.00987e+03	1.8e+02
7.4573e+03	2.3e+00	8.72910e+03	1.1e+02
7.4603e+03	2.3e+00	8.05677e+03	8.2e+01
7.4632e+03	2.3e+00	6.26548e+03	1.5e+02
7.4661e+03	2.3e+00	3.52521e+03	1.4e+02
7.4691e+03	2.3e+00	2.15617e+03	4.5e+01
7.4720e+03	2.3e+00	1.69277e+03	5.2e+01
7.4749e+03	2.3e+00	7.86741e+02	6.4e+01
7.4778e+03	2.3e+00	1.22820e+02	1.7e+01
7.4808e+03	2.3e+00	5.64081e+01	4.3e+00
7.4837e+03	2.3e+00	5.70394e+01	2.9e+00
7.4866e+03	2.3e+00	5.47244e+01	5.8e+00
7.4895e+03	2.3e+00	4.85631e+01	3.9e+00
7.4925e+03	2.3e+00	4.77636e+01	3.2e+00
7.4954e+03	2.3e+00	4.64840e+01	4.2e+00
7.4983e+03	2.3e+00	3.69854e+01	3.2e+00
7.5012e+03	2.3e+00	3.87774e+01	4.1e+00
7.5041e+03	2.3e+00	3.86259e+01	5.5e+00
7.5070e+03	2.3e+00	4.11494e+01	2.5e+00
7.5099e+03	2.3e+00	2.84174e+01	2.2e+00
7.5128e+03	2.3e+00	3.02268e+01	6.2e+00
7.5157e+03	2.3e+00	3.51391e+01	3.6e+00
7.5187e+03	2.3e+00	3.24470e+01	3.0e+00
7.5216e+03	2.3e+00	2.59902e+01	4.2e+00
7.5245e+03	2.3e+00	3.72191e+01	2.4e+00
7.5274e+03	2.3e+00	3.48626e+01	1.6e+00
7.5303e+03	2.3e+00	3.03491e+01	1.4e+00
7.5332e+03	2.3e+00	2.48945e+01	3.4e+00
7.5361e+03	2.3e+00	3.14781e+01	3.9e+00
7.5390e+03	2.3e+00	2.76196e+01	2.7e+00
7.5418e+03	2.3e+00	3.44957e+01	3.7e+00
7.5447e+03	2.3e+00	3.19963e+01	4.0e+00
7.5476e+03	2.3e+00	3.40729e+01	3.9e+00
7.5505e+03	2.3e+00	3.22925e+01	1.7e+00
7.5534e+03	2.3e+00	4.20948e+01	3.2e+00
7.5563e+03	2.3e+00	8.96488e+01	8.0e+00
7.5592e+03	2.3e+00	2.44930e+02	1.8e+01
7.5621e+03	2.3e+00	5.19180e+02	4.2e+01
7.5649e+03	2.3e+00	9.68650e+02	3.7e+01
7.5678e+03	2.3e+00	1.51636e+03	4.5e+01
7.5707e+03	2.3e+00	2.16365e+03	5.3e+01
7.5736e+03	2.3e+00	2.84270e+03	5.1e+01
7.5765e+03	2.3e+00	3.73132e+03	6.2e+01
7.5793e+03	2.3e+00	3.60822e+03	7.1e+01
7.5822e+03	2.3e+00	2.80453e+03	9.2e+01
7.5851e+03	2.3e+00	1.44493e+03	1.0e+02
7.5879e+03	2.3e+00	2.27400e+02	4.0e+01
7.5908e+03	2.3e+00	3.61507e+01	5.2e+00
