# lambda [A]	Dlambda [A]	specval [counts]	Dspecval [counts]
3.72319e+03	9.8e-01	1.8567e-01	1.2e-02
3.72660e+03	9.9e-01	1.9667e-01	1.0e-02
3.73002e+03	9.9e-01	2.0760e-01	1.2e-02
3.73343e+03	9.9e-01	2.1476e-01	9.2e-03
3.73684e+03	9.9e-01	2.6047e-01	1.2e-02
3.74026e+03	9.9e-01	2.9893e-01	1.6e-02
3.74368e+03	9.9e-01	3.5928e-01	2.1e-02
3.74709e+03	9.9e-01	3.4775e-01	1.4e-02
3.75051e+03	9.9e-01	3.4891e-01	1.4e-02
3.75393e+03	9.9e-01	3.7583e-01	1.7e-02
3.75735e+03	9.9e-01	4.4819e-01	1.6e-02
3.76077e+03	9.9e-01	5.4091e-01	1.8e-02
3.76420e+03	9.9e-01	5.5267e-01	1.5e-02
3.76762e+03	9.9e-01	5.4208e-01	2.2e-02
3.77104e+03	9.9e-01	5.1060e-01	2.2e-02
3.77447e+03	9.9e-01	5.4704e-01	2.4e-02
3.77789e+03	9.9e-01	6.8025e-01	2.2e-02
3.78132e+03	9.9e-01	8.4751e-01	2.8e-02
3.78475e+03	9.9e-01	9.5833e-01	2.9e-02
3.78818e+03	9.9e-01	9.7331e-01	2.5e-02
3.79160e+03	9.9e-01	9.9160e-01	3.5e-02
3.79504e+03	9.9e-01	8.8648e-01	3.3e-02
3.79847e+03	9.9e-01	7.9333e-01	2.7e-02
3.80190e+03	9.9e-01	8.5550e-01	3.2e-02
3.80533e+03	9.9e-01	1.0315e+00	2.6e-02
3.80877e+03	9.9e-01	1.3246e+00	4.2e-02
3.81220e+03	9.9e-01	1.4821e+00	3.9e-02
3.81564e+03	9.9e-01	1.6204e+00	4.4e-02
3.81907e+03	9.9e-01	1.6942e+00	4.8e-02
3.82251e+03	9.9e-01	1.7474e+00	5.4e-02
3.82595e+03	9.9e-01	1.7183e+00	4.9e-02
3.82939e+03	9.9e-01	1.5622e+00	4.2e-02
3.83283e+03	9.9e-01	1.3806e+00	4.3e-02
3.83627e+03	9.9e-01	1.2484e+00	3.5e-02
3.83971e+03	9.9e-01	1.4030e+00	4.6e-02
3.84315e+03	9.9e-01	1.7644e+00	5.8e-02
3.84659e+03	9.9e-01	2.1268e+00	5.9e-02
3.85004e+03	9.9e-01	2.3779e+00	5.5e-02
3.85348e+03	9.9e-01	2.5398e+00	5.6e-02
3.85693e+03	9.9e-01	2.6367e+00	6.2e-02
3.86038e+03	1.0e+00	2.7692e+00	6.4e-02
3.86382e+03	1.0e+00	2.8833e+00	6.5e-02
3.86727e+03	1.0e+00	2.9313e+00	6.0e-02
3.87072e+03	1.0e+00	3.0662e+00	7.2e-02
3.87417e+03	1.0e+00	3.0766e+00	6.5e-02
3.87762e+03	1.0e+00	3.0479e+00	7.3e-02
3.88107e+03	1.0e+00	2.8562e+00	7.1e-02
3.88453e+03	1.0e+00	2.5072e+00	6.7e-02
3.88798e+03	1.0e+00	2.1206e+00	5.4e-02
3.89143e+03	1.0e+00	2.0565e+00	5.3e-02
3.89489e+03	1.0e+00	2.4646e+00	6.1e-02
3.89835e+03	1.0e+00	2.9606e+00	6.1e-02
3.90180e+03	1.0e+00	3.4590e+00	7.5e-02
3.90526e+03	1.0e+00	3.7030e+00	7.6e-02
3.90872e+03	1.0e+00	3.8634e+00	7.8e-02
3.91218e+03	1.0e+00	3.9565e+00	6.9e-02
3.91564e+03	1.0e+00	4.0849e+00	7.9e-02
3.91910e+03	1.0e+00	4.1681e+00	7.6e-02
3.92256e+03	1.0e+00	4.2074e+00	7.7e-02
3.92602e+03	1.0e+00	4.2398e+00	8.5e-02
3.92948e+03	1.0e+00	4.2067e+00	7.5e-02
3.93295e+03	1.0e+00	4.2661e+00	7.6e-02
3.93641e+03	1.0e+00	4.2973e+00	8.4e-02
3.93988e+03	1.0e+00	4.3349e+00	7.9e-02
3.94334e+03	1.0e+00	4.3712e+00	6.9e-02
3.94681e+03	1.0e+00	4.3569e+00	7.4e-02
3.95028e+03	1.0e+00	4.3619e+00	7.3e-02
3.95374e+03	1.0e+00	4.3659e+00	7.1e-02
3.95721e+03	1.0e+00	4.1759e+00	6.9e-02
3.96068e+03	1.0e+00	3.8966e+00	7.1e-02
3.96415e+03	1.0e+00	3.4092e+00	5.9e-02
3.96762e+03	1.0e+00	2.8414e+00	6.1e-02
3.97110e+03	1.0e+00	2.5710e+00	6.0e-02
3.97457e+03	1.0e+00	2.8333e+00	5.7e-02
3.97804e+03	1.0e+00	3.4560e+00	6.5e-02
3.98152e+03	1.0e+00	3.9718e+00	6.5e-02
3.98499e+03	1.0e+00	4.2779e+00	6.9e-02
3.98847e+03	1.0e+00	4.4760e+00	8.9e-02
3.99194e+03	1.0e+00	4.5278e+00	7.5e-02
3.99542e+03	1.0e+00	4.5628e+00	7.4e-02
3.99890e+03	1.0e+00	4.6094e+00	7.7e-02
4.00238e+03	1.0e+00	4.6035e+00	7.1e-02
4.00585e+03	1.0e+00	4.5493e+00	7.0e-02
4.00933e+03	1.0e+00	4.5383e+00	7.0e-02
4.01281e+03	1.0e+00	4.5504e+00	5.7e-02
4.01630e+03	1.0e+00	4.5307e+00	6.1e-02
4.01978e+03	1.0e+00	4.4915e+00	6.2e-02
4.02326e+03	1.0e+00	4.3855e+00	6.2e-02
4.02674e+03	1.0e+00	4.3226e+00	6.7e-02
4.03023e+03	1.0e+00	4.3571e+00	6.9e-02
4.03371e+03	1.0e+00	4.3811e+00	6.6e-02
4.03720e+03	1.0e+00	4.3892e+00	5.9e-02
4.04068e+03	1.0e+00	4.3484e+00	6.0e-02
4.04417e+03	1.0e+00	4.3447e+00	5.5e-02
4.04766e+03	1.0e+00	4.3208e+00	5.6e-02
4.05114e+03	1.0e+00	4.2648e+00	5.4e-02
4.05463e+03	1.0e+00	4.2585e+00	5.1e-02
4.05812e+03	1.0e+00	4.2383e+00	5.4e-02
4.06161e+03	1.0e+00	4.2129e+00	4.9e-02
4.06510e+03	1.0e+00	4.1725e+00	5.3e-02
4.06859e+03	1.0e+00	4.1625e+00	5.0e-02
4.07209e+03	1.0e+00	4.0744e+00	4.1e-02
4.07558e+03	1.0e+00	3.9833e+00	4.2e-02
4.07907e+03	1.0e+00	4.0082e+00	5.5e-02
4.08257e+03	1.0e+00	3.8918e+00	5.1e-02
4.08606e+03	1.0e+00	3.7510e+00	4.2e-02
4.08956e+03	1.0e+00	3.5848e+00	3.6e-02
4.09305e+03	1.0e+00	3.2345e+00	4.5e-02
4.09655e+03	1.0e+00	2.7382e+00	3.9e-02
4.10004e+03	1.0e+00	2.3305e+00	3.8e-02
4.10354e+03	1.0e+00	2.2399e+00	3.3e-02
4.10704e+03	1.0e+00	2.5822e+00	3.5e-02
4.11054e+03	1.0e+00	3.0621e+00	3.3e-02
4.11404e+03	1.0e+00	3.3727e+00	3.3e-02
4.11754e+03	1.0e+00	3.5280e+00	3.8e-02
4.12104e+03	1.0e+00	3.5684e+00	3.0e-02
4.12454e+03	1.0e+00	3.5858e+00	3.3e-02
4.12804e+03	1.0e+00	3.5942e+00	4.1e-02
4.13154e+03	1.0e+00	3.5982e+00	3.6e-02
4.13505e+03	1.0e+00	3.5902e+00	3.3e-02
4.13855e+03	1.0e+00	3.6154e+00	3.7e-02
4.14205e+03	1.0e+00	3.6107e+00	3.7e-02
4.14556e+03	1.0e+00	3.5702e+00	2.7e-02
4.14906e+03	1.0e+00	3.6142e+00	3.6e-02
4.15257e+03	1.0e+00	3.6345e+00	3.6e-02
4.15608e+03	1.0e+00	3.6447e+00	3.2e-02
4.15958e+03	1.0e+00	3.6259e+00	3.3e-02
4.16309e+03	1.0e+00	3.6024e+00	3.0e-02
4.16660e+03	1.0e+00	3.5759e+00	3.4e-02
4.17011e+03	1.0e+00	3.5412e+00	3.2e-02
4.17362e+03	1.0e+00	3.5563e+00	3.4e-02
4.17713e+03	1.0e+00	3.5241e+00	3.1e-02
4.18064e+03	1.0e+00	3.5323e+00	3.1e-02
4.18415e+03	1.0e+00	3.5462e+00	3.0e-02
4.18766e+03	1.0e+00	3.5117e+00	2.6e-02
4.19117e+03	1.0e+00	3.5015e+00	2.9e-02
4.19469e+03	1.0e+00	3.5068e+00	3.3e-02
4.19820e+03	1.0e+00	3.4760e+00	2.8e-02
4.20171e+03	1.0e+00	3.4758e+00	3.0e-02
4.20523e+03	1.0e+00	3.4560e+00	2.8e-02
4.20874e+03	1.0e+00	3.4587e+00	2.7e-02
4.21226e+03	1.0e+00	3.4549e+00	3.1e-02
4.21577e+03	1.0e+00	3.4560e+00	2.9e-02
4.21929e+03	1.0e+00	3.4355e+00	2.7e-02
4.22281e+03	1.0e+00	3.3889e+00	2.1e-02
4.22632e+03	1.0e+00	3.4044e+00	2.6e-02
4.22984e+03	1.0e+00	3.3942e+00	2.4e-02
4.23336e+03	1.0e+00	3.3833e+00	2.6e-02
4.23688e+03	1.0e+00	3.3629e+00	2.3e-02
4.24040e+03	1.0e+00	3.3610e+00	2.6e-02
4.24392e+03	1.0e+00	3.3389e+00	2.8e-02
4.24744e+03	1.0e+00	3.3255e+00	2.6e-02
4.25096e+03	1.0e+00	3.3184e+00	1.9e-02
4.25448e+03	1.0e+00	3.3091e+00	2.0e-02
4.25800e+03	1.0e+00	3.2966e+00	1.8e-02
4.26152e+03	1.0e+00	3.2913e+00	2.4e-02
4.26505e+03	1.0e+00	3.2587e+00	2.1e-02
4.26857e+03	1.0e+00	3.2802e+00	2.4e-02
4.27209e+03	1.0e+00	3.2630e+00	2.5e-02
4.27562e+03	1.0e+00	3.2409e+00	2.4e-02
4.27914e+03	1.0e+00	3.2041e+00	1.8e-02
4.28267e+03	1.0e+00	3.2048e+00	2.2e-02
4.28619e+03	1.0e+00	3.1984e+00	2.1e-02
4.28972e+03	1.0e+00	3.1636e+00	2.0e-02
4.29325e+03	1.0e+00	3.1500e+00	1.6e-02
4.29677e+03	1.0e+00	3.1480e+00	2.3e-02
4.30030e+03	1.0e+00	3.0983e+00	1.8e-02
4.30383e+03	1.0e+00	3.0985e+00	2.2e-02
4.30736e+03	1.0e+00	3.0811e+00	1.8e-02
4.31088e+03	1.0e+00	3.0579e+00	1.9e-02
4.31441e+03	1.0e+00	3.0390e+00	2.1e-02
4.31794e+03	1.0e+00	3.0136e+00	2.0e-02
4.32147e+03	1.0e+00	2.9572e+00	1.8e-02
4.32500e+03	1.0e+00	2.8671e+00	2.2e-02
4.32853e+03	1.0e+00	2.7041e+00	1.8e-02
4.33207e+03	1.0e+00	2.4261e+00	1.6e-02
4.33560e+03	1.0e+00	2.0748e+00	1.7e-02
4.33913e+03	1.0e+00	1.7965e+00	1.4e-02
4.34266e+03	1.0e+00	1.8106e+00	1.2e-02
4.34620e+03	1.0e+00	2.1069e+00	1.0e-02
4.34973e+03	1.0e+00	2.4562e+00	1.6e-02
4.35326e+03	1.0e+00	2.6473e+00	9.6e-03
4.35680e+03	1.0e+00	2.7673e+00	1.0e-02
4.36033e+03	1.0e+00	2.8215e+00	1.4e-02
4.36387e+03	1.0e+00	2.8568e+00	1.4e-02
4.36740e+03	1.0e+00	2.8451e+00	8.6e-03
4.37094e+03	1.0e+00	2.8596e+00	1.4e-02
4.37447e+03	1.0e+00	2.8517e+00	1.0e-02
4.37801e+03	1.0e+00	2.8432e+00	9.9e-03
4.38155e+03	1.0e+00	2.7987e+00	1.1e-02
4.38509e+03	1.0e+00	2.7605e+00	1.0e-02
4.38862e+03	1.0e+00	2.7557e+00	1.2e-02
4.39216e+03	1.0e+00	2.7431e+00	1.0e-02
4.39570e+03	1.0e+00	2.7530e+00	1.0e-02
4.39924e+03	1.0e+00	2.7607e+00	1.0e-02
4.40278e+03	1.0e+00	2.7488e+00	1.2e-02
4.40632e+03	1.0e+00	2.7447e+00	1.1e-02
4.40986e+03	1.0e+00	2.7249e+00	1.1e-02
4.41340e+03	1.0e+00	2.7013e+00	1.2e-02
4.41694e+03	1.0e+00	2.6987e+00	1.1e-02
4.42048e+03	1.0e+00	2.6840e+00	1.1e-02
4.42402e+03	1.0e+00	2.6649e+00	1.1e-02
4.42756e+03	1.0e+00	2.6574e+00	1.0e-02
4.43110e+03	1.0e+00	2.6364e+00	9.4e-03
4.43465e+03	1.0e+00	2.6286e+00	1.1e-02
4.43819e+03	1.0e+00	2.6102e+00	1.0e-02
4.44173e+03	1.0e+00	2.6026e+00	1.0e-02
4.44528e+03	1.0e+00	2.5826e+00	1.2e-02
4.44882e+03	1.0e+00	2.5682e+00	9.4e-03
4.45236e+03	1.0e+00	2.5642e+00	7.6e-03
4.45591e+03	1.0e+00	2.5472e+00	9.2e-03
4.45945e+03	1.0e+00	2.5325e+00	8.4e-03
4.46300e+03	1.0e+00	2.5271e+00	8.3e-03
4.46654e+03	1.0e+00	2.4742e+00	8.2e-03
4.47009e+03	1.0e+00	2.4339e+00	7.8e-03
4.47363e+03	1.0e+00	2.3880e+00	8.5e-03
4.47718e+03	1.0e+00	2.3622e+00	9.0e-03
4.48073e+03	1.0e+00	2.3821e+00	1.0e-02
4.48427e+03	1.0e+00	2.3659e+00	8.3e-03
4.48782e+03	1.0e+00	2.4068e+00	6.7e-03
4.49137e+03	1.0e+00	2.4156e+00	7.1e-03
4.49492e+03	1.0e+00	2.3930e+00	8.8e-03
4.49846e+03	1.0e+00	2.3895e+00	9.1e-03
4.50201e+03	1.0e+00	2.3877e+00	7.5e-03
4.50556e+03	1.0e+00	2.3829e+00	6.4e-03
4.50911e+03	1.0e+00	2.3540e+00	9.1e-03
4.51266e+03	1.0e+00	2.3418e+00	8.0e-03
4.51621e+03	1.0e+00	2.3305e+00	7.8e-03
4.51976e+03	1.0e+00	2.3291e+00	6.0e-03
4.52331e+03	1.0e+00	2.3092e+00	6.2e-03
4.52686e+03	1.0e+00	2.3026e+00	9.7e-03
4.53041e+03	1.0e+00	2.2994e+00	1.0e-02
4.53396e+03	1.0e+00	2.2817e+00	7.3e-03
4.53751e+03	1.0e+00	2.2856e+00	7.9e-03
4.54106e+03	1.0e+00	2.2567e+00	7.2e-03
4.54461e+03	1.0e+00	2.2295e+00	1.1e-02
4.54817e+03	1.0e+00	2.2198e+00	7.4e-03
4.55172e+03	1.0e+00	2.2069e+00	7.0e-03
4.55527e+03	1.0e+00	2.1831e+00	1.1e-02
4.55882e+03	1.0e+00	2.1854e+00	8.2e-03
4.56238e+03	1.0e+00	2.1750e+00	9.3e-03
4.56593e+03	1.0e+00	2.1535e+00	9.2e-03
4.56948e+03	1.0e+00	2.1582e+00	8.3e-03
4.57304e+03	1.0e+00	2.1388e+00	7.0e-03
4.57659e+03	1.0e+00	2.1061e+00	9.0e-03
4.58014e+03	1.0e+00	2.0891e+00	9.3e-03
4.58370e+03	1.0e+00	2.0848e+00	8.1e-03
4.58725e+03	1.0e+00	2.0686e+00	7.8e-03
4.59081e+03	1.0e+00	2.0579e+00	8.3e-03
4.59436e+03	1.0e+00	2.0436e+00	1.0e-02
4.59792e+03	1.0e+00	2.0488e+00	7.3e-03
4.60147e+03	1.0e+00	2.0369e+00	9.1e-03
4.60503e+03	1.0e+00	2.0307e+00	7.3e-03
4.60858e+03	1.0e+00	2.0188e+00	9.6e-03
4.61214e+03	1.0e+00	2.0013e+00	6.5e-03
4.61569e+03	1.0e+00	1.9883e+00	9.9e-03
4.61925e+03	1.0e+00	1.9747e+00	7.6e-03
4.62281e+03	1.0e+00	1.9486e+00	1.0e-02
4.62636e+03	1.0e+00	1.9481e+00	8.1e-03
4.62992e+03	1.0e+00	1.9439e+00	6.8e-03
4.63348e+03	1.0e+00	1.9351e+00	8.2e-03
4.63703e+03	1.0e+00	1.9115e+00	1.1e-02
4.64059e+03	1.0e+00	1.9180e+00	9.5e-03
4.64415e+03	1.0e+00	1.9108e+00	1.1e-02
4.64771e+03	1.0e+00	1.9019e+00	8.7e-03
4.65127e+03	1.0e+00	1.8895e+00	1.0e-02
4.65482e+03	1.0e+00	1.8779e+00	1.2e-02
4.65838e+03	1.0e+00	1.8702e+00	9.7e-03
4.66194e+03	1.0e+00	1.8489e+00	9.0e-03
4.66550e+03	1.0e+00	1.8517e+00	7.8e-03
4.66906e+03	1.0e+00	1.8363e+00	1.0e-02
4.67262e+03	1.0e+00	1.8186e+00	1.1e-02
4.67617e+03	1.0e+00	1.8075e+00	9.2e-03
4.67973e+03	1.0e+00	1.8026e+00	8.5e-03
4.68329e+03	1.0e+00	1.7975e+00	8.7e-03
4.68685e+03	1.0e+00	1.7820e+00	8.2e-03
4.69041e+03	1.0e+00	1.7767e+00	7.1e-03
4.69397e+03	1.0e+00	1.7716e+00	7.9e-03
4.69753e+03	1.0e+00	1.7607e+00	8.0e-03
4.70109e+03	1.0e+00	1.7492e+00	9.3e-03
4.70465e+03	1.0e+00	1.7423e+00	9.9e-03
4.70821e+03	1.0e+00	1.7404e+00	9.8e-03
4.71177e+03	1.0e+00	1.7215e+00	9.7e-03
4.71533e+03	1.0e+00	1.7129e+00	9.0e-03
4.71889e+03	1.0e+00	1.7156e+00	8.1e-03
4.72245e+03	1.0e+00	1.7148e+00	8.5e-03
4.72601e+03	1.0e+00	1.6897e+00	1.1e-02
4.72957e+03	1.0e+00	1.6857e+00	9.2e-03
4.73314e+03	1.0e+00	1.6659e+00	1.1e-02
4.73670e+03	1.0e+00	1.6706e+00	8.7e-03
4.74026e+03	1.0e+00	1.6588e+00	9.8e-03
4.74382e+03	1.0e+00	1.6428e+00	1.0e-02
4.74738e+03	1.0e+00	1.6437e+00	7.9e-03
4.75094e+03	1.0e+00	1.6249e+00	9.8e-03
4.75450e+03	1.0e+00	1.6113e+00	1.0e-02
4.75807e+03	1.0e+00	1.6075e+00	8.7e-03
4.76163e+03	1.0e+00	1.5978e+00	1.0e-02
4.76519e+03	1.0e+00	1.5769e+00	1.1e-02
4.76875e+03	1.0e+00	1.5684e+00	1.3e-02
4.77231e+03	1.0e+00	1.5608e+00	1.0e-02
4.77588e+03	1.0e+00	1.5513e+00	8.7e-03
4.77944e+03	1.0e+00	1.5432e+00	1.0e-02
4.78300e+03	1.0e+00	1.5301e+00	1.0e-02
4.78656e+03	1.0e+00	1.5344e+00	8.6e-03
4.79012e+03	1.0e+00	1.5282e+00	9.4e-03
4.79369e+03	1.0e+00	1.5066e+00	9.1e-03
4.79725e+03	1.0e+00	1.4958e+00	1.1e-02
4.80081e+03	1.0e+00	1.5021e+00	9.2e-03
4.80437e+03	1.0e+00	1.4831e+00	1.2e-02
4.80794e+03	1.0e+00	1.4844e+00	9.5e-03
4.81150e+03	1.0e+00	1.4648e+00	1.1e-02
4.81506e+03	1.0e+00	1.4544e+00	1.1e-02
4.81862e+03	1.0e+00	1.4513e+00	9.8e-03
4.82219e+03	1.0e+00	1.4363e+00	1.1e-02
4.82575e+03	1.0e+00	1.4317e+00	9.8e-03
4.82931e+03	1.0e+00	1.4281e+00	9.4e-03
4.83288e+03	1.0e+00	1.4178e+00	1.0e-02
4.83644e+03	1.0e+00	1.3959e+00	1.1e-02
4.84000e+03	1.0e+00	1.3779e+00	1.0e-02
4.84356e+03	1.0e+00	1.3534e+00	9.9e-03
4.84713e+03	1.0e+00	1.3083e+00	9.0e-03
4.85069e+03	1.0e+00	1.2367e+00	9.9e-03
4.85425e+03	1.0e+00	1.1356e+00	8.1e-03
4.85782e+03	1.0e+00	9.8874e-01	8.4e-03
4.86138e+03	1.0e+00	8.7720e-01	5.4e-03
4.86494e+03	1.0e+00	8.6645e-01	6.0e-03
4.86851e+03	1.0e+00	9.6626e-01	8.8e-03
4.87207e+03	1.0e+00	1.1109e+00	9.5e-03
4.87563e+03	1.0e+00	1.2082e+00	1.0e-02
4.87920e+03	1.0e+00	1.2616e+00	1.1e-02
4.88276e+03	1.0e+00	1.2833e+00	1.1e-02
4.88632e+03	1.0e+00	1.2999e+00	9.6e-03
4.88988e+03	1.0e+00	1.3027e+00	1.1e-02
4.89345e+03	1.0e+00	1.3032e+00	1.1e-02
4.89701e+03	1.0e+00	1.2977e+00	1.2e-02
4.90057e+03	1.0e+00	1.2987e+00	1.2e-02
4.90414e+03	1.0e+00	1.2920e+00	1.2e-02
4.90770e+03	1.0e+00	1.2834e+00	1.1e-02
4.91126e+03	1.0e+00	1.2816e+00	1.1e-02
4.91482e+03	1.0e+00	1.2783e+00	1.1e-02
4.91839e+03	1.0e+00	1.2650e+00	1.0e-02
4.92195e+03	1.0e+00	1.2440e+00	1.2e-02
4.92551e+03	1.0e+00	1.2331e+00	1.2e-02
4.92908e+03	1.0e+00	1.2370e+00	1.1e-02
4.93264e+03	1.0e+00	1.2518e+00	1.1e-02
4.93620e+03	1.0e+00	1.2546e+00	1.2e-02
4.93976e+03	1.0e+00	1.2485e+00	1.2e-02
4.94333e+03	1.0e+00	1.2415e+00	1.2e-02
4.94689e+03	1.0e+00	1.2413e+00	1.0e-02
4.95045e+03	1.0e+00	1.2333e+00	1.0e-02
4.95401e+03	1.0e+00	1.2289e+00	1.1e-02
4.95758e+03	1.0e+00	1.2183e+00	1.1e-02
4.96114e+03	1.0e+00	1.2224e+00	1.1e-02
4.96470e+03	1.0e+00	1.2165e+00	1.1e-02
4.96826e+03	1.0e+00	1.2087e+00	1.1e-02
4.97182e+03	1.0e+00	1.1995e+00	1.2e-02
4.97539e+03	1.0e+00	1.1979e+00	1.1e-02
4.97895e+03	1.0e+00	1.1863e+00	1.1e-02
4.98251e+03	1.0e+00	1.1773e+00	1.2e-02
4.98607e+03	1.0e+00	1.1709e+00	1.2e-02
4.98963e+03	1.0e+00	1.1659e+00	1.1e-02
4.99320e+03	1.0e+00	1.1609e+00	1.1e-02
4.99676e+03	1.0e+00	1.1551e+00	1.1e-02
5.00032e+03	1.0e+00	1.1485e+00	1.1e-02
5.00388e+03	1.0e+00	1.1343e+00	1.3e-02
5.00744e+03	1.0e+00	1.1331e+00	1.2e-02
5.01100e+03	1.0e+00	1.1274e+00	1.0e-02
5.01456e+03	1.0e+00	1.1089e+00	1.2e-02
5.01812e+03	1.0e+00	1.1033e+00	1.1e-02
5.02168e+03	1.0e+00	1.0937e+00	1.1e-02
5.02525e+03	1.0e+00	1.0963e+00	1.0e-02
5.02881e+03	1.0e+00	1.0900e+00	9.8e-03
5.03237e+03	1.0e+00	1.0835e+00	1.1e-02
5.03593e+03	1.0e+00	1.0784e+00	1.1e-02
5.03949e+03	1.0e+00	1.0725e+00	9.9e-03
5.04305e+03	1.0e+00	1.0628e+00	1.1e-02
5.04661e+03	1.0e+00	1.0573e+00	1.0e-02
5.05017e+03	1.0e+00	1.0489e+00	1.1e-02
5.05373e+03	1.0e+00	1.0413e+00	1.1e-02
5.05729e+03	1.0e+00	1.0440e+00	9.9e-03
5.06085e+03	1.0e+00	1.0324e+00	1.0e-02
5.06441e+03	1.0e+00	1.0311e+00	1.1e-02
5.06796e+03	1.0e+00	1.0319e+00	1.1e-02
5.07152e+03	1.0e+00	1.0195e+00	1.2e-02
5.07508e+03	1.0e+00	1.0252e+00	1.1e-02
5.07864e+03	1.0e+00	1.0171e+00	1.2e-02
5.08220e+03	1.0e+00	1.0070e+00	1.2e-02
5.08576e+03	1.0e+00	1.0056e+00	1.1e-02
5.08932e+03	1.0e+00	1.0006e+00	1.2e-02
5.09287e+03	1.0e+00	1.0051e+00	1.1e-02
5.09643e+03	1.0e+00	9.8924e-01	1.2e-02
5.09999e+03	1.0e+00	9.9396e-01	1.0e-02
5.10355e+03	1.0e+00	9.7944e-01	1.2e-02
5.10711e+03	1.0e+00	9.7696e-01	1.1e-02
5.11066e+03	1.0e+00	9.7706e-01	1.2e-02
5.11422e+03	1.0e+00	9.6569e-01	1.2e-02
5.11778e+03	1.0e+00	9.6862e-01	1.1e-02
5.12133e+03	1.0e+00	9.5442e-01	1.2e-02
5.12489e+03	1.0e+00	9.4943e-01	1.3e-02
5.12845e+03	1.0e+00	9.5162e-01	1.2e-02
5.13200e+03	1.0e+00	9.4050e-01	1.2e-02
5.13556e+03	1.0e+00	9.3849e-01	1.1e-02
5.13911e+03	1.0e+00	9.3326e-01	1.2e-02
5.14267e+03	1.0e+00	9.2639e-01	1.1e-02
5.14623e+03	1.0e+00	9.2356e-01	1.1e-02
5.14978e+03	1.0e+00	9.1534e-01	1.2e-02
5.15334e+03	1.0e+00	9.0715e-01	1.1e-02
5.15689e+03	1.0e+00	9.0308e-01	1.1e-02
5.16045e+03	1.0e+00	9.0321e-01	1.1e-02
5.16400e+03	1.0e+00	9.0139e-01	1.1e-02
5.16755e+03	1.0e+00	8.9297e-01	1.1e-02
5.17111e+03	1.0e+00	8.8194e-01	1.0e-02
5.17466e+03	1.0e+00	8.7812e-01	1.1e-02
5.17822e+03	1.0e+00	8.7474e-01	1.1e-02
5.18177e+03	1.0e+00	8.7184e-01	1.1e-02
5.18532e+03	1.0e+00	8.6902e-01	1.1e-02
5.18888e+03	1.0e+00	8.6235e-01	1.0e-02
5.19243e+03	1.0e+00	8.6641e-01	9.5e-03
5.19598e+03	1.0e+00	8.6262e-01	1.1e-02
5.19953e+03	1.0e+00	8.5086e-01	1.1e-02
5.20308e+03	1.0e+00	8.4414e-01	1.2e-02
5.20664e+03	1.0e+00	8.4286e-01	1.1e-02
5.21019e+03	1.0e+00	8.4049e-01	1.2e-02
5.21374e+03	1.0e+00	8.3953e-01	1.1e-02
5.21729e+03	1.0e+00	8.3152e-01	1.2e-02
5.22084e+03	1.0e+00	8.2699e-01	1.2e-02
5.22439e+03	1.0e+00	8.2575e-01	1.0e-02
5.22794e+03	1.0e+00	8.2011e-01	1.1e-02
5.23149e+03	1.0e+00	8.1744e-01	1.0e-02
5.23504e+03	1.0e+00	8.0939e-01	1.1e-02
5.23859e+03	1.0e+00	8.0845e-01	1.0e-02
5.24214e+03	1.0e+00	7.9574e-01	1.1e-02
5.24569e+03	1.0e+00	7.9754e-01	1.1e-02
5.24924e+03	1.0e+00	7.9476e-01	1.1e-02
5.25279e+03	1.0e+00	7.9194e-01	1.1e-02
5.25634e+03	1.0e+00	7.9074e-01	1.1e-02
5.25988e+03	1.0e+00	7.8297e-01	1.0e-02
5.26343e+03	1.0e+00	7.6852e-01	1.2e-02
5.26698e+03	1.0e+00	7.6963e-01	1.1e-02
5.27053e+03	1.0e+00	7.6510e-01	1.1e-02
5.27407e+03	1.0e+00	7.6146e-01	1.1e-02
5.27762e+03	1.0e+00	7.6059e-01	1.1e-02
5.28116e+03	1.0e+00	7.5211e-01	1.1e-02
5.28471e+03	1.0e+00	7.4844e-01	1.1e-02
5.28826e+03	1.0e+00	7.4573e-01	1.2e-02
5.29180e+03	1.0e+00	7.4468e-01	1.1e-02
5.29535e+03	1.0e+00	7.4156e-01	1.2e-02
5.29889e+03	1.0e+00	7.3437e-01	1.2e-02
5.30244e+03	1.0e+00	7.3225e-01	1.1e-02
5.30598e+03	1.0e+00	7.2752e-01	1.2e-02
5.30952e+03	1.0e+00	7.2403e-01	1.2e-02
5.31307e+03	1.0e+00	7.2311e-01	1.0e-02
5.31661e+03	1.0e+00	7.1379e-01	1.2e-02
5.32015e+03	1.0e+00	7.1311e-01	1.0e-02
5.32370e+03	1.0e+00	7.0030e-01	1.1e-02
5.32724e+03	1.0e+00	7.0192e-01	1.0e-02
5.33078e+03	1.0e+00	7.0457e-01	1.0e-02
5.33432e+03	1.0e+00	7.0011e-01	1.1e-02
5.33786e+03	1.0e+00	7.0125e-01	9.5e-03
5.34140e+03	1.0e+00	6.9121e-01	1.2e-02
5.34494e+03	1.0e+00	6.9326e-01	1.0e-02
5.34848e+03	1.0e+00	6.8655e-01	1.2e-02
5.35202e+03	1.0e+00	6.8571e-01	1.1e-02
5.35556e+03	1.0e+00	6.8509e-01	1.2e-02
5.35910e+03	1.0e+00	6.7998e-01	1.2e-02
5.36264e+03	1.0e+00	6.7946e-01	1.1e-02
5.36618e+03	1.0e+00	6.7784e-01	1.1e-02
5.36972e+03	1.0e+00	6.7226e-01	1.2e-02
5.37326e+03	1.0e+00	6.6763e-01	1.3e-02
5.37679e+03	1.0e+00	6.6750e-01	1.2e-02
5.38033e+03	1.0e+00	6.6684e-01	1.1e-02
5.38387e+03	1.0e+00	6.6117e-01	1.2e-02
5.38741e+03	1.0e+00	6.6369e-01	1.1e-02
5.39094e+03	1.0e+00	6.5913e-01	1.1e-02
5.39448e+03	1.0e+00	6.5500e-01	1.1e-02
5.39801e+03	1.0e+00	6.4830e-01	1.1e-02
5.40155e+03	1.0e+00	6.4556e-01	1.1e-02
5.40508e+03	1.0e+00	6.4497e-01	1.1e-02
5.40862e+03	1.0e+00	6.3793e-01	1.1e-02
5.41215e+03	1.0e+00	6.3384e-01	1.2e-02
5.41568e+03	1.0e+00	6.3395e-01	1.1e-02
5.41922e+03	1.0e+00	6.3090e-01	1.1e-02
5.42275e+03	1.0e+00	6.2622e-01	1.1e-02
5.42628e+03	1.0e+00	6.2198e-01	1.1e-02
5.42981e+03	1.0e+00	6.1933e-01	1.0e-02
5.43335e+03	1.0e+00	6.1821e-01	1.1e-02
5.43688e+03	1.0e+00	6.1449e-01	1.2e-02
5.44041e+03	1.0e+00	6.1359e-01	1.1e-02
5.44394e+03	1.0e+00	6.0767e-01	1.1e-02
5.44747e+03	1.0e+00	6.0557e-01	1.1e-02
5.45100e+03	1.0e+00	6.0461e-01	1.1e-02
5.45453e+03	1.0e+00	6.0384e-01	1.0e-02
5.45805e+03	1.0e+00	6.0233e-01	1.0e-02
5.46158e+03	1.0e+00	6.0016e-01	1.0e-02
5.46511e+03	1.0e+00	5.9828e-01	9.7e-03
5.46864e+03	1.0e+00	5.9176e-01	9.9e-03
5.47217e+03	1.0e+00	5.9056e-01	1.1e-02
5.47569e+03	1.0e+00	5.9213e-01	9.8e-03
5.47922e+03	1.0e+00	5.8636e-01	1.0e-02
5.48274e+03	1.0e+00	5.8237e-01	1.1e-02
5.48627e+03	1.0e+00	5.7935e-01	1.0e-02
5.48979e+03	1.0e+00	5.7703e-01	1.0e-02
5.49332e+03	1.0e+00	5.7361e-01	1.1e-02
5.49684e+03	1.0e+00	5.7154e-01	1.0e-02
5.50037e+03	1.0e+00	5.7061e-01	1.1e-02
5.50389e+03	1.0e+00	5.6984e-01	1.1e-02
5.50741e+03	1.0e+00	5.6570e-01	1.0e-02
5.51094e+03	1.0e+00	5.6161e-01	9.8e-03
5.51446e+03	1.0e+00	5.5937e-01	9.8e-03
5.51798e+03	1.0e+00	5.5809e-01	9.9e-03
5.52150e+03	1.0e+00	5.6099e-01	9.6e-03
5.52502e+03	1.0e+00	5.5012e-01	1.0e-02
5.52854e+03	1.0e+00	5.4886e-01	1.1e-02
5.53206e+03	1.0e+00	5.4675e-01	1.1e-02
5.53558e+03	1.0e+00	5.4475e-01	1.1e-02
5.53910e+03	1.0e+00	5.4657e-01	9.6e-03
5.54262e+03	1.0e+00	5.4203e-01	9.7e-03
5.54613e+03	1.0e+00	5.3569e-01	1.0e-02
5.54965e+03	1.0e+00	5.3506e-01	1.0e-02
5.55317e+03	1.0e+00	5.3202e-01	1.0e-02
5.55668e+03	1.0e+00	5.2852e-01	1.1e-02
5.56020e+03	1.0e+00	5.3104e-01	1.0e-02
5.56372e+03	1.0e+00	5.2998e-01	9.7e-03
5.56723e+03	1.0e+00	5.2715e-01	1.1e-02
5.57074e+03	1.0e+00	5.2406e-01	1.1e-02
5.57426e+03	1.0e+00	5.2279e-01	9.9e-03
5.57777e+03	1.0e+00	5.1988e-01	1.0e-02
5.58129e+03	1.0e+00	5.2095e-01	9.5e-03
5.58480e+03	1.0e+00	5.1482e-01	1.0e-02
5.58831e+03	1.0e+00	5.1284e-01	9.5e-03
5.59182e+03	1.0e+00	5.0920e-01	1.0e-02
5.59533e+03	1.0e+00	5.0583e-01	1.0e-02
5.59884e+03	1.0e+00	5.0618e-01	1.0e-02
5.60235e+03	1.0e+00	5.0296e-01	1.0e-02
5.60586e+03	1.0e+00	5.0365e-01	1.0e-02
5.60937e+03	1.0e+00	5.0267e-01	9.6e-03
5.61288e+03	1.0e+00	4.9658e-01	9.7e-03
5.61639e+03	1.0e+00	4.9445e-01	1.0e-02
5.61990e+03	1.0e+00	4.9526e-01	9.3e-03
5.62340e+03	1.0e+00	4.8935e-01	9.8e-03
5.62691e+03	1.0e+00	4.9238e-01	9.3e-03
5.63041e+03	1.0e+00	4.8741e-01	1.0e-02
5.63392e+03	1.0e+00	4.8338e-01	9.4e-03
5.63743e+03	1.0e+00	4.8283e-01	9.3e-03
5.64093e+03	1.0e+00	4.8228e-01	9.3e-03
5.64443e+03	1.0e+00	4.8046e-01	9.2e-03
5.64794e+03	1.0e+00	4.7836e-01	9.1e-03
5.65144e+03	1.0e+00	4.7485e-01	9.1e-03
5.65494e+03	1.0e+00	4.7660e-01	8.5e-03
5.65844e+03	1.0e+00	4.7132e-01	9.6e-03
5.66194e+03	1.0e+00	4.7031e-01	9.0e-03
5.66544e+03	1.0e+00	4.7185e-01	8.9e-03
5.66895e+03	1.0e+00	4.6772e-01	9.4e-03
5.67244e+03	1.0e+00	4.6666e-01	9.1e-03
5.67594e+03	1.0e+00	4.6524e-01	9.2e-03
5.67944e+03	1.0e+00	4.6271e-01	9.5e-03
5.68294e+03	1.0e+00	4.6147e-01	9.2e-03
5.68644e+03	1.0e+00	4.5957e-01	9.8e-03
5.68993e+03	1.0e+00	4.5885e-01	9.2e-03
5.69343e+03	1.0e+00	4.5494e-01	9.6e-03
5.69693e+03	1.0e+00	4.5427e-01	9.4e-03
5.70042e+03	1.0e+00	4.5177e-01	8.9e-03
5.70392e+03	1.0e+00	4.4966e-01	9.5e-03
5.70741e+03	1.0e+00	4.4600e-01	9.4e-03
5.71090e+03	1.0e+00	4.4613e-01	9.1e-03
5.71440e+03	1.0e+00	4.4359e-01	9.5e-03
5.71789e+03	1.0e+00	4.4189e-01	9.0e-03
5.72138e+03	1.0e+00	4.3802e-01	9.6e-03
5.72487e+03	1.0e+00	4.4043e-01	8.9e-03
5.72836e+03	1.0e+00	4.3593e-01	8.5e-03
5.73185e+03	1.0e+00	4.3153e-01	8.5e-03
5.73534e+03	1.0e+00	4.3399e-01	8.1e-03
5.73883e+03	1.0e+00	4.2884e-01	9.3e-03
5.74232e+03	1.0e+00	4.2712e-01	8.8e-03
5.74580e+03	1.0e+00	4.2400e-01	9.3e-03
5.74929e+03	1.0e+00	4.2562e-01	9.2e-03
5.75278e+03	1.0e+00	4.2499e-01	8.3e-03
5.75626e+03	1.0e+00	4.1899e-01	9.5e-03
5.75975e+03	1.0e+00	4.1976e-01	8.6e-03
5.76323e+03	1.0e+00	4.1959e-01	8.3e-03
5.76672e+03	1.0e+00	4.1748e-01	8.4e-03
5.77020e+03	1.0e+00	4.1321e-01	9.2e-03
5.77368e+03	1.0e+00	4.1264e-01	8.9e-03
5.77716e+03	1.0e+00	4.1282e-01	8.9e-03
5.78065e+03	1.0e+00	4.1191e-01	8.4e-03
5.78413e+03	1.0e+00	4.0631e-01	9.1e-03
5.78761e+03	1.0e+00	4.0621e-01	8.7e-03
5.79109e+03	1.0e+00	4.0807e-01	8.4e-03
5.79457e+03	1.0e+00	4.0775e-01	8.2e-03
5.79804e+03	1.0e+00	4.0423e-01	8.2e-03
5.80152e+03	1.0e+00	4.0377e-01	8.3e-03
5.80500e+03	1.0e+00	4.0340e-01	8.7e-03
5.80847e+03	1.0e+00	3.9878e-01	9.6e-03
5.81195e+03	1.0e+00	4.0113e-01	8.5e-03
5.81543e+03	1.0e+00	4.0165e-01	8.5e-03
5.81890e+03	1.0e+00	4.0071e-01	8.2e-03
5.82237e+03	1.0e+00	3.9806e-01	8.2e-03
5.82585e+03	1.0e+00	3.9648e-01	9.3e-03
5.82932e+03	1.0e+00	3.9838e-01	8.0e-03
5.83279e+03	1.0e+00	3.9595e-01	8.3e-03
5.83626e+03	1.0e+00	3.9545e-01	8.2e-03
5.83973e+03	1.0e+00	3.9450e-01	8.2e-03
5.84320e+03	1.0e+00	3.9381e-01	8.5e-03
5.84667e+03	1.0e+00	3.9450e-01	7.7e-03
5.85014e+03	1.0e+00	3.9032e-01	8.6e-03
5.85361e+03	1.0e+00	3.8993e-01	8.5e-03
5.85708e+03	1.0e+00	3.8801e-01	8.4e-03
5.86054e+03	1.0e+00	3.8796e-01	8.1e-03
5.86401e+03	1.0e+00	3.8882e-01	8.1e-03
5.86748e+03	1.0e+00	3.8715e-01	7.7e-03
5.87094e+03	1.0e+00	3.8481e-01	8.2e-03
5.87440e+03	1.0e+00	3.8247e-01	8.5e-03
5.87787e+03	1.0e+00	3.7616e-01	8.7e-03
5.88133e+03	1.0e+00	3.7398e-01	8.3e-03
5.88479e+03	1.0e+00	3.7250e-01	8.2e-03
5.88825e+03	1.0e+00	3.7172e-01	7.8e-03
5.89171e+03	1.0e+00	3.6987e-01	8.1e-03
5.89517e+03	1.0e+00	3.6783e-01	8.4e-03
5.89863e+03	1.0e+00	3.6806e-01	8.1e-03
5.90209e+03	1.0e+00	3.6674e-01	8.4e-03
5.90555e+03	1.0e+00	3.6418e-01	8.0e-03
5.90901e+03	1.0e+00	3.6379e-01	7.9e-03
5.91246e+03	1.0e+00	3.6604e-01	8.2e-03
5.91592e+03	1.0e+00	3.6551e-01	8.0e-03
5.91937e+03	1.0e+00	3.6435e-01	7.9e-03
5.92283e+03	1.0e+00	3.6122e-01	8.3e-03
5.92628e+03	1.0e+00	3.5517e-01	8.4e-03
5.92973e+03	1.0e+00	3.5629e-01	8.0e-03
5.93319e+03	1.0e+00	3.5368e-01	8.5e-03
5.93664e+03	1.0e+00	3.5888e-01	7.7e-03
5.94009e+03	1.0e+00	3.5815e-01	7.8e-03
5.94354e+03	1.0e+00	3.5354e-01	8.3e-03
5.94699e+03	1.0e+00	3.5429e-01	7.9e-03
5.95044e+03	1.0e+00	3.4957e-01	8.2e-03
5.95389e+03	1.0e+00	3.4728e-01	8.5e-03
5.95733e+03	1.0e+00	3.4699e-01	8.2e-03
5.96078e+03	9.9e-01	3.4560e-01	8.1e-03
5.96422e+03	9.9e-01	3.4680e-01	7.7e-03
5.96767e+03	9.9e-01	3.4584e-01	7.6e-03
5.97111e+03	9.9e-01	3.4327e-01	8.2e-03
5.97456e+03	9.9e-01	3.4467e-01	8.1e-03
5.97800e+03	9.9e-01	3.4269e-01	7.7e-03
5.98144e+03	9.9e-01	3.3928e-01	8.4e-03
5.98488e+03	9.9e-01	3.3940e-01	7.9e-03
5.98832e+03	9.9e-01	3.3812e-01	8.0e-03
5.99176e+03	9.9e-01	3.3894e-01	8.0e-03
5.99520e+03	9.9e-01	3.3799e-01	7.7e-03
5.99864e+03	9.9e-01	3.3806e-01	7.4e-03
6.00208e+03	9.9e-01	3.3585e-01	7.8e-03
6.00552e+03	9.9e-01	3.3542e-01	7.9e-03
6.00895e+03	9.9e-01	3.3516e-01	7.9e-03
6.01239e+03	9.9e-01	3.3323e-01	8.1e-03
6.01582e+03	9.9e-01	3.3277e-01	7.3e-03
6.01926e+03	9.9e-01	3.3155e-01	7.8e-03
6.02269e+03	9.9e-01	3.3065e-01	7.5e-03
6.02612e+03	9.9e-01	3.3106e-01	7.0e-03
6.02955e+03	9.9e-01	3.2859e-01	7.9e-03
6.03298e+03	9.9e-01	3.2754e-01	7.9e-03
6.03641e+03	9.9e-01	3.2556e-01	7.4e-03
6.03984e+03	9.9e-01	3.2591e-01	8.0e-03
6.04327e+03	9.9e-01	3.2515e-01	7.9e-03
6.04670e+03	9.9e-01	3.2197e-01	8.1e-03
6.05013e+03	9.9e-01	3.2134e-01	8.1e-03
6.05355e+03	9.9e-01	3.1968e-01	7.7e-03
6.05698e+03	9.9e-01	3.1841e-01	8.1e-03
6.06040e+03	9.9e-01	3.1925e-01	7.9e-03
6.06382e+03	9.9e-01	3.1836e-01	7.6e-03
6.06725e+03	9.9e-01	3.1842e-01	7.5e-03
6.07067e+03	9.9e-01	3.1696e-01	7.8e-03
6.07409e+03	9.9e-01	3.1524e-01	8.1e-03
6.07751e+03	9.9e-01	3.1469e-01	8.0e-03
6.08093e+03	9.9e-01	3.1557e-01	7.4e-03
6.08435e+03	9.9e-01	3.1417e-01	7.7e-03
6.08777e+03	9.9e-01	3.1267e-01	7.9e-03
6.09119e+03	9.9e-01	3.1192e-01	7.4e-03
6.09460e+03	9.9e-01	3.1214e-01	8.0e-03
6.09802e+03	9.9e-01	3.1041e-01	7.5e-03
6.10143e+03	9.9e-01	3.0781e-01	7.7e-03
6.10485e+03	9.9e-01	3.0844e-01	7.4e-03
6.10826e+03	9.9e-01	3.0787e-01	7.7e-03
6.11167e+03	9.8e-01	3.0467e-01	7.8e-03
6.11508e+03	9.8e-01	3.0330e-01	8.2e-03
6.11850e+03	9.8e-01	3.0245e-01	8.3e-03
6.12191e+03	9.8e-01	3.0193e-01	8.6e-03
6.12531e+03	9.8e-01	3.0123e-01	7.9e-03
6.12872e+03	9.8e-01	2.9981e-01	8.2e-03
6.13213e+03	9.8e-01	3.0240e-01	7.6e-03
6.13554e+03	9.8e-01	3.0110e-01	8.3e-03
6.13894e+03	9.8e-01	3.0235e-01	7.6e-03
6.14235e+03	9.8e-01	3.0164e-01	7.2e-03
6.14575e+03	9.8e-01	2.9984e-01	7.9e-03
6.14916e+03	9.8e-01	2.9864e-01	7.9e-03
6.15256e+03	9.8e-01	2.9928e-01	7.6e-03
6.15596e+03	9.8e-01	2.9658e-01	7.8e-03
6.15936e+03	9.8e-01	2.9577e-01	8.0e-03
6.16276e+03	9.8e-01	2.9141e-01	8.0e-03
6.16616e+03	9.8e-01	2.9092e-01	7.7e-03
6.16956e+03	9.8e-01	2.9183e-01	7.4e-03
6.17296e+03	9.8e-01	2.9294e-01	7.6e-03
6.17635e+03	9.8e-01	2.9242e-01	7.5e-03
6.17975e+03	9.8e-01	2.8998e-01	7.4e-03
6.18314e+03	9.8e-01	2.8654e-01	7.2e-03
6.18654e+03	9.8e-01	2.8860e-01	7.0e-03
6.18993e+03	9.8e-01	2.8566e-01	7.6e-03
6.19332e+03	9.8e-01	2.8436e-01	7.6e-03
6.19671e+03	9.8e-01	2.8341e-01	8.0e-03
6.20010e+03	9.8e-01	2.8286e-01	7.6e-03
6.20349e+03	9.8e-01	2.8075e-01	7.7e-03
6.20688e+03	9.8e-01	2.8045e-01	7.7e-03
6.21027e+03	9.8e-01	2.7881e-01	7.9e-03
6.21366e+03	9.8e-01	2.7765e-01	7.8e-03
6.21704e+03	9.8e-01	2.7774e-01	7.7e-03
6.22043e+03	9.8e-01	2.7750e-01	7.4e-03
6.22381e+03	9.8e-01	2.7410e-01	7.5e-03
6.22720e+03	9.8e-01	2.7348e-01	7.7e-03
6.23058e+03	9.8e-01	2.7406e-01	7.7e-03
6.23396e+03	9.8e-01	2.7350e-01	7.9e-03
6.23734e+03	9.8e-01	2.7265e-01	7.3e-03
6.24072e+03	9.8e-01	2.6970e-01	7.6e-03
6.24410e+03	9.8e-01	2.7088e-01	7.1e-03
6.24748e+03	9.8e-01	2.6935e-01	7.3e-03
6.25086e+03	9.7e-01	2.6644e-01	7.7e-03
6.25423e+03	9.7e-01	2.6584e-01	7.5e-03
6.25761e+03	9.7e-01	2.6567e-01	7.6e-03
6.26098e+03	9.7e-01	2.6897e-01	7.1e-03
6.26436e+03	9.7e-01	2.6461e-01	7.5e-03
6.26773e+03	9.7e-01	2.6726e-01	6.8e-03
6.27110e+03	9.7e-01	2.6430e-01	7.3e-03
6.27447e+03	9.7e-01	2.6215e-01	7.7e-03
6.27784e+03	9.7e-01	2.5944e-01	7.5e-03
6.28121e+03	9.7e-01	2.5189e-01	7.4e-03
6.28458e+03	9.7e-01	2.4776e-01	6.9e-03
6.28795e+03	9.7e-01	2.5016e-01	6.5e-03
6.29131e+03	9.7e-01	2.5204e-01	7.1e-03
6.29468e+03	9.7e-01	2.5357e-01	7.3e-03
6.29804e+03	9.7e-01	2.5052e-01	7.5e-03
6.30141e+03	9.7e-01	2.5005e-01	7.2e-03
6.30477e+03	9.7e-01	2.5036e-01	7.0e-03
6.30813e+03	9.7e-01	2.5030e-01	7.2e-03
6.31149e+03	9.7e-01	2.5125e-01	7.2e-03
6.31485e+03	9.7e-01	2.5119e-01	7.4e-03
6.31821e+03	9.7e-01	2.4982e-01	7.4e-03
6.32157e+03	9.7e-01	2.5010e-01	7.2e-03
6.32492e+03	9.7e-01	2.4987e-01	7.1e-03
6.32828e+03	9.7e-01	2.4665e-01	7.8e-03
6.33163e+03	9.7e-01	2.5011e-01	7.1e-03
6.33499e+03	9.7e-01	2.5024e-01	7.2e-03
6.33834e+03	9.7e-01	2.4896e-01	7.2e-03
6.34169e+03	9.7e-01	2.4734e-01	7.1e-03
6.34505e+03	9.7e-01	2.4661e-01	7.4e-03
6.34840e+03	9.7e-01	2.4638e-01	7.1e-03
6.35175e+03	9.7e-01	2.4408e-01	7.0e-03
6.35509e+03	9.7e-01	2.4137e-01	7.3e-03
6.35844e+03	9.7e-01	2.4336e-01	7.0e-03
6.36179e+03	9.7e-01	2.4360e-01	7.0e-03
6.36513e+03	9.7e-01	2.4316e-01	7.2e-03
6.36848e+03	9.7e-01	2.4342e-01	7.2e-03
6.37182e+03	9.7e-01	2.4131e-01	7.1e-03
6.37516e+03	9.6e-01	2.4044e-01	6.9e-03
6.37851e+03	9.6e-01	2.3964e-01	7.2e-03
6.38185e+03	9.6e-01	2.3907e-01	7.3e-03
6.38519e+03	9.6e-01	2.4153e-01	7.1e-03
6.38853e+03	9.6e-01	2.4031e-01	7.0e-03
6.39186e+03	9.6e-01	2.3717e-01	7.4e-03
6.39520e+03	9.6e-01	2.3826e-01	7.4e-03
6.39854e+03	9.6e-01	2.3597e-01	7.5e-03
6.40187e+03	9.6e-01	2.3595e-01	7.6e-03
6.40520e+03	9.6e-01	2.3723e-01	6.9e-03
6.40854e+03	9.6e-01	2.3503e-01	7.2e-03
6.41187e+03	9.6e-01	2.3503e-01	7.0e-03
6.41520e+03	9.6e-01	2.3569e-01	7.2e-03
6.41853e+03	9.6e-01	2.3282e-01	7.5e-03
6.42186e+03	9.6e-01	2.3198e-01	7.3e-03
6.42519e+03	9.6e-01	2.3326e-01	7.1e-03
6.42851e+03	9.6e-01	2.3420e-01	6.9e-03
6.43184e+03	9.6e-01	2.3122e-01	7.4e-03
6.43516e+03	9.6e-01	2.3152e-01	7.3e-03
6.43849e+03	9.6e-01	2.3011e-01	7.3e-03
6.44181e+03	9.6e-01	2.2915e-01	7.4e-03
6.44513e+03	9.6e-01	2.2662e-01	7.4e-03
6.44845e+03	9.6e-01	2.2923e-01	6.9e-03
6.45177e+03	9.6e-01	2.2765e-01	7.3e-03
6.45509e+03	9.6e-01	2.2686e-01	7.3e-03
6.45841e+03	9.6e-01	2.2444e-01	7.3e-03
6.46173e+03	9.6e-01	2.2133e-01	7.5e-03
6.46504e+03	9.6e-01	2.2245e-01	7.2e-03
6.46836e+03	9.6e-01	2.2239e-01	7.4e-03
6.47167e+03	9.6e-01	2.2334e-01	7.2e-03
6.47498e+03	9.6e-01	2.2036e-01	7.1e-03
6.47830e+03	9.6e-01	2.1861e-01	7.3e-03
6.48161e+03	9.6e-01	2.1942e-01	7.0e-03
6.48492e+03	9.6e-01	2.1695e-01	7.5e-03
6.48822e+03	9.5e-01	2.1622e-01	7.4e-03
6.49153e+03	9.5e-01	2.1824e-01	7.1e-03
6.49484e+03	9.5e-01	2.1618e-01	7.4e-03
6.49814e+03	9.5e-01	2.1567e-01	7.2e-03
6.50145e+03	9.5e-01	2.1508e-01	7.6e-03
6.50475e+03	9.5e-01	2.1560e-01	7.4e-03
6.50805e+03	9.5e-01	2.1441e-01	7.2e-03
6.51136e+03	9.5e-01	2.1055e-01	7.9e-03
6.51466e+03	9.5e-01	2.1220e-01	7.0e-03
6.51795e+03	9.5e-01	2.0829e-01	7.3e-03
6.52125e+03	9.5e-01	2.0790e-01	7.2e-03
6.52455e+03	9.5e-01	2.0798e-01	7.4e-03
6.52785e+03	9.5e-01	2.1069e-01	6.9e-03
6.53114e+03	9.5e-01	2.0979e-01	7.1e-03
6.53443e+03	9.5e-01	2.0761e-01	7.0e-03
6.53773e+03	9.5e-01	2.0651e-01	7.2e-03
6.54102e+03	9.5e-01	2.0273e-01	7.0e-03
6.54431e+03	9.5e-01	1.9828e-01	7.1e-03
6.54760e+03	9.5e-01	1.9668e-01	6.7e-03
6.55089e+03	9.5e-01	1.9081e-01	6.5e-03
6.55418e+03	9.5e-01	1.8154e-01	6.8e-03
6.55746e+03	9.5e-01	1.6820e-01	6.4e-03
6.56075e+03	9.5e-01	1.5677e-01	5.6e-03
6.56403e+03	9.5e-01	1.4556e-01	5.5e-03
6.56732e+03	9.5e-01	1.4630e-01	5.4e-03
6.57060e+03	9.5e-01	1.5851e-01	5.4e-03
6.57388e+03	9.5e-01	1.7242e-01	6.0e-03
6.57716e+03	9.5e-01	1.8323e-01	6.2e-03
6.58044e+03	9.5e-01	1.8713e-01	6.9e-03
6.58372e+03	9.5e-01	1.9262e-01	7.1e-03
6.58699e+03	9.5e-01	1.9461e-01	7.0e-03
6.59027e+03	9.5e-01	1.9556e-01	7.3e-03
6.59354e+03	9.5e-01	1.9596e-01	7.3e-03
6.59682e+03	9.4e-01	1.9487e-01	7.6e-03
6.60009e+03	9.4e-01	1.9567e-01	7.3e-03
6.60336e+03	9.4e-01	1.9543e-01	7.3e-03
6.60663e+03	9.4e-01	1.9303e-01	7.3e-03
6.60990e+03	9.4e-01	1.9507e-01	7.2e-03
6.61317e+03	9.4e-01	1.9421e-01	7.7e-03
6.61643e+03	9.4e-01	1.9347e-01	7.3e-03
6.61970e+03	9.4e-01	1.9315e-01	7.1e-03
6.62296e+03	9.4e-01	1.9257e-01	7.3e-03
6.62623e+03	9.4e-01	1.9176e-01	7.3e-03
6.62949e+03	9.4e-01	1.9100e-01	7.7e-03
6.63275e+03	9.4e-01	1.9225e-01	7.2e-03
6.63601e+03	9.4e-01	1.8996e-01	7.2e-03
6.63927e+03	9.4e-01	1.9176e-01	7.5e-03
6.64253e+03	9.4e-01	1.9115e-01	7.6e-03
6.64579e+03	9.4e-01	1.9167e-01	7.1e-03
6.64904e+03	9.4e-01	1.8975e-01	7.4e-03
6.65230e+03	9.4e-01	1.8804e-01	7.5e-03
6.65555e+03	9.4e-01	1.9204e-01	7.1e-03
6.65880e+03	9.4e-01	1.8934e-01	7.2e-03
6.66205e+03	9.4e-01	1.8655e-01	7.6e-03
6.66530e+03	9.4e-01	1.8587e-01	7.5e-03
6.66855e+03	9.4e-01	1.8553e-01	7.4e-03
6.67180e+03	9.4e-01	1.8455e-01	7.5e-03
6.67505e+03	9.4e-01	1.8592e-01	7.0e-03
6.67829e+03	9.4e-01	1.8415e-01	7.6e-03
6.68154e+03	9.4e-01	1.8410e-01	7.5e-03
6.68478e+03	9.4e-01	1.8586e-01	6.7e-03
6.68802e+03	9.4e-01	1.8459e-01	7.0e-03
6.69126e+03	9.4e-01	1.8467e-01	7.3e-03
6.69450e+03	9.4e-01	1.8253e-01	7.3e-03
6.69774e+03	9.3e-01	1.8358e-01	7.0e-03
6.70098e+03	9.3e-01	1.8191e-01	7.2e-03
6.70422e+03	9.3e-01	1.7993e-01	7.6e-03
6.70745e+03	9.3e-01	1.8116e-01	7.3e-03
6.71069e+03	9.3e-01	1.8163e-01	7.0e-03
6.71392e+03	9.3e-01	1.7916e-01	7.3e-03
6.71715e+03	9.3e-01	1.7857e-01	7.5e-03
6.72038e+03	9.3e-01	1.7916e-01	7.3e-03
6.72361e+03	9.3e-01	1.7936e-01	6.9e-03
6.72684e+03	9.3e-01	1.7867e-01	7.5e-03
6.73007e+03	9.3e-01	1.7645e-01	7.1e-03
6.73329e+03	9.3e-01	1.7653e-01	7.0e-03
6.73652e+03	9.3e-01	1.7348e-01	7.4e-03
6.73974e+03	9.3e-01	1.7275e-01	7.7e-03
6.74296e+03	9.3e-01	1.7437e-01	7.5e-03
6.74618e+03	9.3e-01	1.7360e-01	7.7e-03
6.74940e+03	9.3e-01	1.7436e-01	7.3e-03
6.75262e+03	9.3e-01	1.7260e-01	7.4e-03
6.75584e+03	9.3e-01	1.7345e-01	7.5e-03
6.75906e+03	9.3e-01	1.7398e-01	7.3e-03
6.76227e+03	9.3e-01	1.7037e-01	7.5e-03
6.76549e+03	9.3e-01	1.7110e-01	7.5e-03
6.76870e+03	9.3e-01	1.7123e-01	7.1e-03
6.77191e+03	9.3e-01	1.7005e-01	7.2e-03
6.77512e+03	9.3e-01	1.7158e-01	7.1e-03
6.77833e+03	9.3e-01	1.7075e-01	7.0e-03
6.78154e+03	9.3e-01	1.6841e-01	7.4e-03
6.78475e+03	9.3e-01	1.6731e-01	7.6e-03
6.78795e+03	9.3e-01	1.6751e-01	7.7e-03
6.79116e+03	9.2e-01	1.6711e-01	6.9e-03
6.79436e+03	9.2e-01	1.6766e-01	7.1e-03
6.79756e+03	9.2e-01	1.6610e-01	7.2e-03
6.80077e+03	9.2e-01	1.6568e-01	7.2e-03
6.80397e+03	9.2e-01	1.6607e-01	7.1e-03
6.80716e+03	9.2e-01	1.6419e-01	7.4e-03
6.81036e+03	9.2e-01	1.6077e-01	7.5e-03
6.81356e+03	9.2e-01	1.6265e-01	7.5e-03
6.81675e+03	9.2e-01	1.5998e-01	7.4e-03
6.81995e+03	9.2e-01	1.6054e-01	7.7e-03
6.82314e+03	9.2e-01	1.6038e-01	7.2e-03
6.82633e+03	9.2e-01	1.5807e-01	7.4e-03
6.82952e+03	9.2e-01	1.5986e-01	7.3e-03
6.83271e+03	9.2e-01	1.5885e-01	7.2e-03
6.83590e+03	9.2e-01	1.5744e-01	7.3e-03
6.83908e+03	9.2e-01	1.5937e-01	7.1e-03
6.84227e+03	9.2e-01	1.5664e-01	7.0e-03
6.84545e+03	9.2e-01	1.5366e-01	8.0e-03
6.84864e+03	9.2e-01	1.5286e-01	7.4e-03
6.85182e+03	9.2e-01	1.5274e-01	7.0e-03
6.85500e+03	9.2e-01	1.4644e-01	7.2e-03
6.85818e+03	9.2e-01	1.3062e-01	6.6e-03
6.86136e+03	9.2e-01	1.1132e-01	5.8e-03
6.86453e+03	9.2e-01	1.0249e-01	5.1e-03
6.86771e+03	9.2e-01	1.1634e-01	4.9e-03
6.87088e+03	9.2e-01	1.2786e-01	5.7e-03
6.87406e+03	9.2e-01	1.3179e-01	6.5e-03
6.87723e+03	9.2e-01	1.3223e-01	6.5e-03
6.88040e+03	9.2e-01	1.2688e-01	6.2e-03
6.88357e+03	9.1e-01	1.2348e-01	6.7e-03
6.88674e+03	9.1e-01	1.2735e-01	6.1e-03
6.88990e+03	9.1e-01	1.3243e-01	5.7e-03
6.89307e+03	9.1e-01	1.3055e-01	6.6e-03
6.89623e+03	9.1e-01	1.3173e-01	6.9e-03
6.89940e+03	9.1e-01	1.3363e-01	6.8e-03
6.90256e+03	9.1e-01	1.3780e-01	6.4e-03
6.90572e+03	9.1e-01	1.3755e-01	6.8e-03
6.90888e+03	9.1e-01	1.4027e-01	6.6e-03
6.91203e+03	9.1e-01	1.4200e-01	6.4e-03
6.91519e+03	9.1e-01	1.4183e-01	6.7e-03
6.91835e+03	9.1e-01	1.3767e-01	7.1e-03
6.92150e+03	9.1e-01	1.4057e-01	6.9e-03
6.92465e+03	9.1e-01	1.4021e-01	6.7e-03
6.92781e+03	9.1e-01	1.3983e-01	6.6e-03
6.93096e+03	9.1e-01	1.3889e-01	6.8e-03
6.93411e+03	9.1e-01	1.3788e-01	6.8e-03
6.93725e+03	9.1e-01	1.3839e-01	7.1e-03
6.94040e+03	9.1e-01	1.3852e-01	6.8e-03
6.94355e+03	9.1e-01	1.3967e-01	6.8e-03
6.94669e+03	9.1e-01	1.3762e-01	7.0e-03
6.94983e+03	9.1e-01	1.3576e-01	7.5e-03
6.95297e+03	9.1e-01	1.3729e-01	7.4e-03
6.95611e+03	9.1e-01	1.3823e-01	7.3e-03
6.95925e+03	9.1e-01	1.3791e-01	7.2e-03
6.96239e+03	9.1e-01	1.3741e-01	7.0e-03
6.96553e+03	9.1e-01	1.3763e-01	7.3e-03
6.96866e+03	9.0e-01	1.3646e-01	6.9e-03
6.97180e+03	9.0e-01	1.3733e-01	6.6e-03
6.97493e+03	9.0e-01	1.3391e-01	7.3e-03
6.97806e+03	9.0e-01	1.3211e-01	7.3e-03
6.98119e+03	9.0e-01	1.3163e-01	7.2e-03
6.98432e+03	9.0e-01	1.3125e-01	7.1e-03
6.98745e+03	9.0e-01	1.3227e-01	7.3e-03
6.99057e+03	9.0e-01	1.3252e-01	6.9e-03
6.99370e+03	9.0e-01	1.3245e-01	6.8e-03
6.99682e+03	9.0e-01	1.2900e-01	7.1e-03
6.99994e+03	9.0e-01	1.2968e-01	6.8e-03
7.00306e+03	9.0e-01	1.2945e-01	6.9e-03
7.00618e+03	9.0e-01	1.2988e-01	6.7e-03
7.00930e+03	9.0e-01	1.2838e-01	6.7e-03
7.01242e+03	9.0e-01	1.2770e-01	7.0e-03
7.01553e+03	9.0e-01	1.2813e-01	6.8e-03
7.01865e+03	9.0e-01	1.2559e-01	7.4e-03
7.02176e+03	9.0e-01	1.2594e-01	7.3e-03
7.02487e+03	9.0e-01	1.2616e-01	6.8e-03
7.02798e+03	9.0e-01	1.2659e-01	6.8e-03
7.03109e+03	9.0e-01	1.2316e-01	7.3e-03
7.03420e+03	9.0e-01	1.2250e-01	7.5e-03
7.03730e+03	9.0e-01	1.2465e-01	6.7e-03
7.04041e+03	9.0e-01	1.2442e-01	7.0e-03
7.04351e+03	9.0e-01	1.2605e-01	7.3e-03
7.04661e+03	9.0e-01	1.2672e-01	8.5e-03
7.04972e+03	8.9e-01	1.2067e-01	6.9e-03
7.05282e+03	8.9e-01	1.2201e-01	6.5e-03
7.05591e+03	8.9e-01	1.2202e-01	6.8e-03
7.05901e+03	8.9e-01	1.2147e-01	6.7e-03
7.06211e+03	8.9e-01	1.1966e-01	7.1e-03
7.06520e+03	8.9e-01	1.2120e-01	6.9e-03
7.06829e+03	8.9e-01	1.2021e-01	6.8e-03
7.07139e+03	8.9e-01	1.1887e-01	7.1e-03
7.07448e+03	8.9e-01	1.1772e-01	7.4e-03
7.07756e+03	8.9e-01	1.1835e-01	7.3e-03
7.08065e+03	8.9e-01	1.1866e-01	7.0e-03
7.08374e+03	8.9e-01	1.1678e-01	7.1e-03
7.08682e+03	8.9e-01	1.1442e-01	7.1e-03
7.08991e+03	8.9e-01	1.1763e-01	6.7e-03
7.09299e+03	8.9e-01	1.1553e-01	7.0e-03
7.09607e+03	8.9e-01	1.1450e-01	7.0e-03
7.09915e+03	8.9e-01	1.1483e-01	6.8e-03
7.10223e+03	8.9e-01	1.1407e-01	6.8e-03
7.10530e+03	8.9e-01	1.1455e-01	6.7e-03
7.10838e+03	8.9e-01	1.1416e-01	6.8e-03
7.11145e+03	8.9e-01	1.1146e-01	6.8e-03
7.11453e+03	8.9e-01	1.1346e-01	6.7e-03
7.11760e+03	8.9e-01	1.1068e-01	7.0e-03
7.12067e+03	8.9e-01	1.0970e-01	7.1e-03
7.12374e+03	8.9e-01	1.0931e-01	7.0e-03
7.12680e+03	8.9e-01	1.0912e-01	6.8e-03
7.12987e+03	8.8e-01	1.0915e-01	6.7e-03
7.13293e+03	8.8e-01	1.0746e-01	6.6e-03
7.13600e+03	8.8e-01	1.0585e-01	6.9e-03
7.13906e+03	8.8e-01	1.0526e-01	6.9e-03
7.14212e+03	8.8e-01	1.0312e-01	6.6e-03
7.14518e+03	8.8e-01	1.0177e-01	6.6e-03
7.14824e+03	8.8e-01	9.9044e-02	6.0e-03
7.15129e+03	8.8e-01	9.6386e-02	6.3e-03
7.15435e+03	8.8e-01	9.3586e-02	6.7e-03
7.15740e+03	8.8e-01	9.5062e-02	6.0e-03
7.16045e+03	8.8e-01	9.2605e-02	5.9e-03
7.16350e+03	8.8e-01	9.0282e-02	6.3e-03
7.16655e+03	8.8e-01	9.1426e-02	5.7e-03
7.16960e+03	8.8e-01	9.2558e-02	5.9e-03
7.17265e+03	8.8e-01	9.2796e-02	5.8e-03
7.17569e+03	8.8e-01	9.0874e-02	6.2e-03
7.17874e+03	8.8e-01	9.1099e-02	6.1e-03
7.18178e+03	8.8e-01	9.3432e-02	6.1e-03
7.18482e+03	8.8e-01	9.5914e-02	6.3e-03
7.18786e+03	8.8e-01	9.6800e-02	6.9e-03
7.19090e+03	8.8e-01	9.6249e-02	6.7e-03
7.19393e+03	8.8e-01	9.7777e-02	6.4e-03
7.19697e+03	8.8e-01	9.7154e-02	6.2e-03
7.20000e+03	8.8e-01	9.5594e-02	6.2e-03
7.20304e+03	8.8e-01	9.3494e-02	6.3e-03
7.20607e+03	8.7e-01	9.0288e-02	6.3e-03
7.20910e+03	8.7e-01	8.8455e-02	5.9e-03
7.21212e+03	8.7e-01	8.6181e-02	6.0e-03
7.21515e+03	8.7e-01	8.7034e-02	6.3e-03
7.21818e+03	8.7e-01	8.8291e-02	6.1e-03
7.22120e+03	8.7e-01	8.7617e-02	6.1e-03
7.22422e+03	8.7e-01	8.9591e-02	5.8e-03
7.22725e+03	8.7e-01	8.7607e-02	6.5e-03
7.23027e+03	8.7e-01	8.9339e-02	6.2e-03
7.23328e+03	8.7e-01	8.7312e-02	6.2e-03
7.23630e+03	8.7e-01	8.9327e-02	6.1e-03
7.23932e+03	8.7e-01	8.8864e-02	5.8e-03
7.24233e+03	8.7e-01	8.6472e-02	6.3e-03
7.24534e+03	8.7e-01	8.4521e-02	6.1e-03
7.24835e+03	8.7e-01	8.3332e-02	6.1e-03
7.25136e+03	8.7e-01	8.7218e-02	6.0e-03
7.25437e+03	8.7e-01	8.7294e-02	6.0e-03
7.25738e+03	8.7e-01	8.6401e-02	6.0e-03
7.26038e+03	8.7e-01	8.6725e-02	5.8e-03
7.26339e+03	8.7e-01	8.4700e-02	6.1e-03
7.26639e+03	8.7e-01	8.4805e-02	6.3e-03
7.26939e+03	8.7e-01	8.4700e-02	5.9e-03
7.27239e+03	8.7e-01	8.1647e-02	6.3e-03
7.27539e+03	8.7e-01	8.3556e-02	5.9e-03
7.27839e+03	8.6e-01	8.4351e-02	5.9e-03
7.28138e+03	8.6e-01	8.4013e-02	5.9e-03
7.28438e+03	8.6e-01	8.2756e-02	6.2e-03
7.28737e+03	8.6e-01	8.3247e-02	6.1e-03
7.29036e+03	8.6e-01	8.4545e-02	5.8e-03
7.29335e+03	8.6e-01	8.6809e-02	5.7e-03
7.29634e+03	8.6e-01	8.5153e-02	5.9e-03
7.29933e+03	8.6e-01	8.3700e-02	6.2e-03
7.30231e+03	8.6e-01	8.4628e-02	5.7e-03
7.30529e+03	8.6e-01	8.6169e-02	5.7e-03
7.30828e+03	8.6e-01	8.3748e-02	5.8e-03
7.31126e+03	8.6e-01	8.4137e-02	5.8e-03
7.31424e+03	8.6e-01	8.0728e-02	6.2e-03
7.31722e+03	8.6e-01	8.0476e-02	6.2e-03
7.32019e+03	8.6e-01	7.9936e-02	6.2e-03
7.32317e+03	8.6e-01	8.0064e-02	6.1e-03
7.32614e+03	8.6e-01	8.0955e-02	5.7e-03
7.32911e+03	8.6e-01	7.9990e-02	5.8e-03
7.33208e+03	8.6e-01	8.1594e-02	5.6e-03
7.33505e+03	8.6e-01	7.9554e-02	5.8e-03
7.33802e+03	8.6e-01	8.0147e-02	5.9e-03
7.34099e+03	8.6e-01	7.8048e-02	6.2e-03
7.34395e+03	8.6e-01	7.8996e-02	5.9e-03
7.34691e+03	8.6e-01	7.8977e-02	5.8e-03
7.34988e+03	8.5e-01	7.6874e-02	6.4e-03
7.35284e+03	8.5e-01	7.6938e-02	6.3e-03
7.35580e+03	8.5e-01	7.8583e-02	5.8e-03
7.35875e+03	8.5e-01	7.5291e-02	6.2e-03
7.36171e+03	8.5e-01	7.5739e-02	5.9e-03
7.36466e+03	8.5e-01	7.3475e-02	6.5e-03
7.36762e+03	8.5e-01	7.5940e-02	5.8e-03
7.37057e+03	8.5e-01	7.7199e-02	5.5e-03
7.37352e+03	8.5e-01	7.8184e-02	5.6e-03
7.37647e+03	8.5e-01	7.5644e-02	5.8e-03
7.37941e+03	8.5e-01	7.5915e-02	5.6e-03
7.38236e+03	8.5e-01	7.5597e-02	5.8e-03
7.38530e+03	8.5e-01	7.3408e-02	5.8e-03
7.38824e+03	8.5e-01	7.5613e-02	5.5e-03
7.39119e+03	8.5e-01	7.3828e-02	6.1e-03
7.39413e+03	8.5e-01	7.4758e-02	5.7e-03
7.39706e+03	8.5e-01	7.4553e-02	5.6e-03
7.40000e+03	8.5e-01	7.1694e-02	5.8e-03
7.40293e+03	8.5e-01	7.3677e-02	5.7e-03
7.40587e+03	8.5e-01	7.2663e-02	5.9e-03
7.40880e+03	8.5e-01	7.0693e-02	6.2e-03
7.41173e+03	8.5e-01	7.2658e-02	5.8e-03
7.41466e+03	8.5e-01	7.0979e-02	5.9e-03
7.41759e+03	8.4e-01	7.2427e-02	5.7e-03
7.42051e+03	8.4e-01	7.1256e-02	5.8e-03
7.42344e+03	8.4e-01	7.1020e-02	5.6e-03
7.42636e+03	8.4e-01	7.0919e-02	5.6e-03
7.42928e+03	8.4e-01	7.1985e-02	5.6e-03
7.43220e+03	8.4e-01	7.2193e-02	5.6e-03
7.43512e+03	8.4e-01	6.9474e-02	5.8e-03
7.43804e+03	8.4e-01	6.9711e-02	5.5e-03
7.44095e+03	8.4e-01	6.8754e-02	5.9e-03
7.44387e+03	8.4e-01	6.8051e-02	5.7e-03
7.44678e+03	8.4e-01	7.0476e-02	5.5e-03
7.44969e+03	8.4e-01	6.9568e-02	5.5e-03
7.45260e+03	8.4e-01	6.6018e-02	6.0e-03
7.45551e+03	8.4e-01	6.6566e-02	6.0e-03
7.45841e+03	8.4e-01	6.5264e-02	5.8e-03
7.46132e+03	8.4e-01	6.5673e-02	5.7e-03
7.46422e+03	8.4e-01	6.5295e-02	5.8e-03
7.46712e+03	8.4e-01	6.4239e-02	6.1e-03
7.47002e+03	8.4e-01	6.5755e-02	5.4e-03
7.47292e+03	8.4e-01	6.2909e-02	5.7e-03
7.47582e+03	8.4e-01	6.2658e-02	5.8e-03
7.47871e+03	8.4e-01	6.4909e-02	5.7e-03
7.48161e+03	8.4e-01	6.3701e-02	5.9e-03
7.48450e+03	8.3e-01	6.4173e-02	5.8e-03
7.48739e+03	8.3e-01	6.4517e-02	5.9e-03
7.49028e+03	8.3e-01	6.4463e-02	5.9e-03
7.49317e+03	8.3e-01	6.4153e-02	5.6e-03
7.49605e+03	8.3e-01	6.4229e-02	5.5e-03
7.49894e+03	8.3e-01	6.3675e-02	6.0e-03
7.50182e+03	8.3e-01	6.4366e-02	5.7e-03
7.50470e+03	8.3e-01	6.2470e-02	5.8e-03
7.50758e+03	8.3e-01	6.2652e-02	6.2e-03
7.51046e+03	8.3e-01	6.2199e-02	5.9e-03
7.51334e+03	8.3e-01	6.0385e-02	5.9e-03
7.51621e+03	8.3e-01	6.2638e-02	5.5e-03
7.51909e+03	8.3e-01	6.2784e-02	5.6e-03
7.52196e+03	8.3e-01	5.8998e-02	6.3e-03
7.52483e+03	8.3e-01	5.9153e-02	6.2e-03
7.52770e+03	8.3e-01	5.8636e-02	6.1e-03
7.53057e+03	8.3e-01	5.8083e-02	5.5e-03
7.53343e+03	8.3e-01	5.2717e-02	5.6e-03
7.53630e+03	8.3e-01	4.5413e-02	5.1e-03
7.53916e+03	8.3e-01	3.3125e-02	4.2e-03
7.54202e+03	8.3e-01	1.9543e-02	3.0e-03
7.54488e+03	8.3e-01	1.1614e-02	2.7e-03
7.54774e+03	8.2e-01	8.4794e-03	2.5e-03
7.55059e+03	8.2e-01	1.3698e-02	2.0e-03
7.55345e+03	8.2e-01	1.6452e-02	2.3e-03
7.55630e+03	8.2e-01	2.4684e-02	2.9e-03
7.55915e+03	8.2e-01	2.9390e-02	3.5e-03
