# lambda [A]	Dlambda [A]	specval [counts]	Dspecval [counts]
3.6834e+03	2.4e+00	1.56360e-01	5.0e-03
3.6871e+03	2.4e+00	1.79095e-01	9.3e-03
3.6908e+03	2.4e+00	1.83076e-01	4.5e-03
3.6945e+03	2.4e+00	1.95821e-01	5.0e-03
3.6982e+03	2.4e+00	2.12611e-01	1.5e-02
3.7019e+03	2.4e+00	2.50758e-01	1.2e-02
3.7057e+03	2.4e+00	2.90905e-01	1.1e-02
3.7094e+03	2.4e+00	2.95592e-01	1.5e-02
3.7131e+03	2.4e+00	2.73774e-01	9.1e-03
3.7168e+03	2.4e+00	3.09325e-01	2.0e-02
3.7205e+03	2.4e+00	3.81571e-01	1.5e-02
3.7242e+03	2.4e+00	4.44256e-01	9.9e-03
3.7279e+03	2.4e+00	4.70392e-01	1.4e-02
3.7316e+03	2.4e+00	4.48083e-01	2.0e-02
3.7353e+03	2.4e+00	4.16716e-01	5.7e-03
3.7390e+03	2.4e+00	4.44296e-01	1.2e-02
3.7427e+03	2.4e+00	5.56598e-01	1.9e-02
3.7464e+03	2.4e+00	6.97417e-01	1.6e-02
3.7501e+03	2.4e+00	7.81277e-01	1.1e-02
3.7539e+03	2.4e+00	8.18361e-01	5.3e-03
3.7576e+03	2.4e+00	8.00835e-01	2.0e-02
3.7613e+03	2.4e+00	7.32072e-01	9.3e-03
3.7650e+03	2.4e+00	6.64007e-01	2.6e-02
3.7687e+03	2.4e+00	7.03491e-01	1.3e-02
3.7724e+03	2.4e+00	8.84564e-01	1.6e-02
3.7761e+03	2.4e+00	1.06738e+00	2.1e-02
3.7798e+03	2.4e+00	1.25460e+00	1.3e-02
3.7835e+03	2.4e+00	1.36017e+00	1.5e-02
3.7872e+03	2.4e+00	1.40763e+00	1.4e-02
3.7909e+03	2.4e+00	1.42808e+00	2.8e-02
3.7946e+03	2.4e+00	1.43254e+00	2.1e-02
3.7983e+03	2.4e+00	1.34089e+00	1.3e-02
3.8020e+03	2.4e+00	1.18143e+00	1.7e-02
3.8057e+03	2.4e+00	1.06044e+00	5.6e-03
3.8094e+03	2.4e+00	1.16654e+00	9.5e-03
3.8131e+03	2.4e+00	1.43079e+00	1.9e-02
3.8168e+03	2.4e+00	1.74667e+00	2.8e-02
3.8205e+03	2.4e+00	1.99816e+00	2.6e-02
3.8242e+03	2.4e+00	2.16228e+00	1.8e-02
3.8279e+03	2.4e+00	2.24403e+00	9.7e-03
3.8315e+03	2.4e+00	2.38929e+00	4.4e-02
3.8352e+03	2.4e+00	2.48228e+00	3.1e-02
3.8389e+03	2.4e+00	2.54104e+00	2.0e-02
3.8426e+03	2.4e+00	2.61822e+00	2.7e-02
3.8463e+03	2.4e+00	2.67799e+00	2.8e-02
3.8500e+03	2.4e+00	2.65336e+00	2.0e-02
3.8537e+03	2.4e+00	2.43477e+00	3.6e-02
3.8574e+03	2.4e+00	2.13999e+00	2.8e-02
3.8611e+03	2.4e+00	1.87131e+00	2.2e-02
3.8648e+03	2.4e+00	1.78755e+00	2.3e-02
3.8685e+03	2.4e+00	2.07097e+00	1.5e-02
3.8722e+03	2.4e+00	2.54403e+00	1.8e-02
3.8759e+03	2.4e+00	2.97581e+00	1.6e-02
3.8795e+03	2.4e+00	3.23183e+00	2.8e-02
3.8832e+03	2.4e+00	3.39558e+00	4.7e-02
3.8869e+03	2.4e+00	3.56064e+00	5.3e-02
3.8906e+03	2.4e+00	3.61753e+00	2.2e-02
3.8943e+03	2.4e+00	3.66230e+00	2.2e-02
3.8980e+03	2.4e+00	3.70392e+00	2.8e-02
3.9017e+03	2.4e+00	3.77054e+00	4.2e-02
3.9054e+03	2.4e+00	3.80433e+00	3.0e-02
3.9090e+03	2.4e+00	3.83854e+00	2.6e-02
3.9127e+03	2.4e+00	3.80140e+00	1.9e-02
3.9164e+03	2.4e+00	3.94222e+00	3.1e-02
3.9201e+03	2.4e+00	3.97815e+00	5.0e-02
3.9238e+03	2.4e+00	3.92161e+00	4.1e-02
3.9275e+03	2.4e+00	3.94936e+00	2.6e-02
3.9312e+03	2.4e+00	3.95757e+00	4.3e-02
3.9348e+03	2.4e+00	3.80194e+00	3.0e-02
3.9385e+03	2.4e+00	3.50899e+00	4.1e-02
3.9422e+03	2.4e+00	3.07600e+00	4.0e-02
3.9459e+03	2.4e+00	2.57519e+00	2.6e-02
3.9496e+03	2.4e+00	2.31212e+00	1.3e-02
3.9532e+03	2.4e+00	2.50141e+00	1.9e-02
3.9569e+03	2.4e+00	3.07488e+00	1.9e-02
3.9606e+03	2.4e+00	3.59662e+00	1.6e-02
3.9643e+03	2.4e+00	3.85447e+00	2.4e-02
3.9680e+03	2.4e+00	3.99887e+00	1.6e-02
3.9716e+03	2.4e+00	4.12526e+00	2.3e-02
3.9753e+03	2.4e+00	4.13028e+00	3.2e-02
3.9790e+03	2.4e+00	4.14686e+00	3.2e-02
3.9827e+03	2.4e+00	4.21368e+00	2.5e-02
3.9864e+03	2.4e+00	4.19539e+00	2.5e-02
3.9900e+03	2.4e+00	4.15009e+00	1.4e-02
3.9937e+03	2.4e+00	4.22310e+00	5.2e-02
3.9974e+03	2.4e+00	4.20641e+00	4.4e-02
4.0011e+03	2.4e+00	4.17554e+00	5.6e-02
4.0047e+03	2.4e+00	4.07108e+00	3.1e-02
4.0084e+03	2.4e+00	3.99259e+00	2.4e-02
4.0121e+03	2.4e+00	3.99648e+00	3.7e-02
4.0158e+03	2.4e+00	4.07110e+00	4.3e-02
4.0194e+03	2.4e+00	4.11703e+00	7.0e-02
4.0231e+03	2.4e+00	4.05908e+00	3.8e-02
4.0268e+03	2.4e+00	4.05980e+00	3.8e-02
4.0304e+03	2.4e+00	4.01671e+00	4.0e-02
4.0341e+03	2.4e+00	3.97108e+00	1.2e-02
4.0378e+03	2.4e+00	3.99756e+00	3.8e-02
4.0415e+03	2.4e+00	3.98159e+00	3.8e-02
4.0451e+03	2.4e+00	4.01088e+00	6.3e-02
4.0488e+03	2.4e+00	3.91158e+00	3.4e-02
4.0525e+03	2.4e+00	3.95624e+00	3.1e-02
4.0561e+03	2.4e+00	3.86638e+00	4.1e-02
4.0598e+03	2.4e+00	3.79561e+00	3.1e-02
4.0635e+03	2.4e+00	3.78239e+00	2.9e-02
4.0671e+03	2.4e+00	3.69651e+00	4.9e-02
4.0708e+03	2.4e+00	3.60761e+00	2.8e-02
4.0745e+03	2.4e+00	3.44635e+00	2.3e-02
4.0781e+03	2.4e+00	3.06566e+00	3.4e-02
4.0818e+03	2.4e+00	2.62111e+00	3.3e-02
4.0855e+03	2.4e+00	2.24914e+00	1.4e-02
4.0891e+03	2.4e+00	2.13682e+00	1.4e-02
4.0928e+03	2.4e+00	2.40709e+00	1.2e-02
4.0965e+03	2.4e+00	2.88492e+00	1.6e-02
4.1001e+03	2.4e+00	3.21675e+00	1.4e-02
4.1038e+03	2.4e+00	3.36630e+00	1.7e-02
4.1075e+03	2.4e+00	3.46116e+00	2.9e-02
4.1111e+03	2.4e+00	3.51082e+00	3.9e-02
4.1148e+03	2.4e+00	3.45523e+00	3.4e-02
4.1184e+03	2.4e+00	3.45950e+00	3.1e-02
4.1221e+03	2.4e+00	3.43851e+00	2.3e-02
4.1258e+03	2.4e+00	3.47122e+00	2.7e-02
4.1294e+03	2.4e+00	3.52750e+00	2.0e-02
4.1331e+03	2.4e+00	3.48208e+00	2.1e-02
4.1367e+03	2.4e+00	3.50154e+00	4.6e-02
4.1404e+03	2.4e+00	3.50615e+00	2.7e-02
4.1441e+03	2.4e+00	3.56072e+00	2.7e-02
4.1477e+03	2.4e+00	3.56272e+00	2.0e-02
4.1514e+03	2.4e+00	3.56298e+00	3.1e-02
4.1550e+03	2.4e+00	3.47679e+00	3.1e-02
4.1587e+03	2.4e+00	3.48061e+00	4.3e-02
4.1623e+03	2.4e+00	3.50535e+00	3.6e-02
4.1660e+03	2.4e+00	3.42666e+00	3.3e-02
4.1697e+03	2.4e+00	3.43115e+00	2.3e-02
4.1733e+03	2.4e+00	3.47109e+00	2.6e-02
4.1770e+03	2.4e+00	3.47303e+00	1.5e-02
4.1806e+03	2.4e+00	3.48319e+00	3.8e-02
4.1843e+03	2.4e+00	3.45343e+00	4.2e-02
4.1879e+03	2.4e+00	3.45459e+00	2.6e-02
4.1916e+03	2.4e+00	3.44808e+00	1.9e-02
4.1952e+03	2.4e+00	3.41893e+00	3.0e-02
4.1989e+03	2.4e+00	3.41458e+00	3.7e-02
4.2025e+03	2.4e+00	3.40268e+00	3.7e-02
4.2062e+03	2.4e+00	3.40028e+00	2.5e-02
4.2098e+03	2.4e+00	3.41473e+00	3.0e-02
4.2135e+03	2.4e+00	3.37158e+00	3.4e-02
4.2171e+03	2.4e+00	3.34703e+00	2.5e-02
4.2208e+03	2.4e+00	3.39097e+00	1.5e-02
4.2244e+03	2.4e+00	3.34324e+00	2.5e-02
4.2281e+03	2.4e+00	3.35219e+00	3.3e-02
4.2317e+03	2.4e+00	3.34489e+00	1.6e-02
4.2354e+03	2.4e+00	3.32651e+00	2.3e-02
4.2390e+03	2.4e+00	3.29254e+00	1.8e-02
4.2427e+03	2.4e+00	3.32520e+00	1.3e-02
4.2463e+03	2.4e+00	3.28313e+00	2.1e-02
4.2500e+03	2.4e+00	3.30137e+00	2.3e-02
4.2536e+03	2.4e+00	3.27204e+00	2.1e-02
4.2572e+03	2.4e+00	3.24924e+00	2.8e-02
4.2609e+03	2.4e+00	3.25409e+00	1.8e-02
4.2645e+03	2.4e+00	3.21755e+00	7.0e-03
4.2682e+03	2.4e+00	3.24909e+00	1.7e-02
4.2718e+03	2.4e+00	3.20754e+00	2.5e-02
4.2755e+03	2.4e+00	3.17786e+00	1.8e-02
4.2791e+03	2.4e+00	3.18385e+00	2.0e-02
4.2827e+03	2.4e+00	3.15631e+00	2.6e-02
4.2864e+03	2.4e+00	3.17784e+00	2.4e-02
4.2900e+03	2.4e+00	3.15270e+00	1.7e-02
4.2937e+03	2.4e+00	3.08657e+00	1.2e-02
4.2973e+03	2.4e+00	3.06408e+00	1.0e-02
4.3010e+03	2.4e+00	3.08944e+00	2.3e-02
4.3046e+03	2.4e+00	3.05055e+00	2.9e-02
4.3082e+03	2.4e+00	3.04190e+00	2.8e-02
4.3119e+03	2.4e+00	2.99713e+00	1.7e-02
4.3155e+03	2.4e+00	2.93523e+00	1.4e-02
4.3191e+03	2.4e+00	2.85108e+00	1.3e-02
4.3228e+03	2.4e+00	2.70421e+00	2.1e-02
4.3264e+03	2.4e+00	2.45588e+00	2.6e-02
4.3301e+03	2.4e+00	2.08843e+00	1.9e-02
4.3337e+03	2.4e+00	1.80624e+00	1.5e-02
4.3373e+03	2.4e+00	1.78512e+00	1.4e-02
4.3410e+03	2.4e+00	2.07093e+00	1.4e-02
4.3446e+03	2.4e+00	2.39731e+00	1.2e-02
4.3482e+03	2.4e+00	2.62479e+00	9.9e-03
4.3519e+03	2.4e+00	2.75598e+00	1.4e-02
4.3555e+03	2.4e+00	2.84300e+00	1.6e-02
4.3591e+03	2.4e+00	2.85069e+00	1.3e-02
4.3628e+03	2.4e+00	2.86558e+00	7.7e-03
4.3664e+03	2.4e+00	2.86040e+00	1.1e-02
4.3700e+03	2.4e+00	2.87894e+00	1.2e-02
4.3737e+03	2.4e+00	2.86019e+00	1.6e-02
4.3773e+03	2.4e+00	2.80286e+00	9.6e-03
4.3809e+03	2.4e+00	2.77362e+00	1.3e-02
4.3845e+03	2.4e+00	2.77499e+00	1.7e-02
4.3882e+03	2.4e+00	2.79258e+00	8.3e-03
4.3918e+03	2.4e+00	2.77284e+00	2.3e-02
4.3954e+03	2.4e+00	2.76965e+00	1.4e-02
4.3991e+03	2.4e+00	2.75774e+00	9.3e-03
4.4027e+03	2.4e+00	2.76441e+00	1.2e-02
4.4063e+03	2.4e+00	2.76043e+00	1.4e-02
4.4099e+03	2.4e+00	2.70532e+00	9.3e-03
4.4136e+03	2.4e+00	2.72203e+00	1.1e-02
4.4172e+03	2.4e+00	2.69295e+00	9.5e-03
4.4208e+03	2.4e+00	2.67264e+00	1.1e-02
4.4244e+03	2.4e+00	2.67037e+00	4.4e-03
4.4281e+03	2.4e+00	2.62524e+00	1.1e-02
4.4317e+03	2.4e+00	2.62759e+00	1.0e-02
4.4353e+03	2.4e+00	2.64216e+00	1.5e-02
4.4389e+03	2.4e+00	2.64879e+00	1.4e-02
4.4426e+03	2.4e+00	2.61610e+00	1.0e-02
4.4462e+03	2.4e+00	2.58918e+00	6.4e-03
4.4498e+03	2.4e+00	2.58809e+00	1.0e-02
4.4534e+03	2.4e+00	2.59408e+00	1.3e-02
4.4570e+03	2.4e+00	2.57769e+00	6.1e-03
4.4607e+03	2.4e+00	2.55609e+00	7.5e-03
4.4643e+03	2.4e+00	2.50915e+00	1.4e-02
4.4679e+03	2.4e+00	2.47704e+00	1.1e-02
4.4715e+03	2.4e+00	2.43906e+00	1.6e-02
4.4751e+03	2.4e+00	2.42552e+00	9.9e-03
4.4788e+03	2.4e+00	2.43476e+00	1.2e-02
4.4824e+03	2.4e+00	2.40177e+00	1.2e-02
4.4860e+03	2.4e+00	2.42695e+00	1.2e-02
4.4896e+03	2.4e+00	2.46217e+00	2.2e-02
4.4932e+03	2.4e+00	2.45268e+00	1.7e-02
4.4968e+03	2.4e+00	2.40528e+00	1.7e-02
4.5005e+03	2.4e+00	2.43794e+00	8.4e-03
4.5041e+03	2.4e+00	2.42972e+00	6.2e-03
4.5077e+03	2.4e+00	2.39670e+00	8.8e-03
4.5113e+03	2.4e+00	2.38339e+00	1.2e-02
4.5149e+03	2.4e+00	2.38592e+00	9.4e-03
4.5185e+03	2.4e+00	2.37100e+00	1.1e-02
4.5221e+03	2.4e+00	2.32993e+00	9.0e-03
4.5258e+03	2.4e+00	2.36451e+00	7.7e-03
4.5294e+03	2.4e+00	2.39050e+00	7.2e-03
4.5330e+03	2.4e+00	2.34439e+00	4.2e-03
4.5366e+03	2.4e+00	2.33664e+00	4.8e-03
4.5402e+03	2.4e+00	2.29936e+00	5.0e-03
4.5438e+03	2.4e+00	2.28565e+00	1.5e-02
4.5474e+03	2.4e+00	2.27849e+00	1.2e-02
4.5510e+03	2.4e+00	2.25685e+00	6.9e-03
4.5546e+03	2.4e+00	2.25074e+00	1.0e-02
4.5582e+03	2.4e+00	2.22914e+00	1.2e-02
4.5619e+03	2.4e+00	2.22979e+00	9.5e-03
4.5655e+03	2.4e+00	2.22508e+00	8.0e-03
4.5691e+03	2.4e+00	2.21333e+00	6.8e-03
4.5727e+03	2.4e+00	2.18681e+00	1.1e-02
4.5763e+03	2.4e+00	2.14766e+00	1.1e-02
4.5799e+03	2.4e+00	2.12571e+00	9.7e-03
4.5835e+03	2.4e+00	2.11447e+00	6.9e-03
4.5871e+03	2.4e+00	2.11467e+00	1.4e-02
4.5907e+03	2.4e+00	2.11771e+00	1.0e-02
4.5943e+03	2.4e+00	2.10147e+00	9.6e-03
4.5979e+03	2.4e+00	2.09594e+00	7.2e-03
4.6015e+03	2.4e+00	2.07562e+00	1.4e-02
4.6051e+03	2.4e+00	2.06209e+00	6.7e-03
4.6087e+03	2.4e+00	2.06770e+00	9.1e-03
4.6123e+03	2.4e+00	2.04975e+00	1.0e-02
4.6159e+03	2.4e+00	2.02002e+00	8.8e-03
4.6195e+03	2.4e+00	2.01950e+00	8.8e-03
4.6231e+03	2.4e+00	2.00547e+00	1.0e-02
4.6267e+03	2.4e+00	1.98731e+00	1.0e-02
4.6303e+03	2.4e+00	1.97447e+00	8.6e-03
4.6339e+03	2.4e+00	1.97180e+00	1.1e-02
4.6375e+03	2.4e+00	1.95878e+00	4.8e-03
4.6411e+03	2.4e+00	1.96610e+00	8.9e-03
4.6447e+03	2.4e+00	1.95718e+00	1.3e-02
4.6483e+03	2.4e+00	1.93559e+00	9.4e-03
4.6519e+03	2.4e+00	1.94065e+00	7.5e-03
4.6555e+03	2.4e+00	1.92659e+00	7.7e-03
4.6591e+03	2.4e+00	1.92011e+00	9.5e-03
4.6627e+03	2.4e+00	1.89937e+00	7.0e-03
4.6663e+03	2.4e+00	1.89098e+00	6.3e-03
4.6699e+03	2.4e+00	1.90506e+00	6.0e-03
4.6735e+03	2.4e+00	1.86405e+00	7.5e-03
4.6771e+03	2.4e+00	1.86333e+00	6.7e-03
4.6807e+03	2.4e+00	1.85269e+00	9.1e-03
4.6843e+03	2.4e+00	1.83461e+00	8.9e-03
4.6879e+03	2.4e+00	1.84017e+00	7.6e-03
4.6915e+03	2.4e+00	1.82220e+00	7.4e-03
4.6950e+03	2.4e+00	1.81945e+00	4.9e-03
4.6986e+03	2.4e+00	1.81089e+00	7.9e-03
4.7022e+03	2.4e+00	1.80791e+00	4.1e-03
4.7058e+03	2.4e+00	1.79699e+00	1.1e-02
4.7094e+03	2.4e+00	1.78315e+00	6.5e-03
4.7130e+03	2.4e+00	1.79011e+00	6.4e-03
4.7166e+03	2.4e+00	1.76557e+00	2.8e-03
4.7202e+03	2.4e+00	1.75716e+00	4.3e-03
4.7238e+03	2.4e+00	1.76373e+00	6.8e-03
4.7274e+03	2.4e+00	1.75706e+00	8.6e-03
4.7309e+03	2.4e+00	1.74560e+00	7.3e-03
4.7345e+03	2.4e+00	1.71217e+00	9.1e-03
4.7381e+03	2.4e+00	1.72119e+00	4.6e-03
4.7417e+03	2.4e+00	1.70760e+00	7.5e-03
4.7453e+03	2.4e+00	1.69912e+00	6.2e-03
4.7489e+03	2.4e+00	1.68815e+00	4.0e-03
4.7525e+03	2.4e+00	1.66741e+00	6.7e-03
4.7560e+03	2.4e+00	1.66077e+00	8.0e-03
4.7596e+03	2.4e+00	1.65647e+00	1.1e-02
4.7632e+03	2.4e+00	1.64283e+00	1.4e-02
4.7668e+03	2.4e+00	1.63626e+00	9.5e-03
4.7704e+03	2.4e+00	1.62255e+00	1.7e-02
4.7740e+03	2.4e+00	1.62668e+00	1.1e-02
4.7775e+03	2.4e+00	1.60603e+00	6.8e-03
4.7811e+03	2.4e+00	1.59780e+00	7.6e-03
4.7847e+03	2.4e+00	1.58172e+00	6.7e-03
4.7883e+03	2.4e+00	1.56480e+00	2.9e-03
4.7919e+03	2.4e+00	1.56799e+00	1.0e-02
4.7954e+03	2.4e+00	1.57218e+00	7.8e-03
4.7990e+03	2.4e+00	1.56712e+00	8.2e-03
4.8026e+03	2.4e+00	1.54292e+00	4.5e-03
4.8062e+03	2.4e+00	1.52628e+00	4.9e-03
4.8098e+03	2.4e+00	1.54044e+00	5.8e-03
4.8133e+03	2.4e+00	1.51834e+00	6.0e-03
4.8169e+03	2.4e+00	1.52827e+00	4.4e-03
4.8205e+03	2.4e+00	1.49241e+00	7.0e-03
4.8241e+03	2.4e+00	1.48606e+00	3.9e-03
4.8276e+03	2.4e+00	1.47821e+00	7.8e-03
4.8312e+03	2.4e+00	1.48023e+00	5.1e-03
4.8348e+03	2.4e+00	1.47141e+00	4.1e-03
4.8384e+03	2.4e+00	1.45234e+00	7.7e-03
4.8419e+03	2.4e+00	1.43214e+00	5.8e-03
4.8455e+03	2.4e+00	1.40650e+00	3.5e-03
4.8491e+03	2.4e+00	1.35227e+00	4.8e-03
4.8527e+03	2.4e+00	1.27700e+00	4.1e-03
4.8562e+03	2.4e+00	1.16556e+00	4.0e-03
4.8598e+03	2.4e+00	1.03374e+00	3.9e-03
4.8634e+03	2.4e+00	9.11461e-01	5.4e-03
4.8669e+03	2.4e+00	8.74213e-01	8.3e-03
4.8705e+03	2.4e+00	9.75897e-01	7.2e-03
4.8741e+03	2.4e+00	1.13079e+00	6.0e-03
4.8777e+03	2.4e+00	1.23879e+00	5.0e-03
4.8812e+03	2.4e+00	1.29355e+00	4.5e-03
4.8848e+03	2.4e+00	1.32523e+00	7.0e-03
4.8884e+03	2.4e+00	1.34342e+00	7.7e-03
4.8919e+03	2.4e+00	1.34813e+00	5.1e-03
4.8955e+03	2.4e+00	1.33901e+00	4.5e-03
4.8991e+03	2.4e+00	1.34245e+00	6.0e-03
4.9026e+03	2.4e+00	1.33498e+00	1.5e-02
4.9062e+03	2.4e+00	1.33420e+00	8.8e-03
4.9098e+03	2.4e+00	1.34312e+00	8.4e-03
4.9133e+03	2.4e+00	1.33144e+00	4.6e-03
4.9169e+03	2.4e+00	1.32378e+00	9.4e-03
4.9205e+03	2.4e+00	1.31608e+00	1.1e-02
4.9240e+03	2.4e+00	1.29274e+00	8.2e-03
4.9276e+03	2.4e+00	1.28455e+00	1.3e-02
4.9312e+03	2.4e+00	1.27938e+00	6.4e-03
4.9347e+03	2.4e+00	1.30237e+00	4.5e-03
4.9383e+03	2.4e+00	1.30743e+00	5.0e-03
4.9418e+03	2.4e+00	1.30268e+00	8.6e-03
4.9454e+03	2.4e+00	1.28866e+00	7.9e-03
4.9490e+03	2.4e+00	1.28274e+00	8.2e-03
4.9525e+03	2.4e+00	1.27749e+00	3.8e-03
4.9561e+03	2.4e+00	1.29266e+00	4.1e-03
4.9596e+03	2.4e+00	1.26442e+00	5.9e-03
4.9632e+03	2.4e+00	1.28157e+00	7.0e-03
4.9668e+03	2.4e+00	1.27860e+00	5.1e-03
4.9703e+03	2.4e+00	1.24506e+00	7.6e-03
4.9739e+03	2.4e+00	1.25131e+00	6.1e-03
4.9774e+03	2.4e+00	1.24798e+00	4.9e-03
4.9810e+03	2.4e+00	1.23395e+00	8.2e-03
4.9845e+03	2.4e+00	1.22303e+00	4.4e-03
4.9881e+03	2.4e+00	1.21792e+00	6.5e-03
4.9917e+03	2.4e+00	1.21154e+00	4.7e-03
4.9952e+03	2.4e+00	1.20554e+00	3.5e-03
4.9988e+03	2.4e+00	1.19028e+00	3.8e-03
5.0023e+03	2.4e+00	1.18321e+00	4.2e-03
5.0059e+03	2.4e+00	1.17911e+00	2.5e-03
5.0094e+03	2.4e+00	1.17574e+00	3.3e-03
5.0130e+03	2.4e+00	1.16041e+00	4.2e-03
5.0165e+03	2.4e+00	1.15243e+00	2.9e-03
5.0201e+03	2.4e+00	1.13571e+00	2.2e-03
5.0236e+03	2.4e+00	1.12958e+00	4.5e-03
5.0272e+03	2.4e+00	1.13338e+00	4.4e-03
5.0307e+03	2.4e+00	1.12471e+00	7.9e-03
5.0343e+03	2.4e+00	1.11846e+00	4.2e-03
5.0378e+03	2.4e+00	1.11822e+00	4.7e-03
5.0414e+03	2.4e+00	1.11519e+00	6.4e-03
5.0449e+03	2.4e+00	1.11470e+00	3.6e-03
5.0485e+03	2.4e+00	1.09995e+00	5.5e-03
5.0520e+03	2.4e+00	1.09969e+00	8.0e-03
5.0556e+03	2.4e+00	1.08858e+00	5.7e-03
5.0591e+03	2.4e+00	1.08443e+00	2.8e-03
5.0627e+03	2.4e+00	1.07896e+00	7.2e-03
5.0662e+03	2.4e+00	1.08118e+00	4.3e-03
5.0698e+03	2.4e+00	1.07665e+00	3.7e-03
5.0733e+03	2.4e+00	1.05887e+00	4.0e-03
5.0769e+03	2.4e+00	1.06002e+00	3.8e-03
5.0804e+03	2.4e+00	1.06407e+00	4.8e-03
5.0840e+03	2.4e+00	1.05378e+00	6.6e-03
5.0875e+03	2.4e+00	1.04064e+00	5.9e-03
5.0910e+03	2.4e+00	1.04129e+00	4.7e-03
5.0946e+03	2.4e+00	1.05136e+00	2.7e-03
5.0981e+03	2.4e+00	1.03525e+00	5.2e-03
5.1017e+03	2.4e+00	1.02586e+00	5.2e-03
5.1052e+03	2.4e+00	1.02359e+00	7.8e-03
5.1088e+03	2.4e+00	1.01823e+00	5.4e-03
5.1123e+03	2.4e+00	1.01357e+00	9.0e-03
5.1158e+03	2.4e+00	1.00940e+00	6.2e-03
5.1194e+03	2.4e+00	1.00663e+00	8.2e-03
5.1229e+03	2.4e+00	9.97916e-01	4.7e-03
5.1265e+03	2.4e+00	9.99627e-01	4.1e-03
5.1300e+03	2.4e+00	9.84060e-01	4.7e-03
5.1335e+03	2.4e+00	9.74019e-01	6.4e-03
5.1371e+03	2.4e+00	9.73230e-01	3.4e-03
5.1406e+03	2.4e+00	9.76269e-01	3.8e-03
5.1441e+03	2.4e+00	9.60535e-01	3.6e-03
5.1477e+03	2.4e+00	9.59079e-01	4.2e-03
5.1512e+03	2.4e+00	9.48095e-01	3.8e-03
5.1548e+03	2.4e+00	9.43998e-01	4.9e-03
5.1583e+03	2.4e+00	9.30445e-01	6.2e-03
5.1618e+03	2.4e+00	9.33350e-01	2.1e-03
5.1654e+03	2.4e+00	9.30351e-01	4.7e-03
5.1689e+03	2.4e+00	9.22807e-01	5.0e-03
5.1724e+03	2.4e+00	9.12883e-01	5.3e-03
5.1760e+03	2.4e+00	9.08827e-01	4.6e-03
5.1795e+03	2.4e+00	9.11368e-01	7.3e-03
5.1830e+03	2.4e+00	9.11442e-01	3.8e-03
5.1866e+03	2.4e+00	9.16018e-01	5.2e-03
5.1901e+03	2.4e+00	9.00148e-01	8.3e-03
5.1936e+03	2.4e+00	8.98956e-01	4.6e-03
5.1971e+03	2.4e+00	9.02397e-01	3.9e-03
5.2007e+03	2.4e+00	8.89151e-01	5.2e-03
5.2042e+03	2.4e+00	8.93591e-01	5.0e-03
5.2077e+03	2.4e+00	8.95395e-01	6.4e-03
5.2113e+03	2.4e+00	8.88905e-01	4.6e-03
5.2148e+03	2.4e+00	8.78156e-01	3.6e-03
5.2183e+03	2.4e+00	8.75931e-01	5.7e-03
5.2219e+03	2.4e+00	8.74720e-01	4.6e-03
5.2254e+03	2.4e+00	8.72235e-01	4.1e-03
5.2289e+03	2.4e+00	8.62590e-01	4.5e-03
5.2324e+03	2.4e+00	8.52230e-01	3.7e-03
5.2360e+03	2.4e+00	8.46226e-01	5.4e-03
5.2395e+03	2.4e+00	8.44219e-01	4.4e-03
5.2430e+03	2.4e+00	8.42231e-01	1.4e-03
5.2465e+03	2.4e+00	8.39497e-01	5.7e-03
5.2501e+03	2.4e+00	8.34460e-01	4.1e-03
5.2536e+03	2.4e+00	8.20542e-01	3.5e-03
5.2571e+03	2.4e+00	8.15221e-01	8.0e-03
5.2606e+03	2.4e+00	8.15702e-01	5.0e-03
5.2641e+03	2.4e+00	8.00287e-01	5.3e-03
5.2677e+03	2.4e+00	7.97917e-01	7.9e-03
5.2712e+03	2.4e+00	7.94992e-01	7.4e-03
5.2747e+03	2.4e+00	7.86080e-01	3.3e-03
5.2782e+03	2.4e+00	7.88308e-01	3.0e-03
5.2817e+03	2.4e+00	7.79999e-01	5.9e-03
5.2853e+03	2.4e+00	7.81237e-01	5.5e-03
5.2888e+03	2.4e+00	7.82323e-01	5.8e-03
5.2923e+03	2.4e+00	7.67336e-01	5.3e-03
5.2958e+03	2.4e+00	7.66512e-01	6.3e-03
5.2993e+03	2.4e+00	7.70782e-01	6.5e-03
5.3029e+03	2.4e+00	7.58576e-01	4.4e-03
5.3064e+03	2.4e+00	7.54187e-01	5.9e-03
5.3099e+03	2.4e+00	7.62984e-01	6.7e-03
5.3134e+03	2.4e+00	7.59210e-01	5.9e-03
5.3169e+03	2.4e+00	7.48440e-01	4.7e-03
5.3204e+03	2.4e+00	7.38800e-01	7.3e-03
5.3240e+03	2.4e+00	7.29086e-01	3.5e-03
5.3275e+03	2.4e+00	7.31628e-01	5.1e-03
5.3310e+03	2.4e+00	7.31216e-01	8.1e-03
5.3345e+03	2.4e+00	7.23982e-01	4.5e-03
5.3380e+03	2.4e+00	7.25789e-01	5.0e-03
5.3415e+03	2.4e+00	7.32830e-01	5.2e-03
5.3450e+03	2.4e+00	7.21557e-01	3.8e-03
5.3485e+03	2.4e+00	7.10356e-01	4.4e-03
5.3521e+03	2.4e+00	7.22517e-01	3.6e-03
5.3556e+03	2.4e+00	7.25820e-01	6.5e-03
5.3591e+03	2.4e+00	7.13280e-01	9.5e-03
5.3626e+03	2.4e+00	7.09011e-01	4.8e-03
5.3661e+03	2.4e+00	7.06926e-01	2.9e-03
5.3696e+03	2.4e+00	7.05577e-01	7.9e-03
5.3731e+03	2.4e+00	7.00862e-01	4.2e-03
5.3766e+03	2.4e+00	7.02772e-01	6.5e-03
5.3801e+03	2.4e+00	6.99571e-01	6.3e-03
5.3836e+03	2.4e+00	6.94047e-01	4.8e-03
5.3871e+03	2.4e+00	6.90284e-01	8.0e-03
5.3907e+03	2.4e+00	6.91851e-01	7.0e-03
5.3942e+03	2.4e+00	6.82611e-01	6.6e-03
5.3977e+03	2.4e+00	6.77387e-01	3.8e-03
5.4012e+03	2.4e+00	6.73160e-01	6.8e-03
5.4047e+03	2.4e+00	6.69800e-01	4.5e-03
5.4082e+03	2.4e+00	6.64352e-01	5.7e-03
5.4117e+03	2.4e+00	6.61514e-01	6.3e-03
5.4152e+03	2.4e+00	6.59213e-01	5.4e-03
5.4187e+03	2.4e+00	6.55319e-01	4.0e-03
5.4222e+03	2.4e+00	6.56516e-01	5.2e-03
5.4257e+03	2.4e+00	6.48676e-01	5.2e-03
5.4292e+03	2.4e+00	6.40660e-01	5.7e-03
5.4327e+03	2.4e+00	6.42719e-01	5.8e-03
5.4362e+03	2.4e+00	6.45520e-01	4.2e-03
5.4397e+03	2.4e+00	6.38463e-01	4.4e-03
5.4432e+03	2.4e+00	6.34691e-01	4.8e-03
5.4467e+03	2.4e+00	6.38318e-01	5.9e-03
5.4502e+03	2.4e+00	6.35530e-01	5.3e-03
5.4537e+03	2.4e+00	6.25264e-01	5.3e-03
5.4572e+03	2.4e+00	6.28639e-01	5.9e-03
5.4607e+03	2.4e+00	6.26511e-01	3.2e-03
5.4642e+03	2.4e+00	6.22542e-01	3.9e-03
5.4677e+03	2.4e+00	6.12002e-01	3.3e-03
5.4712e+03	2.4e+00	6.17447e-01	2.9e-03
5.4747e+03	2.4e+00	6.11325e-01	2.7e-03
5.4782e+03	2.4e+00	6.09527e-01	7.3e-03
5.4817e+03	2.4e+00	6.09135e-01	6.4e-03
5.4852e+03	2.4e+00	6.03888e-01	6.6e-03
5.4887e+03	2.4e+00	6.02925e-01	5.0e-03
5.4922e+03	2.4e+00	6.07558e-01	5.9e-03
5.4956e+03	2.4e+00	5.97957e-01	5.1e-03
5.4991e+03	2.4e+00	6.10423e-01	3.9e-03
5.5026e+03	2.4e+00	5.97080e-01	6.5e-03
5.5061e+03	2.4e+00	6.00069e-01	6.0e-03
5.5096e+03	2.4e+00	5.86942e-01	3.8e-03
5.5131e+03	2.4e+00	5.84836e-01	3.1e-03
5.5166e+03	2.4e+00	5.80151e-01	5.4e-03
5.5201e+03	2.4e+00	5.86626e-01	4.2e-03
5.5236e+03	2.4e+00	5.80576e-01	3.2e-03
5.5271e+03	2.4e+00	5.78676e-01	6.1e-03
5.5306e+03	2.4e+00	5.80961e-01	4.5e-03
5.5340e+03	2.4e+00	5.78211e-01	5.2e-03
5.5375e+03	2.4e+00	5.71898e-01	1.8e-03
5.5410e+03	2.4e+00	5.69870e-01	3.3e-03
5.5445e+03	2.4e+00	5.63407e-01	5.1e-03
5.5480e+03	2.4e+00	5.63075e-01	2.7e-03
5.5515e+03	2.4e+00	5.59237e-01	3.1e-03
5.5550e+03	2.4e+00	5.54727e-01	5.4e-03
5.5585e+03	2.4e+00	5.60633e-01	3.8e-03
5.5619e+03	2.4e+00	5.54965e-01	3.6e-03
5.5654e+03	2.4e+00	5.51946e-01	5.9e-03
5.5689e+03	2.4e+00	5.54089e-01	2.5e-03
5.5724e+03	2.4e+00	5.49263e-01	4.3e-03
5.5759e+03	2.4e+00	5.41196e-01	3.5e-03
5.5794e+03	2.4e+00	5.39004e-01	4.8e-03
5.5828e+03	2.4e+00	5.40382e-01	4.1e-03
5.5863e+03	2.4e+00	5.35659e-01	4.2e-03
5.5898e+03	2.4e+00	5.36013e-01	5.0e-03
5.5933e+03	2.4e+00	5.33088e-01	6.4e-03
5.5968e+03	2.4e+00	5.31620e-01	4.2e-03
5.6002e+03	2.4e+00	5.29555e-01	2.4e-03
5.6037e+03	2.4e+00	5.27860e-01	2.2e-03
5.6072e+03	2.4e+00	5.23793e-01	5.4e-03
5.6107e+03	2.4e+00	5.25610e-01	3.5e-03
5.6142e+03	2.4e+00	5.23728e-01	3.0e-03
5.6176e+03	2.4e+00	5.21207e-01	5.3e-03
5.6211e+03	2.4e+00	5.19597e-01	3.5e-03
5.6246e+03	2.4e+00	5.14946e-01	2.9e-03
5.6281e+03	2.4e+00	5.13957e-01	5.1e-03
5.6315e+03	2.4e+00	5.13398e-01	4.2e-03
5.6350e+03	2.4e+00	5.12637e-01	5.1e-03
5.6385e+03	2.4e+00	5.06641e-01	5.2e-03
5.6420e+03	2.4e+00	5.05778e-01	4.3e-03
5.6454e+03	2.4e+00	5.07075e-01	2.5e-03
5.6489e+03	2.4e+00	4.98815e-01	4.8e-03
5.6524e+03	2.4e+00	5.05162e-01	3.9e-03
5.6559e+03	2.4e+00	5.00395e-01	3.4e-03
5.6593e+03	2.4e+00	4.99331e-01	2.2e-03
5.6628e+03	2.4e+00	4.92932e-01	3.1e-03
5.6663e+03	2.4e+00	4.95612e-01	3.5e-03
5.6698e+03	2.4e+00	4.93030e-01	3.5e-03
5.6732e+03	2.4e+00	4.84706e-01	3.9e-03
5.6767e+03	2.4e+00	4.90029e-01	3.2e-03
5.6802e+03	2.4e+00	4.86307e-01	4.9e-03
5.6836e+03	2.4e+00	4.88552e-01	4.1e-03
5.6871e+03	2.4e+00	4.83111e-01	4.1e-03
5.6906e+03	2.4e+00	4.87931e-01	5.0e-03
5.6940e+03	2.4e+00	4.82056e-01	8.4e-04
5.6975e+03	2.4e+00	4.73254e-01	2.9e-03
5.7010e+03	2.4e+00	4.80395e-01	2.9e-03
5.7045e+03	2.4e+00	4.74417e-01	2.5e-03
5.7079e+03	2.4e+00	4.77244e-01	3.4e-03
5.7114e+03	2.4e+00	4.69103e-01	4.5e-03
5.7149e+03	2.4e+00	4.69616e-01	2.3e-03
5.7183e+03	2.4e+00	4.61882e-01	5.3e-03
5.7218e+03	2.4e+00	4.62996e-01	3.2e-03
5.7252e+03	2.4e+00	4.59245e-01	4.6e-03
5.7287e+03	2.4e+00	4.56049e-01	2.3e-03
5.7322e+03	2.4e+00	4.60998e-01	4.0e-03
5.7356e+03	2.4e+00	4.57558e-01	2.6e-03
5.7391e+03	2.4e+00	4.52946e-01	3.6e-03
5.7426e+03	2.4e+00	4.43860e-01	4.0e-03
5.7460e+03	2.4e+00	4.51280e-01	4.2e-03
5.7495e+03	2.4e+00	4.51403e-01	2.9e-03
5.7529e+03	2.4e+00	4.41756e-01	3.4e-03
5.7564e+03	2.4e+00	4.43831e-01	3.2e-03
5.7599e+03	2.4e+00	4.41517e-01	3.6e-03
5.7633e+03	2.4e+00	4.38358e-01	4.2e-03
5.7668e+03	2.4e+00	4.39313e-01	4.6e-03
5.7702e+03	2.4e+00	4.37338e-01	2.6e-03
5.7737e+03	2.4e+00	4.40938e-01	1.8e-03
5.7772e+03	2.4e+00	4.39919e-01	3.8e-03
5.7806e+03	2.4e+00	4.34177e-01	3.7e-03
5.7841e+03	2.4e+00	4.35297e-01	4.5e-03
5.7875e+03	2.4e+00	4.30667e-01	4.6e-03
5.7910e+03	2.4e+00	4.28085e-01	4.8e-03
5.7944e+03	2.4e+00	4.34405e-01	3.8e-03
5.7979e+03	2.4e+00	4.30141e-01	4.7e-03
5.8014e+03	2.4e+00	4.30521e-01	5.1e-03
5.8048e+03	2.4e+00	4.28335e-01	3.8e-03
5.8083e+03	2.4e+00	4.26369e-01	5.1e-03
5.8117e+03	2.4e+00	4.31115e-01	4.1e-03
5.8152e+03	2.4e+00	4.31087e-01	2.1e-03
5.8186e+03	2.4e+00	4.25162e-01	2.4e-03
5.8221e+03	2.4e+00	4.30131e-01	3.5e-03
5.8255e+03	2.4e+00	4.24070e-01	1.7e-03
5.8290e+03	2.4e+00	4.18218e-01	3.5e-03
5.8324e+03	2.4e+00	4.22502e-01	2.7e-03
5.8359e+03	2.4e+00	4.21593e-01	3.9e-03
5.8393e+03	2.4e+00	4.24717e-01	2.8e-03
5.8428e+03	2.4e+00	4.21455e-01	3.8e-03
5.8462e+03	2.4e+00	4.14465e-01	4.3e-03
5.8497e+03	2.4e+00	4.15814e-01	4.8e-03
5.8531e+03	2.4e+00	4.18886e-01	3.3e-03
5.8566e+03	2.4e+00	4.12728e-01	6.0e-03
5.8600e+03	2.4e+00	4.13888e-01	1.8e-03
5.8635e+03	2.4e+00	4.12389e-01	3.3e-03
5.8669e+03	2.4e+00	4.12566e-01	5.1e-03
5.8704e+03	2.4e+00	4.13460e-01	5.3e-03
5.8738e+03	2.4e+00	4.04501e-01	4.6e-03
5.8773e+03	2.4e+00	3.99430e-01	4.9e-03
5.8807e+03	2.4e+00	3.95071e-01	2.4e-03
5.8841e+03	2.4e+00	3.95814e-01	2.7e-03
5.8876e+03	2.4e+00	3.92662e-01	2.5e-03
5.8910e+03	2.4e+00	3.95913e-01	2.9e-03
5.8945e+03	2.4e+00	3.96912e-01	3.8e-03
5.8979e+03	2.4e+00	3.96121e-01	2.9e-03
5.9014e+03	2.4e+00	3.94375e-01	4.3e-03
5.9048e+03	2.4e+00	3.92732e-01	3.0e-03
5.9082e+03	2.4e+00	3.97657e-01	5.0e-03
5.9117e+03	2.4e+00	3.92545e-01	4.9e-03
5.9151e+03	2.4e+00	3.91007e-01	5.5e-03
5.9186e+03	2.4e+00	3.86671e-01	4.0e-03
5.9220e+03	2.4e+00	3.81395e-01	4.7e-03
5.9254e+03	2.4e+00	3.82662e-01	2.7e-03
5.9289e+03	2.4e+00	3.81981e-01	4.4e-03
5.9323e+03	2.4e+00	3.83554e-01	3.7e-03
5.9358e+03	2.4e+00	3.87556e-01	3.9e-03
5.9392e+03	2.4e+00	3.86075e-01	2.9e-03
5.9426e+03	2.4e+00	3.77790e-01	1.5e-03
5.9461e+03	2.4e+00	3.76631e-01	4.6e-03
5.9495e+03	2.4e+00	3.76814e-01	4.0e-03
5.9529e+03	2.4e+00	3.76447e-01	4.7e-03
5.9564e+03	2.4e+00	3.76846e-01	4.8e-03
5.9598e+03	2.4e+00	3.71723e-01	4.8e-03
5.9633e+03	2.4e+00	3.73285e-01	2.8e-03
5.9667e+03	2.4e+00	3.73866e-01	3.8e-03
5.9701e+03	2.4e+00	3.76337e-01	2.3e-03
5.9736e+03	2.4e+00	3.67573e-01	4.5e-03
5.9770e+03	2.4e+00	3.65900e-01	2.2e-03
5.9804e+03	2.4e+00	3.67528e-01	2.6e-03
5.9838e+03	2.4e+00	3.66793e-01	2.7e-03
5.9873e+03	2.4e+00	3.67895e-01	3.2e-03
5.9907e+03	2.4e+00	3.62873e-01	4.4e-03
5.9941e+03	2.4e+00	3.63590e-01	3.6e-03
5.9976e+03	2.4e+00	3.65247e-01	2.9e-03
6.0010e+03	2.4e+00	3.63602e-01	3.8e-03
6.0044e+03	2.4e+00	3.66775e-01	3.1e-03
6.0079e+03	2.4e+00	3.62871e-01	6.9e-03
6.0113e+03	2.4e+00	3.60986e-01	3.8e-03
6.0147e+03	2.4e+00	3.64591e-01	3.0e-03
6.0181e+03	2.4e+00	3.58599e-01	2.4e-03
6.0216e+03	2.4e+00	3.57939e-01	3.3e-03
6.0250e+03	2.4e+00	3.55579e-01	2.1e-03
6.0284e+03	2.4e+00	3.54160e-01	2.8e-03
6.0318e+03	2.4e+00	3.53210e-01	4.5e-03
6.0353e+03	2.4e+00	3.60024e-01	4.3e-03
6.0387e+03	2.4e+00	3.55550e-01	5.2e-03
6.0421e+03	2.4e+00	3.55846e-01	4.1e-03
6.0455e+03	2.4e+00	3.53894e-01	3.3e-03
6.0490e+03	2.4e+00	3.50443e-01	4.0e-03
6.0524e+03	2.4e+00	3.48858e-01	4.3e-03
6.0558e+03	2.4e+00	3.48636e-01	5.1e-03
6.0592e+03	2.4e+00	3.47959e-01	4.7e-03
6.0627e+03	2.4e+00	3.45510e-01	5.9e-03
6.0661e+03	2.4e+00	3.48740e-01	2.8e-03
6.0695e+03	2.4e+00	3.46703e-01	3.9e-03
6.0729e+03	2.4e+00	3.46836e-01	5.8e-03
6.0763e+03	2.4e+00	3.46423e-01	2.6e-03
6.0798e+03	2.4e+00	3.45236e-01	2.9e-03
6.0832e+03	2.4e+00	3.45268e-01	4.8e-03
6.0866e+03	2.4e+00	3.39284e-01	4.0e-03
6.0900e+03	2.4e+00	3.40483e-01	4.6e-03
6.0934e+03	2.4e+00	3.39539e-01	3.8e-03
6.0969e+03	2.4e+00	3.36263e-01	1.5e-03
6.1003e+03	2.4e+00	3.35395e-01	6.0e-03
6.1037e+03	2.4e+00	3.38516e-01	3.9e-03
6.1071e+03	2.4e+00	3.35684e-01	2.9e-03
6.1105e+03	2.4e+00	3.35920e-01	3.2e-03
6.1139e+03	2.4e+00	3.37587e-01	3.3e-03
6.1174e+03	2.4e+00	3.40148e-01	5.2e-03
6.1208e+03	2.4e+00	3.32933e-01	4.2e-03
6.1242e+03	2.4e+00	3.31697e-01	2.7e-03
6.1276e+03	2.4e+00	3.31914e-01	3.6e-03
6.1310e+03	2.4e+00	3.36173e-01	2.7e-03
6.1344e+03	2.4e+00	3.32298e-01	2.7e-03
6.1378e+03	2.4e+00	3.28947e-01	3.5e-03
6.1412e+03	2.4e+00	3.29901e-01	4.2e-03
6.1447e+03	2.4e+00	3.29788e-01	5.0e-03
6.1481e+03	2.4e+00	3.28057e-01	2.3e-03
6.1515e+03	2.4e+00	3.22746e-01	5.1e-03
6.1549e+03	2.4e+00	3.30309e-01	3.0e-03
6.1583e+03	2.4e+00	3.26698e-01	3.5e-03
6.1617e+03	2.4e+00	3.21173e-01	3.3e-03
6.1651e+03	2.4e+00	3.17129e-01	4.2e-03
6.1685e+03	2.4e+00	3.19992e-01	3.5e-03
6.1719e+03	2.4e+00	3.22304e-01	3.8e-03
6.1753e+03	2.4e+00	3.14132e-01	3.5e-03
6.1787e+03	2.4e+00	3.10798e-01	4.1e-03
6.1822e+03	2.4e+00	3.16223e-01	3.3e-03
6.1856e+03	2.4e+00	3.13528e-01	3.7e-03
6.1890e+03	2.4e+00	3.14596e-01	4.8e-03
6.1924e+03	2.4e+00	3.16490e-01	3.6e-03
6.1958e+03	2.4e+00	3.13285e-01	4.4e-03
6.1992e+03	2.4e+00	3.12907e-01	4.0e-03
6.2026e+03	2.4e+00	3.14985e-01	4.4e-03
6.2060e+03	2.4e+00	3.09452e-01	3.3e-03
6.2094e+03	2.4e+00	3.06488e-01	5.9e-03
6.2128e+03	2.4e+00	3.07288e-01	4.1e-03
6.2162e+03	2.4e+00	3.08526e-01	4.9e-03
6.2196e+03	2.4e+00	3.10500e-01	5.7e-03
6.2230e+03	2.4e+00	3.03162e-01	4.0e-03
6.2264e+03	2.4e+00	3.06186e-01	4.9e-03
6.2298e+03	2.4e+00	3.06183e-01	4.1e-03
6.2332e+03	2.4e+00	3.01844e-01	3.1e-03
6.2366e+03	2.4e+00	3.04765e-01	3.6e-03
6.2400e+03	2.4e+00	3.02586e-01	2.8e-03
6.2434e+03	2.4e+00	3.01586e-01	3.5e-03
6.2468e+03	2.4e+00	2.97544e-01	5.5e-03
6.2502e+03	2.4e+00	2.98621e-01	2.8e-03
6.2536e+03	2.4e+00	2.93721e-01	3.4e-03
6.2570e+03	2.4e+00	2.99867e-01	3.6e-03
6.2604e+03	2.4e+00	2.96399e-01	4.8e-03
6.2638e+03	2.4e+00	2.95586e-01	3.3e-03
6.2672e+03	2.4e+00	2.95123e-01	3.3e-03
6.2706e+03	2.4e+00	2.96301e-01	3.2e-03
6.2740e+03	2.4e+00	2.93337e-01	2.8e-03
6.2774e+03	2.4e+00	2.88663e-01	2.5e-03
6.2808e+03	2.4e+00	2.77620e-01	4.1e-03
6.2841e+03	2.4e+00	2.75509e-01	3.3e-03
6.2875e+03	2.4e+00	2.80846e-01	3.0e-03
6.2909e+03	2.4e+00	2.85244e-01	3.5e-03
6.2943e+03	2.4e+00	2.79491e-01	4.7e-03
6.2977e+03	2.4e+00	2.80680e-01	3.4e-03
6.3011e+03	2.4e+00	2.80460e-01	2.4e-03
6.3045e+03	2.4e+00	2.78322e-01	4.8e-03
6.3079e+03	2.4e+00	2.81364e-01	3.6e-03
6.3113e+03	2.4e+00	2.81044e-01	5.1e-03
6.3147e+03	2.4e+00	2.79793e-01	4.3e-03
6.3181e+03	2.4e+00	2.81872e-01	5.5e-03
6.3214e+03	2.4e+00	2.84334e-01	5.4e-03
6.3248e+03	2.4e+00	2.81336e-01	4.2e-03
6.3282e+03	2.4e+00	2.79653e-01	4.1e-03
6.3316e+03	2.4e+00	2.85452e-01	4.5e-03
6.3350e+03	2.4e+00	2.87258e-01	3.8e-03
6.3384e+03	2.4e+00	2.80632e-01	4.3e-03
6.3418e+03	2.4e+00	2.76559e-01	5.4e-03
6.3452e+03	2.4e+00	2.77566e-01	3.1e-03
6.3485e+03	2.4e+00	2.74374e-01	3.9e-03
6.3519e+03	2.4e+00	2.72265e-01	4.6e-03
6.3553e+03	2.4e+00	2.74090e-01	5.0e-03
6.3587e+03	2.4e+00	2.74668e-01	3.9e-03
6.3621e+03	2.4e+00	2.75805e-01	6.2e-03
6.3655e+03	2.4e+00	2.74597e-01	3.4e-03
6.3688e+03	2.4e+00	2.77158e-01	4.6e-03
6.3722e+03	2.4e+00	2.74935e-01	3.4e-03
6.3756e+03	2.4e+00	2.71280e-01	4.7e-03
6.3790e+03	2.4e+00	2.71664e-01	1.2e-03
6.3824e+03	2.4e+00	2.73604e-01	5.3e-03
6.3857e+03	2.4e+00	2.76434e-01	4.2e-03
6.3891e+03	2.4e+00	2.73473e-01	3.4e-03
6.3925e+03	2.4e+00	2.71300e-01	2.5e-03
6.3959e+03	2.4e+00	2.67250e-01	3.4e-03
6.3993e+03	2.4e+00	2.70834e-01	2.3e-03
6.4026e+03	2.4e+00	2.66249e-01	5.8e-03
6.4060e+03	2.4e+00	2.68437e-01	4.6e-03
6.4094e+03	2.4e+00	2.70031e-01	4.1e-03
6.4128e+03	2.4e+00	2.68318e-01	4.5e-03
6.4162e+03	2.4e+00	2.66694e-01	3.9e-03
6.4195e+03	2.4e+00	2.66574e-01	4.8e-03
6.4229e+03	2.4e+00	2.68825e-01	4.4e-03
6.4263e+03	2.4e+00	2.67810e-01	3.5e-03
6.4297e+03	2.4e+00	2.65466e-01	5.2e-03
6.4330e+03	2.4e+00	2.65467e-01	4.2e-03
6.4364e+03	2.4e+00	2.65340e-01	5.0e-03
6.4398e+03	2.4e+00	2.64314e-01	3.4e-03
6.4432e+03	2.4e+00	2.66377e-01	2.6e-03
6.4465e+03	2.4e+00	2.63191e-01	5.5e-03
6.4499e+03	2.4e+00	2.61157e-01	4.8e-03
6.4533e+03	2.4e+00	2.63077e-01	4.3e-03
6.4566e+03	2.4e+00	2.62357e-01	4.3e-03
6.4600e+03	2.4e+00	2.57497e-01	3.6e-03
6.4634e+03	2.4e+00	2.56700e-01	3.6e-03
6.4667e+03	2.4e+00	2.58345e-01	4.2e-03
6.4701e+03	2.4e+00	2.56409e-01	4.2e-03
6.4735e+03	2.4e+00	2.58975e-01	4.9e-03
6.4769e+03	2.4e+00	2.58302e-01	3.9e-03
6.4802e+03	2.4e+00	2.51882e-01	3.7e-03
6.4836e+03	2.4e+00	2.53625e-01	4.8e-03
6.4870e+03	2.4e+00	2.51916e-01	3.3e-03
6.4903e+03	2.4e+00	2.55624e-01	3.1e-03
6.4937e+03	2.4e+00	2.55723e-01	4.9e-03
6.4971e+03	2.4e+00	2.54181e-01	3.5e-03
6.5004e+03	2.4e+00	2.50150e-01	5.8e-03
6.5038e+03	2.4e+00	2.53392e-01	5.1e-03
6.5072e+03	2.4e+00	2.50260e-01	4.6e-03
6.5105e+03	2.4e+00	2.47980e-01	5.2e-03
6.5139e+03	2.4e+00	2.47473e-01	4.0e-03
6.5172e+03	2.4e+00	2.44340e-01	4.9e-03
6.5206e+03	2.4e+00	2.45261e-01	4.5e-03
6.5240e+03	2.4e+00	2.48703e-01	4.6e-03
6.5273e+03	2.4e+00	2.47075e-01	4.9e-03
6.5307e+03	2.4e+00	2.46171e-01	4.7e-03
6.5341e+03	2.4e+00	2.42349e-01	2.6e-03
6.5374e+03	2.4e+00	2.40534e-01	4.5e-03
6.5408e+03	2.4e+00	2.35726e-01	3.8e-03
6.5441e+03	2.4e+00	2.33365e-01	2.9e-03
6.5475e+03	2.4e+00	2.33895e-01	3.7e-03
6.5509e+03	2.4e+00	2.22998e-01	3.5e-03
6.5542e+03	2.4e+00	2.13700e-01	3.8e-03
6.5576e+03	2.4e+00	2.01180e-01	5.1e-03
6.5609e+03	2.4e+00	1.87681e-01	2.6e-03
6.5643e+03	2.4e+00	1.73311e-01	3.0e-03
6.5676e+03	2.4e+00	1.71033e-01	3.8e-03
6.5710e+03	2.4e+00	1.82598e-01	4.7e-03
6.5744e+03	2.4e+00	2.02603e-01	3.0e-03
6.5777e+03	2.4e+00	2.12940e-01	3.3e-03
6.5811e+03	2.4e+00	2.21215e-01	3.5e-03
6.5844e+03	2.4e+00	2.27114e-01	3.3e-03
6.5878e+03	2.4e+00	2.31725e-01	5.3e-03
6.5911e+03	2.4e+00	2.32806e-01	4.1e-03
6.5945e+03	2.4e+00	2.32497e-01	5.0e-03
6.5978e+03	2.4e+00	2.36081e-01	4.5e-03
6.6012e+03	2.4e+00	2.32280e-01	3.7e-03
6.6045e+03	2.4e+00	2.32805e-01	4.8e-03
6.6079e+03	2.4e+00	2.26352e-01	5.6e-03
6.6112e+03	2.4e+00	2.31015e-01	4.5e-03
6.6146e+03	2.4e+00	2.34433e-01	5.8e-03
6.6179e+03	2.4e+00	2.31003e-01	4.4e-03
6.6213e+03	2.4e+00	2.32537e-01	3.9e-03
6.6246e+03	2.4e+00	2.34477e-01	4.9e-03
6.6280e+03	2.4e+00	2.28915e-01	4.7e-03
6.6313e+03	2.4e+00	2.30118e-01	4.3e-03
6.6347e+03	2.4e+00	2.32066e-01	4.3e-03
6.6380e+03	2.4e+00	2.23889e-01	3.1e-03
6.6414e+03	2.4e+00	2.28787e-01	3.3e-03
6.6447e+03	2.4e+00	2.30389e-01	5.5e-03
6.6481e+03	2.4e+00	2.31563e-01	6.3e-03
6.6514e+03	2.4e+00	2.28605e-01	5.2e-03
6.6548e+03	2.4e+00	2.24430e-01	4.4e-03
6.6581e+03	2.4e+00	2.28890e-01	3.9e-03
6.6615e+03	2.4e+00	2.26939e-01	3.1e-03
6.6648e+03	2.4e+00	2.30344e-01	5.6e-03
6.6681e+03	2.4e+00	2.23668e-01	4.8e-03
6.6715e+03	2.4e+00	2.22558e-01	4.9e-03
6.6748e+03	2.4e+00	2.26512e-01	4.5e-03
6.6782e+03	2.4e+00	2.22082e-01	2.2e-03
6.6815e+03	2.4e+00	2.21945e-01	3.5e-03
6.6849e+03	2.4e+00	2.27233e-01	5.2e-03
6.6882e+03	2.4e+00	2.16259e-01	5.3e-03
6.6915e+03	2.4e+00	2.19392e-01	3.8e-03
6.6949e+03	2.4e+00	2.21760e-01	4.9e-03
6.6982e+03	2.4e+00	2.24123e-01	3.9e-03
6.7016e+03	2.4e+00	2.21270e-01	4.7e-03
6.7049e+03	2.4e+00	2.20802e-01	3.7e-03
6.7082e+03	2.4e+00	2.17824e-01	5.6e-03
6.7116e+03	2.4e+00	2.19921e-01	4.8e-03
6.7149e+03	2.4e+00	2.19244e-01	4.2e-03
6.7183e+03	2.4e+00	2.18489e-01	5.0e-03
6.7216e+03	2.4e+00	2.18082e-01	5.5e-03
6.7249e+03	2.4e+00	2.18576e-01	5.6e-03
6.7283e+03	2.4e+00	2.15504e-01	4.8e-03
6.7316e+03	2.4e+00	2.19622e-01	5.3e-03
6.7349e+03	2.4e+00	2.16339e-01	5.2e-03
6.7383e+03	2.4e+00	2.18088e-01	5.1e-03
6.7416e+03	2.4e+00	2.13266e-01	4.2e-03
6.7449e+03	2.4e+00	2.14117e-01	5.5e-03
6.7483e+03	2.4e+00	2.13960e-01	4.4e-03
6.7516e+03	2.4e+00	2.14348e-01	4.5e-03
6.7549e+03	2.4e+00	2.15357e-01	2.7e-03
6.7583e+03	2.4e+00	2.12392e-01	5.4e-03
6.7616e+03	2.4e+00	2.13745e-01	3.5e-03
6.7649e+03	2.4e+00	2.19730e-01	3.8e-03
6.7683e+03	2.4e+00	2.11641e-01	5.2e-03
6.7716e+03	2.4e+00	2.15134e-01	5.1e-03
6.7749e+03	2.4e+00	2.10580e-01	4.9e-03
6.7782e+03	2.4e+00	2.09160e-01	5.2e-03
6.7816e+03	2.4e+00	2.11238e-01	5.1e-03
6.7849e+03	2.4e+00	2.11945e-01	4.8e-03
6.7882e+03	2.4e+00	2.10077e-01	4.7e-03
6.7916e+03	2.4e+00	2.10548e-01	4.2e-03
6.7949e+03	2.4e+00	2.09601e-01	5.5e-03
6.7982e+03	2.4e+00	2.04733e-01	6.4e-03
6.8015e+03	2.4e+00	2.10867e-01	4.0e-03
6.8049e+03	2.4e+00	2.05240e-01	5.6e-03
6.8082e+03	2.4e+00	2.06849e-01	5.7e-03
6.8115e+03	2.4e+00	2.08332e-01	4.3e-03
6.8148e+03	2.4e+00	2.07431e-01	3.7e-03
6.8182e+03	2.4e+00	2.03561e-01	4.8e-03
6.8215e+03	2.4e+00	2.01445e-01	6.0e-03
6.8248e+03	2.4e+00	1.98081e-01	4.3e-03
6.8281e+03	2.4e+00	2.03332e-01	2.5e-03
6.8315e+03	2.4e+00	1.97803e-01	3.9e-03
6.8348e+03	2.4e+00	1.98019e-01	3.9e-03
6.8381e+03	2.4e+00	1.98785e-01	4.5e-03
6.8414e+03	2.4e+00	2.00205e-01	5.8e-03
6.8447e+03	2.4e+00	1.96280e-01	6.8e-03
6.8481e+03	2.4e+00	1.98323e-01	4.2e-03
6.8514e+03	2.4e+00	1.97685e-01	4.9e-03
6.8547e+03	2.4e+00	1.97373e-01	4.0e-03
6.8580e+03	2.4e+00	1.96507e-01	3.6e-03
6.8613e+03	2.4e+00	1.89418e-01	5.6e-03
6.8647e+03	2.4e+00	1.86704e-01	4.6e-03
6.8680e+03	2.4e+00	1.69650e-01	4.3e-03
6.8713e+03	2.4e+00	1.45321e-01	3.5e-03
6.8746e+03	2.4e+00	1.33738e-01	3.4e-03
6.8779e+03	2.4e+00	1.41276e-01	4.3e-03
6.8812e+03	2.4e+00	1.62244e-01	4.4e-03
6.8846e+03	2.4e+00	1.66688e-01	3.8e-03
6.8879e+03	2.4e+00	1.70388e-01	3.6e-03
6.8912e+03	2.4e+00	1.62729e-01	4.6e-03
6.8945e+03	2.4e+00	1.61211e-01	5.2e-03
6.8978e+03	2.4e+00	1.62790e-01	2.9e-03
6.9011e+03	2.4e+00	1.65206e-01	3.5e-03
6.9044e+03	2.4e+00	1.65911e-01	3.8e-03
6.9078e+03	2.4e+00	1.70083e-01	3.1e-03
6.9111e+03	2.4e+00	1.71730e-01	4.3e-03
6.9144e+03	2.4e+00	1.71139e-01	3.9e-03
6.9177e+03	2.4e+00	1.77732e-01	5.2e-03
6.9210e+03	2.4e+00	1.80600e-01	5.1e-03
6.9243e+03	2.4e+00	1.81522e-01	5.2e-03
6.9276e+03	2.4e+00	1.81280e-01	5.1e-03
6.9309e+03	2.4e+00	1.80372e-01	3.1e-03
6.9342e+03	2.4e+00	1.79865e-01	5.0e-03
6.9375e+03	2.4e+00	1.76307e-01	4.2e-03
6.9409e+03	2.4e+00	1.79125e-01	5.3e-03
6.9442e+03	2.4e+00	1.81736e-01	5.1e-03
6.9475e+03	2.4e+00	1.81102e-01	4.5e-03
6.9508e+03	2.4e+00	1.79947e-01	3.4e-03
6.9541e+03	2.4e+00	1.80268e-01	3.8e-03
6.9574e+03	2.4e+00	1.79975e-01	5.6e-03
6.9607e+03	2.4e+00	1.80223e-01	5.4e-03
6.9640e+03	2.4e+00	1.76305e-01	3.6e-03
6.9673e+03	2.4e+00	1.78697e-01	4.6e-03
6.9706e+03	2.4e+00	1.80265e-01	3.8e-03
6.9739e+03	2.4e+00	1.81971e-01	5.6e-03
6.9772e+03	2.4e+00	1.80412e-01	4.0e-03
6.9805e+03	2.4e+00	1.79208e-01	5.4e-03
6.9838e+03	2.4e+00	1.75594e-01	6.2e-03
6.9871e+03	2.4e+00	1.77864e-01	4.5e-03
6.9904e+03	2.4e+00	1.76939e-01	4.9e-03
6.9937e+03	2.4e+00	1.69074e-01	4.3e-03
6.9970e+03	2.4e+00	1.72397e-01	4.7e-03
7.0003e+03	2.4e+00	1.73074e-01	3.5e-03
7.0036e+03	2.4e+00	1.74127e-01	5.2e-03
7.0069e+03	2.4e+00	1.77729e-01	4.3e-03
7.0102e+03	2.4e+00	1.72212e-01	3.1e-03
7.0135e+03	2.4e+00	1.72093e-01	4.2e-03
7.0168e+03	2.4e+00	1.70596e-01	6.0e-03
7.0201e+03	2.4e+00	1.73002e-01	4.9e-03
7.0234e+03	2.4e+00	1.69024e-01	6.2e-03
7.0267e+03	2.4e+00	1.66619e-01	4.2e-03
7.0300e+03	2.4e+00	1.65381e-01	5.2e-03
7.0333e+03	2.4e+00	1.69104e-01	4.5e-03
7.0366e+03	2.4e+00	1.67282e-01	4.4e-03
7.0399e+03	2.4e+00	1.71632e-01	5.7e-03
7.0432e+03	2.4e+00	1.67134e-01	5.1e-03
7.0465e+03	2.4e+00	1.72068e-01	4.8e-03
7.0498e+03	2.4e+00	1.65870e-01	5.0e-03
7.0531e+03	2.4e+00	1.65067e-01	4.8e-03
7.0564e+03	2.4e+00	1.66347e-01	4.0e-03
7.0597e+03	2.4e+00	1.68261e-01	4.8e-03
7.0629e+03	2.4e+00	1.63072e-01	4.8e-03
7.0662e+03	2.4e+00	1.62466e-01	3.9e-03
7.0695e+03	2.4e+00	1.60681e-01	3.8e-03
7.0728e+03	2.4e+00	1.57724e-01	5.4e-03
7.0761e+03	2.4e+00	1.64768e-01	5.2e-03
7.0794e+03	2.4e+00	1.58112e-01	5.3e-03
7.0827e+03	2.4e+00	1.63538e-01	4.1e-03
7.0860e+03	2.4e+00	1.61545e-01	4.3e-03
7.0893e+03	2.4e+00	1.59948e-01	4.1e-03
7.0926e+03	2.4e+00	1.63457e-01	4.6e-03
7.0958e+03	2.4e+00	1.63929e-01	3.7e-03
7.0991e+03	2.4e+00	1.58037e-01	4.5e-03
7.1024e+03	2.4e+00	1.58632e-01	3.2e-03
7.1057e+03	2.4e+00	1.61225e-01	3.6e-03
7.1090e+03	2.4e+00	1.58670e-01	4.8e-03
7.1123e+03	2.4e+00	1.56834e-01	5.1e-03
7.1156e+03	2.4e+00	1.56383e-01	4.1e-03
7.1188e+03	2.4e+00	1.56964e-01	5.2e-03
7.1221e+03	2.4e+00	1.60177e-01	4.0e-03
7.1254e+03	2.4e+00	1.57365e-01	5.3e-03
7.1287e+03	2.4e+00	1.54202e-01	4.7e-03
7.1320e+03	2.4e+00	1.56289e-01	5.6e-03
7.1353e+03	2.4e+00	1.51435e-01	6.2e-03
7.1385e+03	2.4e+00	1.57275e-01	5.3e-03
7.1418e+03	2.4e+00	1.53256e-01	3.2e-03
7.1451e+03	2.4e+00	1.56250e-01	6.1e-03
7.1484e+03	2.4e+00	1.56093e-01	5.1e-03
7.1517e+03	2.4e+00	1.51095e-01	4.7e-03
7.1549e+03	2.4e+00	1.50494e-01	4.5e-03
7.1582e+03	2.4e+00	1.49155e-01	3.8e-03
7.1615e+03	2.4e+00	1.51455e-01	4.6e-03
7.1648e+03	2.4e+00	1.47084e-01	5.1e-03
7.1681e+03	2.4e+00	1.44814e-01	4.5e-03
7.1713e+03	2.4e+00	1.42197e-01	5.3e-03
7.1746e+03	2.4e+00	1.38212e-01	4.6e-03
7.1779e+03	2.4e+00	1.33844e-01	3.6e-03
7.1812e+03	2.4e+00	1.32414e-01	4.9e-03
7.1844e+03	2.4e+00	1.34744e-01	4.8e-03
7.1877e+03	2.4e+00	1.30841e-01	3.4e-03
7.1910e+03	2.4e+00	1.29195e-01	4.6e-03
7.1943e+03	2.4e+00	1.29452e-01	4.6e-03
7.1975e+03	2.4e+00	1.29842e-01	4.0e-03
7.2008e+03	2.4e+00	1.31273e-01	4.4e-03
7.2041e+03	2.4e+00	1.27212e-01	4.9e-03
7.2074e+03	2.4e+00	1.26835e-01	4.0e-03
7.2106e+03	2.4e+00	1.31324e-01	4.2e-03
7.2139e+03	2.4e+00	1.33940e-01	4.6e-03
7.2172e+03	2.4e+00	1.37715e-01	4.5e-03
7.2204e+03	2.4e+00	1.40346e-01	4.4e-03
7.2237e+03	2.4e+00	1.37414e-01	4.6e-03
7.2270e+03	2.4e+00	1.36892e-01	4.2e-03
7.2303e+03	2.4e+00	1.35127e-01	4.7e-03
7.2335e+03	2.4e+00	1.29307e-01	3.7e-03
7.2368e+03	2.4e+00	1.30528e-01	3.2e-03
7.2401e+03	2.4e+00	1.23217e-01	4.9e-03
7.2433e+03	2.4e+00	1.24701e-01	3.7e-03
7.2466e+03	2.4e+00	1.24547e-01	3.5e-03
7.2499e+03	2.4e+00	1.29473e-01	3.2e-03
7.2531e+03	2.4e+00	1.26377e-01	4.3e-03
7.2564e+03	2.4e+00	1.26993e-01	3.6e-03
7.2597e+03	2.4e+00	1.27670e-01	3.2e-03
7.2629e+03	2.4e+00	1.28842e-01	4.4e-03
7.2662e+03	2.4e+00	1.23357e-01	4.6e-03
7.2695e+03	2.4e+00	1.29163e-01	4.0e-03
7.2727e+03	2.4e+00	1.27038e-01	3.7e-03
7.2760e+03	2.4e+00	1.28027e-01	4.6e-03
7.2792e+03	2.4e+00	1.24873e-01	2.6e-03
7.2825e+03	2.4e+00	1.21393e-01	4.5e-03
7.2858e+03	2.4e+00	1.26509e-01	4.7e-03
7.2890e+03	2.4e+00	1.25422e-01	4.5e-03
7.2923e+03	2.4e+00	1.25108e-01	5.3e-03
7.2956e+03	2.4e+00	1.25231e-01	3.9e-03
7.2988e+03	2.4e+00	1.25230e-01	2.9e-03
7.3021e+03	2.4e+00	1.26739e-01	4.9e-03
7.3053e+03	2.4e+00	1.22329e-01	4.3e-03
7.3086e+03	2.4e+00	1.23933e-01	3.9e-03
7.3119e+03	2.4e+00	1.22569e-01	4.3e-03
7.3151e+03	2.4e+00	1.21934e-01	3.4e-03
7.3184e+03	2.4e+00	1.25045e-01	3.1e-03
7.3216e+03	2.4e+00	1.20780e-01	3.2e-03
7.3249e+03	2.4e+00	1.21695e-01	3.4e-03
7.3281e+03	2.4e+00	1.22773e-01	4.4e-03
7.3314e+03	2.4e+00	1.21125e-01	3.4e-03
7.3346e+03	2.4e+00	1.22668e-01	3.5e-03
7.3379e+03	2.4e+00	1.21939e-01	5.7e-03
7.3412e+03	2.4e+00	1.18700e-01	4.6e-03
7.3444e+03	2.4e+00	1.21540e-01	4.3e-03
7.3477e+03	2.4e+00	1.23854e-01	4.2e-03
7.3509e+03	2.4e+00	1.21114e-01	3.0e-03
7.3542e+03	2.4e+00	1.21041e-01	3.8e-03
7.3574e+03	2.4e+00	1.19982e-01	2.6e-03
7.3607e+03	2.4e+00	1.14276e-01	3.5e-03
7.3639e+03	2.4e+00	1.20665e-01	4.0e-03
7.3672e+03	2.4e+00	1.16302e-01	3.2e-03
7.3704e+03	2.4e+00	1.17105e-01	3.1e-03
7.3737e+03	2.4e+00	1.16561e-01	3.9e-03
7.3769e+03	2.4e+00	1.14821e-01	4.1e-03
7.3802e+03	2.4e+00	1.17775e-01	3.9e-03
7.3834e+03	2.4e+00	1.17629e-01	2.8e-03
7.3867e+03	2.4e+00	1.16147e-01	3.5e-03
7.3899e+03	2.4e+00	1.15776e-01	2.6e-03
7.3932e+03	2.4e+00	1.14059e-01	4.1e-03
7.3964e+03	2.4e+00	1.18814e-01	4.0e-03
7.3997e+03	2.4e+00	1.13532e-01	3.4e-03
7.4029e+03	2.4e+00	1.17472e-01	4.6e-03
7.4062e+03	2.4e+00	1.14800e-01	3.7e-03
7.4094e+03	2.4e+00	1.13944e-01	4.4e-03
7.4127e+03	2.4e+00	1.11011e-01	4.5e-03
7.4159e+03	2.4e+00	1.12745e-01	2.7e-03
7.4191e+03	2.4e+00	1.14862e-01	4.5e-03
7.4224e+03	2.4e+00	1.13406e-01	4.5e-03
7.4256e+03	2.4e+00	1.13248e-01	4.1e-03
7.4289e+03	2.4e+00	1.15221e-01	5.0e-03
7.4321e+03	2.4e+00	1.09706e-01	3.6e-03
7.4354e+03	2.4e+00	1.10208e-01	3.6e-03
7.4386e+03	2.4e+00	1.14865e-01	2.8e-03
7.4418e+03	2.4e+00	1.12466e-01	4.5e-03
7.4451e+03	2.4e+00	1.09280e-01	3.5e-03
7.4483e+03	2.4e+00	1.08892e-01	3.6e-03
7.4516e+03	2.4e+00	1.09555e-01	4.1e-03
7.4548e+03	2.4e+00	1.10734e-01	3.5e-03
7.4580e+03	2.4e+00	1.11589e-01	4.4e-03
7.4613e+03	2.4e+00	1.12734e-01	3.4e-03
7.4645e+03	2.4e+00	1.08679e-01	3.4e-03
7.4678e+03	2.4e+00	1.08768e-01	4.2e-03
7.4710e+03	2.4e+00	1.07280e-01	4.4e-03
7.4742e+03	2.4e+00	1.10760e-01	2.9e-03
7.4775e+03	2.4e+00	1.10801e-01	4.9e-03
7.4807e+03	2.4e+00	1.09747e-01	4.4e-03
7.4839e+03	2.4e+00	1.09101e-01	4.3e-03
7.4872e+03	2.4e+00	1.08576e-01	3.2e-03
7.4904e+03	2.4e+00	1.07249e-01	4.3e-03
7.4936e+03	2.4e+00	1.07311e-01	4.8e-03
7.4969e+03	2.4e+00	1.06458e-01	4.5e-03
7.5001e+03	2.4e+00	1.06212e-01	2.7e-03
7.5033e+03	2.4e+00	1.09504e-01	3.3e-03
7.5066e+03	2.4e+00	1.03883e-01	3.7e-03
7.5098e+03	2.4e+00	1.03100e-01	3.0e-03
7.5130e+03	2.4e+00	1.02379e-01	2.9e-03
7.5163e+03	2.4e+00	1.02776e-01	3.9e-03
7.5195e+03	2.4e+00	1.04385e-01	2.8e-03
7.5227e+03	2.4e+00	1.03499e-01	3.9e-03
7.5260e+03	2.4e+00	9.91697e-02	3.9e-03
7.5292e+03	2.4e+00	9.95583e-02	3.0e-03
7.5324e+03	2.4e+00	9.86898e-02	4.0e-03
7.5356e+03	2.4e+00	1.01476e-01	3.9e-03
7.5389e+03	2.4e+00	1.02528e-01	4.7e-03
7.5421e+03	2.4e+00	1.00903e-01	3.0e-03
7.5453e+03	2.4e+00	1.03674e-01	3.3e-03
7.5486e+03	2.4e+00	1.03957e-01	4.8e-03
7.5518e+03	2.4e+00	1.00516e-01	3.2e-03
7.5550e+03	2.4e+00	1.02057e-01	5.0e-03
7.5582e+03	2.4e+00	1.02779e-01	4.6e-03
7.5615e+03	2.4e+00	1.01678e-01	4.4e-03
7.5647e+03	2.4e+00	1.03760e-01	3.9e-03
7.5679e+03	2.4e+00	1.03076e-01	3.4e-03
7.5711e+03	2.4e+00	9.88435e-02	2.7e-03
7.5744e+03	2.4e+00	9.91215e-02	3.3e-03
7.5776e+03	2.4e+00	1.03294e-01	4.5e-03
7.5808e+03	2.4e+00	9.95735e-02	4.0e-03
7.5840e+03	2.4e+00	9.93015e-02	4.6e-03
7.5872e+03	2.4e+00	9.82362e-02	3.7e-03
7.5905e+03	2.4e+00	9.54383e-02	5.3e-03
7.5937e+03	2.4e+00	9.85105e-02	5.3e-03
7.5969e+03	2.4e+00	9.48459e-02	4.1e-03
7.6001e+03	2.4e+00	8.11394e-02	3.0e-03
7.6033e+03	2.4e+00	6.15287e-02	2.4e-03
7.6066e+03	2.4e+00	4.11614e-02	2.0e-03
7.6098e+03	2.4e+00	2.83520e-02	1.7e-03
7.6130e+03	2.4e+00	2.17437e-02	1.6e-03
7.6162e+03	2.4e+00	2.36636e-02	1.8e-03
7.6194e+03	2.4e+00	2.95990e-02	1.5e-03
7.6227e+03	2.4e+00	3.97175e-02	2.3e-03
7.6259e+03	2.4e+00	4.72240e-02	2.3e-03
