2977.3	0
2980.3	1227.2
2983.3	2696.8
2986.4	2676.2
2989.4	2673.7
2992.5	2671.4
2995.6	2667.8
2998.6	2664.8
3001.7	2663
3004.7	2662.5
3007.8	2661.4
3010.8	2659.4
3013.9	2659.5
3017	2659.5
3020.1	2657.7
3023.1	2655.5
3026.2	2653.6
3029.3	2652.7
3032.3	2652.9
3035.4	2653.9
3038.5	2654.6
3041.6	2654.2
3044.7	2653.2
3047.8	2652.5
3050.8	2652.1
3053.9	2651.7
3057	2651.4
3060.1	2650.3
3063.2	2649.3
3066.3	2649.7
3069.4	2650.8
3072.5	2650.7
3075.6	2649.8
3078.7	2649.8
3081.8	2649.7
3084.9	2650.4
3088.1	2650.5
3091.2	2649.1
3094.3	2648.9
3097.4	2650.2
3100.5	2650.5
3103.6	2649.4
3106.8	2649.6
3109.9	2650.6
3113	2650.1
3116.1	2650.3
3119.3	2650.7
3122.4	2649.7
3125.5	2647.7
3128.6	2647.3
3131.8	2647.5
3134.9	2648.4
3138.1	2650.1
3141.2	2649.8
3144.3	2649.3
3147.5	2649.8
3150.6	2650.2
3153.8	2650.5
3156.9	2651.3
3160.1	2651.3
3163.2	2651.3
3166.4	2651.8
3169.5	2651.4
3172.7	2651.3
3175.9	2652
3179	2651.9
3182.2	2650.3
3185.3	2650
3188.5	2650.8
3191.7	2652.1
3194.9	2653.4
3198	2653.4
3201.2	2652.6
3204.4	2653
3207.5	2654.6
3210.7	2654.6
3213.9	2652.7
3217.1	2651.8
3220.3	2651.9
3223.5	2652.7
3226.6	2652.1
3229.8	2650.8
3233	2650.8
3236.2	2650.3
3239.4	2649.4
3242.6	2650.7
3245.8	2653.2
3249	2655.1
3252.2	2655.2
3255.4	2653.2
3258.6	2653.5
3261.8	2655.4
3265	2655.1
3268.2	2653.7
3271.4	2652.6
3274.6	2652.3
3277.8	2652.3
3281	2652.6
3284.3	2653.2
3287.5	2654.2
3290.7	2654.3
3293.9	2654.3
3297.1	2653.1
3300.4	2652
3303.6	2653.6
3306.8	2654.8
3310	2653.6
3313.3	2652.9
3316.5	2653.4
3319.7	2654.9
3323	2655.5
3326.2	2654.5
3329.4	2654.1
3332.7	2654.8
3335.9	2655.2
3339.1	2654.1
3342.4	2653.2
3345.6	2652.7
3348.9	2652.6
3352.1	2653.7
3355.4	2655
3358.6	2655.9
3361.9	2657
3365.1	2656.9
3368.4	2655.8
3371.6	2655.4
3374.9	2654.8
3378.1	2654.9
3381.4	2654.6
3384.7	2654.5
3387.9	2654.1
3391.2	2655.2
3394.4	2656.6
3397.7	2657
3401	2656.9
3404.2	2656.9
3407.5	2655.7
3410.8	2654.5
3414.1	2655
3417.3	2657.2
3420.6	2658.6
3423.9	2658.5
3427.2	2656.6
3430.4	2656.2
3433.7	2657.5
3437	2658
3440.3	2658.3
3443.6	2658.8
3446.9	2659.2
3450.2	2659.5
3453.4	2659.2
3456.7	2658.2
3460	2659.2
3463.3	2660.3
3466.6	2658.9
3469.9	2657.4
3473.2	2657.3
3476.5	2657.7
3479.8	2657.6
3483.1	2657.4
3486.4	2657.7
3489.7	2658.4
3493	2659.1
3496.3	2660.5
3499.6	2661.7
3502.9	2661.9
3506.2	2661.8
3509.6	2661.1
3512.9	2660.5
3516.2	2659.8
3519.5	2659.2
3522.8	2659.3
3526.1	2659.2
3529.5	2659.4
3532.8	2660.1
3536.1	2661
3539.4	2661.5
3542.7	2661.3
3546.1	2661.8
3549.4	2662.3
3552.7	2664.1
3556	2665.3
3559.4	2664.9
3562.7	2664.8
3566	2663.4
3569.4	2662.1
3572.7	2662.8
3576	2662.7
3579.4	2664
3582.7	2665.8
3586.1	2665.5
3589.4	2665
3592.7	2664.9
3596.1	2666.5
3599.4	2666.8
3602.8	2664.9
3606.1	2663.3
3609.5	2664.6
3612.8	2666.9
3616.2	2669.7
3619.5	2671.1
3622.9	2671.2
3626.2	2669.9
3629.6	2669
3632.9	2668.9
3636.3	2670.5
3639.6	2673.2
3643	2675
3646.4	2675.6
3649.7	2675.3
3653.1	2676
3656.5	2678.8
3659.8	2680.9
3663.2	2682.6
3666.5	2686
3669.9	2689.1
3673.3	2690.5
3676.7	2692.3
3680	2695.7
3683.4	2699.7
3686.8	2703.3
3690.1	2706.7
3693.5	2712.2
3696.9	2717.8
3700.3	2723.9
3703.6	2730.3
3707	2738
3710.4	2744.9
3713.8	2752.7
3717.2	2761.8
3720.6	2770.6
3723.9	2781.9
3727.3	2796.9
3730.7	2811.6
3734.1	2821.9
3737.5	2834.1
3740.9	2855
3744.3	2884.9
3747.7	2911.1
3751	2919.9
3754.4	2928.3
3757.8	2957.8
3761.2	3011.8
3764.6	3062.9
3768	3081.5
3771.4	3074
3774.8	3080.3
3778.2	3121.7
3781.6	3210.9
3785	3327.2
3788.4	3407.1
3791.8	3433.1
3795.2	3413.9
3798.6	3375.3
3802.1	3358.9
3805.5	3407.3
3808.9	3542.5
3812.3	3732.4
3815.7	3898.5
3819.1	4008.5
3822.5	4072.4
3825.9	4100.3
3829.3	4077
3832.8	3981.7
3836.2	3865.8
3839.6	3834.5
3843	3926
3846.4	4166.7
3849.8	4490.2
3853.3	4737.2
3856.7	4899.8
3860.1	5035.3
3863.5	5163.3
3867	5271.3
3870.4	5372
3873.8	5453
3877.2	5473.9
3880.7	5412.9
3884.1	5229.8
3887.5	4937.4
3890.9	4741
3894.4	4786.6
3897.8	5060.2
3901.2	5551.5
3904.7	5994.9
3908.1	6316
3911.5	6555.8
3915	6731.5
3918.4	6885.3
3921.9	7019.4
3925.3	7130.5
3928.7	7228.2
3932.2	7312.3
3935.6	7393.9
3939.1	7496.9
3942.5	7613.1
3945.9	7716.7
3949.4	7796
3952.8	7841.6
3956.3	7813.6
3959.7	7648.7
3963.2	7312.9
3966.6	6791.2
3970.1	6328.4
3973.5	6207.6
3977	6483.6
3980.4	7172.1
3983.9	7917.7
3987.3	8424.5
3990.8	8754.4
3994.2	9000.5
3997.7	9214.7
4001.1	9397.2
4004.6	9531.2
4008	9650
4011.5	9780
4015	9908.2
4018.4	10010
4021.9	10060
4025.3	10094
4028.8	10184
4032.3	10331
4035.7	10492
4039.2	10631
4042.6	10763
4046.1	10888
4049.6	10996
4053	11103
4056.5	11215
4060	11334
4063.4	11441
4066.9	11542
4070.4	11614
4073.8	11646
4077.3	11667
4080.8	11654
4084.3	11578
4087.7	11375
4091.2	10921
4094.7	10179
4098.2	9226.8
4101.6	8601.7
4105.1	8716.2
4108.6	9346.4
4112.1	10489
4115.5	11373
4119	11933
4122.5	12270
4126	12463
4129.5	12639
4132.9	12798
4136.4	12968
4139.9	13131
4143.4	13262
4146.9	13418
4150.3	13570
4153.8	13728
4157.3	13854
4160.8	13975
4164.3	14069
4167.8	14146
4171.3	14241
4174.8	14308
4178.2	14358
4181.7	14448
4185.2	14527
4188.7	14612
4192.2	14688
4195.7	14761
4199.2	14841
4202.7	14910
4206.2	14997
4209.7	15095
4213.2	15192
4216.6	15287
4220.1	15342
4223.6	15396
4227.1	15431
4230.6	15431
4234.1	15455
4237.6	15507
4241.1	15550
4244.6	15597
4248.1	15670
4251.6	15723
4255.1	15776
4258.6	15831
4262.1	15901
4265.6	15946
4269.1	15994
4272.6	16046
4276.1	16094
4279.6	16137
4283.1	16177
4286.6	16189
4290.1	16176
4293.7	16158
4297.2	16121
4300.7	16121
4304.2	16141
4307.7	16166
4311.2	16169
4314.7	16160
4318.2	16086
4321.7	15905
4325.2	15482
4328.7	14682
4332.2	13507
4335.8	12147
4339.3	11409
4342.8	11693
4346.3	12643
4349.8	14030
4353.3	15048
4356.8	15694
4360.3	16104
4363.9	16385
4367.4	16579
4370.9	16735
4374.4	16829
4377.9	16840
4381.4	16780
4385	16739
4388.5	16765
4392	16836
4395.5	16883
4399	16933
4402.5	16989
4406.1	17011
4409.6	17006
4413.1	16996
4416.6	16993
4420.1	17013
4423.7	17031
4427.2	17034
4430.7	17020
4434.2	17054
4437.7	17108
4441.3	17150
4444.8	17165
4448.3	17210
4451.8	17229
4455.4	17259
4458.9	17246
4462.4	17165
4465.9	17051
4469.5	16960
4473	16934
4476.5	16934
4480	16924
4483.6	17001
4487.1	17116
4490.6	17204
4494.1	17259
4497.7	17323
4501.2	17386
4504.7	17426
4508.3	17469
4511.8	17499
4515.3	17500
4518.8	17502
4522.4	17541
4525.9	17561
4529.4	17540
4533	17505
4536.5	17468
4540	17416
4543.6	17340
4547.1	17284
4550.6	17261
4554.2	17277
4557.7	17307
4561.2	17332
4564.8	17362
4568.3	17344
4571.8	17286
4575.4	17217
4578.9	17172
4582.4	17121
4586	17113
4589.5	17123
4593	17118
4596.6	17117
4600.1	17102
4603.6	17071
4607.2	17041
4610.7	17026
4614.2	17011
4617.8	16992
4621.3	16995
4624.9	17000
4628.4	17013
4631.9	17054
4635.5	17113
4639	17172
4642.5	17196
4646.1	17198
4649.6	17185
4653.2	17182
4656.7	17156
4660.2	17146
4663.8	17134
4667.3	17122
4670.9	17118
4674.4	17112
4677.9	17102
4681.5	17097
4685	17093
4688.6	17084
4692.1	17075
4695.6	17071
4699.2	17085
4702.7	17093
4706.3	17100
4709.8	17119
4713.3	17140
4716.9	17162
4720.4	17175
4724	17166
4727.5	17145
4731	17103
4734.6	17068
4738.1	17035
4741.7	16985
4745.2	16927
4748.8	16891
4752.3	16853
4755.8	16811
4759.4	16767
4762.9	16735
4766.5	16701
4770	16654
4773.6	16637
4777.1	16611
4780.6	16605
4784.2	16583
4787.7	16544
4791.3	16515
4794.8	16473
4798.4	16434
4801.9	16405
4805.5	16344
4809	16315
4812.5	16297
4816.1	16275
4819.6	16247
4823.2	16229
4826.7	16200
4830.3	16145
4833.8	16073
4837.4	15928
4840.9	15663
4844.4	15237
4848	14556
4851.5	13543
4855.1	12374
4858.6	11630
4862.2	11809
4865.7	12551
4869.3	13736
4872.8	14686
4876.3	15270
4879.9	15651
4883.4	15928
4887	16090
4890.5	16190
4894.1	16258
4897.6	16278
4901.2	16301
4904.7	16308
4908.3	16283
4911.8	16228
4915.3	16141
4918.9	16088
4922.4	16076
4926	16162
4929.5	16266
4933.1	16343
4936.6	16380
4940.2	16391
4943.7	16399
4947.3	16399
4950.8	16382
4954.3	16359
4957.9	16318
4961.4	16265
4965	16221
4968.5	16153
4972.1	16089
4975.6	16064
4979.2	16032
4982.7	16009
4986.2	15958
4989.8	15912
4993.3	15885
4996.9	15871
5000.4	15855
5004	15827
5007.5	15772
5011.1	15694
5014.6	15626
5018.2	15595
5021.7	15569
5025.2	15537
5028.8	15493
5032.3	15434
5035.9	15385
5039.4	15344
5043	15319
5046.5	15290
5050.1	15245
5053.6	15229
5057.1	15241
5060.7	15258
5064.2	15264
5067.8	15270
5071.3	15277
5074.9	15268
5078.4	15248
5081.9	15261
5085.5	15276
5089	15265
5092.6	15250
5096.1	15242
5099.7	15251
5103.2	15258
5106.7	15265
5110.3	15274
5113.8	15279
5117.4	15262
5120.9	15252
5124.5	15226
5128	15197
5131.5	15193
5135.1	15147
5138.6	15088
5142.2	15041
5145.7	14997
5149.2	14972
5152.8	14954
5156.3	14917
5159.9	14847
5163.4	14766
5166.9	14729
5170.5	14700
5174	14694
5177.6	14707
5181.1	14702
5184.6	14710
5188.2	14725
5191.7	14724
5195.3	14703
5198.8	14678
5202.3	14694
5205.9	14693
5209.4	14651
5213	14597
5216.5	14540
5220	14492
5223.6	14434
5227.1	14369
5230.6	14307
5234.2	14228
5237.7	14201
5241.3	14196
5244.8	14170
5248.3	14140
5251.9	14116
5255.4	14079
5258.9	14028
5262.5	13989
5266	13961
5269.5	13922
5273.1	13886
5276.6	13873
5280.2	13852
5283.7	13810
5287.2	13781
5290.8	13766
5294.3	13715
5297.8	13659
5301.4	13632
5304.9	13612
5308.4	13568
5312	13520
5315.5	13448
5319	13404
5322.6	13393
5326.1	13395
5329.6	13382
5333.1	13398
5336.7	13399
5340.2	13404
5343.7	13436
5347.3	13456
5350.8	13455
5354.3	13467
5357.9	13475
5361.4	13430
5364.9	13433
5368.5	13478
5372	13506
5375.5	13474
5379	13445
5382.6	13423
5386.1	13390
5389.6	13361
5393.1	13313
5396.7	13264
5400.2	13220
5403.7	13192
5407.3	13157
5410.8	13108
5414.3	13061
5417.8	13008
5421.4	12970
5424.9	12953
5428.4	12939
5431.9	12912
5435.5	12899
5439	12881
5442.5	12861
5446	12823
5449.5	12778
5453.1	12742
5456.6	12714
5460.1	12677
5463.6	12644
5467.2	12611
5470.7	12575
5474.2	12535
5477.7	12494
5481.2	12444
5484.8	12405
5488.3	12366
5491.8	12348
5495.3	12313
5498.8	12295
5502.4	12263
5505.9	12240
5509.4	12230
5512.9	12238
5516.4	12215
5519.9	12213
5523.5	12193
5527	12181
5530.5	12177
5534	12160
5537.5	12125
5541	12118
5544.6	12102
5548.1	12070
5551.6	12062
5555.1	12039
5558.6	12035
5562.1	12020
5565.6	11992
5569.1	11963
5572.7	11928
5576.2	11905
5579.7	11878
5583.2	11850
5586.7	11813
5590.2	11778
5593.7	11755
5597.2	11749
5600.7	11721
5604.3	11691
5607.8	11663
5611.3	11638
5614.8	11620
5618.3	11596
5621.8	11587
5625.3	11572
5628.8	11541
5632.3	11525
5635.8	11520
5639.3	11501
5642.8	11491
5646.3	11496
5649.8	11505
5653.3	11505
5656.8	11495
5660.3	11479
5663.8	11470
5667.3	11472
5670.8	11459
5674.3	11431
5677.9	11415
5681.4	11387
5684.9	11339
5688.4	11297
5691.9	11237
5695.3	11221
5698.8	11185
5702.3	11144
5705.8	11114
5709.3	11091
5712.8	11060
5716.3	11017
5719.8	10978
5723.3	10948
5726.8	10908
5730.3	10900
5733.8	10875
5737.3	10839
5740.8	10835
5744.3	10828
5747.8	10806
5751.3	10776
5754.8	10751
5758.3	10721
5761.8	10710
5765.2	10687
5768.7	10664
5772.2	10630
5775.7	10593
5779.2	10564
5782.7	10536
5786.2	10505
5789.7	10490
5793.2	10489
5796.6	10488
5800.1	10483
5803.6	10486
5807.1	10489
5810.6	10487
5814.1	10466
5817.6	10463
5821	10452
5824.5	10451
5828	10444
5831.5	10428
5835	10435
5838.5	10436
5841.9	10429
5845.4	10429
5848.9	10430
5852.4	10411
5855.9	10408
5859.3	10404
5862.8	10412
5866.3	10411
5869.8	10375
5873.3	10323
5876.7	10281
5880.2	10240
5883.7	10228
5887.2	10218
5890.6	10208
5894.1	10204
5897.6	10185
5901.1	10162
5904.5	10178
5908	10190
5911.5	10187
5914.9	10163
5918.4	10112
5921.9	10075
5925.4	10051
5928.8	10052
5932.3	10067
5935.8	10063
5939.2	10034
5942.7	10001
5946.2	9988.7
5949.6	9975.9
5953.1	9963.5
5956.6	9939
5960	9916
5963.5	9910.5
5967	9926.5
5970.4	9923.9
5973.9	9908.5
5977.4	9908.8
5980.8	9900.7
5984.3	9901.2
5987.7	9901.4
5991.2	9894.1
5994.7	9864.6
5998.1	9861.4
6001.6	9863
6005.1	9848.6
6008.5	9830.8
6012	9826.3
6015.4	9805.8
6018.9	9782.9
6022.3	9772.9
6025.8	9751.1
6029.3	9730.1
6032.7	9727.3
6036.2	9714.9
6039.6	9704.1
6043.1	9692.8
6046.5	9658.3
6050	9638.7
6053.4	9611.9
6056.9	9592.1
6060.3	9579.6
6063.8	9575.9
6067.2	9580
6070.7	9574.5
6074.1	9568.2
6077.6	9573.2
6081	9574.5
6084.5	9564.5
6087.9	9554.6
6091.4	9538.6
6094.8	9529.1
6098.3	9529.2
6101.7	9545.6
6105.2	9541.5
6108.6	9534
6112	9531.4
6115.5	9531.7
6118.9	9514.9
6122.4	9510.7
6125.8	9510.5
6129.3	9519
6132.7	9506.5
6136.1	9500.3
6139.6	9501.6
6143	9499
6146.5	9484.2
6149.9	9454.2
6153.3	9428.3
6156.8	9410
6160.2	9370.8
6163.6	9354
6167.1	9363.6
6170.5	9364.8
6173.9	9331.1
6177.4	9290.7
6180.8	9275
6184.2	9262.5
6187.7	9237.9
6191.1	9235.9
6194.5	9210.5
6198	9185.1
6201.4	9174.5
6204.8	9170.4
6208.3	9138.9
6211.7	9141.5
6215.1	9128.7
6218.5	9100.3
6222	9087.1
6225.4	9062.6
6228.8	9052.1
6232.2	9030.3
6235.7	9015.7
6239.1	9007.1
6242.5	8986.1
6245.9	8949.8
6249.4	8934.7
6252.8	8920.1
6256.2	8928.8
6259.6	8909.7
6263	8897.9
6266.5	8867.3
6269.9	8827.6
6273.3	8783.2
6276.7	8688.6
6280.1	8581.4
6283.5	8525.5
6287	8540.3
6290.4	8575
6293.8	8559.4
6297.2	8518.7
6300.6	8497.4
6304	8488.8
6307.4	8493.5
6310.9	8504.9
6314.3	8494.8
6317.7	8473.5
6321.1	8470.7
6324.5	8468.4
6327.9	8459.5
6331.3	8453
6334.7	8434.7
6338.1	8415.6
6341.5	8395.2
6345	8369
6348.4	8322.7
6351.8	8274.9
6355.2	8250.7
6358.6	8273.9
6362	8275.9
6365.4	8273.6
6368.8	8255.9
6372.2	8235.3
6375.6	8219.6
6379	8206.3
6382.4	8199.6
6385.8	8188.9
6389.2	8160.7
6392.6	8140
6396	8108.3
6399.4	8102.4
6402.8	8076.1
6406.2	8052.6
6409.6	8022.3
6413	8009.8
6416.4	7990.8
6419.7	7967.3
6423.1	7950.5
6426.5	7947.6
6429.9	7947.2
6433.3	7936.1
6436.7	7909.1
6440.1	7882.4
6443.5	7856.5
6446.9	7831.8
6450.3	7812.3
6453.7	7790.9
6457	7767.7
6460.4	7744.7
6463.8	7719.6
6467.2	7709.9
6470.6	7692.9
6474	7666.6
6477.4	7638.5
6480.7	7615.5
6484.1	7602.8
6487.5	7589.4
6490.9	7582.3
6494.3	7573.7
6497.6	7557
6501	7553.9
6504.4	7541.8
6507.8	7509.8
6511.2	7485.7
6514.5	7451.5
6517.9	7407.6
6521.3	7375
6524.7	7357.4
6528	7350.6
6531.4	7338.8
6534.8	7306
6538.2	7274.6
6541.5	7219.3
6544.9	7151.1
6548.3	7087.7
6551.7	6976.2
6555	6844.1
6558.4	6646.6
6561.8	6379.8
6565.1	6114.2
6568.5	6004.7
6571.9	6047.7
6575.2	6191.2
6578.6	6419.6
6582	6611.2
6585.3	6761.1
6588.7	6856.7
6592.1	6914
6595.4	6949.5
6598.8	6973.3
6602.1	6968.7
6605.5	6969.5
6608.9	6950.4
6612.2	6950
6615.6	6960.4
6618.9	6954.2
6622.3	6932.9
6625.7	6922.6
6629	6906.6
6632.4	6892.2
6635.7	6891.9
6639.1	6867.7
6642.4	6858.3
6645.8	6850.1
6649.1	6842.8
6652.5	6823
6655.9	6811.4
6659.2	6815.6
6662.6	6796.6
6665.9	6760.4
6669.3	6738.7
6672.6	6723
6676	6706.8
6679.3	6687.6
6682.7	6667.9
6686	6653.2
6689.3	6630.4
6692.7	6615.5
6696	6607.5
6699.4	6603.3
6702.7	6588.7
6706.1	6573.3
6709.4	6548
6712.8	6518.5
6716.1	6502.3
6719.4	6477.9
6722.8	6465.7
6726.1	6450.1
6729.5	6435.5
6732.8	6429
6736.1	6406.1
6739.5	6380
6742.8	6355.2
6746.1	6336.1
6749.5	6332
6752.8	6326.9
6756.1	6312
6759.5	6298.8
6762.8	6296.9
6766.1	6287.2
6769.5	6255.3
6772.8	6245
6776.1	6222.5
6779.5	6204.2
6782.8	6199.3
6786.1	6187.9
6789.5	6167.1
6792.8	6140.8
6796.1	6127.2
6799.4	6103.8
6802.8	6089.4
6806.1	6064.3
6809.4	6040.7
6812.7	6025.7
6816.1	6011.9
6819.4	5979
6822.7	5960.3
6826	5931.9
6829.3	5931.5
6832.7	5904.3
6836	5877.1
6839.3	5869.4
6842.6	5857.3
6845.9	5833.1
6849.3	5821.3
6852.6	5802.8
6855.9	5792.5
6859.2	5765.7
6862.5	5713.8
6865.8	5638.6
6869.1	5467.1
6872.5	5193.3
6875.8	4928.2
6879.1	4892.3
6882.4	4974.9
6885.7	5124.5
6889	5200.3
6892.3	5193.5
6895.6	5173.1
6898.9	5174
6902.2	5198.9
6905.6	5224.6
6908.9	5256.5
6912.2	5280.9
6915.5	5311.7
6918.8	5340.8
6922.1	5375.3
6925.4	5392.3
6928.7	5409.6
6932	5405.2
6935.3	5403.5
6938.6	5398.8
6941.9	5392.2
6945.2	5386.2
6948.5	5381.9
6951.8	5382.7
6955.1	5377.9
6958.4	5373.7
6961.7	5376.7
6965	5366.3
6968.3	5362.9
6971.6	5362.7
6974.9	5352.5
6978.2	5334.1
6981.5	5326.6
6984.7	5304.8
6988	5284.9
6991.3	5274.5
6994.6	5257.1
6997.9	5235.6
7001.2	5219.7
7004.5	5208.5
7007.8	5198.6
7011.1	5180.7
7014.3	5166.7
7017.6	5151.6
7020.9	5147.7
7024.2	5141.6
7027.5	5126.3
7030.8	5121.1
7034.1	5109.9
7037.3	5103.6
7040.6	5096.8
7043.9	5082.8
7047.2	5069.6
7050.5	5054.7
7053.7	5046.2
7057	5030
7060.3	5027.3
7063.6	5017.7
7066.9	4998.4
7070.1	4982.5
7073.4	4966.3
7076.7	4965.1
7080	4958.5
7083.2	4958.8
7086.5	4961.7
7089.8	4955.8
7093.1	4948.4
7096.3	4938
7099.6	4925.7
7102.9	4916.9
7106.2	4908.8
7109.4	4888
7112.7	4875.9
7116	4865.9
7119.2	4849.6
7122.5	4836.8
7125.8	4821.5
7129	4809.8
7132.3	4804.9
7135.6	4785.6
7138.8	4781.1
7142.1	4763.4
7145.4	4742.1
7148.6	4733.3
7151.9	4725.1
7155.1	4708.5
7158.4	4685.2
7161.7	4671.8
7164.9	4659.2
7168.2	4629
7171.4	4595.1
7174.7	4534.2
7178	4480.2
7181.2	4451
7184.5	4427.2
7187.7	4402.3
7191	4375.4
7194.2	4347.5
7197.5	4338.2
7200.7	4336
7204	4333.1
7207.3	4329.4
7210.5	4342.7
7213.8	4367.7
7217	4398.2
7220.3	4423.1
7223.5	4428.4
7226.8	4429.1
7230	4415.4
7233.3	4388.3
7236.5	4357.7
7239.7	4309.6
7243	4275.9
7246.2	4270.4
7249.5	4268.1
7252.7	4260.8
7256	4262.7
7259.2	4266.7
7262.5	4267.6
7265.7	4259
7268.9	4255
7272.2	4245.8
7275.4	4240
7278.7	4225.2
7281.9	4209
7285.1	4213.8
7288.4	4211.4
7291.6	4205.2
7294.9	4198.1
7298.1	4194.4
7301.3	4187.5
7304.6	4170.5
7307.8	4160.2
7311	4148.5
7314.3	4147.7
7317.5	4140.2
7320.7	4138.3
7324	4138.5
7327.2	4135
7330.4	4141.6
7333.7	4138.8
7336.9	4133.5
7340.1	4128.1
7343.4	4127.5
7346.6	4121.2
7349.8	4113.1
7353	4104.8
7356.3	4088.2
7359.5	4073.6
7362.7	4061.7
7365.9	4052.3
7369.2	4043.8
7372.4	4031.8
7375.6	4026.5
7378.8	4023.4
7382.1	4022.8
7385.3	4012.8
7388.5	4007
7391.7	4000.6
7394.9	3999.5
7398.2	3983.8
7401.4	3976.2
7404.6	3968.1
7407.8	3963.8
7411	3960.7
7414.3	3952.2
7417.5	3952.4
7420.7	3949.8
7423.9	3941.9
7427.1	3944.8
7430.3	3933
7433.5	3927.9
7436.8	3927.6
7440	3920.6
7443.2	3909.6
7446.4	3902.1
7449.6	3895.6
7452.8	3891.8
7456	3891.6
7459.2	3886.4
7462.5	3884.1
7465.7	3876.7
7468.9	3868.2
7472.1	3858.1
7475.3	3854.3
7478.5	3854.6
7481.7	3849.8
7484.9	3847.3
7488.1	3839.5
7491.3	3838.4
7494.5	3835.5
7497.7	3829
7500.9	3819.4
7504.1	3812.4
7507.3	3800.2
7510.5	3785.9
7513.7	3777.6
7516.9	3774.5
7520.1	3766.8
7523.3	3755.2
7526.5	3745.8
7529.7	3738
7532.9	3736.2
7536.1	3737.6
7539.3	3743.8
7542.5	3742.3
7545.7	3737.4
7548.9	3725.1
7552.1	3720.8
7555.3	3719.7
7558.5	3722.4
7561.7	3713.9
7564.9	3714.3
7568.1	3701.1
7571.3	3685.1
7574.5	3676.5
7577.7	3676.2
7580.8	3669
7584	3660.6
7587.2	3645.1
7590.4	3624.2
7593.6	3582
7596.8	3502.6
7600	3379.6
7603.2	3205.1
7606.4	3018.4
7609.5	2911.3
7612.7	2884.1
7615.9	2900.6
7619.1	2945.6
7622.3	3031.8
7625.5	3115
7628.6	3135
7631.8	3114.7
7635	3081.7
7638.2	3069
7641.4	3069.4
7644.6	3082
7647.7	3105.6
7650.9	3135.4
7654.1	3167.1
7657.3	3202.9
7660.5	3235.2
7663.6	3270
7666.8	3300.1
7670	3327.6
7673.2	3350.5
7676.4	3370.2
7679.5	3380.2
7682.7	3386.7
7685.9	3393.7
7689.1	3403.8
7692.2	3400.4
