# lambda [A]	Dlambda [A]	specval [counts]	Dspecval [counts]
3.8580e+03	2.4e+00	2.0883e-01	1.4e-02
3.8615e+03	2.4e+00	2.0446e-01	1.0e-02
3.8649e+03	2.4e+00	2.2381e-01	1.3e-02
3.8684e+03	2.4e+00	2.3791e-01	1.5e-02
3.8718e+03	2.4e+00	2.3337e-01	1.4e-02
3.8753e+03	2.4e+00	2.4321e-01	1.3e-02
3.8787e+03	2.4e+00	2.6352e-01	1.5e-02
3.8822e+03	2.4e+00	2.7402e-01	1.9e-02
3.8856e+03	2.4e+00	3.0228e-01	2.1e-02
3.8891e+03	2.4e+00	3.6136e-01	2.4e-02
3.8926e+03	2.4e+00	4.2416e-01	3.1e-02
3.8960e+03	2.4e+00	4.5971e-01	2.8e-02
3.8995e+03	2.4e+00	4.4536e-01	2.7e-02
3.9029e+03	2.4e+00	4.4723e-01	3.0e-02
3.9064e+03	2.4e+00	4.6270e-01	3.2e-02
3.9098e+03	2.4e+00	4.9000e-01	3.3e-02
3.9133e+03	2.4e+00	5.3127e-01	3.8e-02
3.9168e+03	2.4e+00	4.9770e-01	3.2e-02
3.9202e+03	2.5e+00	4.4204e-01	2.6e-02
3.9237e+03	2.5e+00	3.7560e-01	2.4e-02
3.9272e+03	2.5e+00	3.0147e-01	1.5e-02
3.9306e+03	2.5e+00	2.2300e-01	1.1e-02
3.9341e+03	2.5e+00	1.8835e-01	1.0e-02
3.9376e+03	2.5e+00	2.3036e-01	1.4e-02
3.9410e+03	2.5e+00	3.1146e-01	2.0e-02
3.9445e+03	2.5e+00	4.1544e-01	2.6e-02
3.9480e+03	2.5e+00	5.0353e-01	3.0e-02
3.9514e+03	2.5e+00	5.8586e-01	4.0e-02
3.9549e+03	2.5e+00	5.9785e-01	4.1e-02
3.9584e+03	2.5e+00	5.3242e-01	3.8e-02
3.9618e+03	2.5e+00	4.0830e-01	2.5e-02
3.9653e+03	2.5e+00	2.7966e-01	1.6e-02
3.9688e+03	2.5e+00	2.5410e-01	1.5e-02
3.9723e+03	2.5e+00	3.4342e-01	1.9e-02
3.9757e+03	2.5e+00	5.3367e-01	2.9e-02
3.9792e+03	2.5e+00	6.8248e-01	4.0e-02
3.9827e+03	2.5e+00	7.9114e-01	4.9e-02
3.9862e+03	2.5e+00	8.4019e-01	5.4e-02
3.9896e+03	2.5e+00	8.9898e-01	5.3e-02
3.9931e+03	2.5e+00	9.0541e-01	5.4e-02
3.9966e+03	2.5e+00	9.5674e-01	5.9e-02
4.0001e+03	2.5e+00	1.0069e+00	5.3e-02
4.0036e+03	2.5e+00	1.0155e+00	5.7e-02
4.0070e+03	2.5e+00	1.0313e+00	6.8e-02
4.0105e+03	2.5e+00	1.0858e+00	6.6e-02
4.0140e+03	2.5e+00	1.1329e+00	6.6e-02
4.0175e+03	2.5e+00	1.1285e+00	6.6e-02
4.0210e+03	2.5e+00	1.1184e+00	6.9e-02
4.0245e+03	2.5e+00	1.1314e+00	6.9e-02
4.0279e+03	2.5e+00	1.0773e+00	6.8e-02
4.0314e+03	2.5e+00	1.0624e+00	6.1e-02
4.0349e+03	2.5e+00	1.0732e+00	6.1e-02
4.0384e+03	2.5e+00	1.1160e+00	6.1e-02
4.0419e+03	2.5e+00	1.0312e+00	6.1e-02
4.0454e+03	2.5e+00	1.0151e+00	5.9e-02
4.0489e+03	2.5e+00	1.0465e+00	5.8e-02
4.0523e+03	2.5e+00	1.0581e+00	6.3e-02
4.0558e+03	2.5e+00	1.0656e+00	6.3e-02
4.0593e+03	2.5e+00	9.8397e-01	5.5e-02
4.0628e+03	2.5e+00	9.8807e-01	5.4e-02
4.0663e+03	2.5e+00	1.0009e+00	5.9e-02
4.0698e+03	2.5e+00	1.0394e+00	5.9e-02
4.0733e+03	2.5e+00	1.0127e+00	5.7e-02
4.0768e+03	2.5e+00	1.0483e+00	5.7e-02
4.0803e+03	2.5e+00	1.0688e+00	6.1e-02
4.0838e+03	2.5e+00	1.2073e+00	7.2e-02
4.0873e+03	2.5e+00	1.2709e+00	7.8e-02
4.0908e+03	2.5e+00	1.2291e+00	6.5e-02
4.0943e+03	2.5e+00	1.1293e+00	5.9e-02
4.0978e+03	2.5e+00	1.0177e+00	5.5e-02
4.1012e+03	2.5e+00	1.0181e+00	5.7e-02
4.1047e+03	2.5e+00	1.0550e+00	5.5e-02
4.1082e+03	2.5e+00	1.0814e+00	5.7e-02
4.1117e+03	2.5e+00	1.0783e+00	5.5e-02
4.1152e+03	2.5e+00	1.0625e+00	5.5e-02
4.1187e+03	2.5e+00	1.0566e+00	5.7e-02
4.1222e+03	2.5e+00	1.0732e+00	5.4e-02
4.1257e+03	2.5e+00	1.0494e+00	5.3e-02
4.1292e+03	2.5e+00	9.9346e-01	5.2e-02
4.1327e+03	2.5e+00	9.9749e-01	5.3e-02
4.1362e+03	2.5e+00	1.0025e+00	5.4e-02
4.1398e+03	2.5e+00	9.5154e-01	5.1e-02
4.1433e+03	2.5e+00	9.1640e-01	5.1e-02
4.1468e+03	2.5e+00	9.1947e-01	5.0e-02
4.1503e+03	2.5e+00	9.6221e-01	4.8e-02
4.1538e+03	2.5e+00	1.0031e+00	4.8e-02
4.1573e+03	2.5e+00	1.0517e+00	5.1e-02
4.1608e+03	2.5e+00	1.0849e+00	5.2e-02
4.1643e+03	2.5e+00	1.0724e+00	4.6e-02
4.1678e+03	2.5e+00	9.8177e-01	4.9e-02
4.1713e+03	2.5e+00	9.3936e-01	4.7e-02
4.1748e+03	2.5e+00	9.4061e-01	4.4e-02
4.1783e+03	2.5e+00	1.0041e+00	4.8e-02
4.1818e+03	2.5e+00	1.0441e+00	5.6e-02
4.1853e+03	2.5e+00	1.0521e+00	5.4e-02
4.1889e+03	2.5e+00	1.0732e+00	5.2e-02
4.1924e+03	2.5e+00	1.0382e+00	4.5e-02
4.1959e+03	2.5e+00	9.8160e-01	5.0e-02
4.1994e+03	2.5e+00	9.5017e-01	4.5e-02
4.2029e+03	2.5e+00	1.0068e+00	4.2e-02
4.2064e+03	2.5e+00	1.0963e+00	5.4e-02
4.2099e+03	2.5e+00	1.1326e+00	5.1e-02
4.2134e+03	2.5e+00	1.1739e+00	5.3e-02
4.2170e+03	2.5e+00	1.2043e+00	5.2e-02
4.2205e+03	2.5e+00	1.0814e+00	4.3e-02
4.2240e+03	2.5e+00	9.9378e-01	4.8e-02
4.2275e+03	2.5e+00	9.7941e-01	4.4e-02
4.2310e+03	2.5e+00	1.0888e+00	4.6e-02
4.2345e+03	2.5e+00	1.1425e+00	5.1e-02
4.2381e+03	2.5e+00	1.1959e+00	4.7e-02
4.2416e+03	2.5e+00	1.2621e+00	5.4e-02
4.2451e+03	2.5e+00	1.2380e+00	5.6e-02
4.2486e+03	2.5e+00	1.1660e+00	4.8e-02
4.2521e+03	2.5e+00	1.1424e+00	4.7e-02
4.2556e+03	2.5e+00	1.1263e+00	5.5e-02
4.2592e+03	2.5e+00	1.2186e+00	5.5e-02
4.2627e+03	2.5e+00	1.2611e+00	5.5e-02
4.2662e+03	2.5e+00	1.1868e+00	4.9e-02
4.2697e+03	2.5e+00	1.0960e+00	4.9e-02
4.2733e+03	2.5e+00	1.0800e+00	4.6e-02
4.2768e+03	2.5e+00	1.1446e+00	4.4e-02
4.2803e+03	2.5e+00	1.1911e+00	4.9e-02
4.2838e+03	2.5e+00	1.1102e+00	4.5e-02
4.2873e+03	2.5e+00	1.0607e+00	4.0e-02
4.2909e+03	2.5e+00	1.0724e+00	4.1e-02
4.2944e+03	2.5e+00	1.0076e+00	3.5e-02
4.2979e+03	2.5e+00	9.3239e-01	3.8e-02
4.3014e+03	2.5e+00	8.1512e-01	3.5e-02
4.3050e+03	2.5e+00	7.9044e-01	3.1e-02
4.3085e+03	2.5e+00	9.0940e-01	4.0e-02
4.3120e+03	2.5e+00	1.1868e+00	4.8e-02
4.3155e+03	2.5e+00	1.4333e+00	4.9e-02
4.3191e+03	2.5e+00	1.4078e+00	4.7e-02
4.3226e+03	2.5e+00	1.3125e+00	4.6e-02
4.3261e+03	2.5e+00	1.3206e+00	4.6e-02
4.3297e+03	2.5e+00	1.4787e+00	5.4e-02
4.3332e+03	2.5e+00	1.4673e+00	4.8e-02
4.3367e+03	2.5e+00	1.3914e+00	5.1e-02
4.3402e+03	2.5e+00	1.3727e+00	5.4e-02
4.3438e+03	2.5e+00	1.4598e+00	4.9e-02
4.3473e+03	2.5e+00	1.4728e+00	5.1e-02
4.3508e+03	2.5e+00	1.4542e+00	4.7e-02
4.3544e+03	2.5e+00	1.4233e+00	5.2e-02
4.3579e+03	2.5e+00	1.5172e+00	5.0e-02
4.3614e+03	2.5e+00	1.5311e+00	4.8e-02
4.3650e+03	2.5e+00	1.5089e+00	4.6e-02
4.3685e+03	2.5e+00	1.4265e+00	4.7e-02
4.3720e+03	2.5e+00	1.3870e+00	4.8e-02
4.3756e+03	2.5e+00	1.3489e+00	4.0e-02
4.3791e+03	2.5e+00	1.2571e+00	4.2e-02
4.3826e+03	2.5e+00	1.2184e+00	4.1e-02
4.3862e+03	2.5e+00	1.2263e+00	3.6e-02
4.3897e+03	2.5e+00	1.3241e+00	4.5e-02
4.3932e+03	2.5e+00	1.4060e+00	4.5e-02
4.3968e+03	2.5e+00	1.4242e+00	4.3e-02
4.4003e+03	2.5e+00	1.3500e+00	4.0e-02
4.4038e+03	2.5e+00	1.3031e+00	4.2e-02
4.4074e+03	2.5e+00	1.3644e+00	4.2e-02
4.4109e+03	2.5e+00	1.4484e+00	4.3e-02
4.4145e+03	2.5e+00	1.5039e+00	4.4e-02
4.4180e+03	2.5e+00	1.4844e+00	4.3e-02
4.4215e+03	2.5e+00	1.4943e+00	4.6e-02
4.4251e+03	2.5e+00	1.5063e+00	4.7e-02
4.4286e+03	2.5e+00	1.4606e+00	4.0e-02
4.4321e+03	2.5e+00	1.4733e+00	4.2e-02
4.4357e+03	2.5e+00	1.4752e+00	4.0e-02
4.4392e+03	2.5e+00	1.5241e+00	4.3e-02
4.4428e+03	2.5e+00	1.5769e+00	4.8e-02
4.4463e+03	2.5e+00	1.6022e+00	4.9e-02
4.4498e+03	2.5e+00	1.5673e+00	4.6e-02
4.4534e+03	2.5e+00	1.4654e+00	4.1e-02
4.4569e+03	2.5e+00	1.3908e+00	3.8e-02
4.4605e+03	2.5e+00	1.4205e+00	3.7e-02
4.4640e+03	2.5e+00	1.4705e+00	3.5e-02
4.4676e+03	2.5e+00	1.5579e+00	4.1e-02
4.4711e+03	2.5e+00	1.6664e+00	3.9e-02
4.4746e+03	2.5e+00	1.7059e+00	4.6e-02
4.4782e+03	2.5e+00	1.7228e+00	4.8e-02
4.4817e+03	2.5e+00	1.7160e+00	4.1e-02
4.4853e+03	2.5e+00	1.7058e+00	3.8e-02
4.4888e+03	2.5e+00	1.6637e+00	4.3e-02
4.4924e+03	2.5e+00	1.6369e+00	4.4e-02
4.4959e+03	2.5e+00	1.6726e+00	4.0e-02
4.4994e+03	2.5e+00	1.7861e+00	4.5e-02
4.5030e+03	2.5e+00	1.8535e+00	4.8e-02
4.5065e+03	2.5e+00	1.8819e+00	4.6e-02
4.5101e+03	2.5e+00	1.8396e+00	4.2e-02
4.5136e+03	2.5e+00	1.7680e+00	4.0e-02
4.5172e+03	2.5e+00	1.7409e+00	4.3e-02
4.5207e+03	2.5e+00	1.6754e+00	3.7e-02
4.5243e+03	2.5e+00	1.5749e+00	3.3e-02
4.5278e+03	2.5e+00	1.4854e+00	3.2e-02
4.5314e+03	2.5e+00	1.5208e+00	3.4e-02
4.5349e+03	2.5e+00	1.5871e+00	3.7e-02
4.5385e+03	2.6e+00	1.6376e+00	3.7e-02
4.5420e+03	2.6e+00	1.6396e+00	3.8e-02
4.5455e+03	2.6e+00	1.6324e+00	3.4e-02
4.5491e+03	2.6e+00	1.6277e+00	3.4e-02
4.5526e+03	2.6e+00	1.6767e+00	3.6e-02
4.5562e+03	2.6e+00	1.7244e+00	3.4e-02
4.5597e+03	2.6e+00	1.7367e+00	3.4e-02
4.5633e+03	2.6e+00	1.7267e+00	3.5e-02
4.5668e+03	2.6e+00	1.7000e+00	3.4e-02
4.5704e+03	2.6e+00	1.7334e+00	3.4e-02
4.5739e+03	2.6e+00	1.7001e+00	2.9e-02
4.5775e+03	2.6e+00	1.6613e+00	2.7e-02
4.5810e+03	2.6e+00	1.6286e+00	3.1e-02
4.5846e+03	2.6e+00	1.6695e+00	2.9e-02
4.5881e+03	2.6e+00	1.6807e+00	2.8e-02
4.5917e+03	2.6e+00	1.6559e+00	2.8e-02
4.5952e+03	2.6e+00	1.6314e+00	2.8e-02
4.5988e+03	2.6e+00	1.6278e+00	3.3e-02
4.6023e+03	2.6e+00	1.6976e+00	3.1e-02
4.6059e+03	2.6e+00	1.7689e+00	2.8e-02
4.6094e+03	2.6e+00	1.8113e+00	3.0e-02
4.6130e+03	2.6e+00	1.7979e+00	3.0e-02
4.6165e+03	2.6e+00	1.7963e+00	3.1e-02
4.6201e+03	2.6e+00	1.8099e+00	2.9e-02
4.6236e+03	2.6e+00	1.8057e+00	2.3e-02
4.6272e+03	2.6e+00	1.7969e+00	2.5e-02
4.6308e+03	2.6e+00	1.7570e+00	2.4e-02
4.6343e+03	2.6e+00	1.6922e+00	2.4e-02
4.6379e+03	2.6e+00	1.6854e+00	2.1e-02
4.6414e+03	2.6e+00	1.6463e+00	2.3e-02
4.6450e+03	2.6e+00	1.6482e+00	2.4e-02
4.6485e+03	2.6e+00	1.6339e+00	2.0e-02
4.6521e+03	2.6e+00	1.6631e+00	2.3e-02
4.6556e+03	2.6e+00	1.7169e+00	2.4e-02
4.6592e+03	2.6e+00	1.7077e+00	1.6e-02
4.6627e+03	2.6e+00	1.6316e+00	2.0e-02
4.6663e+03	2.6e+00	1.5750e+00	2.0e-02
4.6698e+03	2.6e+00	1.5992e+00	2.3e-02
4.6734e+03	2.6e+00	1.6464e+00	1.7e-02
4.6769e+03	2.6e+00	1.6393e+00	2.0e-02
4.6805e+03	2.6e+00	1.6289e+00	2.1e-02
4.6841e+03	2.6e+00	1.6227e+00	1.7e-02
4.6876e+03	2.6e+00	1.6329e+00	1.7e-02
4.6912e+03	2.6e+00	1.6649e+00	1.9e-02
4.6947e+03	2.6e+00	1.6439e+00	1.7e-02
4.6983e+03	2.6e+00	1.6162e+00	1.9e-02
4.7018e+03	2.6e+00	1.5742e+00	1.6e-02
4.7054e+03	2.6e+00	1.5653e+00	1.4e-02
4.7089e+03	2.6e+00	1.5874e+00	1.9e-02
4.7125e+03	2.6e+00	1.6289e+00	1.9e-02
4.7161e+03	2.6e+00	1.6705e+00	1.6e-02
4.7196e+03	2.6e+00	1.7207e+00	1.7e-02
4.7232e+03	2.6e+00	1.6704e+00	1.6e-02
4.7267e+03	2.6e+00	1.5916e+00	1.7e-02
4.7303e+03	2.6e+00	1.5550e+00	1.4e-02
4.7338e+03	2.6e+00	1.5711e+00	1.4e-02
4.7374e+03	2.6e+00	1.6179e+00	1.1e-02
4.7409e+03	2.6e+00	1.6404e+00	1.6e-02
4.7445e+03	2.6e+00	1.6575e+00	1.4e-02
4.7481e+03	2.6e+00	1.6622e+00	1.2e-02
4.7516e+03	2.6e+00	1.6384e+00	1.2e-02
4.7552e+03	2.6e+00	1.6173e+00	1.2e-02
4.7587e+03	2.6e+00	1.5798e+00	1.2e-02
4.7623e+03	2.6e+00	1.5521e+00	1.0e-02
4.7658e+03	2.6e+00	1.5408e+00	1.0e-02
4.7694e+03	2.6e+00	1.5743e+00	8.8e-03
4.7730e+03	2.6e+00	1.6358e+00	9.2e-03
4.7765e+03	2.6e+00	1.6276e+00	1.0e-02
4.7801e+03	2.6e+00	1.5793e+00	1.1e-02
4.7836e+03	2.6e+00	1.5351e+00	1.2e-02
4.7872e+03	2.6e+00	1.5235e+00	9.7e-03
4.7907e+03	2.6e+00	1.5664e+00	9.1e-03
4.7943e+03	2.6e+00	1.5810e+00	1.3e-02
4.7979e+03	2.6e+00	1.5981e+00	5.4e-03
4.8014e+03	2.6e+00	1.5790e+00	1.0e-02
4.8050e+03	2.6e+00	1.5890e+00	6.3e-03
4.8085e+03	2.6e+00	1.5951e+00	5.3e-03
4.8121e+03	2.6e+00	1.6069e+00	6.2e-03
4.8156e+03	2.6e+00	1.6469e+00	6.9e-03
4.8192e+03	2.6e+00	1.6415e+00	6.2e-03
4.8228e+03	2.6e+00	1.6250e+00	6.9e-03
4.8263e+03	2.6e+00	1.5706e+00	8.0e-03
4.8299e+03	2.6e+00	1.5618e+00	5.6e-03
4.8334e+03	2.6e+00	1.5642e+00	5.2e-03
4.8370e+03	2.6e+00	1.5472e+00	7.6e-03
4.8406e+03	2.6e+00	1.5639e+00	7.8e-03
4.8441e+03	2.6e+00	1.5607e+00	7.9e-03
4.8477e+03	2.6e+00	1.5740e+00	7.4e-03
4.8512e+03	2.6e+00	1.5694e+00	7.8e-03
4.8548e+03	2.6e+00	1.5132e+00	5.6e-03
4.8583e+03	2.6e+00	1.4163e+00	5.3e-03
4.8619e+03	2.6e+00	1.3938e+00	7.4e-03
4.8655e+03	2.6e+00	1.4065e+00	3.3e-03
4.8690e+03	2.6e+00	1.4328e+00	7.0e-03
4.8726e+03	2.6e+00	1.4588e+00	8.3e-03
4.8761e+03	2.6e+00	1.4755e+00	6.2e-03
4.8797e+03	2.6e+00	1.4860e+00	5.8e-03
4.8832e+03	2.6e+00	1.4575e+00	8.9e-03
4.8868e+03	2.6e+00	1.4266e+00	5.4e-03
4.8904e+03	2.6e+00	1.4730e+00	5.8e-03
4.8939e+03	2.6e+00	1.5498e+00	9.5e-03
4.8975e+03	2.6e+00	1.5980e+00	9.2e-03
4.9010e+03	2.6e+00	1.5940e+00	4.6e-03
4.9046e+03	2.6e+00	1.5482e+00	6.4e-03
4.9082e+03	2.6e+00	1.5106e+00	5.6e-03
4.9117e+03	2.6e+00	1.5040e+00	4.3e-03
4.9153e+03	2.6e+00	1.4563e+00	1.9e-03
4.9188e+03	2.6e+00	1.4244e+00	7.1e-03
4.9224e+03	2.6e+00	1.4088e+00	5.9e-03
4.9259e+03	2.6e+00	1.4702e+00	6.9e-03
4.9295e+03	2.6e+00	1.5202e+00	8.5e-03
4.9331e+03	2.6e+00	1.4959e+00	7.8e-03
4.9366e+03	2.6e+00	1.4538e+00	7.2e-03
4.9402e+03	2.6e+00	1.4694e+00	7.2e-03
4.9437e+03	2.6e+00	1.5140e+00	3.4e-03
4.9473e+03	2.6e+00	1.5668e+00	5.0e-03
4.9508e+03	2.6e+00	1.5820e+00	8.6e-03
4.9544e+03	2.6e+00	1.5390e+00	6.4e-03
4.9580e+03	2.6e+00	1.5275e+00	7.8e-03
4.9615e+03	2.6e+00	1.5006e+00	7.8e-03
4.9651e+03	2.6e+00	1.4784e+00	9.5e-03
4.9686e+03	2.6e+00	1.4743e+00	5.9e-03
4.9722e+03	2.6e+00	1.4874e+00	7.6e-03
4.9757e+03	2.6e+00	1.4820e+00	7.6e-03
4.9793e+03	2.6e+00	1.4075e+00	7.7e-03
4.9829e+03	2.6e+00	1.3682e+00	6.4e-03
4.9864e+03	2.6e+00	1.3726e+00	5.9e-03
4.9900e+03	2.6e+00	1.3977e+00	6.1e-03
4.9935e+03	2.6e+00	1.4197e+00	7.6e-03
4.9971e+03	2.6e+00	1.3958e+00	9.1e-03
5.0006e+03	2.6e+00	1.3550e+00	1.1e-02
5.0042e+03	2.6e+00	1.3319e+00	1.2e-02
5.0077e+03	2.6e+00	1.3127e+00	1.1e-02
5.0113e+03	2.6e+00	1.2886e+00	7.1e-03
5.0149e+03	2.6e+00	1.2779e+00	7.2e-03
5.0184e+03	2.6e+00	1.2727e+00	6.8e-03
5.0220e+03	2.6e+00	1.2947e+00	9.6e-03
5.0255e+03	2.6e+00	1.3168e+00	9.1e-03
5.0291e+03	2.6e+00	1.3643e+00	1.0e-02
5.0326e+03	2.6e+00	1.3753e+00	9.7e-03
5.0362e+03	2.6e+00	1.3019e+00	1.0e-02
5.0397e+03	2.6e+00	1.2388e+00	7.8e-03
5.0433e+03	2.6e+00	1.2609e+00	7.9e-03
5.0469e+03	2.6e+00	1.2954e+00	9.9e-03
5.0504e+03	2.6e+00	1.3414e+00	9.9e-03
5.0540e+03	2.6e+00	1.3604e+00	9.2e-03
5.0575e+03	2.6e+00	1.3992e+00	1.2e-02
5.0611e+03	2.6e+00	1.3963e+00	1.3e-02
5.0646e+03	2.6e+00	1.3422e+00	1.4e-02
5.0682e+03	2.6e+00	1.2986e+00	1.2e-02
5.0717e+03	2.6e+00	1.2966e+00	9.2e-03
5.0753e+03	2.6e+00	1.2818e+00	1.2e-02
5.0788e+03	2.6e+00	1.2306e+00	1.2e-02
5.0824e+03	2.6e+00	1.2269e+00	8.8e-03
5.0859e+03	2.6e+00	1.2516e+00	8.3e-03
5.0895e+03	2.6e+00	1.3046e+00	1.2e-02
5.0931e+03	2.6e+00	1.3253e+00	1.7e-02
5.0966e+03	2.6e+00	1.2974e+00	1.4e-02
5.1002e+03	2.6e+00	1.2623e+00	1.6e-02
5.1037e+03	2.6e+00	1.2327e+00	1.3e-02
5.1073e+03	2.6e+00	1.2249e+00	1.1e-02
5.1108e+03	2.6e+00	1.2264e+00	1.0e-02
5.1144e+03	2.6e+00	1.2617e+00	1.3e-02
5.1179e+03	2.6e+00	1.2783e+00	1.7e-02
5.1215e+03	2.6e+00	1.2319e+00	1.5e-02
5.1250e+03	2.6e+00	1.1731e+00	1.2e-02
5.1286e+03	2.6e+00	1.1455e+00	1.2e-02
5.1321e+03	2.6e+00	1.1675e+00	1.4e-02
5.1357e+03	2.6e+00	1.2009e+00	1.6e-02
5.1392e+03	2.6e+00	1.1931e+00	1.6e-02
5.1428e+03	2.6e+00	1.1427e+00	1.3e-02
5.1463e+03	2.6e+00	1.1209e+00	1.1e-02
5.1499e+03	2.6e+00	1.1090e+00	1.1e-02
5.1534e+03	2.6e+00	1.1298e+00	1.2e-02
5.1570e+03	2.6e+00	1.1740e+00	1.2e-02
5.1605e+03	2.6e+00	1.1861e+00	1.2e-02
5.1641e+03	2.6e+00	1.1105e+00	1.4e-02
5.1676e+03	2.6e+00	9.8683e-01	1.8e-02
5.1712e+03	2.6e+00	8.9326e-01	1.0e-02
5.1747e+03	2.6e+00	9.5134e-01	8.3e-03
5.1783e+03	2.6e+00	1.0058e+00	1.3e-02
5.1818e+03	2.6e+00	9.9653e-01	1.1e-02
5.1854e+03	2.6e+00	1.0362e+00	1.1e-02
5.1889e+03	2.6e+00	1.0679e+00	1.2e-02
5.1925e+03	2.6e+00	1.1312e+00	1.4e-02
5.1960e+03	2.6e+00	1.1727e+00	1.4e-02
5.1996e+03	2.6e+00	1.1811e+00	1.5e-02
5.2031e+03	2.6e+00	1.1663e+00	1.6e-02
5.2067e+03	2.6e+00	1.1007e+00	1.5e-02
5.2102e+03	2.6e+00	1.0904e+00	1.4e-02
5.2137e+03	2.6e+00	1.1327e+00	1.3e-02
5.2173e+03	2.6e+00	1.2119e+00	1.2e-02
5.2208e+03	2.6e+00	1.2179e+00	1.4e-02
5.2244e+03	2.6e+00	1.1621e+00	1.5e-02
5.2279e+03	2.6e+00	1.1663e+00	1.5e-02
5.2315e+03	2.6e+00	1.1714e+00	1.4e-02
5.2350e+03	2.6e+00	1.2180e+00	1.6e-02
5.2386e+03	2.6e+00	1.2504e+00	1.8e-02
5.2421e+03	2.6e+00	1.2618e+00	1.9e-02
5.2456e+03	2.6e+00	1.2299e+00	1.9e-02
5.2492e+03	2.6e+00	1.1771e+00	1.9e-02
5.2527e+03	2.6e+00	1.1436e+00	1.8e-02
5.2563e+03	2.6e+00	1.1686e+00	1.8e-02
5.2598e+03	2.6e+00	1.1793e+00	1.9e-02
5.2634e+03	2.6e+00	1.1332e+00	1.9e-02
5.2669e+03	2.6e+00	1.0451e+00	1.6e-02
5.2705e+03	2.6e+00	1.0208e+00	1.4e-02
5.2740e+03	2.6e+00	1.0790e+00	1.3e-02
5.2775e+03	2.6e+00	1.1685e+00	1.5e-02
5.2811e+03	2.6e+00	1.2006e+00	1.8e-02
5.2846e+03	2.6e+00	1.2160e+00	2.0e-02
5.2882e+03	2.6e+00	1.2420e+00	1.5e-02
5.2917e+03	2.6e+00	1.2710e+00	1.7e-02
5.2952e+03	2.6e+00	1.2268e+00	2.0e-02
5.2988e+03	2.6e+00	1.1732e+00	1.9e-02
5.3023e+03	2.6e+00	1.1800e+00	1.5e-02
5.3059e+03	2.6e+00	1.2240e+00	1.7e-02
5.3094e+03	2.6e+00	1.2816e+00	1.9e-02
5.3129e+03	2.6e+00	1.2891e+00	2.0e-02
5.3165e+03	2.6e+00	1.2714e+00	2.1e-02
5.3200e+03	2.6e+00	1.2520e+00	2.1e-02
5.3235e+03	2.6e+00	1.2080e+00	2.2e-02
5.3271e+03	2.6e+00	1.1407e+00	1.9e-02
5.3306e+03	2.6e+00	1.1187e+00	1.6e-02
5.3342e+03	2.6e+00	1.1429e+00	1.6e-02
5.3377e+03	2.6e+00	1.1762e+00	1.8e-02
5.3412e+03	2.6e+00	1.1991e+00	2.0e-02
5.3448e+03	2.6e+00	1.1858e+00	2.1e-02
5.3483e+03	2.6e+00	1.1845e+00	2.1e-02
5.3518e+03	2.6e+00	1.2118e+00	1.7e-02
5.3554e+03	2.6e+00	1.2478e+00	1.8e-02
5.3589e+03	2.6e+00	1.2669e+00	1.9e-02
5.3624e+03	2.6e+00	1.2640e+00	2.0e-02
5.3660e+03	2.6e+00	1.2313e+00	2.1e-02
5.3695e+03	2.6e+00	1.1750e+00	2.0e-02
5.3730e+03	2.6e+00	1.1723e+00	2.1e-02
5.3766e+03	2.6e+00	1.1952e+00	1.9e-02
5.3801e+03	2.6e+00	1.2139e+00	2.1e-02
5.3836e+03	2.6e+00	1.2247e+00	2.1e-02
5.3872e+03	2.6e+00	1.1977e+00	2.1e-02
5.3907e+03	2.6e+00	1.1715e+00	1.9e-02
5.3942e+03	2.6e+00	1.1318e+00	1.9e-02
5.3978e+03	2.6e+00	1.1011e+00	1.8e-02
5.4013e+03	2.6e+00	1.0937e+00	1.9e-02
5.4048e+03	2.6e+00	1.0882e+00	2.0e-02
5.4084e+03	2.6e+00	1.0861e+00	1.8e-02
5.4119e+03	2.6e+00	1.0975e+00	1.7e-02
5.4154e+03	2.6e+00	1.1375e+00	2.0e-02
5.4189e+03	2.6e+00	1.1820e+00	2.1e-02
5.4225e+03	2.6e+00	1.1824e+00	2.1e-02
5.4260e+03	2.6e+00	1.1603e+00	2.2e-02
5.4295e+03	2.6e+00	1.1357e+00	2.1e-02
5.4331e+03	2.6e+00	1.1061e+00	2.0e-02
5.4366e+03	2.6e+00	1.0956e+00	2.1e-02
5.4401e+03	2.6e+00	1.1328e+00	2.0e-02
5.4436e+03	2.6e+00	1.1597e+00	2.0e-02
5.4472e+03	2.6e+00	1.1607e+00	2.2e-02
5.4507e+03	2.6e+00	1.1585e+00	2.6e-02
5.4542e+03	2.6e+00	1.1341e+00	2.2e-02
5.4577e+03	2.6e+00	1.1478e+00	2.2e-02
5.4613e+03	2.6e+00	1.1451e+00	2.3e-02
5.4648e+03	2.6e+00	1.1509e+00	2.2e-02
5.4683e+03	2.6e+00	1.1459e+00	2.3e-02
5.4718e+03	2.6e+00	1.1256e+00	2.3e-02
5.4754e+03	2.6e+00	1.1057e+00	1.9e-02
5.4789e+03	2.6e+00	1.0802e+00	2.1e-02
5.4824e+03	2.6e+00	1.0752e+00	2.1e-02
5.4859e+03	2.6e+00	1.0969e+00	2.1e-02
5.4894e+03	2.6e+00	1.1069e+00	2.2e-02
5.4930e+03	2.6e+00	1.1186e+00	2.3e-02
5.4965e+03	2.6e+00	1.1290e+00	2.1e-02
5.5000e+03	2.6e+00	1.1364e+00	2.1e-02
5.5035e+03	2.6e+00	1.1293e+00	2.5e-02
5.5070e+03	2.6e+00	1.1158e+00	2.3e-02
5.5106e+03	2.6e+00	1.0965e+00	1.9e-02
5.5141e+03	2.6e+00	1.0791e+00	2.1e-02
5.5176e+03	2.6e+00	1.0917e+00	2.0e-02
5.5211e+03	2.6e+00	1.1216e+00	2.1e-02
5.5246e+03	2.6e+00	1.1424e+00	2.3e-02
5.5281e+03	2.6e+00	1.1238e+00	2.3e-02
5.5317e+03	2.6e+00	1.1040e+00	2.5e-02
5.5352e+03	2.6e+00	1.1008e+00	2.3e-02
5.5387e+03	2.6e+00	1.1155e+00	2.3e-02
5.5422e+03	2.6e+00	1.1324e+00	2.4e-02
5.5457e+03	2.6e+00	1.1356e+00	2.0e-02
5.5492e+03	2.6e+00	1.1452e+00	2.4e-02
5.5527e+03	2.6e+00	1.1445e+00	2.8e-02
5.5563e+03	2.6e+00	1.1424e+00	2.6e-02
5.5598e+03	2.6e+00	1.1379e+00	2.6e-02
5.5633e+03	2.6e+00	1.1128e+00	2.4e-02
5.5668e+03	2.6e+00	1.0994e+00	2.6e-02
5.5703e+03	2.6e+00	1.0847e+00	2.6e-02
5.5738e+03	2.6e+00	1.0850e+00	2.4e-02
5.5773e+03	2.6e+00	1.0994e+00	2.4e-02
5.5808e+03	2.6e+00	1.1068e+00	2.2e-02
5.5843e+03	2.6e+00	1.0922e+00	2.5e-02
5.5879e+03	2.6e+00	1.0584e+00	2.5e-02
5.5914e+03	2.6e+00	1.0227e+00	2.2e-02
5.5949e+03	2.6e+00	1.0227e+00	2.2e-02
5.5984e+03	2.6e+00	1.0464e+00	2.3e-02
5.6019e+03	2.6e+00	1.0515e+00	2.3e-02
5.6054e+03	2.6e+00	1.0614e+00	2.3e-02
5.6089e+03	2.6e+00	1.0910e+00	2.2e-02
5.6124e+03	2.6e+00	1.1184e+00	2.5e-02
5.6159e+03	2.6e+00	1.1086e+00	2.6e-02
5.6194e+03	2.6e+00	1.0872e+00	2.6e-02
5.6229e+03	2.6e+00	1.0623e+00	2.6e-02
5.6264e+03	2.6e+00	1.0525e+00	2.5e-02
5.6299e+03	2.6e+00	1.0714e+00	2.4e-02
5.6334e+03	2.6e+00	1.0830e+00	2.5e-02
5.6369e+03	2.6e+00	1.0906e+00	2.8e-02
5.6404e+03	2.6e+00	1.0749e+00	2.5e-02
5.6439e+03	2.6e+00	1.0551e+00	2.5e-02
5.6474e+03	2.6e+00	1.0562e+00	2.4e-02
5.6509e+03	2.6e+00	1.0682e+00	2.5e-02
5.6544e+03	2.6e+00	1.0756e+00	2.9e-02
5.6579e+03	2.6e+00	1.0457e+00	2.9e-02
5.6614e+03	2.6e+00	1.0207e+00	2.8e-02
5.6649e+03	2.6e+00	1.0177e+00	2.5e-02
5.6684e+03	2.6e+00	1.0290e+00	2.4e-02
5.6719e+03	2.6e+00	1.0517e+00	2.7e-02
5.6754e+03	2.6e+00	1.0646e+00	2.8e-02
5.6789e+03	2.6e+00	1.0824e+00	2.6e-02
5.6824e+03	2.6e+00	1.0861e+00	2.8e-02
5.6859e+03	2.6e+00	1.0564e+00	2.7e-02
5.6894e+03	2.6e+00	1.0380e+00	2.4e-02
5.6929e+03	2.6e+00	1.0467e+00	2.4e-02
5.6964e+03	2.6e+00	1.0526e+00	2.7e-02
5.6999e+03	2.6e+00	1.0405e+00	2.7e-02
5.7034e+03	2.6e+00	1.0186e+00	2.5e-02
5.7069e+03	2.6e+00	9.8970e-01	2.4e-02
5.7103e+03	2.6e+00	9.6213e-01	2.2e-02
5.7138e+03	2.6e+00	9.6478e-01	2.1e-02
5.7173e+03	2.6e+00	9.9257e-01	2.3e-02
5.7208e+03	2.6e+00	1.0294e+00	2.6e-02
5.7243e+03	2.6e+00	1.0631e+00	2.6e-02
5.7278e+03	2.6e+00	1.0653e+00	2.8e-02
5.7313e+03	2.6e+00	1.0502e+00	2.6e-02
5.7348e+03	2.6e+00	1.0442e+00	2.4e-02
5.7383e+03	2.6e+00	1.0429e+00	2.6e-02
5.7417e+03	2.6e+00	1.0433e+00	2.5e-02
5.7452e+03	2.6e+00	1.0505e+00	2.5e-02
5.7487e+03	2.6e+00	1.0467e+00	2.6e-02
5.7522e+03	2.6e+00	1.0308e+00	2.6e-02
5.7557e+03	2.6e+00	1.0266e+00	2.5e-02
5.7592e+03	2.6e+00	1.0309e+00	2.7e-02
5.7626e+03	2.6e+00	1.0283e+00	2.7e-02
5.7661e+03	2.6e+00	1.0389e+00	2.7e-02
5.7696e+03	2.6e+00	1.0525e+00	2.8e-02
5.7731e+03	2.6e+00	1.0604e+00	2.7e-02
5.7766e+03	2.6e+00	1.0604e+00	2.6e-02
5.7800e+03	2.6e+00	1.0304e+00	2.4e-02
5.7835e+03	2.6e+00	9.9123e-01	2.5e-02
5.7870e+03	2.6e+00	9.7209e-01	2.5e-02
5.7905e+03	2.6e+00	9.7419e-01	2.4e-02
5.7940e+03	2.6e+00	1.0027e+00	2.6e-02
5.7974e+03	2.6e+00	1.0253e+00	2.7e-02
5.8009e+03	2.6e+00	1.0405e+00	2.6e-02
5.8044e+03	2.6e+00	1.0458e+00	2.7e-02
5.8079e+03	2.6e+00	1.0422e+00	2.7e-02
5.8113e+03	2.6e+00	1.0437e+00	2.6e-02
5.8148e+03	2.6e+00	1.0365e+00	2.6e-02
5.8183e+03	2.6e+00	1.0506e+00	2.6e-02
5.8218e+03	2.6e+00	1.0672e+00	2.7e-02
5.8252e+03	2.6e+00	1.0726e+00	2.4e-02
5.8287e+03	2.6e+00	1.0786e+00	2.7e-02
5.8322e+03	2.6e+00	1.0746e+00	2.8e-02
5.8356e+03	2.6e+00	1.0683e+00	2.8e-02
5.8391e+03	2.6e+00	1.0605e+00	2.7e-02
5.8426e+03	2.6e+00	1.0644e+00	2.6e-02
5.8460e+03	2.6e+00	1.0625e+00	2.7e-02
5.8495e+03	2.6e+00	1.0597e+00	2.9e-02
5.8530e+03	2.6e+00	1.0470e+00	2.6e-02
5.8564e+03	2.6e+00	1.0239e+00	2.5e-02
5.8599e+03	2.6e+00	1.0077e+00	2.5e-02
5.8634e+03	2.6e+00	1.0139e+00	2.7e-02
5.8668e+03	2.6e+00	1.0277e+00	2.6e-02
5.8703e+03	2.6e+00	1.0456e+00	2.6e-02
5.8738e+03	2.6e+00	1.0541e+00	2.8e-02
5.8772e+03	2.6e+00	1.0559e+00	2.6e-02
5.8807e+03	2.6e+00	1.0407e+00	2.9e-02
5.8841e+03	2.6e+00	1.0305e+00	2.6e-02
5.8876e+03	2.6e+00	9.9751e-01	2.5e-02
5.8911e+03	2.6e+00	9.4108e-01	2.7e-02
5.8945e+03	2.6e+00	9.0116e-01	2.4e-02
5.8980e+03	2.6e+00	8.8197e-01	2.2e-02
5.9014e+03	2.6e+00	9.2230e-01	2.2e-02
5.9049e+03	2.6e+00	9.7542e-01	2.5e-02
5.9084e+03	2.6e+00	1.0075e+00	2.8e-02
5.9118e+03	2.6e+00	1.0192e+00	2.8e-02
5.9153e+03	2.6e+00	1.0087e+00	2.5e-02
5.9187e+03	2.6e+00	9.9860e-01	2.4e-02
5.9222e+03	2.6e+00	9.9446e-01	2.6e-02
5.9256e+03	2.6e+00	1.0062e+00	2.6e-02
5.9291e+03	2.6e+00	1.0182e+00	2.6e-02
5.9325e+03	2.6e+00	1.0176e+00	2.7e-02
5.9360e+03	2.6e+00	1.0144e+00	2.7e-02
5.9394e+03	2.6e+00	1.0066e+00	2.6e-02
5.9429e+03	2.6e+00	9.9664e-01	2.5e-02
5.9463e+03	2.6e+00	9.9488e-01	2.5e-02
5.9498e+03	2.6e+00	9.9538e-01	2.6e-02
5.9532e+03	2.6e+00	9.9151e-01	2.5e-02
5.9567e+03	2.6e+00	9.9087e-01	2.5e-02
5.9601e+03	2.6e+00	9.9456e-01	2.5e-02
5.9636e+03	2.6e+00	1.0038e+00	2.6e-02
5.9670e+03	2.6e+00	1.0138e+00	2.5e-02
5.9705e+03	2.6e+00	1.0231e+00	2.7e-02
5.9739e+03	2.6e+00	1.0209e+00	2.7e-02
5.9773e+03	2.6e+00	1.0139e+00	2.6e-02
5.9808e+03	2.6e+00	1.0058e+00	2.6e-02
5.9842e+03	2.6e+00	9.8848e-01	2.6e-02
5.9877e+03	2.6e+00	9.8190e-01	2.4e-02
5.9911e+03	2.6e+00	9.8446e-01	2.4e-02
5.9945e+03	2.6e+00	9.9115e-01	2.5e-02
5.9980e+03	2.6e+00	9.9622e-01	2.5e-02
6.0014e+03	2.6e+00	9.9004e-01	2.5e-02
6.0049e+03	2.6e+00	9.8305e-01	2.6e-02
6.0083e+03	2.6e+00	9.7460e-01	2.5e-02
6.0117e+03	2.6e+00	9.7439e-01	2.4e-02
6.0152e+03	2.6e+00	9.7126e-01	2.3e-02
6.0186e+03	2.6e+00	9.6778e-01	2.6e-02
6.0220e+03	2.6e+00	9.6838e-01	2.6e-02
6.0255e+03	2.6e+00	9.6950e-01	2.2e-02
6.0289e+03	2.6e+00	9.7652e-01	2.1e-02
6.0323e+03	2.6e+00	9.9133e-01	2.5e-02
6.0358e+03	2.6e+00	1.0065e+00	2.5e-02
6.0392e+03	2.6e+00	1.0110e+00	2.4e-02
6.0426e+03	2.6e+00	1.0117e+00	2.5e-02
6.0460e+03	2.6e+00	1.0098e+00	2.5e-02
6.0495e+03	2.6e+00	1.0093e+00	2.4e-02
6.0529e+03	2.6e+00	1.0106e+00	2.7e-02
6.0563e+03	2.6e+00	9.9449e-01	2.8e-02
6.0598e+03	2.6e+00	9.9012e-01	2.4e-02
6.0632e+03	2.6e+00	9.7853e-01	2.4e-02
6.0666e+03	2.6e+00	9.7322e-01	2.4e-02
6.0700e+03	2.6e+00	9.7933e-01	2.2e-02
6.0734e+03	2.6e+00	9.9385e-01	2.4e-02
6.0769e+03	2.6e+00	1.0049e+00	2.5e-02
6.0803e+03	2.6e+00	9.8339e-01	2.6e-02
6.0837e+03	2.6e+00	9.5985e-01	2.6e-02
6.0871e+03	2.6e+00	9.5445e-01	2.6e-02
6.0906e+03	2.6e+00	9.4506e-01	2.6e-02
6.0940e+03	2.6e+00	9.4424e-01	2.4e-02
6.0974e+03	2.6e+00	9.5320e-01	2.4e-02
6.1008e+03	2.6e+00	9.5495e-01	2.4e-02
6.1042e+03	2.6e+00	9.5665e-01	2.5e-02
6.1076e+03	2.6e+00	9.4798e-01	2.5e-02
6.1110e+03	2.6e+00	9.4911e-01	2.3e-02
6.1145e+03	2.6e+00	9.6242e-01	2.4e-02
6.1179e+03	2.6e+00	9.5924e-01	2.6e-02
6.1213e+03	2.6e+00	9.4580e-01	2.3e-02
6.1247e+03	2.6e+00	9.3273e-01	2.3e-02
6.1281e+03	2.6e+00	9.2204e-01	2.3e-02
6.1315e+03	2.6e+00	9.3924e-01	2.4e-02
6.1349e+03	2.6e+00	9.2638e-01	2.4e-02
6.1383e+03	2.6e+00	9.1189e-01	2.4e-02
6.1417e+03	2.6e+00	9.0614e-01	2.2e-02
6.1451e+03	2.6e+00	9.1940e-01	2.3e-02
6.1485e+03	2.6e+00	9.4074e-01	2.3e-02
6.1520e+03	2.6e+00	9.4160e-01	2.3e-02
6.1554e+03	2.6e+00	9.4247e-01	2.4e-02
6.1588e+03	2.6e+00	9.3124e-01	2.1e-02
6.1622e+03	2.6e+00	9.0385e-01	2.2e-02
6.1656e+03	2.6e+00	8.9095e-01	2.3e-02
6.1690e+03	2.6e+00	8.8730e-01	2.1e-02
6.1724e+03	2.6e+00	9.0237e-01	2.4e-02
6.1758e+03	2.6e+00	9.2661e-01	2.3e-02
6.1792e+03	2.6e+00	9.3864e-01	2.3e-02
6.1826e+03	2.6e+00	9.5269e-01	2.4e-02
6.1860e+03	2.6e+00	9.5499e-01	2.4e-02
6.1893e+03	2.6e+00	9.3290e-01	2.3e-02
6.1927e+03	2.6e+00	9.2090e-01	2.5e-02
6.1961e+03	2.6e+00	9.2426e-01	2.3e-02
6.1995e+03	2.6e+00	9.3554e-01	2.3e-02
6.2029e+03	2.6e+00	9.4938e-01	2.6e-02
6.2063e+03	2.6e+00	9.5651e-01	2.5e-02
6.2097e+03	2.6e+00	9.5745e-01	2.4e-02
6.2131e+03	2.6e+00	9.3220e-01	2.4e-02
6.2165e+03	2.6e+00	8.9965e-01	2.3e-02
6.2199e+03	2.6e+00	8.8565e-01	2.2e-02
6.2233e+03	2.6e+00	8.9456e-01	2.1e-02
6.2266e+03	2.6e+00	9.0836e-01	2.3e-02
6.2300e+03	2.6e+00	8.9799e-01	2.3e-02
6.2334e+03	2.6e+00	8.9687e-01	2.5e-02
6.2368e+03	2.6e+00	8.9883e-01	2.4e-02
6.2402e+03	2.6e+00	8.9337e-01	2.3e-02
6.2436e+03	2.6e+00	8.7934e-01	2.3e-02
6.2469e+03	2.6e+00	8.7439e-01	2.3e-02
6.2503e+03	2.6e+00	8.7542e-01	2.3e-02
6.2537e+03	2.6e+00	8.6415e-01	2.4e-02
6.2571e+03	2.6e+00	8.3843e-01	2.1e-02
6.2605e+03	2.6e+00	8.2956e-01	2.2e-02
6.2638e+03	2.6e+00	8.5557e-01	2.2e-02
6.2672e+03	2.6e+00	8.8266e-01	2.2e-02
6.2706e+03	2.6e+00	8.9203e-01	2.3e-02
6.2740e+03	2.6e+00	8.9346e-01	2.4e-02
6.2773e+03	2.6e+00	8.8532e-01	2.5e-02
6.2807e+03	2.6e+00	8.6662e-01	2.3e-02
6.2841e+03	2.6e+00	8.7185e-01	2.2e-02
6.2875e+03	2.6e+00	8.9615e-01	2.2e-02
6.2908e+03	2.6e+00	9.0621e-01	2.2e-02
6.2942e+03	2.6e+00	8.8619e-01	2.1e-02
6.2976e+03	2.6e+00	8.6651e-01	2.2e-02
6.3009e+03	2.6e+00	8.5885e-01	2.2e-02
6.3043e+03	2.6e+00	8.6807e-01	2.3e-02
6.3077e+03	2.6e+00	8.8178e-01	2.2e-02
6.3110e+03	2.6e+00	8.8750e-01	2.3e-02
6.3144e+03	2.6e+00	8.7543e-01	2.2e-02
6.3178e+03	2.6e+00	8.6529e-01	2.1e-02
6.3211e+03	2.6e+00	8.7245e-01	2.1e-02
6.3245e+03	2.5e+00	8.8608e-01	2.1e-02
6.3278e+03	2.5e+00	9.0400e-01	2.1e-02
6.3312e+03	2.5e+00	9.0544e-01	2.2e-02
6.3346e+03	2.5e+00	9.0111e-01	2.2e-02
6.3379e+03	2.5e+00	9.0010e-01	2.2e-02
6.3413e+03	2.5e+00	8.9298e-01	2.1e-02
6.3446e+03	2.5e+00	9.0433e-01	2.2e-02
6.3480e+03	2.5e+00	9.1886e-01	2.4e-02
6.3513e+03	2.5e+00	9.1998e-01	2.2e-02
6.3547e+03	2.5e+00	9.1372e-01	2.3e-02
6.3580e+03	2.5e+00	8.9432e-01	2.2e-02
6.3614e+03	2.5e+00	8.7664e-01	2.1e-02
6.3647e+03	2.5e+00	8.8134e-01	2.3e-02
6.3681e+03	2.5e+00	9.0486e-01	2.3e-02
6.3714e+03	2.5e+00	9.3009e-01	2.2e-02
6.3748e+03	2.5e+00	9.3921e-01	2.2e-02
6.3781e+03	2.5e+00	9.3099e-01	2.2e-02
6.3815e+03	2.5e+00	9.2781e-01	2.4e-02
6.3848e+03	2.5e+00	9.3463e-01	2.5e-02
6.3882e+03	2.5e+00	9.3294e-01	2.3e-02
6.3915e+03	2.5e+00	9.2350e-01	2.3e-02
6.3949e+03	2.5e+00	9.0358e-01	2.1e-02
6.3982e+03	2.5e+00	8.9752e-01	2.2e-02
6.4015e+03	2.5e+00	9.0913e-01	2.2e-02
6.4049e+03	2.5e+00	9.0943e-01	2.3e-02
6.4082e+03	2.5e+00	9.1279e-01	2.2e-02
6.4116e+03	2.5e+00	9.0988e-01	2.1e-02
6.4149e+03	2.5e+00	9.0449e-01	2.2e-02
6.4182e+03	2.5e+00	9.0398e-01	2.3e-02
6.4216e+03	2.5e+00	9.1060e-01	2.3e-02
6.4249e+03	2.5e+00	9.1115e-01	2.3e-02
6.4282e+03	2.5e+00	9.0987e-01	2.3e-02
6.4316e+03	2.5e+00	9.0957e-01	2.2e-02
6.4349e+03	2.5e+00	9.0482e-01	2.3e-02
6.4382e+03	2.5e+00	9.0743e-01	2.3e-02
6.4416e+03	2.5e+00	9.2012e-01	2.2e-02
6.4449e+03	2.5e+00	9.1229e-01	2.2e-02
6.4482e+03	2.5e+00	8.9533e-01	2.1e-02
6.4515e+03	2.5e+00	8.8318e-01	2.0e-02
6.4549e+03	2.5e+00	8.9538e-01	2.2e-02
6.4582e+03	2.5e+00	9.0271e-01	2.1e-02
6.4615e+03	2.5e+00	8.9816e-01	2.0e-02
6.4648e+03	2.5e+00	8.9660e-01	2.1e-02
6.4681e+03	2.5e+00	8.9910e-01	2.1e-02
6.4715e+03	2.5e+00	9.0509e-01	2.0e-02
6.4748e+03	2.5e+00	9.0311e-01	2.0e-02
6.4781e+03	2.5e+00	9.0248e-01	1.9e-02
6.4814e+03	2.5e+00	8.9906e-01	1.9e-02
6.4847e+03	2.5e+00	9.0038e-01	2.1e-02
6.4881e+03	2.5e+00	8.8854e-01	2.1e-02
6.4914e+03	2.5e+00	8.5208e-01	2.0e-02
6.4947e+03	2.5e+00	8.2145e-01	1.8e-02
6.4980e+03	2.5e+00	8.3581e-01	1.8e-02
6.5013e+03	2.5e+00	8.7414e-01	2.0e-02
6.5046e+03	2.5e+00	9.0291e-01	1.9e-02
6.5079e+03	2.5e+00	9.0837e-01	1.9e-02
6.5112e+03	2.5e+00	9.0096e-01	1.9e-02
6.5145e+03	2.5e+00	9.0142e-01	1.9e-02
6.5179e+03	2.5e+00	9.0024e-01	1.9e-02
6.5212e+03	2.5e+00	9.0471e-01	1.9e-02
6.5245e+03	2.5e+00	9.0941e-01	1.9e-02
6.5278e+03	2.5e+00	9.0230e-01	1.8e-02
6.5311e+03	2.5e+00	8.9547e-01	1.8e-02
6.5344e+03	2.5e+00	9.0422e-01	1.9e-02
6.5377e+03	2.5e+00	9.0979e-01	2.0e-02
6.5410e+03	2.5e+00	8.9640e-01	1.8e-02
6.5443e+03	2.5e+00	8.8191e-01	1.7e-02
6.5476e+03	2.5e+00	8.7369e-01	1.9e-02
6.5509e+03	2.5e+00	8.7119e-01	1.8e-02
6.5542e+03	2.5e+00	8.4249e-01	1.9e-02
6.5575e+03	2.5e+00	7.9944e-01	1.7e-02
6.5607e+03	2.5e+00	7.8549e-01	1.6e-02
6.5640e+03	2.5e+00	8.1876e-01	1.8e-02
6.5673e+03	2.5e+00	8.5494e-01	1.8e-02
6.5706e+03	2.5e+00	8.5824e-01	1.7e-02
6.5739e+03	2.5e+00	8.6802e-01	1.9e-02
6.5772e+03	2.5e+00	8.8227e-01	2.1e-02
6.5805e+03	2.5e+00	8.8775e-01	2.1e-02
6.5838e+03	2.5e+00	8.8947e-01	2.1e-02
6.5871e+03	2.5e+00	8.8304e-01	2.0e-02
6.5903e+03	2.5e+00	8.6793e-01	1.8e-02
6.5936e+03	2.5e+00	8.6851e-01	1.7e-02
6.5969e+03	2.5e+00	8.8035e-01	2.0e-02
6.6002e+03	2.5e+00	8.7273e-01	1.8e-02
6.6035e+03	2.5e+00	8.6574e-01	1.7e-02
6.6067e+03	2.5e+00	8.7070e-01	1.6e-02
6.6100e+03	2.5e+00	8.8662e-01	1.8e-02
6.6133e+03	2.5e+00	8.9727e-01	1.9e-02
6.6166e+03	2.5e+00	8.9177e-01	1.7e-02
6.6199e+03	2.5e+00	8.8488e-01	1.7e-02
6.6231e+03	2.5e+00	8.7660e-01	1.8e-02
6.6264e+03	2.5e+00	8.7191e-01	1.7e-02
6.6297e+03	2.5e+00	8.7252e-01	1.8e-02
6.6329e+03	2.5e+00	8.7650e-01	1.7e-02
6.6362e+03	2.5e+00	8.7960e-01	1.5e-02
6.6395e+03	2.5e+00	8.7520e-01	1.7e-02
6.6427e+03	2.5e+00	8.7947e-01	1.7e-02
6.6460e+03	2.5e+00	8.8996e-01	1.7e-02
6.6493e+03	2.5e+00	8.9702e-01	1.6e-02
6.6525e+03	2.5e+00	8.9387e-01	1.6e-02
6.6558e+03	2.5e+00	8.7762e-01	1.8e-02
6.6591e+03	2.5e+00	8.7175e-01	1.7e-02
6.6623e+03	2.5e+00	8.7617e-01	1.6e-02
6.6656e+03	2.5e+00	8.8319e-01	1.8e-02
6.6688e+03	2.5e+00	8.7982e-01	1.7e-02
6.6721e+03	2.5e+00	8.7010e-01	1.7e-02
6.6754e+03	2.5e+00	8.7185e-01	1.7e-02
6.6786e+03	2.5e+00	8.8383e-01	1.7e-02
6.6819e+03	2.5e+00	8.9652e-01	1.7e-02
6.6851e+03	2.5e+00	8.9231e-01	1.6e-02
6.6884e+03	2.5e+00	8.8204e-01	1.7e-02
6.6916e+03	2.5e+00	8.7441e-01	1.8e-02
6.6949e+03	2.5e+00	8.7111e-01	1.8e-02
6.6981e+03	2.5e+00	8.7300e-01	1.6e-02
6.7014e+03	2.5e+00	8.7481e-01	1.7e-02
6.7046e+03	2.5e+00	8.6558e-01	1.8e-02
6.7079e+03	2.5e+00	8.5764e-01	1.5e-02
6.7111e+03	2.5e+00	8.6104e-01	1.5e-02
6.7144e+03	2.5e+00	8.6823e-01	1.5e-02
6.7176e+03	2.5e+00	8.7759e-01	1.6e-02
6.7208e+03	2.5e+00	8.8267e-01	1.6e-02
6.7241e+03	2.5e+00	8.8101e-01	1.6e-02
6.7273e+03	2.5e+00	8.7454e-01	1.6e-02
6.7306e+03	2.5e+00	8.6434e-01	1.6e-02
6.7338e+03	2.5e+00	8.5655e-01	1.6e-02
6.7370e+03	2.5e+00	8.5539e-01	1.6e-02
6.7403e+03	2.5e+00	8.5364e-01	1.6e-02
6.7435e+03	2.5e+00	8.5411e-01	1.5e-02
6.7467e+03	2.5e+00	8.6015e-01	1.5e-02
6.7500e+03	2.5e+00	8.6847e-01	1.4e-02
6.7532e+03	2.5e+00	8.7553e-01	1.6e-02
6.7564e+03	2.5e+00	8.6133e-01	1.5e-02
6.7597e+03	2.5e+00	8.4537e-01	1.3e-02
6.7629e+03	2.5e+00	8.5101e-01	1.5e-02
6.7661e+03	2.5e+00	8.6364e-01	1.3e-02
6.7693e+03	2.5e+00	8.7337e-01	1.5e-02
6.7726e+03	2.5e+00	8.6554e-01	1.5e-02
6.7758e+03	2.5e+00	8.5735e-01	1.1e-02
6.7790e+03	2.5e+00	8.6109e-01	1.3e-02
6.7822e+03	2.5e+00	8.6337e-01	1.4e-02
6.7854e+03	2.5e+00	8.6088e-01	1.4e-02
6.7887e+03	2.5e+00	8.6118e-01	1.4e-02
6.7919e+03	2.5e+00	8.6244e-01	1.3e-02
6.7951e+03	2.5e+00	8.5634e-01	1.2e-02
6.7983e+03	2.5e+00	8.4937e-01	1.3e-02
6.8015e+03	2.5e+00	8.4946e-01	1.3e-02
6.8047e+03	2.5e+00	8.5012e-01	1.3e-02
6.8079e+03	2.5e+00	8.4915e-01	1.2e-02
6.8112e+03	2.5e+00	8.5318e-01	1.2e-02
6.8144e+03	2.5e+00	8.5970e-01	1.3e-02
6.8176e+03	2.5e+00	8.5655e-01	1.2e-02
6.8208e+03	2.5e+00	8.5151e-01	1.1e-02
6.8240e+03	2.5e+00	8.5269e-01	1.3e-02
6.8272e+03	2.5e+00	8.3617e-01	1.2e-02
6.8304e+03	2.5e+00	8.2078e-01	9.8e-03
6.8336e+03	2.5e+00	8.2266e-01	1.2e-02
6.8368e+03	2.5e+00	8.3659e-01	1.2e-02
6.8400e+03	2.5e+00	8.4171e-01	1.1e-02
6.8432e+03	2.5e+00	8.2777e-01	1.3e-02
6.8464e+03	2.5e+00	8.1410e-01	1.2e-02
6.8496e+03	2.5e+00	8.0846e-01	8.8e-03
6.8528e+03	2.5e+00	7.5948e-01	8.3e-03
6.8560e+03	2.5e+00	6.5514e-01	8.1e-03
6.8592e+03	2.5e+00	5.8681e-01	7.1e-03
6.8624e+03	2.5e+00	5.8837e-01	8.0e-03
6.8656e+03	2.5e+00	6.5022e-01	9.2e-03
6.8687e+03	2.5e+00	7.0947e-01	1.1e-02
6.8719e+03	2.5e+00	7.2866e-01	9.4e-03
6.8751e+03	2.5e+00	7.2218e-01	7.2e-03
6.8783e+03	2.5e+00	7.1374e-01	7.5e-03
6.8815e+03	2.5e+00	7.1586e-01	7.6e-03
6.8847e+03	2.5e+00	7.2614e-01	7.9e-03
6.8879e+03	2.5e+00	7.3663e-01	8.7e-03
6.8910e+03	2.5e+00	7.4700e-01	1.1e-02
6.8942e+03	2.5e+00	7.5951e-01	1.0e-02
6.8974e+03	2.5e+00	7.6207e-01	9.6e-03
6.9006e+03	2.5e+00	7.6119e-01	9.7e-03
6.9037e+03	2.5e+00	7.7025e-01	9.6e-03
6.9069e+03	2.5e+00	7.8055e-01	9.6e-03
6.9101e+03	2.5e+00	7.8625e-01	9.0e-03
6.9133e+03	2.5e+00	7.8596e-01	8.5e-03
6.9164e+03	2.5e+00	7.8439e-01	8.2e-03
6.9196e+03	2.5e+00	7.8357e-01	6.7e-03
6.9228e+03	2.5e+00	7.8604e-01	7.0e-03
6.9259e+03	2.5e+00	7.8471e-01	7.0e-03
6.9291e+03	2.5e+00	7.7545e-01	8.0e-03
6.9323e+03	2.5e+00	7.7325e-01	8.2e-03
6.9354e+03	2.5e+00	7.7690e-01	8.1e-03
6.9386e+03	2.5e+00	7.8246e-01	8.0e-03
6.9418e+03	2.5e+00	7.8858e-01	8.7e-03
6.9449e+03	2.5e+00	7.9226e-01	7.2e-03
6.9481e+03	2.5e+00	7.9870e-01	6.4e-03
6.9512e+03	2.5e+00	8.0275e-01	6.6e-03
6.9544e+03	2.5e+00	8.0155e-01	7.1e-03
6.9576e+03	2.5e+00	7.8642e-01	8.1e-03
6.9607e+03	2.4e+00	7.7026e-01	7.0e-03
6.9639e+03	2.4e+00	7.6627e-01	6.2e-03
6.9670e+03	2.4e+00	7.7033e-01	7.0e-03
6.9702e+03	2.4e+00	7.7868e-01	6.2e-03
6.9733e+03	2.4e+00	7.7373e-01	5.5e-03
6.9765e+03	2.4e+00	7.7330e-01	6.2e-03
6.9796e+03	2.4e+00	7.6966e-01	6.7e-03
6.9828e+03	2.4e+00	7.6329e-01	6.5e-03
6.9859e+03	2.4e+00	7.5925e-01	7.0e-03
6.9891e+03	2.4e+00	7.5512e-01	7.5e-03
6.9922e+03	2.4e+00	7.5639e-01	6.0e-03
6.9953e+03	2.4e+00	7.5058e-01	5.8e-03
6.9985e+03	2.4e+00	7.4370e-01	7.6e-03
7.0016e+03	2.4e+00	7.4273e-01	7.0e-03
7.0048e+03	2.4e+00	7.4313e-01	7.0e-03
7.0079e+03	2.4e+00	7.4837e-01	7.0e-03
7.0110e+03	2.4e+00	7.5356e-01	5.8e-03
7.0142e+03	2.4e+00	7.5984e-01	6.8e-03
7.0173e+03	2.4e+00	7.5717e-01	8.0e-03
7.0204e+03	2.4e+00	7.5842e-01	6.2e-03
7.0236e+03	2.4e+00	7.6793e-01	6.2e-03
7.0267e+03	2.4e+00	7.7076e-01	5.5e-03
7.0298e+03	2.4e+00	7.5697e-01	5.2e-03
7.0329e+03	2.4e+00	7.4934e-01	6.3e-03
7.0361e+03	2.4e+00	7.5073e-01	6.0e-03
7.0392e+03	2.4e+00	7.4809e-01	6.7e-03
7.0423e+03	2.4e+00	7.4734e-01	5.6e-03
7.0454e+03	2.4e+00	7.4269e-01	4.6e-03
7.0485e+03	2.4e+00	7.4847e-01	6.3e-03
7.0517e+03	2.4e+00	7.5745e-01	6.7e-03
7.0548e+03	2.4e+00	7.5639e-01	5.6e-03
7.0579e+03	2.4e+00	7.5588e-01	5.7e-03
7.0610e+03	2.4e+00	7.4067e-01	5.8e-03
7.0641e+03	2.4e+00	7.2856e-01	5.8e-03
7.0672e+03	2.4e+00	7.2917e-01	5.4e-03
7.0704e+03	2.4e+00	7.3149e-01	5.5e-03
7.0735e+03	2.4e+00	7.3683e-01	5.6e-03
7.0766e+03	2.4e+00	7.3414e-01	5.9e-03
7.0797e+03	2.4e+00	7.3436e-01	4.5e-03
7.0828e+03	2.4e+00	7.3031e-01	6.4e-03
7.0859e+03	2.4e+00	7.2359e-01	8.1e-03
7.0890e+03	2.4e+00	7.1946e-01	5.4e-03
7.0921e+03	2.4e+00	7.1736e-01	5.3e-03
7.0952e+03	2.4e+00	7.1828e-01	5.2e-03
7.0983e+03	2.4e+00	7.1623e-01	5.3e-03
7.1014e+03	2.4e+00	7.1574e-01	6.0e-03
7.1045e+03	2.4e+00	7.0911e-01	5.8e-03
7.1076e+03	2.4e+00	7.0254e-01	4.8e-03
7.1107e+03	2.4e+00	7.0827e-01	5.1e-03
7.1138e+03	2.4e+00	7.1205e-01	4.1e-03
7.1169e+03	2.4e+00	7.0871e-01	5.1e-03
7.1200e+03	2.4e+00	7.0438e-01	5.6e-03
7.1230e+03	2.4e+00	6.9572e-01	5.1e-03
7.1261e+03	2.4e+00	6.9914e-01	5.9e-03
7.1292e+03	2.4e+00	7.0127e-01	6.1e-03
7.1323e+03	2.4e+00	6.9927e-01	5.4e-03
7.1354e+03	2.4e+00	6.9143e-01	5.7e-03
7.1385e+03	2.4e+00	6.7991e-01	5.7e-03
7.1416e+03	2.4e+00	6.7076e-01	5.4e-03
7.1446e+03	2.4e+00	6.5802e-01	5.1e-03
7.1477e+03	2.4e+00	6.4842e-01	5.7e-03
7.1508e+03	2.4e+00	6.3336e-01	5.4e-03
7.1539e+03	2.4e+00	6.2413e-01	5.3e-03
7.1569e+03	2.4e+00	6.0908e-01	4.1e-03
7.1600e+03	2.4e+00	5.9056e-01	3.6e-03
7.1631e+03	2.4e+00	5.8922e-01	4.6e-03
7.1662e+03	2.4e+00	5.8950e-01	3.4e-03
7.1692e+03	2.4e+00	5.9704e-01	3.5e-03
7.1723e+03	2.4e+00	6.0635e-01	5.2e-03
7.1754e+03	2.4e+00	6.0684e-01	6.5e-03
7.1784e+03	2.4e+00	6.0631e-01	5.5e-03
7.1815e+03	2.4e+00	6.2345e-01	6.2e-03
7.1846e+03	2.4e+00	6.4154e-01	6.3e-03
7.1876e+03	2.4e+00	6.5484e-01	5.4e-03
7.1907e+03	2.4e+00	6.5506e-01	6.2e-03
7.1937e+03	2.4e+00	6.4889e-01	5.8e-03
7.1968e+03	2.4e+00	6.5317e-01	6.1e-03
7.1999e+03	2.4e+00	6.4924e-01	6.8e-03
7.2029e+03	2.4e+00	6.3353e-01	5.0e-03
7.2060e+03	2.4e+00	6.2140e-01	6.0e-03
7.2090e+03	2.4e+00	6.1862e-01	6.6e-03
7.2121e+03	2.4e+00	6.0975e-01	4.5e-03
7.2151e+03	2.4e+00	6.1179e-01	5.9e-03
7.2182e+03	2.4e+00	6.1689e-01	5.7e-03
7.2212e+03	2.4e+00	6.1145e-01	5.3e-03
7.2243e+03	2.4e+00	6.1843e-01	8.1e-03
7.2273e+03	2.4e+00	6.1989e-01	6.4e-03
7.2304e+03	2.4e+00	6.1142e-01	5.5e-03
7.2334e+03	2.4e+00	6.1432e-01	6.7e-03
7.2364e+03	2.4e+00	6.2256e-01	6.9e-03
7.2395e+03	2.4e+00	6.1841e-01	7.9e-03
7.2425e+03	2.4e+00	6.0497e-01	7.1e-03
7.2455e+03	2.4e+00	6.0176e-01	7.4e-03
7.2486e+03	2.4e+00	6.0802e-01	7.1e-03
7.2516e+03	2.4e+00	6.0881e-01	6.2e-03
7.2547e+03	2.4e+00	5.9398e-01	5.6e-03
7.2577e+03	2.4e+00	5.8123e-01	6.1e-03
7.2607e+03	2.4e+00	5.9421e-01	7.3e-03
7.2637e+03	2.4e+00	6.0442e-01	6.9e-03
7.2668e+03	2.4e+00	6.0344e-01	6.0e-03
7.2698e+03	2.4e+00	6.0300e-01	7.0e-03
7.2728e+03	2.4e+00	5.9894e-01	9.0e-03
7.2758e+03	2.4e+00	5.9819e-01	7.7e-03
7.2789e+03	2.4e+00	6.0018e-01	8.6e-03
7.2819e+03	2.4e+00	6.0011e-01	9.0e-03
7.2849e+03	2.4e+00	5.9925e-01	9.4e-03
7.2879e+03	2.4e+00	6.0084e-01	9.5e-03
7.2909e+03	2.4e+00	6.0396e-01	8.0e-03
7.2939e+03	2.4e+00	6.0408e-01	8.0e-03
7.2970e+03	2.4e+00	6.0745e-01	8.7e-03
7.3000e+03	2.4e+00	6.1173e-01	8.4e-03
7.3030e+03	2.4e+00	6.1369e-01	8.8e-03
7.3060e+03	2.4e+00	6.0872e-01	8.2e-03
7.3090e+03	2.4e+00	6.0786e-01	8.6e-03
7.3120e+03	2.4e+00	6.0561e-01	9.2e-03
7.3150e+03	2.4e+00	5.8788e-01	1.0e-02
7.3180e+03	2.4e+00	5.8447e-01	1.0e-02
7.3210e+03	2.4e+00	5.8772e-01	8.2e-03
7.3240e+03	2.4e+00	5.8725e-01	9.3e-03
7.3270e+03	2.4e+00	5.8473e-01	8.3e-03
7.3300e+03	2.4e+00	5.9508e-01	7.2e-03
7.3330e+03	2.4e+00	6.0432e-01	8.9e-03
7.3360e+03	2.4e+00	6.0278e-01	1.1e-02
7.3390e+03	2.4e+00	6.0329e-01	1.0e-02
7.3420e+03	2.4e+00	5.9956e-01	1.1e-02
7.3450e+03	2.4e+00	5.8389e-01	9.7e-03
7.3480e+03	2.4e+00	5.7553e-01	9.5e-03
7.3510e+03	2.4e+00	5.7273e-01	9.8e-03
7.3540e+03	2.4e+00	5.7980e-01	8.8e-03
7.3569e+03	2.4e+00	5.8352e-01	1.1e-02
7.3599e+03	2.4e+00	5.8605e-01	1.1e-02
7.3629e+03	2.4e+00	5.8609e-01	1.0e-02
7.3659e+03	2.4e+00	5.7863e-01	1.0e-02
7.3689e+03	2.4e+00	5.7258e-01	1.2e-02
7.3718e+03	2.4e+00	5.6756e-01	1.2e-02
7.3748e+03	2.4e+00	5.6810e-01	1.1e-02
7.3778e+03	2.4e+00	5.6840e-01	1.1e-02
7.3808e+03	2.4e+00	5.7102e-01	1.0e-02
7.3837e+03	2.3e+00	5.8033e-01	1.0e-02
7.3867e+03	2.3e+00	5.8292e-01	1.2e-02
7.3897e+03	2.3e+00	5.8428e-01	1.2e-02
7.3927e+03	2.3e+00	5.7848e-01	1.2e-02
7.3956e+03	2.3e+00	5.7246e-01	1.2e-02
7.3986e+03	2.3e+00	5.6909e-01	1.2e-02
7.4016e+03	2.3e+00	5.6985e-01	1.2e-02
7.4045e+03	2.3e+00	5.6935e-01	1.1e-02
7.4075e+03	2.3e+00	5.7344e-01	1.1e-02
7.4104e+03	2.3e+00	5.7326e-01	1.3e-02
7.4134e+03	2.3e+00	5.6664e-01	1.2e-02
7.4164e+03	2.3e+00	5.6846e-01	1.2e-02
7.4193e+03	2.3e+00	5.6822e-01	1.3e-02
7.4223e+03	2.3e+00	5.6718e-01	1.3e-02
7.4252e+03	2.3e+00	5.6701e-01	1.2e-02
7.4282e+03	2.3e+00	5.6278e-01	1.3e-02
7.4311e+03	2.3e+00	5.6319e-01	1.3e-02
7.4341e+03	2.3e+00	5.6542e-01	1.3e-02
7.4370e+03	2.3e+00	5.6116e-01	1.4e-02
7.4400e+03	2.3e+00	5.5937e-01	1.3e-02
7.4429e+03	2.3e+00	5.5414e-01	1.3e-02
7.4459e+03	2.3e+00	5.4758e-01	1.2e-02
7.4488e+03	2.3e+00	5.4656e-01	1.3e-02
7.4517e+03	2.3e+00	5.5484e-01	1.5e-02
7.4547e+03	2.3e+00	5.5802e-01	1.6e-02
7.4576e+03	2.3e+00	5.5016e-01	1.5e-02
7.4605e+03	2.3e+00	5.4882e-01	1.5e-02
7.4635e+03	2.3e+00	5.4771e-01	1.6e-02
7.4664e+03	2.3e+00	5.5089e-01	1.5e-02
7.4693e+03	2.3e+00	5.5076e-01	1.5e-02
7.4723e+03	2.3e+00	5.4663e-01	1.5e-02
7.4752e+03	2.3e+00	5.4369e-01	1.5e-02
7.4781e+03	2.3e+00	5.4538e-01	1.6e-02
7.4811e+03	2.3e+00	5.4548e-01	1.6e-02
7.4840e+03	2.3e+00	5.4488e-01	1.5e-02
7.4869e+03	2.3e+00	5.4390e-01	1.5e-02
7.4898e+03	2.3e+00	5.4357e-01	1.6e-02
7.4927e+03	2.3e+00	5.4579e-01	1.6e-02
7.4957e+03	2.3e+00	5.4144e-01	1.6e-02
7.4986e+03	2.3e+00	5.3796e-01	1.7e-02
7.5015e+03	2.3e+00	5.3480e-01	1.6e-02
7.5044e+03	2.3e+00	5.3725e-01	1.5e-02
7.5073e+03	2.3e+00	5.3816e-01	1.7e-02
7.5102e+03	2.3e+00	5.3652e-01	1.7e-02
7.5131e+03	2.3e+00	5.3100e-01	1.7e-02
7.5160e+03	2.3e+00	5.3045e-01	1.8e-02
7.5190e+03	2.3e+00	5.3377e-01	1.8e-02
7.5219e+03	2.3e+00	5.2980e-01	1.7e-02
7.5248e+03	2.3e+00	5.2260e-01	1.7e-02
7.5277e+03	2.3e+00	5.1128e-01	1.8e-02
7.5306e+03	2.3e+00	5.0032e-01	1.8e-02
7.5335e+03	2.3e+00	4.6798e-01	1.6e-02
7.5364e+03	2.3e+00	3.9676e-01	1.5e-02
7.5393e+03	2.3e+00	2.9730e-01	1.5e-02
7.5422e+03	2.3e+00	2.0424e-01	1.2e-02
7.5450e+03	2.3e+00	1.3782e-01	8.3e-03
7.5479e+03	2.3e+00	1.0503e-01	5.2e-03
7.5508e+03	2.3e+00	1.1226e-01	3.9e-03
7.5537e+03	2.3e+00	1.5092e-01	4.7e-03
7.5566e+03	2.3e+00	2.1034e-01	6.8e-03
7.5595e+03	2.3e+00	2.6109e-01	8.2e-03
7.5624e+03	2.3e+00	2.7513e-01	9.2e-03
7.5653e+03	2.3e+00	2.5787e-01	1.1e-02
7.5681e+03	2.3e+00	2.3860e-01	1.1e-02
7.5710e+03	2.3e+00	2.2749e-01	9.7e-03
7.5739e+03	2.3e+00	2.2627e-01	8.6e-03
7.5768e+03	2.3e+00	2.3709e-01	8.4e-03
7.5797e+03	2.3e+00	2.5232e-01	9.2e-03
7.5825e+03	2.3e+00	2.7524e-01	9.0e-03
7.5854e+03	2.3e+00	2.9716e-01	1.1e-02
7.5883e+03	2.3e+00	3.1387e-01	1.2e-02
7.5911e+03	2.3e+00	3.3230e-01	1.3e-02
7.5940e+03	2.3e+00	3.5040e-01	1.4e-02
7.5969e+03	2.3e+00	3.6446e-01	1.4e-02
7.5997e+03	2.3e+00	3.7812e-01	1.4e-02
7.6026e+03	2.3e+00	3.9628e-01	1.6e-02
7.6055e+03	2.3e+00	4.1793e-01	1.7e-02
7.6083e+03	2.3e+00	4.3470e-01	1.7e-02
7.6112e+03	2.3e+00	4.4880e-01	1.9e-02
7.6140e+03	2.3e+00	4.6126e-01	2.0e-02
