# lambda [A]	Dlambda [A]	specval [counts]	Dspecval [counts]
4.1210e+03	3.8e+00	4.16881e+02	2.0e+01
4.1245e+03	3.8e+00	4.14349e+02	1.9e+01
4.1280e+03	3.8e+00	4.17607e+02	1.2e+01
4.1315e+03	3.8e+00	3.67910e+02	2.2e+01
4.1350e+03	3.8e+00	2.92374e+02	2.0e+01
4.1386e+03	3.8e+00	2.31639e+02	1.6e+01
4.1421e+03	3.8e+00	2.49537e+02	1.2e+01
4.1456e+03	3.7e+00	2.75600e+02	1.6e+01
4.1491e+03	3.7e+00	3.36257e+02	1.4e+01
4.1526e+03	3.7e+00	5.74169e+02	3.2e+01
4.1561e+03	3.7e+00	7.53015e+02	3.6e+01
4.1596e+03	3.7e+00	6.48755e+02	2.6e+01
4.1631e+03	3.7e+00	4.40521e+02	1.9e+01
4.1666e+03	3.7e+00	2.91106e+02	1.3e+01
4.1701e+03	3.7e+00	2.94645e+02	1.2e+01
4.1736e+03	3.7e+00	3.29304e+02	2.8e+01
4.1771e+03	3.7e+00	3.96672e+02	1.4e+01
4.1806e+03	3.7e+00	4.30758e+02	2.2e+01
4.1841e+03	3.7e+00	5.05618e+02	9.5e+00
4.1877e+03	3.7e+00	5.83236e+02	2.5e+01
4.1912e+03	3.7e+00	8.83356e+02	3.0e+01
4.1947e+03	3.7e+00	1.26210e+03	2.9e+01
4.1982e+03	3.7e+00	1.26620e+03	2.4e+01
4.2017e+03	3.7e+00	9.14124e+02	1.2e+01
4.2052e+03	3.7e+00	4.07772e+02	2.3e+01
4.2087e+03	3.6e+00	3.05332e+02	1.8e+01
4.2123e+03	3.6e+00	3.12588e+02	1.7e+01
4.2158e+03	3.6e+00	2.89237e+02	1.3e+01
4.2193e+03	3.6e+00	3.02176e+02	7.5e+00
4.2228e+03	3.6e+00	3.47288e+02	1.5e+01
4.2263e+03	3.6e+00	3.45360e+02	1.2e+01
4.2298e+03	3.6e+00	3.12868e+02	1.8e+01
4.2334e+03	3.6e+00	2.88147e+02	9.7e+00
4.2369e+03	3.6e+00	2.42690e+02	1.1e+01
4.2404e+03	3.6e+00	2.32520e+02	1.6e+01
4.2439e+03	3.6e+00	2.43251e+02	7.5e+00
4.2474e+03	3.6e+00	3.03753e+02	1.3e+01
4.2510e+03	3.6e+00	4.40934e+02	2.4e+01
4.2545e+03	3.6e+00	6.80787e+02	2.4e+01
4.2580e+03	3.6e+00	7.18823e+02	1.2e+01
4.2615e+03	3.6e+00	6.37324e+02	1.4e+01
4.2650e+03	3.5e+00	4.63440e+02	2.4e+01
4.2686e+03	3.5e+00	5.28361e+02	2.3e+01
4.2721e+03	3.5e+00	6.25982e+02	1.7e+01
4.2756e+03	3.5e+00	5.46323e+02	2.0e+01
4.2791e+03	3.5e+00	4.16946e+02	1.0e+01
4.2827e+03	3.5e+00	2.50401e+02	1.3e+01
4.2862e+03	3.5e+00	2.00068e+02	6.7e+00
4.2897e+03	3.5e+00	2.11563e+02	1.0e+01
4.2932e+03	3.5e+00	2.76185e+02	9.9e+00
4.2968e+03	3.5e+00	3.33139e+02	1.3e+01
4.3003e+03	3.5e+00	2.99392e+02	1.1e+01
4.3038e+03	3.5e+00	2.73841e+02	8.9e+00
4.3074e+03	3.5e+00	2.55101e+02	1.2e+01
4.3109e+03	3.5e+00	2.47033e+02	9.7e+00
4.3144e+03	3.4e+00	2.08595e+02	7.0e+00
4.3179e+03	3.4e+00	1.95165e+02	1.0e+01
4.3215e+03	3.4e+00	2.19657e+02	1.1e+01
4.3250e+03	3.4e+00	3.28123e+02	7.7e+00
4.3285e+03	3.4e+00	4.88467e+02	6.2e+00
4.3321e+03	3.4e+00	5.45232e+02	1.6e+01
4.3356e+03	3.4e+00	4.66723e+02	1.4e+01
4.3391e+03	3.4e+00	4.49760e+02	4.9e+00
4.3427e+03	3.4e+00	4.88353e+02	1.4e+01
4.3462e+03	3.4e+00	4.78859e+02	1.3e+01
4.3497e+03	3.4e+00	3.68386e+02	1.1e+01
4.3533e+03	3.4e+00	2.71641e+02	1.2e+01
4.3568e+03	3.4e+00	2.60910e+02	1.5e+01
4.3603e+03	3.3e+00	2.78980e+02	1.5e+01
4.3639e+03	3.3e+00	3.54516e+02	1.6e+01
4.3674e+03	3.3e+00	4.12177e+02	9.3e+00
4.3709e+03	3.3e+00	4.55368e+02	1.9e+01
4.3745e+03	3.3e+00	4.15320e+02	2.2e+01
4.3780e+03	3.3e+00	3.66024e+02	8.4e+00
4.3815e+03	3.3e+00	3.16449e+02	1.1e+01
4.3851e+03	3.3e+00	2.32758e+02	1.2e+01
4.3886e+03	3.3e+00	2.20819e+02	7.9e+00
4.3922e+03	3.3e+00	2.19152e+02	1.1e+01
4.3957e+03	3.3e+00	2.43740e+02	8.2e+00
4.3992e+03	3.3e+00	2.73319e+02	1.0e+01
4.4028e+03	3.2e+00	2.13329e+02	1.5e+01
4.4063e+03	3.2e+00	1.82594e+02	7.6e+00
4.4099e+03	3.2e+00	1.68320e+02	1.1e+01
4.4134e+03	3.2e+00	1.63623e+02	6.9e+00
4.4169e+03	3.2e+00	2.02615e+02	7.8e+00
4.4205e+03	3.2e+00	2.89458e+02	8.8e+00
4.4240e+03	3.2e+00	3.27112e+02	1.1e+01
4.4276e+03	3.2e+00	3.04283e+02	1.2e+01
4.4311e+03	3.2e+00	2.56837e+02	9.3e+00
4.4346e+03	3.2e+00	1.93301e+02	4.8e+00
4.4382e+03	3.1e+00	1.77134e+02	7.8e+00
4.4417e+03	3.1e+00	1.76541e+02	1.1e+01
4.4453e+03	3.1e+00	1.73390e+02	4.3e+00
4.4488e+03	3.1e+00	1.90396e+02	1.2e+01
4.4524e+03	3.1e+00	1.60940e+02	6.7e+00
4.4559e+03	3.1e+00	1.41498e+02	8.1e+00
4.4595e+03	3.1e+00	1.44025e+02	1.1e+01
4.4630e+03	3.1e+00	1.60619e+02	4.9e+00
4.4665e+03	3.1e+00	1.98512e+02	2.9e+00
4.4701e+03	3.1e+00	2.22947e+02	8.3e+00
4.4736e+03	3.1e+00	2.45845e+02	9.7e+00
4.4772e+03	3.0e+00	2.82660e+02	1.1e+01
4.4807e+03	3.0e+00	2.52178e+02	7.9e+00
4.4843e+03	3.0e+00	2.30996e+02	6.8e+00
4.4878e+03	3.0e+00	2.22196e+02	7.3e+00
4.4914e+03	3.0e+00	2.36816e+02	1.4e+01
4.4949e+03	3.0e+00	2.74368e+02	1.1e+01
4.4985e+03	3.0e+00	3.23728e+02	9.6e+00
4.5020e+03	3.0e+00	3.65024e+02	1.2e+01
4.5056e+03	3.0e+00	4.61182e+02	1.3e+01
4.5091e+03	3.0e+00	4.15801e+02	1.7e+01
4.5127e+03	3.0e+00	3.01767e+02	8.1e+00
4.5162e+03	2.9e+00	2.12764e+02	8.2e+00
4.5198e+03	2.9e+00	1.84655e+02	6.8e+00
4.5233e+03	2.9e+00	1.94014e+02	5.1e+00
4.5269e+03	2.9e+00	1.71631e+02	8.8e+00
4.5304e+03	2.9e+00	1.65149e+02	1.1e+01
4.5340e+03	2.9e+00	1.94624e+02	1.1e+01
4.5375e+03	2.9e+00	2.62721e+02	1.1e+01
4.5411e+03	2.9e+00	3.48618e+02	9.0e+00
4.5446e+03	2.9e+00	3.11425e+02	1.4e+01
4.5482e+03	2.9e+00	2.29044e+02	1.1e+01
4.5517e+03	2.9e+00	1.54732e+02	9.5e+00
4.5553e+03	2.8e+00	1.52352e+02	7.3e+00
4.5588e+03	2.8e+00	1.45711e+02	8.1e+00
4.5624e+03	2.8e+00	1.47833e+02	7.2e+00
4.5659e+03	2.8e+00	1.57539e+02	4.9e+00
4.5695e+03	2.8e+00	1.69128e+02	1.1e+01
4.5730e+03	2.8e+00	1.98274e+02	7.4e+00
4.5766e+03	2.8e+00	2.32446e+02	7.2e+00
4.5801e+03	2.8e+00	2.33878e+02	1.1e+01
4.5837e+03	2.8e+00	2.25664e+02	9.1e+00
4.5873e+03	2.8e+00	2.48916e+02	1.2e+01
4.5908e+03	2.8e+00	2.29170e+02	8.7e+00
4.5944e+03	2.7e+00	1.75796e+02	1.1e+01
4.5979e+03	2.7e+00	1.69647e+02	7.3e+00
4.6015e+03	2.7e+00	2.23136e+02	5.3e+00
4.6050e+03	2.7e+00	2.88503e+02	1.1e+01
4.6086e+03	2.7e+00	2.92324e+02	9.3e+00
4.6121e+03	2.7e+00	2.24660e+02	1.1e+01
4.6157e+03	2.7e+00	1.35760e+02	8.7e+00
4.6193e+03	2.7e+00	1.08503e+02	4.7e+00
4.6228e+03	2.7e+00	1.15451e+02	5.1e+00
4.6264e+03	2.7e+00	1.09805e+02	6.3e+00
4.6299e+03	2.7e+00	1.15591e+02	5.4e+00
4.6335e+03	2.7e+00	1.17992e+02	6.3e+00
4.6370e+03	2.7e+00	1.09797e+02	7.3e+00
4.6406e+03	2.7e+00	1.10358e+02	8.0e+00
4.6441e+03	2.6e+00	1.07245e+02	8.1e+00
4.6477e+03	2.6e+00	1.31951e+02	7.0e+00
4.6513e+03	2.6e+00	2.15328e+02	1.0e+01
4.6548e+03	2.6e+00	2.60133e+02	8.2e+00
4.6584e+03	2.6e+00	2.43957e+02	1.3e+01
4.6619e+03	2.6e+00	1.75049e+02	8.7e+00
4.6655e+03	2.6e+00	1.19796e+02	4.0e+00
4.6691e+03	2.6e+00	1.26163e+02	4.3e+00
4.6726e+03	2.6e+00	1.18504e+02	8.0e+00
4.6762e+03	2.6e+00	1.33767e+02	6.5e+00
4.6797e+03	2.6e+00	1.29314e+02	7.4e+00
4.6833e+03	2.6e+00	1.31961e+02	4.4e+00
4.6869e+03	2.6e+00	1.14608e+02	6.6e+00
4.6904e+03	2.6e+00	1.04456e+02	8.2e+00
4.6940e+03	2.6e+00	1.02588e+02	4.5e+00
4.6975e+03	2.6e+00	1.07281e+02	8.2e+00
4.7011e+03	2.6e+00	1.27798e+02	5.6e+00
4.7047e+03	2.6e+00	1.17873e+02	4.8e+00
4.7082e+03	2.6e+00	1.19914e+02	6.9e+00
4.7118e+03	2.6e+00	1.08565e+02	4.1e+00
4.7153e+03	2.6e+00	1.13129e+02	8.1e+00
4.7189e+03	2.6e+00	1.34866e+02	5.3e+00
4.7225e+03	2.6e+00	1.72183e+02	5.0e+00
4.7260e+03	2.6e+00	2.00089e+02	7.7e+00
4.7296e+03	2.6e+00	1.80033e+02	6.4e+00
4.7331e+03	2.5e+00	1.66410e+02	8.5e+00
4.7367e+03	2.5e+00	1.33919e+02	5.2e+00
4.7403e+03	2.5e+00	9.86818e+01	6.5e+00
4.7438e+03	2.5e+00	9.19466e+01	4.3e+00
4.7474e+03	2.5e+00	1.01301e+02	4.5e+00
4.7509e+03	2.5e+00	1.10727e+02	4.2e+00
4.7545e+03	2.5e+00	1.16335e+02	6.9e+00
4.7581e+03	2.5e+00	1.98482e+02	7.5e+00
4.7616e+03	2.5e+00	2.66896e+02	8.7e+00
4.7652e+03	2.5e+00	2.65900e+02	6.0e+00
4.7688e+03	2.5e+00	1.92073e+02	4.5e+00
4.7723e+03	2.6e+00	9.66666e+01	5.2e+00
4.7759e+03	2.6e+00	8.48738e+01	4.8e+00
4.7794e+03	2.6e+00	7.88229e+01	5.1e+00
4.7830e+03	2.6e+00	7.74929e+01	9.8e-01
4.7866e+03	2.6e+00	9.18154e+01	6.3e+00
4.7901e+03	2.6e+00	1.04764e+02	6.2e+00
4.7937e+03	2.6e+00	1.05727e+02	3.0e+00
4.7972e+03	2.6e+00	1.15602e+02	4.6e+00
4.8008e+03	2.6e+00	1.69719e+02	4.6e+00
4.8044e+03	2.6e+00	1.99150e+02	9.2e+00
4.8079e+03	2.6e+00	1.89079e+02	5.5e+00
4.8115e+03	2.6e+00	1.80367e+02	7.1e+00
4.8151e+03	2.6e+00	1.87577e+02	9.7e+00
4.8186e+03	2.6e+00	2.10619e+02	7.6e+00
4.8222e+03	2.6e+00	2.58348e+02	1.1e+01
4.8258e+03	2.6e+00	2.76933e+02	1.1e+01
4.8293e+03	2.6e+00	2.67242e+02	8.8e+00
4.8329e+03	2.6e+00	2.35967e+02	4.0e+00
4.8364e+03	2.6e+00	1.65494e+02	7.4e+00
4.8400e+03	2.6e+00	1.14526e+02	2.7e+00
4.8436e+03	2.6e+00	1.08237e+02	7.1e+00
4.8471e+03	2.6e+00	1.06990e+02	6.6e+00
4.8507e+03	2.6e+00	1.17386e+02	5.1e+00
4.8543e+03	2.7e+00	1.53486e+02	5.6e+00
4.8578e+03	2.7e+00	2.41130e+02	6.8e+00
4.8614e+03	2.7e+00	2.67166e+02	7.0e+00
4.8649e+03	2.7e+00	2.03507e+02	9.5e+00
4.8685e+03	2.7e+00	1.34131e+02	7.2e+00
4.8721e+03	2.7e+00	1.26177e+02	5.1e+00
4.8756e+03	2.7e+00	1.78669e+02	6.0e+00
4.8792e+03	2.7e+00	1.97880e+02	6.3e+00
4.8828e+03	2.7e+00	1.88109e+02	6.3e+00
4.8863e+03	2.7e+00	1.46700e+02	3.1e+00
4.8899e+03	2.7e+00	1.04931e+02	3.3e+00
4.8934e+03	2.8e+00	1.12976e+02	4.2e+00
4.8970e+03	2.8e+00	9.37880e+01	5.9e+00
4.9006e+03	2.8e+00	8.86593e+01	5.6e+00
4.9041e+03	2.8e+00	8.70961e+01	5.4e+00
4.9077e+03	2.8e+00	7.81699e+01	6.7e+00
4.9113e+03	2.8e+00	8.31644e+01	5.0e+00
4.9148e+03	2.8e+00	8.11004e+01	4.2e+00
4.9184e+03	2.8e+00	7.58281e+01	4.7e+00
4.9220e+03	2.8e+00	7.98175e+01	3.6e+00
4.9255e+03	2.9e+00	8.28564e+01	3.9e+00
4.9291e+03	2.9e+00	8.14856e+01	5.1e+00
4.9326e+03	2.9e+00	7.68137e+01	4.0e+00
4.9362e+03	2.9e+00	7.34354e+01	3.4e+00
4.9398e+03	2.9e+00	7.26336e+01	3.7e+00
4.9433e+03	2.9e+00	6.60317e+01	2.6e+00
4.9469e+03	2.9e+00	6.36704e+01	4.9e+00
4.9505e+03	3.0e+00	6.26524e+01	4.4e+00
4.9540e+03	3.0e+00	5.94194e+01	3.5e+00
4.9576e+03	3.0e+00	8.43719e+01	2.9e+00
4.9611e+03	3.0e+00	1.03468e+02	3.2e+00
4.9647e+03	3.0e+00	1.13482e+02	4.8e+00
4.9683e+03	3.0e+00	1.07256e+02	5.4e+00
4.9718e+03	3.0e+00	7.87054e+01	3.6e+00
4.9754e+03	3.1e+00	7.01172e+01	5.2e+00
4.9789e+03	3.1e+00	6.10048e+01	2.8e+00
4.9825e+03	3.1e+00	6.18355e+01	2.8e+00
4.9861e+03	3.1e+00	5.75456e+01	3.5e+00
4.9896e+03	3.1e+00	5.87466e+01	3.8e+00
4.9932e+03	3.1e+00	6.74409e+01	5.6e+00
4.9968e+03	3.2e+00	6.96847e+01	3.8e+00
5.0003e+03	3.2e+00	7.33121e+01	3.2e+00
5.0039e+03	3.2e+00	7.07590e+01	6.1e+00
5.0074e+03	3.2e+00	8.15071e+01	4.6e+00
5.0110e+03	3.2e+00	9.33730e+01	5.9e+00
5.0146e+03	3.2e+00	1.00013e+02	5.4e+00
5.0181e+03	3.3e+00	9.37907e+01	5.0e+00
5.0217e+03	3.3e+00	7.39485e+01	5.4e+00
5.0252e+03	3.3e+00	5.36480e+01	4.2e+00
5.0288e+03	3.3e+00	5.74052e+01	3.0e+00
5.0324e+03	3.3e+00	6.32571e+01	5.4e+00
5.0359e+03	3.3e+00	6.86273e+01	4.8e+00
5.0395e+03	3.4e+00	6.54456e+01	4.0e+00
5.0430e+03	3.4e+00	6.74893e+01	5.2e+00
5.0466e+03	3.4e+00	7.00872e+01	3.3e+00
5.0502e+03	3.4e+00	7.97153e+01	3.0e+00
5.0537e+03	3.4e+00	7.91983e+01	4.7e+00
5.0573e+03	3.5e+00	7.23794e+01	3.0e+00
5.0608e+03	3.5e+00	7.23149e+01	1.7e+00
5.0644e+03	3.5e+00	7.93597e+01	3.2e+00
5.0680e+03	3.5e+00	7.92772e+01	3.7e+00
5.0715e+03	3.5e+00	7.11405e+01	3.2e+00
5.0751e+03	3.5e+00	7.31803e+01	3.5e+00
5.0786e+03	3.6e+00	7.10795e+01	3.0e+00
5.0822e+03	3.6e+00	7.07250e+01	3.3e+00
5.0858e+03	3.6e+00	6.41106e+01	5.0e+00
5.0893e+03	3.6e+00	6.16087e+01	4.9e+00
5.0929e+03	3.6e+00	6.42429e+01	3.7e+00
5.0964e+03	3.7e+00	5.27569e+01	4.1e+00
5.1000e+03	3.7e+00	5.10685e+01	5.1e+00
5.1035e+03	3.7e+00	4.97487e+01	2.3e+00
5.1071e+03	3.7e+00	4.31756e+01	3.3e+00
5.1107e+03	3.7e+00	4.85273e+01	2.5e+00
5.1142e+03	3.8e+00	5.10452e+01	1.4e+00
5.1178e+03	3.8e+00	5.97509e+01	3.5e+00
5.1213e+03	3.8e+00	5.89251e+01	3.1e+00
5.1249e+03	3.8e+00	5.96758e+01	3.9e+00
5.1284e+03	3.8e+00	5.76039e+01	4.3e+00
5.1320e+03	3.9e+00	6.01160e+01	3.0e+00
5.1356e+03	3.9e+00	7.01948e+01	3.4e+00
5.1391e+03	3.9e+00	7.09008e+01	4.9e+00
5.1427e+03	3.9e+00	7.67328e+01	5.3e+00
5.1462e+03	4.0e+00	8.27436e+01	2.2e+00
5.1498e+03	4.0e+00	7.44855e+01	2.8e+00
5.1533e+03	4.0e+00	7.47529e+01	4.3e+00
5.1569e+03	4.0e+00	7.88366e+01	4.1e+00
5.1604e+03	4.0e+00	9.33706e+01	3.0e+00
5.1640e+03	4.1e+00	9.61501e+01	5.3e+00
5.1676e+03	4.1e+00	9.20101e+01	4.6e+00
5.1711e+03	4.1e+00	9.38520e+01	5.1e+00
5.1747e+03	4.1e+00	1.07638e+02	6.7e+00
5.1782e+03	4.1e+00	1.22679e+02	4.4e+00
5.1818e+03	4.2e+00	1.37690e+02	3.8e+00
5.1853e+03	4.2e+00	1.53866e+02	3.9e+00
5.1889e+03	4.2e+00	1.75502e+02	5.9e+00
5.1924e+03	4.2e+00	1.98170e+02	6.5e+00
5.1960e+03	4.2e+00	1.76966e+02	5.8e+00
5.1995e+03	4.3e+00	1.31166e+02	4.7e+00
5.2031e+03	4.3e+00	8.05357e+01	4.6e+00
5.2066e+03	4.3e+00	4.62982e+01	3.2e+00
5.2102e+03	4.3e+00	4.26294e+01	1.7e+00
5.2137e+03	4.4e+00	4.26849e+01	3.4e+00
5.2173e+03	4.4e+00	4.09602e+01	5.0e+00
5.2208e+03	4.4e+00	4.80462e+01	3.0e+00
5.2244e+03	4.4e+00	4.85342e+01	3.8e+00
5.2279e+03	4.4e+00	4.37297e+01	2.2e+00
5.2315e+03	4.5e+00	3.51756e+01	5.4e+00
5.2350e+03	4.5e+00	3.68287e+01	3.2e+00
5.2386e+03	4.5e+00	3.71699e+01	3.2e+00
5.2421e+03	4.5e+00	4.06215e+01	4.1e+00
5.2457e+03	4.5e+00	4.26814e+01	3.3e+00
5.2492e+03	4.6e+00	4.17818e+01	4.9e+00
5.2528e+03	4.6e+00	5.31310e+01	3.6e+00
5.2563e+03	4.6e+00	5.25591e+01	2.7e+00
5.2599e+03	4.6e+00	4.96604e+01	1.4e+00
5.2634e+03	4.7e+00	3.97124e+01	2.8e+00
5.2670e+03	4.7e+00	4.43719e+01	2.1e+00
5.2705e+03	4.7e+00	4.34892e+01	1.3e+00
5.2741e+03	4.7e+00	3.89036e+01	3.6e+00
5.2776e+03	4.7e+00	4.27243e+01	2.2e+00
5.2812e+03	4.8e+00	3.73131e+01	3.9e+00
5.2847e+03	4.8e+00	4.10535e+01	2.7e+00
5.2883e+03	4.8e+00	4.13046e+01	4.7e+00
5.2918e+03	4.8e+00	4.08293e+01	4.1e+00
5.2953e+03	4.8e+00	3.60657e+01	3.6e+00
5.2989e+03	4.9e+00	3.58114e+01	2.0e+00
5.3024e+03	4.9e+00	3.44718e+01	4.6e+00
5.3060e+03	4.9e+00	3.66643e+01	3.0e+00
5.3095e+03	4.9e+00	3.57501e+01	2.3e+00
5.3131e+03	4.9e+00	3.48597e+01	3.5e+00
5.3166e+03	5.0e+00	3.80832e+01	2.4e+00
5.3202e+03	5.0e+00	3.75341e+01	2.3e+00
5.3237e+03	5.0e+00	3.64946e+01	2.4e+00
5.3272e+03	5.0e+00	3.73361e+01	2.4e+00
5.3308e+03	5.1e+00	4.65137e+01	4.0e+00
5.3343e+03	5.1e+00	4.35166e+01	3.8e+00
5.3379e+03	5.1e+00	4.21362e+01	3.3e+00
5.3414e+03	5.1e+00	4.68388e+01	2.4e+00
5.3449e+03	5.1e+00	4.24499e+01	2.4e+00
5.3485e+03	5.2e+00	4.81432e+01	4.6e+00
5.3520e+03	5.2e+00	4.03577e+01	4.1e+00
5.3556e+03	5.2e+00	3.79644e+01	4.1e+00
5.3591e+03	5.2e+00	4.01359e+01	1.7e+00
5.3626e+03	5.2e+00	3.95152e+01	3.5e+00
5.3662e+03	5.3e+00	2.94846e+01	3.7e+00
5.3697e+03	5.3e+00	3.19284e+01	2.8e+00
5.3733e+03	5.3e+00	2.57788e+01	2.4e+00
5.3768e+03	5.3e+00	3.17116e+01	3.2e+00
5.3803e+03	5.3e+00	2.95089e+01	2.5e+00
5.3839e+03	5.4e+00	2.97056e+01	3.4e+00
5.3874e+03	5.4e+00	3.35188e+01	2.7e+00
5.3909e+03	5.4e+00	2.66197e+01	2.6e+00
5.3945e+03	5.4e+00	3.03994e+01	1.7e+00
5.3980e+03	5.4e+00	4.00612e+01	1.9e+00
5.4015e+03	5.5e+00	5.84581e+01	4.0e+00
5.4051e+03	5.5e+00	5.67343e+01	3.2e+00
5.4086e+03	5.5e+00	4.42110e+01	1.2e+00
5.4122e+03	5.5e+00	3.09646e+01	1.7e+00
5.4157e+03	5.5e+00	2.62346e+01	3.3e+00
5.4192e+03	5.5e+00	3.15888e+01	2.3e+00
5.4227e+03	5.6e+00	3.10339e+01	2.1e+00
5.4263e+03	5.6e+00	2.97994e+01	2.7e+00
5.4298e+03	5.6e+00	2.77861e+01	2.2e+00
5.4333e+03	5.6e+00	2.92009e+01	1.9e+00
5.4369e+03	5.6e+00	2.83381e+01	3.4e+00
5.4404e+03	5.7e+00	2.90380e+01	1.5e+00
5.4439e+03	5.7e+00	3.27738e+01	1.6e+00
5.4475e+03	5.7e+00	2.86514e+01	2.7e+00
5.4510e+03	5.7e+00	3.29653e+01	2.2e+00
5.4545e+03	5.7e+00	3.30882e+01	1.5e+00
5.4581e+03	5.8e+00	3.61329e+01	3.1e+00
5.4616e+03	5.8e+00	3.06787e+01	2.4e+00
5.4651e+03	5.8e+00	2.35072e+01	3.1e+00
5.4686e+03	5.8e+00	2.94207e+01	1.0e+00
5.4722e+03	5.8e+00	2.47118e+01	1.5e+00
5.4757e+03	5.8e+00	2.52240e+01	9.3e-01
5.4792e+03	5.9e+00	2.68888e+01	1.8e+00
5.4827e+03	5.9e+00	2.06178e+01	2.1e+00
5.4863e+03	5.9e+00	2.46105e+01	2.3e+00
5.4898e+03	5.9e+00	2.66087e+01	1.7e+00
5.4933e+03	5.9e+00	3.19322e+01	1.7e+00
5.4968e+03	5.9e+00	4.84781e+01	4.4e+00
5.5004e+03	6.0e+00	4.48875e+01	2.5e+00
5.5039e+03	6.0e+00	3.92712e+01	2.7e+00
5.5074e+03	6.0e+00	3.25937e+01	3.0e+00
5.5109e+03	6.0e+00	2.79178e+01	2.8e+00
5.5145e+03	6.0e+00	2.64031e+01	2.6e+00
5.5180e+03	6.0e+00	2.24249e+01	2.9e+00
5.5215e+03	6.1e+00	2.27272e+01	1.9e+00
5.5250e+03	6.1e+00	2.52699e+01	2.6e+00
5.5285e+03	6.1e+00	2.06187e+01	2.3e+00
5.5321e+03	6.1e+00	2.61469e+01	2.5e+00
5.5356e+03	6.1e+00	2.33142e+01	2.1e+00
5.5391e+03	6.1e+00	2.76825e+01	2.7e+00
5.5426e+03	6.1e+00	2.80491e+01	3.6e+00
5.5461e+03	6.2e+00	2.70523e+01	3.0e+00
5.5497e+03	6.2e+00	2.32891e+01	1.9e+00
5.5532e+03	6.2e+00	3.11174e+01	3.0e+00
5.5567e+03	6.2e+00	4.27265e+01	3.2e+00
5.5602e+03	6.2e+00	5.48291e+01	3.9e+00
5.5637e+03	6.2e+00	5.59249e+01	2.5e+00
5.5672e+03	6.3e+00	5.06454e+01	2.2e+00
5.5707e+03	6.3e+00	3.90509e+01	4.7e+00
5.5743e+03	6.3e+00	4.38344e+01	3.3e+00
5.5778e+03	6.3e+00	4.78125e+01	2.7e+00
5.5813e+03	6.3e+00	4.89235e+01	2.3e+00
5.5848e+03	6.3e+00	4.80256e+01	4.4e+00
5.5883e+03	6.3e+00	4.81238e+01	2.2e+00
5.5918e+03	6.3e+00	5.65311e+01	1.8e+00
5.5953e+03	6.4e+00	6.06638e+01	2.7e+00
5.5988e+03	6.4e+00	6.55783e+01	1.5e+00
5.6024e+03	6.4e+00	7.46778e+01	2.9e+00
5.6059e+03	6.4e+00	8.75612e+01	3.7e+00
5.6094e+03	6.4e+00	9.97321e+01	5.4e+00
5.6129e+03	6.4e+00	7.89249e+01	2.1e+00
5.6164e+03	6.4e+00	5.35307e+01	2.9e+00
5.6199e+03	6.4e+00	2.87422e+01	2.4e+00
5.6234e+03	6.5e+00	1.97688e+01	1.9e+00
5.6269e+03	6.5e+00	2.20855e+01	2.2e+00
5.6304e+03	6.5e+00	2.32497e+01	2.8e+00
5.6339e+03	6.5e+00	2.43149e+01	2.9e+00
5.6374e+03	6.5e+00	2.46952e+01	3.3e+00
5.6409e+03	6.5e+00	2.74683e+01	2.9e+00
5.6444e+03	6.5e+00	3.55859e+01	1.6e+00
5.6479e+03	6.5e+00	3.03114e+01	2.9e+00
5.6514e+03	6.6e+00	4.11471e+01	1.8e+00
5.6549e+03	6.6e+00	4.74331e+01	2.4e+00
5.6584e+03	6.6e+00	3.85804e+01	1.2e+00
5.6619e+03	6.6e+00	4.19579e+01	3.0e+00
5.6654e+03	6.6e+00	3.71714e+01	2.3e+00
5.6689e+03	6.6e+00	3.74840e+01	3.4e+00
5.6724e+03	6.6e+00	3.84889e+01	2.6e+00
5.6759e+03	6.6e+00	4.15750e+01	4.5e+00
5.6794e+03	6.6e+00	4.82789e+01	3.3e+00
5.6829e+03	6.6e+00	4.79669e+01	3.3e+00
5.6864e+03	6.6e+00	4.32637e+01	1.6e+00
5.6899e+03	6.7e+00	4.68959e+01	1.7e+00
5.6934e+03	6.7e+00	4.75322e+01	1.6e+00
5.6969e+03	6.7e+00	3.78515e+01	2.1e+00
5.7004e+03	6.7e+00	3.90611e+01	2.5e+00
5.7039e+03	6.7e+00	3.73287e+01	3.2e+00
5.7074e+03	6.7e+00	3.13687e+01	3.0e+00
5.7109e+03	6.7e+00	3.29722e+01	2.3e+00
5.7144e+03	6.7e+00	3.06801e+01	1.2e+00
5.7179e+03	6.7e+00	2.61789e+01	1.9e+00
5.7214e+03	6.7e+00	2.82419e+01	9.5e-01
5.7249e+03	6.7e+00	2.41625e+01	1.5e+00
5.7284e+03	6.7e+00	2.16935e+01	2.0e+00
5.7319e+03	6.7e+00	2.79440e+01	2.8e+00
5.7353e+03	6.8e+00	2.74653e+01	2.1e+00
5.7388e+03	6.8e+00	3.07773e+01	1.8e+00
5.7423e+03	6.8e+00	3.28718e+01	2.5e+00
5.7458e+03	6.8e+00	3.16544e+01	1.8e+00
5.7493e+03	6.8e+00	2.94369e+01	2.3e+00
5.7528e+03	6.8e+00	2.91012e+01	1.9e+00
5.7563e+03	6.8e+00	2.68969e+01	1.5e+00
5.7597e+03	6.8e+00	2.77879e+01	2.5e+00
5.7632e+03	6.8e+00	3.12957e+01	2.1e+00
5.7667e+03	6.8e+00	3.83577e+01	1.2e+00
5.7702e+03	6.8e+00	3.93774e+01	1.6e+00
5.7737e+03	6.8e+00	3.80187e+01	1.4e+00
5.7772e+03	6.8e+00	2.95480e+01	2.8e+00
5.7806e+03	6.8e+00	2.09628e+01	2.3e+00
5.7841e+03	6.8e+00	2.30355e+01	2.8e+00
5.7876e+03	6.8e+00	2.19181e+01	2.1e+00
5.7911e+03	6.8e+00	2.58894e+01	3.0e+00
5.7946e+03	6.8e+00	2.40352e+01	1.9e+00
5.7980e+03	6.8e+00	2.49053e+01	1.8e+00
5.8015e+03	6.8e+00	2.43097e+01	1.6e+00
5.8050e+03	6.8e+00	2.99595e+01	2.3e+00
5.8085e+03	6.8e+00	3.04221e+01	2.8e+00
5.8120e+03	6.8e+00	3.02939e+01	3.4e+00
5.8154e+03	6.9e+00	2.78391e+01	2.3e+00
5.8189e+03	6.9e+00	3.14047e+01	2.9e+00
5.8224e+03	6.9e+00	3.93162e+01	1.6e+00
5.8258e+03	6.9e+00	2.98808e+01	2.9e+00
5.8293e+03	6.9e+00	2.78510e+01	2.6e+00
5.8328e+03	6.9e+00	2.73480e+01	2.7e+00
5.8363e+03	6.9e+00	2.77586e+01	1.9e+00
5.8397e+03	6.9e+00	2.86575e+01	2.4e+00
5.8432e+03	6.9e+00	5.95942e+01	4.0e+00
5.8467e+03	6.9e+00	1.34389e+02	8.3e+00
5.8501e+03	6.9e+00	3.80158e+02	3.4e+01
5.8536e+03	6.9e+00	1.11329e+03	4.9e+01
5.8571e+03	6.9e+00	1.45450e+03	1.3e+01
5.8605e+03	6.9e+00	1.23512e+03	2.9e+01
5.8640e+03	6.9e+00	5.69746e+02	3.5e+01
5.8675e+03	6.9e+00	3.33016e+01	8.9e+00
5.8709e+03	6.9e+00	4.01325e+01	3.7e+00
5.8744e+03	6.9e+00	4.06076e+01	3.9e+00
5.8779e+03	6.8e+00	7.00995e+01	5.7e+00
5.8813e+03	6.8e+00	8.59975e+01	3.0e+00
5.8848e+03	6.8e+00	1.06566e+02	2.7e+00
5.8883e+03	6.8e+00	1.01701e+02	3.2e+00
5.8917e+03	6.8e+00	7.76529e+01	3.9e+00
5.8952e+03	6.8e+00	4.33695e+01	3.1e+00
5.8986e+03	6.8e+00	3.63628e+01	2.9e+00
5.9021e+03	6.8e+00	3.04106e+01	2.9e+00
5.9055e+03	6.8e+00	3.19892e+01	1.7e+00
5.9090e+03	6.8e+00	3.50576e+01	2.4e+00
5.9125e+03	6.8e+00	4.23303e+01	1.6e+00
5.9159e+03	6.8e+00	4.65597e+01	1.9e+00
5.9194e+03	6.8e+00	4.25568e+01	1.7e+00
5.9228e+03	6.8e+00	3.24365e+01	1.6e+00
5.9263e+03	6.8e+00	2.38095e+01	2.3e+00
5.9297e+03	6.8e+00	2.54528e+01	3.2e+00
5.9332e+03	6.8e+00	3.27993e+01	1.9e+00
5.9366e+03	6.8e+00	3.34255e+01	2.7e+00
5.9401e+03	6.8e+00	3.74186e+01	2.8e+00
5.9435e+03	6.8e+00	5.73300e+01	3.6e+00
5.9470e+03	6.8e+00	1.15982e+02	6.6e+00
5.9504e+03	6.8e+00	1.17063e+02	4.4e+00
5.9539e+03	6.7e+00	8.93543e+01	4.1e+00
5.9573e+03	6.7e+00	3.99172e+01	3.4e+00
5.9608e+03	6.7e+00	1.69912e+01	1.9e+00
5.9642e+03	6.7e+00	1.90480e+01	1.1e+00
5.9677e+03	6.7e+00	2.22892e+01	1.5e+00
5.9711e+03	6.7e+00	2.76866e+01	2.5e+00
5.9746e+03	6.7e+00	3.27840e+01	2.4e+00
5.9780e+03	6.7e+00	4.21396e+01	1.6e+00
5.9814e+03	6.7e+00	4.84162e+01	2.9e+00
5.9849e+03	6.7e+00	4.33249e+01	1.6e+00
5.9883e+03	6.7e+00	2.65677e+01	1.9e+00
5.9918e+03	6.7e+00	2.58863e+01	2.4e+00
5.9952e+03	6.6e+00	2.50955e+01	2.9e+00
5.9986e+03	6.6e+00	2.57734e+01	1.5e+00
6.0021e+03	6.6e+00	2.43151e+01	2.6e+00
6.0055e+03	6.6e+00	2.45313e+01	1.7e+00
6.0090e+03	6.6e+00	2.65990e+01	2.7e+00
6.0124e+03	6.6e+00	2.84765e+01	2.5e+00
6.0158e+03	6.6e+00	3.10118e+01	1.8e+00
6.0193e+03	6.6e+00	2.83033e+01	2.3e+00
6.0227e+03	6.6e+00	2.91232e+01	1.5e+00
6.0261e+03	6.5e+00	3.89463e+01	7.2e-01
6.0296e+03	6.5e+00	6.07048e+01	3.9e+00
6.0330e+03	6.5e+00	9.95298e+01	3.4e+00
6.0364e+03	6.5e+00	1.14769e+02	3.6e+00
6.0398e+03	6.5e+00	9.51770e+01	1.7e+00
6.0433e+03	6.5e+00	6.84050e+01	5.4e+00
6.0467e+03	6.5e+00	5.20326e+01	2.3e+00
6.0501e+03	6.4e+00	5.38298e+01	2.4e+00
6.0536e+03	6.4e+00	4.85079e+01	1.6e+00
6.0570e+03	6.4e+00	3.77955e+01	1.7e+00
6.0604e+03	6.4e+00	4.16607e+01	2.2e+00
6.0638e+03	6.4e+00	4.54904e+01	2.8e+00
6.0672e+03	6.4e+00	4.54981e+01	1.4e+00
6.0707e+03	6.4e+00	5.44513e+01	3.5e+00
6.0741e+03	6.3e+00	9.26347e+01	4.3e+00
6.0775e+03	6.3e+00	1.35900e+02	2.2e+00
6.0809e+03	6.3e+00	1.24862e+02	2.5e+00
6.0844e+03	6.3e+00	8.75039e+01	2.9e+00
6.0878e+03	6.3e+00	3.44522e+01	3.1e+00
6.0912e+03	6.3e+00	3.57818e+01	2.2e+00
6.0946e+03	6.2e+00	8.07106e+01	4.8e+00
6.0980e+03	6.2e+00	1.63026e+02	4.0e+00
6.1014e+03	6.2e+00	1.66437e+02	4.3e+00
6.1048e+03	6.2e+00	1.25602e+02	3.9e+00
6.1083e+03	6.2e+00	5.66735e+01	6.0e+00
6.1117e+03	6.2e+00	2.36344e+01	2.0e+00
6.1151e+03	6.1e+00	2.71813e+01	1.2e+00
6.1185e+03	6.1e+00	3.10118e+01	1.4e+00
6.1219e+03	6.1e+00	2.61495e+01	2.0e+00
6.1253e+03	6.1e+00	2.15469e+01	1.8e+00
6.1287e+03	6.1e+00	2.29124e+01	2.9e+00
6.1321e+03	6.0e+00	2.88834e+01	3.3e+00
6.1355e+03	6.0e+00	3.45130e+01	3.4e+00
6.1389e+03	6.0e+00	4.68287e+01	3.7e+00
6.1423e+03	6.0e+00	1.32081e+02	9.6e+00
6.1458e+03	6.0e+00	2.17772e+02	3.4e+00
6.1492e+03	5.9e+00	1.99430e+02	6.4e+00
6.1526e+03	5.9e+00	1.37842e+02	7.0e+00
6.1560e+03	5.9e+00	3.83689e+01	6.2e+00
6.1594e+03	5.9e+00	2.71976e+01	3.0e+00
6.1628e+03	5.8e+00	5.88141e+01	1.9e+00
6.1662e+03	5.8e+00	8.45792e+01	2.5e+00
6.1696e+03	5.8e+00	7.84752e+01	3.7e+00
6.1730e+03	5.8e+00	7.15346e+01	4.7e+00
6.1764e+03	5.7e+00	3.47332e+01	3.2e+00
6.1797e+03	5.7e+00	2.54070e+01	2.5e+00
6.1831e+03	5.7e+00	2.01072e+01	2.4e+00
6.1865e+03	5.7e+00	1.98555e+01	1.8e+00
6.1899e+03	5.6e+00	1.46052e+01	2.3e+00
6.1933e+03	5.6e+00	1.02347e+01	1.8e+00
6.1967e+03	5.6e+00	1.04920e+01	1.8e+00
6.2001e+03	5.6e+00	8.24000e+00	1.8e+00
6.2035e+03	5.5e+00	1.21045e+01	1.6e+00
6.2069e+03	5.5e+00	1.07769e+01	1.0e+00
6.2103e+03	5.5e+00	1.91474e+01	2.6e+00
6.2137e+03	5.5e+00	2.55687e+01	2.1e+00
6.2170e+03	5.4e+00	4.15986e+01	3.1e+00
6.2204e+03	5.4e+00	4.47937e+01	2.9e+00
6.2238e+03	5.4e+00	3.81754e+01	1.1e+00
6.2272e+03	5.4e+00	2.26805e+01	2.3e+00
6.2306e+03	5.3e+00	9.28106e+00	2.5e+00
6.2340e+03	5.3e+00	1.08460e+01	1.4e+00
6.2373e+03	5.3e+00	8.67019e+00	8.0e-01
6.2407e+03	5.2e+00	9.47388e+00	2.2e+00
6.2441e+03	5.2e+00	1.02983e+01	2.0e+00
6.2475e+03	5.2e+00	1.33050e+01	1.2e+00
6.2509e+03	5.2e+00	1.59444e+01	2.5e+00
6.2542e+03	5.1e+00	1.56733e+01	1.4e+00
6.2576e+03	5.1e+00	2.33260e+01	2.1e+00
6.2610e+03	5.1e+00	3.06909e+01	2.0e+00
6.2644e+03	5.0e+00	7.18733e+01	3.3e+00
6.2677e+03	5.0e+00	1.28295e+02	3.1e+00
6.2711e+03	5.0e+00	1.26069e+02	2.6e+00
6.2745e+03	4.9e+00	8.42892e+01	3.6e+00
6.2778e+03	4.9e+00	2.67882e+01	3.1e+00
6.2812e+03	4.9e+00	1.49024e+01	1.8e+00
6.2846e+03	4.9e+00	1.29172e+01	2.0e+00
6.2879e+03	4.8e+00	1.40860e+01	1.6e+00
6.2913e+03	4.8e+00	1.36630e+01	1.4e+00
6.2947e+03	4.8e+00	1.75777e+01	1.7e+00
6.2980e+03	4.7e+00	2.43896e+01	1.8e+00
6.3014e+03	4.7e+00	2.64027e+01	1.3e+00
6.3048e+03	4.7e+00	4.24334e+01	3.1e+00
6.3081e+03	4.6e+00	4.27460e+01	2.1e+00
6.3115e+03	4.6e+00	3.27156e+01	2.0e+00
6.3149e+03	4.6e+00	1.87729e+01	1.7e+00
6.3182e+03	4.5e+00	1.49002e+01	2.9e+00
6.3216e+03	4.5e+00	1.56208e+01	6.6e-01
6.3249e+03	4.5e+00	1.66308e+01	1.8e+00
6.3283e+03	4.4e+00	2.86710e+01	1.5e+00
6.3316e+03	4.4e+00	5.00830e+01	4.7e+00
6.3350e+03	4.3e+00	8.42016e+01	3.7e+00
6.3383e+03	4.3e+00	7.71700e+01	4.9e+00
6.3417e+03	4.3e+00	5.53536e+01	4.1e+00
6.3450e+03	4.2e+00	1.43811e+01	1.9e+00
6.3484e+03	4.2e+00	9.94061e+00	1.7e+00
6.3517e+03	4.2e+00	1.03371e+01	1.5e+00
6.3551e+03	4.1e+00	9.21325e+00	2.0e+00
6.3584e+03	4.1e+00	1.17470e+01	1.1e+00
6.3618e+03	4.1e+00	1.25620e+01	1.3e+00
6.3651e+03	4.0e+00	1.53363e+01	2.1e+00
6.3685e+03	4.0e+00	1.73386e+01	2.2e+00
6.3718e+03	4.0e+00	2.29799e+01	2.0e+00
6.3752e+03	3.9e+00	2.88259e+01	2.1e+00
6.3785e+03	3.9e+00	5.84826e+01	4.4e+00
6.3818e+03	3.9e+00	1.25205e+02	4.2e+00
6.3852e+03	3.8e+00	1.37559e+02	4.2e+00
6.3885e+03	3.8e+00	1.17565e+02	2.1e+00
6.3919e+03	3.7e+00	6.73206e+01	2.8e+00
6.3952e+03	3.7e+00	6.07322e+01	3.2e+00
6.3985e+03	3.7e+00	1.78679e+02	6.7e+00
6.4019e+03	3.6e+00	2.89103e+02	3.6e+00
6.4052e+03	3.6e+00	2.78739e+02	6.9e+00
6.4085e+03	3.6e+00	1.82561e+02	6.5e+00
6.4119e+03	3.5e+00	4.54731e+01	5.0e+00
6.4152e+03	3.5e+00	4.24527e+01	3.3e+00
6.4185e+03	3.5e+00	4.04889e+01	2.7e+00
6.4219e+03	3.4e+00	3.22569e+01	2.3e+00
6.4252e+03	3.4e+00	1.86035e+01	1.9e+00
6.4285e+03	3.3e+00	1.42016e+01	1.6e+00
6.4318e+03	3.3e+00	1.55911e+01	1.3e+00
6.4352e+03	3.3e+00	1.57098e+01	1.8e+00
6.4385e+03	3.2e+00	1.71765e+01	1.3e+00
6.4418e+03	3.2e+00	1.92185e+01	1.9e+00
6.4451e+03	3.2e+00	1.61983e+01	1.9e+00
6.4485e+03	3.1e+00	1.53304e+01	1.9e+00
6.4518e+03	3.1e+00	1.69884e+01	2.5e+00
6.4551e+03	3.1e+00	1.65815e+01	1.7e+00
6.4584e+03	3.0e+00	1.90741e+01	2.1e+00
6.4617e+03	3.0e+00	1.93606e+01	1.6e+00
6.4650e+03	3.0e+00	1.60343e+01	1.3e+00
6.4684e+03	2.9e+00	1.54000e+01	2.1e+00
6.4717e+03	2.9e+00	1.61562e+01	2.0e+00
6.4750e+03	2.9e+00	1.73213e+01	2.0e+00
6.4783e+03	2.9e+00	1.72963e+01	1.3e+00
6.4816e+03	2.8e+00	1.92734e+01	1.5e+00
6.4849e+03	2.8e+00	1.39285e+01	1.6e+00
6.4882e+03	2.8e+00	1.65809e+01	1.3e+00
6.4915e+03	2.7e+00	1.97105e+01	2.4e+00
6.4948e+03	2.7e+00	2.63827e+01	4.1e+00
6.4981e+03	2.7e+00	4.12811e+01	2.7e+00
6.5014e+03	2.7e+00	9.23218e+01	6.3e+00
6.5048e+03	2.7e+00	1.31934e+02	6.6e+00
6.5081e+03	2.6e+00	1.26319e+02	3.8e+00
6.5114e+03	2.6e+00	7.81162e+01	5.0e+00
6.5147e+03	2.6e+00	1.42168e+01	1.8e+00
6.5180e+03	2.6e+00	1.45802e+01	2.0e+00
6.5213e+03	2.6e+00	1.97530e+01	7.9e-01
6.5245e+03	2.5e+00	2.46743e+01	3.1e+00
6.5278e+03	2.5e+00	4.68824e+01	3.7e+00
6.5311e+03	2.5e+00	5.10414e+01	3.0e+00
6.5344e+03	2.5e+00	5.08672e+01	4.0e+00
6.5377e+03	2.5e+00	3.11523e+01	2.4e+00
6.5410e+03	2.5e+00	2.43035e+01	9.5e-01
6.5443e+03	2.5e+00	2.68828e+01	2.0e+00
6.5476e+03	2.5e+00	4.61784e+01	2.0e+00
6.5509e+03	2.5e+00	7.27492e+01	3.1e+00
6.5542e+03	2.5e+00	1.57298e+02	1.1e+01
6.5575e+03	2.5e+00	3.32231e+02	1.5e+01
6.5607e+03	2.5e+00	3.96534e+02	7.3e+00
6.5640e+03	2.5e+00	3.45755e+02	7.9e+00
6.5673e+03	2.5e+00	1.65879e+02	1.1e+01
6.5706e+03	2.5e+00	2.49010e+01	3.2e+00
6.5739e+03	2.5e+00	2.14247e+01	8.0e-01
6.5772e+03	2.5e+00	1.44368e+01	2.6e+00
6.5804e+03	2.6e+00	2.18414e+01	1.5e+00
6.5837e+03	2.6e+00	2.35011e+01	2.1e+00
6.5870e+03	2.6e+00	3.33527e+01	2.7e+00
6.5903e+03	2.6e+00	6.04867e+01	2.2e+00
6.5935e+03	2.6e+00	1.02826e+02	4.8e+00
6.5968e+03	2.7e+00	1.07780e+02	3.6e+00
6.6001e+03	2.7e+00	9.37641e+01	3.4e+00
6.6034e+03	2.7e+00	4.42357e+01	2.1e+00
6.6066e+03	2.8e+00	2.57518e+01	1.7e+00
6.6099e+03	2.8e+00	2.06084e+01	1.3e+00
6.6132e+03	2.8e+00	1.71370e+01	2.9e+00
6.6164e+03	2.9e+00	1.83129e+01	2.8e+00
6.6197e+03	2.9e+00	1.90536e+01	2.0e+00
6.6230e+03	2.9e+00	1.40188e+01	1.2e+00
6.6262e+03	3.0e+00	1.26938e+01	1.6e+00
6.6295e+03	3.0e+00	1.49912e+01	1.1e+00
6.6328e+03	3.1e+00	2.03421e+01	2.5e+00
6.6360e+03	3.1e+00	1.94785e+01	1.8e+00
6.6393e+03	3.2e+00	1.28767e+01	3.2e+00
6.6425e+03	3.2e+00	1.13897e+01	2.5e+00
6.6458e+03	3.3e+00	1.34221e+01	2.0e+00
6.6490e+03	3.3e+00	1.45571e+01	2.1e+00
6.6523e+03	3.4e+00	1.63159e+01	1.9e+00
6.6555e+03	3.4e+00	1.78503e+01	2.1e+00
6.6588e+03	3.5e+00	2.79186e+01	2.9e+00
6.6621e+03	3.5e+00	3.96284e+01	8.6e+00
6.6653e+03	3.6e+00	6.89621e+01	1.1e+01
6.6686e+03	3.6e+00	1.93653e+02	1.2e+01
6.6718e+03	3.7e+00	2.73741e+02	3.9e+00
6.6750e+03	3.8e+00	2.51680e+02	5.3e+00
6.6783e+03	3.8e+00	1.64645e+02	9.0e+00
6.6815e+03	3.9e+00	2.67786e+01	3.2e+00
6.6848e+03	4.0e+00	1.21655e+01	1.3e+00
6.6880e+03	4.0e+00	1.30818e+01	2.4e+00
6.6913e+03	4.1e+00	1.27950e+01	1.8e+00
6.6945e+03	4.2e+00	1.37016e+01	1.6e+00
6.6977e+03	4.2e+00	1.86765e+01	1.7e+00
6.7010e+03	4.3e+00	2.23135e+01	2.4e+00
6.7042e+03	4.4e+00	3.29549e+01	2.6e+00
6.7075e+03	4.4e+00	8.16093e+01	3.4e+00
6.7107e+03	4.5e+00	8.95987e+01	2.8e+00
6.7139e+03	4.6e+00	8.18387e+01	4.2e+00
6.7172e+03	4.7e+00	4.24522e+01	3.4e+00
6.7204e+03	4.7e+00	1.01672e+01	2.0e+00
6.7236e+03	4.8e+00	1.29981e+01	1.2e+00
6.7268e+03	4.9e+00	8.50055e+00	1.9e+00
6.7301e+03	5.0e+00	1.13215e+01	2.4e+00
6.7333e+03	5.1e+00	1.59589e+01	1.2e+00
6.7365e+03	5.1e+00	1.96157e+01	1.3e+00
6.7397e+03	5.2e+00	4.18674e+01	2.6e+00
6.7430e+03	5.3e+00	6.66796e+01	3.7e+00
6.7462e+03	5.4e+00	7.54881e+01	2.4e+00
6.7494e+03	5.5e+00	6.24384e+01	4.1e+00
6.7526e+03	5.5e+00	3.17094e+01	1.4e+00
6.7558e+03	5.6e+00	1.68718e+01	2.1e+00
6.7591e+03	5.7e+00	1.69730e+01	1.8e+00
6.7623e+03	5.8e+00	1.30517e+01	1.6e+00
6.7655e+03	5.9e+00	8.44772e+00	2.3e+00
6.7687e+03	6.0e+00	9.23608e+00	3.1e+00
6.7719e+03	6.1e+00	1.12412e+01	3.1e+00
6.7751e+03	6.1e+00	8.47788e+00	2.0e+00
6.7783e+03	6.2e+00	1.11934e+01	2.3e+00
6.7815e+03	6.3e+00	8.67470e+00	2.1e+00
6.7847e+03	6.4e+00	8.56506e+00	1.6e+00
6.7880e+03	6.5e+00	1.25995e+01	3.0e+00
6.7912e+03	6.6e+00	8.61392e+00	2.1e+00
6.7944e+03	6.7e+00	6.99349e+00	2.3e+00
6.7976e+03	6.8e+00	1.24650e+01	2.3e+00
6.8008e+03	6.9e+00	1.41500e+01	2.1e+00
6.8040e+03	7.0e+00	1.30303e+01	2.1e+00
6.8072e+03	7.1e+00	1.37691e+01	1.6e+00
6.8104e+03	7.2e+00	1.27867e+01	2.0e+00
6.8136e+03	7.3e+00	1.28814e+01	2.5e+00
6.8168e+03	7.4e+00	1.41727e+01	1.6e+00
6.8199e+03	7.5e+00	1.25002e+01	2.2e+00
6.8231e+03	7.6e+00	1.03843e+01	2.7e+00
6.8263e+03	7.7e+00	1.50836e+01	2.3e+00
6.8295e+03	7.7e+00	1.13520e+01	2.7e+00
6.8327e+03	7.8e+00	1.34299e+01	2.0e+00
6.8359e+03	7.9e+00	1.33728e+01	1.7e+00
6.8391e+03	8.1e+00	1.20512e+01	1.9e+00
6.8423e+03	8.2e+00	1.60507e+01	2.7e+00
6.8455e+03	8.3e+00	1.45637e+01	1.3e+00
6.8486e+03	8.4e+00	2.04236e+01	2.5e+00
6.8518e+03	8.5e+00	2.78424e+01	2.0e+00
6.8550e+03	8.6e+00	4.33176e+01	2.3e+00
6.8582e+03	8.7e+00	6.29724e+01	3.4e+00
6.8614e+03	8.8e+00	6.75117e+01	2.6e+00
6.8645e+03	8.9e+00	4.73714e+01	4.6e+00
6.8677e+03	9.0e+00	1.93988e+01	2.4e+00
6.8709e+03	9.1e+00	1.91479e+01	2.5e+00
6.8741e+03	9.2e+00	1.64210e+01	2.0e+00
6.8772e+03	9.3e+00	1.57446e+01	2.4e+00
6.8804e+03	9.4e+00	1.82054e+01	2.3e+00
6.8836e+03	9.5e+00	1.13016e+01	2.1e+00
6.8867e+03	9.6e+00	1.28216e+01	2.2e+00
6.8899e+03	9.7e+00	1.59882e+01	3.2e+00
6.8931e+03	9.9e+00	1.42642e+01	2.9e+00
6.8962e+03	1.0e+01	1.21607e+01	1.4e+00
6.8994e+03	1.0e+01	1.26991e+01	3.2e+00
6.9026e+03	1.0e+01	2.28358e+01	1.7e+00
6.9057e+03	1.0e+01	2.78208e+01	1.6e+00
6.9089e+03	1.0e+01	4.71493e+01	4.1e+00
6.9120e+03	1.1e+01	8.21621e+01	4.3e+00
6.9152e+03	1.1e+01	9.47411e+01	5.0e+00
6.9183e+03	1.1e+01	9.07857e+01	5.4e+00
6.9215e+03	1.1e+01	6.54138e+01	3.3e+00
6.9247e+03	1.1e+01	3.49815e+01	1.8e+00
6.9278e+03	1.1e+01	2.97467e+01	3.5e+00
6.9310e+03	1.1e+01	3.79245e+01	4.2e+00
6.9341e+03	1.1e+01	7.68590e+01	5.8e+00
6.9373e+03	1.1e+01	1.52529e+02	5.8e+00
6.9404e+03	1.2e+01	2.78522e+02	8.0e+00
6.9435e+03	1.2e+01	5.47565e+02	2.5e+01
6.9467e+03	1.2e+01	1.07169e+03	2.7e+01
6.9498e+03	1.2e+01	1.21917e+03	1.0e+01
6.9530e+03	1.2e+01	1.02101e+03	2.0e+01
6.9561e+03	1.2e+01	4.66131e+02	3.9e+01
6.9593e+03	1.2e+01	3.00032e+01	6.3e+00
6.9624e+03	1.2e+01	2.26502e+01	2.3e+00
6.9655e+03	1.3e+01	1.93836e+01	1.7e+00
6.9687e+03	1.3e+01	1.90024e+01	2.0e+00
6.9718e+03	1.3e+01	1.17312e+01	1.7e+00
6.9749e+03	1.3e+01	1.38429e+01	1.7e+00
6.9781e+03	1.3e+01	2.21943e+01	2.9e+00
6.9812e+03	1.3e+01	1.72902e+01	1.9e+00
6.9843e+03	1.3e+01	1.60882e+01	1.3e+00
6.9874e+03	1.3e+01	1.24274e+01	1.7e+00
6.9906e+03	1.4e+01	1.33676e+01	2.3e+00
6.9937e+03	1.4e+01	2.02205e+01	2.3e+00
6.9968e+03	1.4e+01	2.61822e+01	3.0e+00
6.9999e+03	1.4e+01	3.20110e+01	2.5e+00
7.0031e+03	1.4e+01	4.95999e+01	2.3e+00
7.0062e+03	1.4e+01	7.27479e+01	4.1e+00
7.0093e+03	1.4e+01	1.18834e+02	3.9e+00
7.0124e+03	1.4e+01	1.42709e+02	3.7e+00
7.0155e+03	1.5e+01	1.30319e+02	5.0e+00
7.0186e+03	1.5e+01	7.73271e+01	3.9e+00
7.0218e+03	1.5e+01	2.83057e+01	2.4e+00
7.0249e+03	1.5e+01	1.75916e+01	2.1e+00
7.0280e+03	1.5e+01	2.64991e+01	3.4e+00
7.0311e+03	1.5e+01	5.81699e+01	4.7e+00
7.0342e+03	1.5e+01	1.15501e+02	6.2e+00
7.0373e+03	1.6e+01	2.10436e+02	1.0e+01
7.0404e+03	1.6e+01	3.81981e+02	1.3e+01
7.0435e+03	1.6e+01	6.76709e+02	9.0e+00
7.0466e+03	1.6e+01	7.46995e+02	1.1e+01
7.0497e+03	1.6e+01	6.37690e+02	8.3e+00
7.0528e+03	1.6e+01	3.11565e+02	1.7e+01
7.0559e+03	1.6e+01	2.67521e+01	5.1e+00
7.0590e+03	1.6e+01	1.61913e+01	3.2e+00
7.0621e+03	1.7e+01	1.37961e+01	3.4e+00
7.0652e+03	1.7e+01	1.87577e+01	4.0e+00
7.0683e+03	1.7e+01	1.53781e+01	2.5e+00
7.0714e+03	1.7e+01	1.51061e+01	2.6e+00
7.0745e+03	1.7e+01	1.16018e+01	3.6e+00
7.0776e+03	1.7e+01	1.23833e+01	3.8e+00
7.0807e+03	1.7e+01	1.93052e+01	2.9e+00
7.0837e+03	1.8e+01	1.78211e+01	2.1e+00
7.0868e+03	1.8e+01	1.73015e+01	1.4e+00
7.0899e+03	1.8e+01	1.67369e+01	1.5e+00
7.0930e+03	1.8e+01	1.60426e+01	3.8e+00
7.0961e+03	1.8e+01	1.44217e+01	3.6e+00
7.0991e+03	1.8e+01	1.84663e+01	2.4e+00
7.1022e+03	1.9e+01	2.05757e+01	2.0e+00
7.1053e+03	1.9e+01	2.03452e+01	1.4e+00
7.1084e+03	1.9e+01	2.46494e+01	2.5e+00
7.1115e+03	1.9e+01	3.27973e+01	3.4e+00
7.1145e+03	1.9e+01	4.60995e+01	2.1e+00
7.1176e+03	1.9e+01	7.27622e+01	3.1e+00
7.1207e+03	1.9e+01	9.93355e+01	4.3e+00
7.1237e+03	2.0e+01	8.74065e+01	3.5e+00
7.1268e+03	2.0e+01	6.57223e+01	3.4e+00
7.1299e+03	2.0e+01	1.74439e+01	2.6e+00
7.1329e+03	2.0e+01	1.54478e+01	1.6e+00
7.1360e+03	2.0e+01	1.74928e+01	3.2e+00
7.1391e+03	2.0e+01	2.13209e+01	2.0e+00
7.1421e+03	2.0e+01	1.76447e+01	2.1e+00
7.1452e+03	2.1e+01	2.05103e+01	2.7e+00
7.1482e+03	2.1e+01	1.95344e+01	2.3e+00
7.1513e+03	2.1e+01	1.88562e+01	1.9e+00
7.1543e+03	2.1e+01	1.66797e+01	2.3e+00
7.1574e+03	2.1e+01	1.31457e+01	1.9e+00
7.1605e+03	2.1e+01	1.55334e+01	3.0e+00
7.1635e+03	2.2e+01	1.63172e+01	2.7e+00
7.1666e+03	2.2e+01	1.88315e+01	6.1e-01
7.1696e+03	2.2e+01	2.06732e+01	2.2e+00
7.1726e+03	2.2e+01	2.79739e+01	2.5e+00
7.1757e+03	2.2e+01	2.92562e+01	1.7e+00
7.1787e+03	2.2e+01	3.27786e+01	1.7e+00
7.1818e+03	2.3e+01	3.04238e+01	1.3e+00
7.1848e+03	2.3e+01	2.01163e+01	2.7e+00
7.1879e+03	2.3e+01	1.58881e+01	3.5e+00
7.1909e+03	2.3e+01	1.62750e+01	2.8e+00
7.1939e+03	2.3e+01	1.95714e+01	1.7e+00
7.1970e+03	2.3e+01	2.12019e+01	2.9e+00
7.2000e+03	2.3e+01	1.98182e+01	3.7e+00
7.2030e+03	2.4e+01	2.72298e+01	4.1e+00
7.2061e+03	2.4e+01	3.38300e+01	4.7e+00
7.2091e+03	2.4e+01	3.64472e+01	3.5e+00
7.2121e+03	2.4e+01	4.38067e+01	3.5e+00
7.2152e+03	2.4e+01	4.55369e+01	4.7e+00
7.2182e+03	2.4e+01	4.50501e+01	3.6e+00
7.2212e+03	2.5e+01	3.26979e+01	4.5e+00
7.2242e+03	2.5e+01	3.90738e+01	2.7e+00
7.2272e+03	2.5e+01	6.61975e+01	3.9e+00
7.2303e+03	2.5e+01	9.53146e+01	6.1e+00
7.2333e+03	2.5e+01	1.52757e+02	7.4e+00
7.2363e+03	2.6e+01	2.18131e+02	1.2e+01
7.2393e+03	2.6e+01	2.71917e+02	9.5e+00
7.2423e+03	2.6e+01	2.53635e+02	6.4e+00
7.2453e+03	2.6e+01	1.50962e+02	6.2e+00
7.2484e+03	2.6e+01	4.03401e+01	4.1e+00
7.2514e+03	2.6e+01	2.20881e+01	4.6e+00
7.2544e+03	2.7e+01	2.49132e+01	1.1e+00
7.2574e+03	2.7e+01	1.64407e+01	3.6e+00
7.2604e+03	2.7e+01	1.74121e+01	2.5e+00
7.2634e+03	2.7e+01	2.08010e+01	2.9e+00
7.2664e+03	2.7e+01	1.80214e+01	3.4e+00
7.2694e+03	2.7e+01	2.36252e+01	2.0e+00
7.2724e+03	2.8e+01	2.78298e+01	3.2e+00
7.2754e+03	2.8e+01	3.05357e+01	2.8e+00
7.2784e+03	2.8e+01	2.99455e+01	3.3e+00
7.2814e+03	2.8e+01	3.02688e+01	1.7e+00
7.2844e+03	2.8e+01	2.26644e+01	2.6e+00
7.2874e+03	2.9e+01	2.13030e+01	2.7e+00
7.2904e+03	2.9e+01	2.15887e+01	2.2e+00
7.2933e+03	2.9e+01	1.93264e+01	2.5e+00
7.2963e+03	2.9e+01	1.67420e+01	2.4e+00
7.2993e+03	2.9e+01	2.66135e+01	2.0e+00
7.3023e+03	2.9e+01	2.76629e+01	3.0e+00
7.3053e+03	3.0e+01	2.73393e+01	2.6e+00
7.3083e+03	3.0e+01	3.61857e+01	2.5e+00
7.3113e+03	3.0e+01	4.06791e+01	3.0e+00
7.3142e+03	3.0e+01	4.36433e+01	2.5e+00
7.3172e+03	3.0e+01	4.39620e+01	4.3e+00
7.3202e+03	3.1e+01	4.40212e+01	3.9e+00
7.3232e+03	3.1e+01	7.18682e+01	3.3e+00
7.3261e+03	3.1e+01	1.29473e+02	7.9e+00
7.3291e+03	3.1e+01	2.47843e+02	5.6e+00
7.3321e+03	3.1e+01	4.02096e+02	1.1e+01
7.3351e+03	3.1e+01	5.69843e+02	1.2e+01
7.3380e+03	3.2e+01	8.44956e+02	1.2e+01
7.3410e+03	3.2e+01	1.16709e+03	1.1e+01
7.3439e+03	3.2e+01	1.12403e+03	1.8e+01
7.3469e+03	3.2e+01	8.67695e+02	2.5e+01
7.3499e+03	3.2e+01	3.51769e+02	2.7e+01
7.3528e+03	3.3e+01	4.01491e+01	8.5e+00
7.3558e+03	3.3e+01	3.80626e+01	4.9e+00
7.3588e+03	3.3e+01	2.51662e+01	1.9e+00
7.3617e+03	3.3e+01	2.34544e+01	1.9e+00
7.3647e+03	3.3e+01	2.40918e+01	2.8e+00
7.3676e+03	3.4e+01	3.38381e+01	5.0e+00
7.3706e+03	3.4e+01	3.61350e+01	2.9e+00
7.3735e+03	3.4e+01	3.60130e+01	3.7e+00
7.3765e+03	3.4e+01	3.57606e+01	3.2e+00
7.3794e+03	3.4e+01	2.83766e+01	4.0e+00
7.3824e+03	3.5e+01	3.60320e+01	3.7e+00
7.3853e+03	3.5e+01	4.12087e+01	4.4e+00
7.3882e+03	3.5e+01	4.32205e+01	4.1e+00
7.3912e+03	3.5e+01	4.68468e+01	2.8e+00
7.3941e+03	3.5e+01	4.91222e+01	3.4e+00
7.3971e+03	3.6e+01	3.58956e+01	1.5e+00
7.4000e+03	3.6e+01	3.75791e+01	4.5e+00
7.4029e+03	3.6e+01	3.65046e+01	2.1e+00
7.4059e+03	3.6e+01	3.45062e+01	2.9e+00
7.4088e+03	3.6e+01	4.16623e+01	3.4e+00
7.4117e+03	3.7e+01	3.56925e+01	3.8e+00
7.4147e+03	3.7e+01	4.23785e+01	2.2e+00
7.4176e+03	3.7e+01	4.81053e+01	3.3e+00
7.4205e+03	3.7e+01	4.63492e+01	4.4e+00
7.4234e+03	3.7e+01	5.74045e+01	5.2e+00
7.4264e+03	3.8e+01	5.99589e+01	3.5e+00
7.4293e+03	3.8e+01	7.76549e+01	2.8e+00
7.4322e+03	3.8e+01	1.85936e+02	1.2e+01
7.4351e+03	3.8e+01	5.49192e+02	3.1e+01
7.4380e+03	3.9e+01	1.17777e+03	4.7e+01
7.4409e+03	3.9e+01	2.08517e+03	5.3e+01
7.4439e+03	3.9e+01	3.38360e+03	7.9e+01
7.4468e+03	3.9e+01	4.94361e+03	1.2e+02
7.4497e+03	3.9e+01	7.16047e+03	1.1e+02
7.4526e+03	4.0e+01	8.47163e+03	3.3e+01
7.4555e+03	4.0e+01	7.68557e+03	1.0e+02
7.4584e+03	4.0e+01	5.68041e+03	1.4e+02
7.4613e+03	4.0e+01	3.10737e+03	1.0e+02
7.4642e+03	4.0e+01	2.00952e+03	3.1e+01
7.4671e+03	4.1e+01	1.50101e+03	3.8e+01
7.4700e+03	4.1e+01	6.05092e+02	4.1e+01
7.4729e+03	4.1e+01	9.08590e+01	8.4e+00
7.4758e+03	4.1e+01	6.14596e+01	3.8e+00
7.4787e+03	4.2e+01	5.52499e+01	3.8e+00
7.4816e+03	4.2e+01	6.01391e+01	4.6e+00
7.4845e+03	4.2e+01	5.55778e+01	4.3e+00
7.4874e+03	4.2e+01	4.78787e+01	2.8e+00
7.4903e+03	4.2e+01	3.89175e+01	2.5e+00
7.4932e+03	4.3e+01	3.55214e+01	3.6e+00
7.4960e+03	4.3e+01	4.22434e+01	4.1e+00
7.4989e+03	4.3e+01	4.00172e+01	4.3e+00
7.5018e+03	4.3e+01	3.83985e+01	3.0e+00
7.5047e+03	4.4e+01	4.11114e+01	2.6e+00
7.5076e+03	4.4e+01	3.41813e+01	3.1e+00
7.5105e+03	4.4e+01	2.91963e+01	4.3e+00
7.5133e+03	4.4e+01	3.78711e+01	4.7e+00
7.5162e+03	4.4e+01	4.02765e+01	4.1e+00
7.5191e+03	4.5e+01	3.56579e+01	3.1e+00
7.5220e+03	4.5e+01	3.32778e+01	4.6e+00
7.5248e+03	4.5e+01	3.23919e+01	5.5e+00
7.5277e+03	4.5e+01	2.91965e+01	2.1e+00
7.5306e+03	4.6e+01	3.27189e+01	3.0e+00
7.5334e+03	4.6e+01	3.44737e+01	3.6e+00
7.5363e+03	4.6e+01	3.63600e+01	2.7e+00
7.5392e+03	4.6e+01	3.63090e+01	3.7e+00
7.5420e+03	4.7e+01	3.86328e+01	2.4e+00
7.5449e+03	4.7e+01	3.72353e+01	2.0e+00
7.5477e+03	4.7e+01	4.48283e+01	3.0e+00
7.5506e+03	4.7e+01	1.00361e+02	7.3e+00
7.5534e+03	4.7e+01	2.67422e+02	1.3e+01
7.5563e+03	4.8e+01	5.76869e+02	2.7e+01
7.5592e+03	4.8e+01	1.03547e+03	2.7e+01
7.5620e+03	4.8e+01	1.61655e+03	4.0e+01
7.5648e+03	4.8e+01	2.20166e+03	3.3e+01
7.5677e+03	4.9e+01	2.90296e+03	3.0e+01
7.5705e+03	4.9e+01	3.71730e+03	4.0e+01
7.5734e+03	4.9e+01	3.43768e+03	7.3e+01
7.5762e+03	4.9e+01	2.59430e+03	5.5e+01
7.5791e+03	5.0e+01	1.13881e+03	7.4e+01
7.5819e+03	5.0e+01	1.30684e+02	1.7e+01
7.5847e+03	5.0e+01	5.41078e+01	3.6e+00
7.5876e+03	5.0e+01	3.65342e+01	2.5e+00
7.5904e+03	5.1e+01	2.54649e+01	2.4e+00
7.5932e+03	5.1e+01	2.48440e+01	3.7e+00
