# lambda [A]	Dlambda [A]	specval [counts]	Dspecval [counts]
4.1774e+03	3.0e+00	5.86181e+02	2.4e+01
4.1811e+03	3.0e+00	8.52240e+02	1.7e+01
4.1847e+03	3.0e+00	1.23932e+03	4.1e+01
4.1884e+03	3.0e+00	1.23496e+03	2.2e+01
4.1920e+03	3.0e+00	8.63367e+02	3.1e+01
4.1957e+03	3.0e+00	4.16060e+02	1.7e+01
4.1993e+03	2.9e+00	2.84089e+02	8.7e+00
4.2030e+03	2.9e+00	2.66685e+02	6.4e+00
4.2066e+03	2.9e+00	2.93802e+02	1.0e+01
4.2103e+03	2.9e+00	3.32554e+02	1.7e+01
4.2140e+03	2.9e+00	3.53886e+02	1.9e+01
4.2176e+03	2.9e+00	3.52955e+02	1.8e+01
4.2213e+03	2.9e+00	3.16898e+02	1.3e+01
4.2249e+03	2.9e+00	2.97053e+02	1.0e+01
4.2285e+03	2.9e+00	2.71463e+02	8.4e+00
4.2322e+03	2.8e+00	2.58966e+02	1.2e+01
4.2358e+03	2.8e+00	2.35017e+02	1.2e+01
4.2395e+03	2.8e+00	2.80391e+02	1.7e+01
4.2431e+03	2.8e+00	4.49478e+02	1.3e+01
4.2468e+03	2.8e+00	6.43487e+02	8.6e+00
4.2504e+03	2.8e+00	7.23586e+02	1.8e+01
4.2541e+03	2.8e+00	6.06839e+02	1.7e+01
4.2577e+03	2.8e+00	4.45574e+02	1.4e+01
4.2614e+03	2.7e+00	5.72395e+02	8.2e+00
4.2650e+03	2.7e+00	6.42268e+02	1.8e+01
4.2687e+03	2.7e+00	5.60227e+02	1.8e+01
4.2723e+03	2.7e+00	4.21246e+02	1.7e+01
4.2759e+03	2.7e+00	2.46180e+02	9.7e+00
4.2796e+03	2.7e+00	1.81411e+02	4.1e+00
4.2832e+03	2.7e+00	1.97161e+02	9.9e+00
4.2869e+03	2.7e+00	2.76041e+02	1.3e+01
4.2905e+03	2.7e+00	3.26897e+02	8.3e+00
4.2942e+03	2.7e+00	3.15624e+02	1.2e+01
4.2978e+03	2.6e+00	2.43003e+02	7.4e+00
4.3014e+03	2.6e+00	2.38713e+02	1.3e+01
4.3051e+03	2.6e+00	2.37077e+02	1.4e+01
4.3087e+03	2.6e+00	2.14225e+02	9.3e+00
4.3124e+03	2.6e+00	2.04807e+02	1.1e+01
4.3160e+03	2.6e+00	2.40100e+02	1.2e+01
4.3196e+03	2.6e+00	3.64170e+02	1.3e+01
4.3233e+03	2.6e+00	4.81083e+02	1.6e+01
4.3269e+03	2.6e+00	4.85222e+02	1.2e+01
4.3305e+03	2.5e+00	4.51499e+02	1.5e+01
4.3342e+03	2.5e+00	4.51754e+02	1.1e+01
4.3378e+03	2.5e+00	4.98088e+02	1.5e+01
4.3414e+03	2.5e+00	4.41431e+02	6.7e+00
4.3451e+03	2.5e+00	3.72233e+02	8.5e+00
4.3487e+03	2.5e+00	2.61935e+02	1.0e+01
4.3524e+03	2.5e+00	2.45723e+02	9.7e+00
4.3560e+03	2.5e+00	2.96720e+02	7.0e+00
4.3596e+03	2.5e+00	3.46716e+02	1.4e+01
4.3633e+03	2.5e+00	3.89449e+02	1.2e+01
4.3669e+03	2.4e+00	4.52986e+02	1.7e+01
4.3705e+03	2.4e+00	4.15513e+02	1.6e+01
4.3741e+03	2.4e+00	3.71344e+02	1.2e+01
4.3778e+03	2.4e+00	3.02768e+02	6.6e+00
4.3814e+03	2.4e+00	2.40467e+02	1.7e+01
4.3850e+03	2.4e+00	2.09079e+02	1.0e+01
4.3887e+03	2.4e+00	2.24824e+02	1.2e+01
4.3923e+03	2.4e+00	2.40577e+02	1.3e+01
4.3959e+03	2.4e+00	2.30970e+02	1.0e+01
4.3996e+03	2.4e+00	1.99344e+02	6.6e+00
4.4032e+03	2.3e+00	1.72195e+02	6.8e+00
4.4068e+03	2.3e+00	1.58661e+02	7.2e+00
4.4104e+03	2.3e+00	1.71769e+02	5.0e+00
4.4141e+03	2.3e+00	2.22321e+02	1.3e+01
4.4177e+03	2.3e+00	2.88454e+02	1.0e+01
4.4213e+03	2.3e+00	3.32148e+02	1.1e+01
4.4249e+03	2.3e+00	3.10935e+02	1.3e+01
4.4286e+03	2.3e+00	2.33222e+02	8.7e+00
4.4322e+03	2.3e+00	1.91785e+02	7.1e+00
4.4358e+03	2.3e+00	1.93481e+02	7.6e+00
4.4394e+03	2.2e+00	1.75896e+02	1.2e+01
4.4431e+03	2.2e+00	1.77190e+02	1.3e+01
4.4467e+03	2.2e+00	1.93504e+02	7.3e+00
4.4503e+03	2.2e+00	1.85682e+02	1.1e+01
4.4539e+03	2.2e+00	1.44186e+02	1.2e+01
4.4575e+03	2.2e+00	1.58720e+02	5.9e+00
4.4612e+03	2.2e+00	1.81966e+02	7.2e+00
4.4648e+03	2.2e+00	2.26864e+02	8.7e+00
4.4684e+03	2.2e+00	2.26044e+02	8.0e+00
4.4720e+03	2.2e+00	2.59089e+02	1.7e+01
4.4756e+03	2.2e+00	2.57614e+02	9.6e+00
4.4793e+03	2.1e+00	2.37637e+02	8.0e+00
4.4829e+03	2.1e+00	2.21064e+02	9.7e+00
4.4865e+03	2.1e+00	2.29156e+02	6.8e+00
4.4901e+03	2.1e+00	2.39714e+02	1.1e+01
4.4937e+03	2.1e+00	2.46692e+02	9.0e+00
4.4973e+03	2.1e+00	3.36084e+02	7.1e+00
4.5010e+03	2.1e+00	3.95960e+02	2.4e+01
4.5046e+03	2.1e+00	4.85097e+02	1.6e+01
4.5082e+03	2.1e+00	4.32969e+02	1.3e+01
4.5118e+03	2.1e+00	3.04364e+02	1.8e+01
4.5154e+03	2.1e+00	1.94012e+02	3.5e+00
4.5190e+03	2.1e+00	1.83660e+02	7.1e+00
4.5227e+03	2.0e+00	1.85806e+02	6.3e+00
4.5263e+03	2.0e+00	1.80430e+02	8.3e+00
4.5299e+03	2.0e+00	1.87357e+02	8.9e+00
4.5335e+03	2.0e+00	1.90497e+02	7.2e+00
4.5371e+03	2.0e+00	2.72667e+02	8.9e+00
4.5407e+03	2.0e+00	3.61104e+02	1.2e+01
4.5443e+03	2.0e+00	3.29106e+02	8.7e+00
4.5479e+03	2.0e+00	2.34636e+02	8.9e+00
4.5515e+03	2.0e+00	1.57716e+02	6.4e+00
4.5552e+03	2.0e+00	1.48648e+02	7.3e+00
4.5588e+03	2.0e+00	1.55594e+02	5.3e+00
4.5624e+03	2.0e+00	1.44149e+02	1.0e+01
4.5660e+03	1.9e+00	1.43901e+02	7.2e+00
4.5696e+03	1.9e+00	1.47426e+02	4.8e+00
4.5732e+03	1.9e+00	2.05355e+02	7.3e+00
4.5768e+03	1.9e+00	2.37285e+02	6.9e+00
4.5804e+03	1.9e+00	2.42106e+02	4.6e+00
4.5840e+03	1.9e+00	2.31642e+02	8.6e+00
4.5876e+03	1.9e+00	2.43446e+02	1.3e+01
4.5912e+03	1.9e+00	2.54496e+02	5.9e+00
4.5948e+03	1.9e+00	1.81563e+02	6.2e+00
4.5984e+03	1.9e+00	1.66262e+02	7.5e+00
4.6020e+03	1.9e+00	2.22517e+02	7.6e+00
4.6056e+03	1.9e+00	2.85950e+02	8.5e+00
4.6092e+03	1.9e+00	2.85810e+02	4.8e+00
4.6128e+03	1.9e+00	2.10422e+02	9.9e+00
4.6164e+03	1.8e+00	1.25050e+02	4.7e+00
4.6200e+03	1.8e+00	1.14002e+02	1.0e+01
4.6236e+03	1.8e+00	1.12038e+02	5.4e+00
4.6272e+03	1.8e+00	1.21816e+02	6.0e+00
4.6308e+03	1.8e+00	1.19614e+02	6.3e+00
4.6344e+03	1.8e+00	1.10344e+02	2.8e+00
4.6380e+03	1.8e+00	1.16355e+02	5.8e+00
4.6416e+03	1.8e+00	1.16290e+02	7.4e+00
4.6452e+03	1.8e+00	1.15218e+02	4.2e+00
4.6488e+03	1.8e+00	1.28853e+02	6.4e+00
4.6524e+03	1.8e+00	2.06096e+02	9.0e+00
4.6560e+03	1.8e+00	2.65308e+02	1.0e+01
4.6596e+03	1.8e+00	2.43439e+02	6.2e+00
4.6632e+03	1.8e+00	1.75734e+02	9.3e+00
4.6668e+03	1.7e+00	1.25940e+02	6.9e+00
4.6704e+03	1.7e+00	1.26467e+02	7.2e+00
4.6740e+03	1.7e+00	1.20846e+02	7.5e+00
4.6776e+03	1.7e+00	1.15458e+02	6.8e+00
4.6812e+03	1.7e+00	1.31238e+02	4.0e+00
4.6848e+03	1.7e+00	1.33596e+02	4.2e+00
4.6884e+03	1.7e+00	1.16165e+02	4.8e+00
4.6920e+03	1.7e+00	1.21722e+02	8.6e+00
4.6956e+03	1.7e+00	1.21196e+02	5.7e+00
4.6992e+03	1.7e+00	1.24897e+02	5.0e+00
4.7028e+03	1.7e+00	1.15479e+02	8.2e+00
4.7063e+03	1.7e+00	1.11868e+02	5.7e+00
4.7099e+03	1.7e+00	1.12375e+02	5.5e+00
4.7135e+03	1.7e+00	1.14233e+02	6.1e+00
4.7171e+03	1.7e+00	1.22049e+02	6.1e+00
4.7207e+03	1.7e+00	1.37373e+02	5.8e+00
4.7243e+03	1.7e+00	1.63115e+02	6.4e+00
4.7279e+03	1.6e+00	1.84770e+02	4.7e+00
4.7315e+03	1.6e+00	2.01281e+02	1.2e+01
4.7351e+03	1.6e+00	1.43332e+02	1.2e+01
4.7386e+03	1.6e+00	1.32883e+02	6.0e+00
4.7422e+03	1.6e+00	1.08796e+02	5.2e+00
4.7458e+03	1.6e+00	9.13903e+01	5.0e+00
4.7494e+03	1.6e+00	9.80346e+01	5.2e+00
4.7530e+03	1.6e+00	1.00078e+02	2.5e+00
4.7566e+03	1.6e+00	1.13506e+02	4.6e+00
4.7602e+03	1.6e+00	1.82964e+02	8.8e+00
4.7637e+03	1.6e+00	2.82268e+02	5.9e+00
4.7673e+03	1.6e+00	2.67122e+02	1.3e+01
4.7709e+03	1.6e+00	1.86395e+02	8.2e+00
4.7745e+03	1.6e+00	9.41607e+01	6.8e+00
4.7781e+03	1.6e+00	8.94916e+01	3.9e+00
4.7816e+03	1.6e+00	8.94848e+01	3.5e+00
4.7852e+03	1.6e+00	8.52408e+01	2.2e+00
4.7888e+03	1.6e+00	9.59605e+01	2.9e+00
4.7924e+03	1.6e+00	1.00506e+02	8.9e+00
4.7960e+03	1.5e+00	1.06608e+02	4.9e+00
4.7996e+03	1.5e+00	1.24515e+02	2.4e+00
4.8031e+03	1.5e+00	1.70448e+02	6.8e+00
4.8067e+03	1.5e+00	2.08844e+02	7.2e+00
4.8103e+03	1.5e+00	1.98543e+02	5.0e+00
4.8139e+03	1.5e+00	1.93978e+02	4.8e+00
4.8174e+03	1.5e+00	1.85290e+02	3.8e+00
4.8210e+03	1.5e+00	2.14904e+02	8.1e+00
4.8246e+03	1.5e+00	2.56594e+02	7.0e+00
4.8282e+03	1.5e+00	2.61506e+02	3.8e+00
4.8317e+03	1.5e+00	2.82589e+02	6.7e+00
4.8353e+03	1.5e+00	2.39013e+02	4.6e+00
4.8389e+03	1.5e+00	1.56257e+02	5.1e+00
4.8425e+03	1.5e+00	1.07416e+02	6.9e+00
4.8460e+03	1.5e+00	1.01240e+02	4.5e+00
4.8496e+03	1.5e+00	1.13505e+02	4.6e+00
4.8532e+03	1.5e+00	1.18152e+02	4.9e+00
4.8568e+03	1.5e+00	1.63735e+02	9.3e+00
4.8603e+03	1.5e+00	2.37294e+02	6.4e+00
4.8639e+03	1.5e+00	2.37210e+02	4.7e+00
4.8675e+03	1.5e+00	1.94509e+02	3.8e+00
4.8710e+03	1.5e+00	1.32013e+02	8.0e+00
4.8746e+03	1.5e+00	1.21627e+02	5.9e+00
4.8782e+03	1.5e+00	1.73170e+02	5.3e+00
4.8818e+03	1.4e+00	1.96250e+02	2.9e+00
4.8853e+03	1.4e+00	1.72250e+02	7.5e+00
4.8889e+03	1.4e+00	1.44543e+02	5.7e+00
4.8925e+03	1.4e+00	1.24301e+02	5.6e+00
4.8960e+03	1.4e+00	1.20017e+02	3.6e+00
4.8996e+03	1.4e+00	9.41087e+01	3.3e+00
4.9032e+03	1.4e+00	8.65324e+01	3.9e+00
4.9067e+03	1.4e+00	8.38229e+01	5.2e+00
4.9103e+03	1.4e+00	8.43526e+01	6.2e+00
4.9139e+03	1.4e+00	8.88653e+01	4.0e+00
4.9174e+03	1.4e+00	7.98177e+01	6.8e+00
4.9210e+03	1.4e+00	8.57159e+01	5.4e+00
4.9246e+03	1.4e+00	8.59998e+01	4.9e+00
4.9281e+03	1.4e+00	8.01731e+01	5.7e+00
4.9317e+03	1.4e+00	8.82641e+01	3.0e+00
4.9352e+03	1.4e+00	8.05066e+01	5.0e+00
4.9388e+03	1.4e+00	7.12745e+01	5.5e+00
4.9424e+03	1.4e+00	6.98252e+01	3.6e+00
4.9459e+03	1.4e+00	6.49751e+01	3.0e+00
4.9495e+03	1.4e+00	6.64669e+01	4.7e+00
4.9530e+03	1.4e+00	6.91498e+01	4.5e+00
4.9566e+03	1.4e+00	7.99483e+01	3.2e+00
4.9602e+03	1.4e+00	8.77181e+01	3.8e+00
4.9637e+03	1.4e+00	9.98655e+01	2.0e+00
4.9673e+03	1.4e+00	1.09153e+02	3.0e+00
4.9708e+03	1.4e+00	9.39591e+01	3.3e+00
4.9744e+03	1.4e+00	7.63930e+01	4.1e+00
4.9780e+03	1.4e+00	6.77430e+01	2.7e+00
4.9815e+03	1.4e+00	6.47728e+01	3.0e+00
4.9851e+03	1.4e+00	6.00527e+01	3.6e+00
4.9886e+03	1.4e+00	5.83063e+01	3.9e+00
4.9922e+03	1.4e+00	6.97441e+01	4.9e+00
4.9957e+03	1.4e+00	6.83446e+01	4.2e+00
4.9993e+03	1.4e+00	7.08760e+01	2.6e+00
5.0028e+03	1.4e+00	6.59206e+01	5.0e+00
5.0064e+03	1.4e+00	6.52057e+01	2.2e+00
5.0100e+03	1.3e+00	8.44714e+01	3.6e+00
5.0135e+03	1.3e+00	9.77451e+01	4.9e+00
5.0171e+03	1.3e+00	1.11185e+02	5.3e+00
5.0206e+03	1.3e+00	1.01802e+02	3.5e+00
5.0242e+03	1.3e+00	7.65447e+01	3.8e+00
5.0277e+03	1.3e+00	5.83264e+01	2.6e+00
5.0313e+03	1.3e+00	5.54305e+01	3.3e+00
5.0348e+03	1.3e+00	6.48784e+01	2.6e+00
5.0384e+03	1.3e+00	6.76395e+01	2.4e+00
5.0419e+03	1.3e+00	6.31188e+01	3.4e+00
5.0455e+03	1.3e+00	6.78905e+01	3.0e+00
5.0490e+03	1.3e+00	7.26329e+01	4.2e+00
5.0526e+03	1.3e+00	7.55304e+01	2.6e+00
5.0561e+03	1.3e+00	8.12874e+01	2.9e+00
5.0597e+03	1.3e+00	7.91812e+01	3.8e+00
5.0632e+03	1.3e+00	7.74092e+01	5.4e+00
5.0667e+03	1.3e+00	8.14132e+01	2.7e+00
5.0703e+03	1.3e+00	7.72546e+01	3.4e+00
5.0738e+03	1.3e+00	7.10761e+01	4.5e+00
5.0774e+03	1.3e+00	7.15613e+01	4.4e+00
5.0809e+03	1.3e+00	7.21167e+01	3.5e+00
5.0845e+03	1.3e+00	6.86800e+01	4.2e+00
5.0880e+03	1.3e+00	6.41760e+01	3.3e+00
5.0916e+03	1.3e+00	5.80930e+01	3.0e+00
5.0951e+03	1.3e+00	5.42020e+01	1.2e+00
5.0986e+03	1.3e+00	4.87597e+01	3.5e+00
5.1022e+03	1.3e+00	4.96158e+01	3.1e+00
5.1057e+03	1.3e+00	5.22967e+01	4.9e+00
5.1093e+03	1.3e+00	4.78652e+01	3.2e+00
5.1128e+03	1.3e+00	4.19912e+01	6.7e+00
5.1163e+03	1.3e+00	5.15538e+01	4.1e+00
5.1199e+03	1.3e+00	6.11005e+01	3.9e+00
5.1234e+03	1.3e+00	5.53283e+01	3.3e+00
5.1270e+03	1.3e+00	5.46233e+01	4.0e+00
5.1305e+03	1.3e+00	6.74249e+01	5.4e+00
5.1340e+03	1.3e+00	6.21123e+01	6.5e+00
5.1376e+03	1.3e+00	6.67815e+01	4.0e+00
5.1411e+03	1.3e+00	7.55659e+01	2.7e+00
5.1447e+03	1.3e+00	7.72752e+01	5.8e+00
5.1482e+03	1.3e+00	7.36150e+01	1.6e+00
5.1517e+03	1.3e+00	8.09552e+01	3.1e+00
5.1553e+03	1.3e+00	7.46672e+01	3.1e+00
5.1588e+03	1.3e+00	8.38963e+01	1.7e+00
5.1623e+03	1.3e+00	9.93630e+01	4.2e+00
5.1659e+03	1.3e+00	1.04007e+02	5.5e+00
5.1694e+03	1.3e+00	1.04991e+02	3.9e+00
5.1729e+03	1.3e+00	9.09707e+01	3.2e+00
5.1765e+03	1.3e+00	8.85017e+01	4.7e+00
5.1800e+03	1.3e+00	1.18878e+02	3.5e+00
5.1835e+03	1.3e+00	1.34632e+02	4.1e+00
5.1871e+03	1.3e+00	1.53683e+02	5.2e+00
5.1906e+03	1.3e+00	1.78115e+02	3.9e+00
5.1941e+03	1.3e+00	1.97567e+02	3.3e+00
5.1977e+03	1.3e+00	1.62633e+02	4.4e+00
5.2012e+03	1.3e+00	1.29659e+02	5.0e+00
5.2047e+03	1.3e+00	8.07109e+01	4.5e+00
5.2082e+03	1.3e+00	4.47193e+01	3.4e+00
5.2118e+03	1.3e+00	3.59541e+01	3.4e+00
5.2153e+03	1.3e+00	3.64737e+01	3.0e+00
5.2188e+03	1.3e+00	4.17327e+01	3.4e+00
5.2223e+03	1.3e+00	5.04495e+01	2.1e+00
5.2259e+03	1.3e+00	5.43102e+01	3.8e+00
5.2294e+03	1.3e+00	4.34911e+01	3.2e+00
5.2329e+03	1.3e+00	3.83763e+01	2.9e+00
5.2365e+03	1.3e+00	4.09027e+01	2.3e+00
5.2400e+03	1.3e+00	3.72725e+01	1.2e+00
5.2435e+03	1.3e+00	5.04698e+01	1.6e+00
5.2470e+03	1.3e+00	4.51734e+01	2.1e+00
5.2505e+03	1.3e+00	4.47722e+01	2.1e+00
5.2541e+03	1.3e+00	5.32696e+01	3.1e+00
5.2576e+03	1.3e+00	5.21362e+01	1.6e+00
5.2611e+03	1.3e+00	4.43585e+01	2.5e+00
5.2646e+03	1.3e+00	5.04605e+01	2.9e+00
5.2682e+03	1.3e+00	5.00981e+01	2.9e+00
5.2717e+03	1.3e+00	4.30077e+01	2.7e+00
5.2752e+03	1.3e+00	4.04482e+01	5.1e+00
5.2787e+03	1.3e+00	3.90809e+01	3.6e+00
5.2822e+03	1.3e+00	4.24416e+01	3.1e+00
5.2858e+03	1.3e+00	4.17593e+01	2.1e+00
5.2893e+03	1.3e+00	3.88547e+01	2.4e+00
5.2928e+03	1.3e+00	3.68610e+01	2.6e+00
5.2963e+03	1.3e+00	3.66076e+01	4.6e+00
5.2998e+03	1.3e+00	4.24497e+01	1.7e+00
5.3033e+03	1.3e+00	3.51472e+01	1.9e+00
5.3069e+03	1.3e+00	4.05738e+01	2.5e+00
5.3104e+03	1.3e+00	3.62555e+01	2.4e+00
5.3139e+03	1.3e+00	3.72381e+01	3.1e+00
5.3174e+03	1.3e+00	3.86350e+01	2.4e+00
5.3209e+03	1.3e+00	3.95429e+01	4.1e+00
5.3244e+03	1.3e+00	3.96379e+01	2.0e+00
5.3280e+03	1.3e+00	4.20802e+01	2.9e+00
5.3315e+03	1.3e+00	4.67107e+01	2.7e+00
5.3350e+03	1.3e+00	5.12754e+01	4.2e+00
5.3385e+03	1.3e+00	4.14037e+01	2.1e+00
5.3420e+03	1.3e+00	4.22161e+01	2.5e+00
5.3455e+03	1.3e+00	4.91221e+01	2.3e+00
5.3490e+03	1.3e+00	4.35184e+01	3.4e+00
5.3525e+03	1.3e+00	4.10587e+01	4.1e+00
5.3560e+03	1.3e+00	3.99915e+01	2.3e+00
5.3596e+03	1.3e+00	3.24732e+01	2.5e+00
5.3631e+03	1.3e+00	3.40540e+01	3.8e+00
5.3666e+03	1.3e+00	3.47007e+01	2.7e+00
5.3701e+03	1.3e+00	3.39844e+01	1.8e+00
5.3736e+03	1.3e+00	2.86826e+01	4.1e+00
5.3771e+03	1.3e+00	3.65076e+01	3.0e+00
5.3806e+03	1.3e+00	3.29303e+01	2.1e+00
5.3841e+03	1.3e+00	2.61475e+01	3.4e+00
5.3876e+03	1.3e+00	2.73592e+01	2.2e+00
5.3911e+03	1.3e+00	2.78917e+01	1.8e+00
5.3946e+03	1.3e+00	3.01600e+01	2.6e+00
5.3981e+03	1.3e+00	4.04254e+01	1.6e+00
5.4016e+03	1.3e+00	5.42174e+01	3.2e+00
5.4051e+03	1.3e+00	5.17978e+01	2.3e+00
5.4086e+03	1.3e+00	4.57434e+01	1.5e+00
5.4121e+03	1.3e+00	3.42344e+01	2.2e+00
5.4157e+03	1.3e+00	3.07925e+01	2.2e+00
5.4192e+03	1.3e+00	3.17198e+01	2.9e+00
5.4227e+03	1.3e+00	3.49303e+01	3.8e+00
5.4262e+03	1.3e+00	3.36595e+01	2.6e+00
5.4297e+03	1.3e+00	2.86132e+01	2.6e+00
5.4332e+03	1.3e+00	2.60922e+01	3.8e+00
5.4367e+03	1.3e+00	2.77776e+01	1.8e+00
5.4402e+03	1.3e+00	2.83986e+01	3.4e+00
5.4437e+03	1.3e+00	2.95146e+01	1.8e+00
5.4472e+03	1.3e+00	3.37872e+01	3.3e+00
5.4507e+03	1.3e+00	3.57364e+01	1.6e+00
5.4542e+03	1.3e+00	3.44876e+01	2.8e+00
5.4577e+03	1.3e+00	3.63714e+01	1.4e+00
5.4611e+03	1.4e+00	2.86794e+01	2.0e+00
5.4646e+03	1.4e+00	2.85559e+01	2.0e+00
5.4681e+03	1.4e+00	2.37128e+01	2.8e+00
5.4716e+03	1.4e+00	2.69510e+01	2.6e+00
5.4751e+03	1.4e+00	2.52016e+01	1.9e+00
5.4786e+03	1.4e+00	1.91558e+01	1.7e+00
5.4821e+03	1.4e+00	1.92272e+01	3.1e+00
5.4856e+03	1.4e+00	2.17107e+01	1.7e+00
5.4891e+03	1.4e+00	2.60730e+01	1.6e+00
5.4926e+03	1.4e+00	3.44974e+01	2.5e+00
5.4961e+03	1.4e+00	4.23098e+01	1.1e+00
5.4996e+03	1.4e+00	4.34544e+01	2.9e+00
5.5031e+03	1.4e+00	3.68293e+01	2.0e+00
5.5066e+03	1.4e+00	3.04747e+01	2.8e+00
5.5101e+03	1.4e+00	2.81426e+01	3.1e+00
5.5135e+03	1.4e+00	2.41337e+01	2.6e+00
5.5170e+03	1.4e+00	2.34827e+01	2.5e+00
5.5205e+03	1.4e+00	2.14237e+01	1.7e+00
5.5240e+03	1.4e+00	2.79625e+01	1.6e+00
5.5275e+03	1.4e+00	2.75362e+01	3.5e+00
5.5310e+03	1.4e+00	2.68544e+01	2.9e+00
5.5345e+03	1.4e+00	3.32290e+01	2.3e+00
5.5380e+03	1.4e+00	2.88409e+01	3.9e+00
5.5415e+03	1.4e+00	3.11630e+01	2.9e+00
5.5449e+03	1.4e+00	3.25722e+01	2.3e+00
5.5484e+03	1.4e+00	2.60574e+01	2.1e+00
5.5519e+03	1.4e+00	3.30379e+01	2.2e+00
5.5554e+03	1.4e+00	4.23464e+01	2.9e+00
5.5589e+03	1.4e+00	5.13539e+01	4.2e+00
5.5624e+03	1.4e+00	5.72219e+01	3.9e+00
5.5659e+03	1.4e+00	5.49429e+01	4.5e+00
5.5693e+03	1.4e+00	4.43345e+01	2.4e+00
5.5728e+03	1.4e+00	4.67859e+01	2.1e+00
5.5763e+03	1.4e+00	4.87001e+01	2.9e+00
5.5798e+03	1.4e+00	4.32885e+01	2.7e+00
5.5833e+03	1.4e+00	4.94707e+01	4.3e+00
5.5867e+03	1.4e+00	4.68335e+01	4.2e+00
5.5902e+03	1.4e+00	5.54665e+01	4.6e+00
5.5937e+03	1.4e+00	5.86995e+01	2.3e+00
5.5972e+03	1.4e+00	7.19713e+01	3.3e+00
5.6007e+03	1.4e+00	7.31693e+01	2.4e+00
5.6041e+03	1.4e+00	8.39013e+01	3.6e+00
5.6076e+03	1.4e+00	9.09815e+01	2.5e+00
5.6111e+03	1.4e+00	8.12893e+01	2.5e+00
5.6146e+03	1.4e+00	5.58832e+01	3.0e+00
5.6181e+03	1.4e+00	3.07271e+01	3.1e+00
5.6215e+03	1.4e+00	2.48822e+01	1.8e+00
5.6250e+03	1.4e+00	2.39512e+01	2.5e+00
5.6285e+03	1.4e+00	2.88612e+01	2.3e+00
5.6320e+03	1.4e+00	2.87176e+01	1.2e+00
5.6354e+03	1.4e+00	2.56689e+01	3.0e+00
5.6389e+03	1.4e+00	2.64329e+01	1.8e+00
5.6424e+03	1.4e+00	2.85696e+01	2.3e+00
5.6459e+03	1.4e+00	3.44799e+01	2.6e+00
5.6493e+03	1.4e+00	4.34130e+01	2.5e+00
5.6528e+03	1.4e+00	3.52896e+01	2.0e+00
5.6563e+03	1.4e+00	4.12648e+01	2.3e+00
5.6597e+03	1.4e+00	4.01231e+01	2.0e+00
5.6632e+03	1.4e+00	3.41815e+01	2.1e+00
5.6667e+03	1.4e+00	3.38739e+01	2.9e+00
5.6702e+03	1.4e+00	4.05415e+01	3.2e+00
5.6736e+03	1.4e+00	4.53755e+01	3.9e+00
5.6771e+03	1.4e+00	4.56094e+01	2.1e+00
5.6806e+03	1.4e+00	4.90031e+01	2.2e+00
5.6840e+03	1.4e+00	4.41425e+01	1.8e+00
5.6875e+03	1.4e+00	4.45707e+01	2.2e+00
5.6910e+03	1.4e+00	4.50406e+01	2.1e+00
5.6944e+03	1.4e+00	4.47823e+01	2.3e+00
5.6979e+03	1.4e+00	3.57638e+01	3.1e+00
5.7014e+03	1.4e+00	3.35384e+01	2.5e+00
5.7048e+03	1.4e+00	3.93083e+01	8.2e-01
5.7083e+03	1.4e+00	3.25426e+01	2.0e+00
5.7118e+03	1.4e+00	2.53107e+01	1.9e+00
5.7152e+03	1.4e+00	2.94653e+01	2.4e+00
5.7187e+03	1.4e+00	2.68450e+01	2.4e+00
5.7222e+03	1.4e+00	2.53046e+01	2.3e+00
5.7256e+03	1.4e+00	2.73727e+01	2.4e+00
5.7291e+03	1.4e+00	2.42237e+01	1.3e+00
5.7326e+03	1.4e+00	2.68041e+01	1.4e+00
5.7360e+03	1.4e+00	2.83976e+01	2.9e+00
5.7395e+03	1.4e+00	2.73547e+01	2.5e+00
5.7429e+03	1.4e+00	2.80840e+01	3.2e+00
5.7464e+03	1.4e+00	3.11391e+01	3.5e+00
5.7499e+03	1.4e+00	2.95876e+01	3.3e+00
5.7533e+03	1.4e+00	3.11481e+01	2.5e+00
5.7568e+03	1.4e+00	2.67575e+01	2.4e+00
5.7602e+03	1.4e+00	2.57056e+01	2.8e+00
5.7637e+03	1.4e+00	3.97469e+01	3.6e+00
5.7672e+03	1.4e+00	4.01435e+01	3.3e+00
5.7706e+03	1.4e+00	4.11777e+01	2.6e+00
5.7741e+03	1.4e+00	2.81865e+01	1.6e+00
5.7775e+03	1.4e+00	2.34997e+01	2.3e+00
5.7810e+03	1.4e+00	2.24944e+01	2.3e+00
5.7844e+03	1.4e+00	2.39929e+01	2.8e+00
5.7879e+03	1.4e+00	2.57066e+01	1.2e+00
5.7914e+03	1.4e+00	2.14259e+01	2.7e+00
5.7948e+03	1.4e+00	2.86157e+01	2.3e+00
5.7983e+03	1.4e+00	2.58222e+01	3.2e+00
5.8017e+03	1.4e+00	2.80947e+01	2.3e+00
5.8052e+03	1.4e+00	2.96340e+01	3.1e+00
5.8086e+03	1.4e+00	3.27282e+01	1.6e+00
5.8121e+03	1.4e+00	2.84384e+01	2.2e+00
5.8155e+03	1.4e+00	2.97593e+01	1.8e+00
5.8190e+03	1.4e+00	3.33815e+01	1.8e+00
5.8224e+03	1.4e+00	3.27662e+01	1.4e+00
5.8259e+03	1.4e+00	3.16214e+01	2.1e+00
5.8293e+03	1.4e+00	2.88379e+01	2.8e+00
5.8328e+03	1.4e+00	2.82329e+01	2.9e+00
5.8362e+03	1.4e+00	3.42745e+01	3.3e+00
5.8397e+03	1.4e+00	5.85604e+01	2.5e+00
5.8431e+03	1.4e+00	1.31340e+02	3.6e+00
5.8466e+03	1.4e+00	3.96870e+02	1.7e+01
5.8500e+03	1.4e+00	1.15396e+03	9.7e+00
5.8535e+03	1.4e+00	1.43758e+03	1.2e+01
5.8569e+03	1.4e+00	1.20601e+03	1.7e+01
5.8604e+03	1.4e+00	5.20590e+02	1.7e+01
5.8638e+03	1.4e+00	3.10752e+01	8.1e+00
5.8673e+03	1.4e+00	4.21313e+01	3.5e+00
5.8707e+03	1.4e+00	4.57018e+01	1.3e+00
5.8741e+03	1.4e+00	7.20128e+01	3.7e+00
5.8776e+03	1.4e+00	7.98311e+01	2.5e+00
5.8810e+03	1.4e+00	1.07020e+02	2.3e+00
5.8845e+03	1.4e+00	9.92394e+01	4.0e+00
5.8879e+03	1.4e+00	7.66539e+01	3.2e+00
5.8914e+03	1.4e+00	4.89357e+01	4.0e+00
5.8948e+03	1.4e+00	3.44322e+01	1.4e+00
5.8982e+03	1.4e+00	3.15063e+01	2.5e+00
5.9017e+03	1.4e+00	3.11045e+01	1.8e+00
5.9051e+03	1.4e+00	3.49178e+01	2.4e+00
5.9086e+03	1.4e+00	4.45946e+01	2.4e+00
5.9120e+03	1.4e+00	4.63810e+01	2.7e+00
5.9154e+03	1.4e+00	3.94099e+01	2.7e+00
5.9189e+03	1.4e+00	3.15795e+01	1.8e+00
5.9223e+03	1.4e+00	2.30255e+01	2.1e+00
5.9258e+03	1.4e+00	3.11734e+01	1.5e+00
5.9292e+03	1.4e+00	3.24100e+01	2.4e+00
5.9326e+03	1.4e+00	3.37092e+01	2.3e+00
5.9361e+03	1.4e+00	3.40852e+01	3.1e+00
5.9395e+03	1.4e+00	6.01844e+01	2.2e+00
5.9429e+03	1.4e+00	1.11168e+02	3.1e+00
5.9464e+03	1.4e+00	1.18024e+02	2.9e+00
5.9498e+03	1.4e+00	8.81230e+01	3.5e+00
5.9532e+03	1.4e+00	3.08846e+01	2.2e+00
5.9567e+03	1.4e+00	1.61627e+01	1.6e+00
5.9601e+03	1.4e+00	2.43242e+01	2.0e+00
5.9635e+03	1.4e+00	2.31594e+01	2.0e+00
5.9670e+03	1.4e+00	2.48361e+01	2.4e+00
5.9704e+03	1.4e+00	3.42688e+01	2.6e+00
5.9738e+03	1.4e+00	4.24016e+01	1.9e+00
5.9773e+03	1.4e+00	4.34609e+01	1.7e+00
5.9807e+03	1.4e+00	3.96770e+01	1.9e+00
5.9841e+03	1.4e+00	3.66470e+01	2.8e+00
5.9876e+03	1.4e+00	3.32185e+01	2.2e+00
5.9910e+03	1.4e+00	2.68172e+01	1.6e+00
5.9944e+03	1.4e+00	2.84552e+01	2.0e+00
5.9979e+03	1.4e+00	2.73625e+01	1.7e+00
6.0013e+03	1.4e+00	2.91859e+01	1.8e+00
6.0047e+03	1.4e+00	2.90463e+01	3.6e+00
6.0081e+03	1.4e+00	2.90468e+01	2.3e+00
6.0116e+03	1.4e+00	2.84247e+01	2.4e+00
6.0150e+03	1.4e+00	3.30477e+01	8.3e-01
6.0184e+03	1.4e+00	3.42365e+01	2.6e+00
6.0218e+03	1.4e+00	3.81022e+01	3.4e+00
6.0253e+03	1.4e+00	5.93296e+01	1.7e+00
6.0287e+03	1.4e+00	9.85050e+01	2.0e+00
6.0321e+03	1.4e+00	1.12466e+02	4.6e+00
6.0355e+03	1.4e+00	9.72504e+01	2.1e+00
6.0390e+03	1.4e+00	6.88158e+01	2.6e+00
6.0424e+03	1.4e+00	5.26077e+01	3.2e+00
6.0458e+03	1.4e+00	5.63368e+01	2.0e+00
6.0492e+03	1.4e+00	4.57197e+01	3.5e+00
6.0527e+03	1.4e+00	3.88722e+01	1.7e+00
6.0561e+03	1.4e+00	4.54443e+01	1.7e+00
6.0595e+03	1.4e+00	4.82187e+01	2.7e+00
6.0629e+03	1.4e+00	5.33541e+01	2.0e+00
6.0663e+03	1.4e+00	5.59351e+01	2.1e+00
6.0698e+03	1.4e+00	9.92711e+01	2.4e+00
6.0732e+03	1.4e+00	1.36248e+02	1.9e+00
6.0766e+03	1.4e+00	1.19804e+02	2.7e+00
6.0800e+03	1.4e+00	8.33352e+01	4.1e+00
6.0834e+03	1.4e+00	3.67798e+01	2.7e+00
6.0868e+03	1.4e+00	4.20733e+01	1.5e+00
6.0903e+03	1.4e+00	7.91827e+01	2.6e+00
6.0937e+03	1.4e+00	1.63634e+02	3.2e+00
6.0971e+03	1.4e+00	1.68206e+02	4.1e+00
6.1005e+03	1.4e+00	1.32241e+02	4.0e+00
6.1039e+03	1.4e+00	5.06529e+01	3.6e+00
6.1073e+03	1.4e+00	2.75890e+01	2.3e+00
6.1108e+03	1.4e+00	2.98628e+01	2.6e+00
6.1142e+03	1.4e+00	2.57530e+01	1.7e+00
6.1176e+03	1.4e+00	2.79805e+01	1.5e+00
6.1210e+03	1.4e+00	2.85912e+01	2.0e+00
6.1244e+03	1.4e+00	2.55949e+01	1.7e+00
6.1278e+03	1.4e+00	2.75989e+01	1.6e+00
6.1312e+03	1.4e+00	3.65490e+01	1.9e+00
6.1346e+03	1.4e+00	4.99113e+01	3.0e+00
6.1381e+03	1.4e+00	1.47444e+02	4.6e+00
6.1415e+03	1.4e+00	2.23392e+02	3.6e+00
6.1449e+03	1.4e+00	2.06240e+02	1.9e+00
6.1483e+03	1.4e+00	1.28598e+02	2.0e+00
6.1517e+03	1.4e+00	3.31232e+01	5.2e+00
6.1551e+03	1.4e+00	3.10014e+01	2.1e+00
6.1585e+03	1.4e+00	6.29461e+01	1.8e+00
6.1619e+03	1.4e+00	8.35640e+01	1.8e+00
6.1653e+03	1.4e+00	7.72351e+01	4.0e+00
6.1687e+03	1.4e+00	7.14240e+01	3.0e+00
6.1721e+03	1.4e+00	2.85490e+01	2.8e+00
6.1755e+03	1.4e+00	2.74798e+01	1.6e+00
6.1789e+03	1.4e+00	2.28219e+01	2.0e+00
6.1824e+03	1.4e+00	1.80131e+01	2.0e+00
6.1858e+03	1.4e+00	1.66994e+01	2.6e+00
6.1892e+03	1.4e+00	1.35053e+01	1.4e+00
6.1926e+03	1.4e+00	1.43134e+01	2.1e+00
6.1960e+03	1.4e+00	1.53198e+01	2.0e+00
6.1994e+03	1.4e+00	1.32683e+01	1.5e+00
6.2028e+03	1.4e+00	1.77146e+01	2.3e+00
6.2062e+03	1.4e+00	2.08317e+01	1.7e+00
6.2096e+03	1.4e+00	2.73334e+01	1.8e+00
6.2130e+03	1.4e+00	4.05417e+01	2.2e+00
6.2164e+03	1.4e+00	4.37007e+01	2.7e+00
6.2198e+03	1.4e+00	3.84064e+01	3.3e+00
6.2232e+03	1.4e+00	2.33266e+01	2.1e+00
6.2266e+03	1.4e+00	1.24279e+01	1.4e+00
6.2300e+03	1.4e+00	9.48269e+00	2.4e+00
6.2334e+03	1.4e+00	9.75236e+00	1.7e+00
6.2368e+03	1.4e+00	1.12834e+01	2.3e+00
6.2402e+03	1.4e+00	1.37356e+01	1.9e+00
6.2436e+03	1.4e+00	1.75844e+01	1.6e+00
6.2470e+03	1.4e+00	1.71159e+01	1.4e+00
6.2504e+03	1.4e+00	1.42073e+01	1.7e+00
6.2538e+03	1.4e+00	2.02744e+01	1.7e+00
6.2571e+03	1.4e+00	3.10672e+01	2.5e+00
6.2605e+03	1.4e+00	7.79194e+01	4.1e+00
6.2639e+03	1.4e+00	1.32242e+02	3.0e+00
6.2673e+03	1.4e+00	1.20704e+02	4.1e+00
6.2707e+03	1.4e+00	8.90290e+01	2.5e+00
6.2741e+03	1.4e+00	2.46999e+01	1.4e+00
6.2775e+03	1.4e+00	1.48279e+01	1.1e+00
6.2809e+03	1.4e+00	1.69851e+01	1.2e+00
6.2843e+03	1.4e+00	1.32198e+01	1.5e+00
6.2877e+03	1.4e+00	1.87100e+01	1.2e+00
6.2911e+03	1.4e+00	1.97853e+01	1.3e+00
6.2945e+03	1.4e+00	2.38973e+01	2.1e+00
6.2979e+03	1.4e+00	3.25902e+01	2.2e+00
6.3012e+03	1.4e+00	4.31712e+01	2.5e+00
6.3046e+03	1.4e+00	4.48270e+01	2.8e+00
6.3080e+03	1.4e+00	3.48843e+01	1.5e+00
6.3114e+03	1.4e+00	1.84453e+01	1.7e+00
6.3148e+03	1.4e+00	1.37943e+01	1.7e+00
6.3182e+03	1.4e+00	1.26045e+01	1.3e+00
6.3216e+03	1.4e+00	1.96546e+01	1.4e+00
6.3250e+03	1.4e+00	2.72727e+01	1.9e+00
6.3283e+03	1.4e+00	5.29447e+01	3.4e+00
6.3317e+03	1.4e+00	8.39429e+01	3.0e+00
6.3351e+03	1.4e+00	7.70503e+01	2.8e+00
6.3385e+03	1.4e+00	5.28649e+01	2.8e+00
6.3419e+03	1.4e+00	1.59416e+01	2.2e+00
6.3453e+03	1.4e+00	1.16885e+01	1.4e+00
6.3487e+03	1.4e+00	1.16880e+01	1.5e+00
6.3520e+03	1.4e+00	1.25318e+01	2.1e+00
6.3554e+03	1.4e+00	9.74474e+00	2.3e+00
6.3588e+03	1.4e+00	1.56831e+01	1.7e+00
6.3622e+03	1.3e+00	1.38756e+01	1.7e+00
6.3656e+03	1.3e+00	1.56758e+01	2.3e+00
6.3689e+03	1.3e+00	2.43086e+01	3.1e+00
6.3723e+03	1.3e+00	3.01153e+01	2.2e+00
6.3757e+03	1.3e+00	6.68978e+01	2.2e+00
6.3791e+03	1.3e+00	1.22156e+02	3.5e+00
6.3825e+03	1.3e+00	1.31539e+02	1.7e+00
6.3858e+03	1.3e+00	1.15736e+02	2.3e+00
6.3892e+03	1.3e+00	6.55944e+01	2.7e+00
6.3926e+03	1.3e+00	6.66381e+01	2.8e+00
6.3960e+03	1.3e+00	1.78121e+02	6.0e+00
6.3994e+03	1.3e+00	2.77572e+02	4.7e+00
6.4027e+03	1.3e+00	2.56220e+02	6.7e+00
6.4061e+03	1.3e+00	1.74203e+02	5.3e+00
6.4095e+03	1.3e+00	4.32413e+01	2.8e+00
6.4129e+03	1.3e+00	4.02506e+01	3.2e+00
6.4162e+03	1.3e+00	3.99031e+01	2.7e+00
6.4196e+03	1.3e+00	3.54228e+01	1.9e+00
6.4230e+03	1.3e+00	1.81355e+01	1.9e+00
6.4263e+03	1.3e+00	1.74756e+01	1.3e+00
6.4297e+03	1.3e+00	1.86725e+01	2.4e+00
6.4331e+03	1.3e+00	1.91617e+01	2.5e+00
6.4365e+03	1.3e+00	1.94001e+01	1.9e+00
6.4398e+03	1.3e+00	1.41874e+01	2.7e+00
6.4432e+03	1.3e+00	1.59807e+01	1.2e+00
6.4466e+03	1.3e+00	1.64085e+01	3.4e+00
6.4499e+03	1.3e+00	1.30500e+01	2.0e+00
6.4533e+03	1.3e+00	1.35842e+01	1.2e+00
6.4567e+03	1.3e+00	1.61187e+01	1.2e+00
6.4601e+03	1.3e+00	1.96357e+01	9.1e-01
6.4634e+03	1.3e+00	1.79737e+01	2.1e+00
6.4668e+03	1.3e+00	1.76015e+01	1.2e+00
6.4702e+03	1.3e+00	1.67992e+01	1.5e+00
6.4735e+03	1.3e+00	1.83680e+01	2.2e+00
6.4769e+03	1.3e+00	1.91047e+01	1.2e+00
6.4803e+03	1.3e+00	1.97657e+01	1.9e+00
6.4836e+03	1.3e+00	1.98438e+01	2.0e+00
6.4870e+03	1.3e+00	1.87941e+01	2.6e+00
6.4904e+03	1.3e+00	1.69677e+01	1.4e+00
6.4937e+03	1.3e+00	2.66838e+01	1.6e+00
6.4971e+03	1.3e+00	3.73423e+01	2.1e+00
6.5004e+03	1.3e+00	9.57024e+01	5.0e+00
6.5038e+03	1.3e+00	1.31663e+02	3.1e+00
6.5072e+03	1.3e+00	1.18315e+02	3.8e+00
6.5105e+03	1.3e+00	6.72929e+01	3.5e+00
6.5139e+03	1.3e+00	1.68185e+01	1.9e+00
6.5173e+03	1.3e+00	1.87056e+01	2.2e+00
6.5206e+03	1.3e+00	2.20061e+01	2.1e+00
6.5240e+03	1.3e+00	2.74050e+01	2.5e+00
6.5273e+03	1.3e+00	4.70568e+01	2.7e+00
6.5307e+03	1.3e+00	5.25040e+01	1.4e+00
6.5341e+03	1.3e+00	4.97508e+01	2.0e+00
6.5374e+03	1.3e+00	3.44899e+01	3.1e+00
6.5408e+03	1.3e+00	2.11085e+01	1.0e+00
6.5441e+03	1.3e+00	3.00793e+01	1.6e+00
6.5475e+03	1.3e+00	4.35166e+01	3.2e+00
6.5508e+03	1.3e+00	7.24786e+01	3.5e+00
6.5542e+03	1.3e+00	1.62478e+02	3.4e+00
6.5576e+03	1.3e+00	3.35779e+02	5.1e+00
6.5609e+03	1.3e+00	3.82123e+02	5.4e+00
6.5643e+03	1.3e+00	3.27089e+02	6.5e+00
6.5676e+03	1.3e+00	1.46321e+02	5.2e+00
6.5710e+03	1.3e+00	2.44826e+01	3.7e+00
6.5743e+03	1.2e+00	1.86352e+01	1.6e+00
6.5777e+03	1.2e+00	1.51133e+01	3.1e+00
6.5810e+03	1.2e+00	2.09451e+01	1.6e+00
6.5844e+03	1.2e+00	2.52961e+01	2.3e+00
6.5877e+03	1.2e+00	3.30145e+01	1.0e+00
6.5911e+03	1.2e+00	5.79102e+01	3.6e+00
6.5944e+03	1.2e+00	1.05693e+02	4.1e+00
6.5978e+03	1.2e+00	1.05870e+02	2.3e+00
6.6011e+03	1.2e+00	8.48680e+01	4.0e+00
6.6045e+03	1.2e+00	4.21032e+01	2.6e+00
6.6078e+03	1.2e+00	1.99437e+01	2.2e+00
6.6112e+03	1.2e+00	2.47684e+01	1.0e+00
6.6145e+03	1.2e+00	1.88549e+01	2.5e+00
6.6179e+03	1.2e+00	1.75803e+01	1.1e+00
6.6212e+03	1.2e+00	1.22473e+01	1.3e+00
6.6246e+03	1.2e+00	1.17545e+01	1.6e+00
6.6279e+03	1.2e+00	1.61371e+01	1.3e+00
6.6313e+03	1.2e+00	1.21869e+01	1.9e+00
6.6346e+03	1.2e+00	1.70115e+01	1.2e+00
6.6380e+03	1.2e+00	1.88570e+01	1.2e+00
6.6413e+03	1.2e+00	2.05928e+01	2.1e+00
6.6447e+03	1.2e+00	1.85206e+01	8.5e-01
6.6480e+03	1.2e+00	1.43592e+01	1.8e+00
6.6514e+03	1.2e+00	1.21763e+01	1.2e+00
6.6547e+03	1.2e+00	1.38358e+01	1.7e+00
6.6580e+03	1.2e+00	1.53912e+01	2.3e+00
6.6614e+03	1.2e+00	3.14743e+01	3.4e+00
6.6647e+03	1.2e+00	4.96272e+01	1.4e+00
6.6681e+03	1.2e+00	7.56166e+01	3.3e+00
6.6714e+03	1.2e+00	1.98415e+02	5.4e+00
6.6747e+03	1.2e+00	2.66541e+02	8.0e+00
6.6781e+03	1.2e+00	2.57852e+02	4.2e+00
6.6814e+03	1.2e+00	1.53922e+02	4.5e+00
6.6848e+03	1.2e+00	2.17836e+01	2.8e+00
6.6881e+03	1.2e+00	1.43213e+01	1.6e+00
6.6914e+03	1.2e+00	1.28230e+01	1.3e+00
6.6948e+03	1.2e+00	1.38958e+01	1.7e+00
6.6981e+03	1.2e+00	1.71079e+01	1.5e+00
6.7015e+03	1.2e+00	1.72061e+01	1.4e+00
6.7048e+03	1.2e+00	1.97636e+01	2.3e+00
6.7081e+03	1.2e+00	3.91159e+01	1.7e+00
6.7115e+03	1.2e+00	8.07517e+01	3.8e+00
6.7148e+03	1.2e+00	9.00935e+01	3.3e+00
6.7181e+03	1.2e+00	7.62199e+01	2.9e+00
6.7215e+03	1.2e+00	4.13912e+01	3.2e+00
6.7248e+03	1.2e+00	1.10029e+01	7.3e-01
6.7281e+03	1.2e+00	1.55327e+01	2.8e+00
6.7315e+03	1.2e+00	1.10638e+01	1.6e+00
6.7348e+03	1.2e+00	9.59026e+00	2.3e+00
6.7381e+03	1.2e+00	2.02237e+01	1.8e+00
6.7415e+03	1.2e+00	2.14084e+01	2.5e+00
6.7448e+03	1.2e+00	3.94246e+01	2.4e+00
6.7481e+03	1.2e+00	6.96718e+01	2.8e+00
6.7515e+03	1.2e+00	7.19406e+01	2.7e+00
6.7548e+03	1.2e+00	6.83887e+01	2.3e+00
6.7581e+03	1.2e+00	3.13048e+01	2.7e+00
6.7614e+03	1.2e+00	1.89674e+01	1.9e+00
6.7648e+03	1.2e+00	1.82074e+01	2.1e+00
6.7681e+03	1.2e+00	1.67844e+01	8.4e-01
6.7714e+03	1.2e+00	1.00204e+01	2.1e+00
6.7748e+03	1.2e+00	1.07771e+01	2.0e+00
6.7781e+03	1.2e+00	1.05245e+01	2.7e+00
6.7814e+03	1.2e+00	8.60059e+00	1.8e+00
6.7847e+03	1.2e+00	1.16149e+01	1.8e+00
6.7881e+03	1.2e+00	1.38274e+01	2.1e+00
6.7914e+03	1.2e+00	1.23543e+01	1.9e+00
6.7947e+03	1.2e+00	1.38151e+01	2.5e+00
6.7980e+03	1.2e+00	1.06192e+01	1.8e+00
6.8014e+03	1.2e+00	6.69782e+00	7.9e-01
6.8047e+03	1.2e+00	9.54119e+00	1.9e+00
6.8080e+03	1.2e+00	1.23804e+01	1.8e+00
6.8113e+03	1.2e+00	1.44691e+01	1.4e+00
6.8147e+03	1.2e+00	1.34878e+01	2.1e+00
6.8180e+03	1.2e+00	5.97159e+00	2.1e+00
6.8213e+03	1.2e+00	8.09305e+00	2.3e+00
6.8246e+03	1.2e+00	1.77236e+01	1.3e+00
6.8279e+03	1.2e+00	1.51964e+01	2.5e+00
6.8313e+03	1.2e+00	9.76993e+00	2.3e+00
6.8346e+03	1.2e+00	1.50978e+01	9.6e-01
6.8379e+03	1.2e+00	1.11004e+01	3.1e+00
6.8412e+03	1.2e+00	1.30829e+01	2.8e+00
6.8445e+03	1.2e+00	1.52977e+01	1.9e+00
6.8479e+03	1.2e+00	1.58529e+01	1.8e+00
6.8512e+03	1.2e+00	1.15853e+01	2.0e+00
6.8545e+03	1.2e+00	1.63094e+01	1.9e+00
6.8578e+03	1.2e+00	2.04758e+01	2.4e+00
6.8611e+03	1.2e+00	2.76315e+01	2.4e+00
6.8644e+03	1.2e+00	4.91817e+01	3.4e+00
6.8677e+03	1.2e+00	6.64002e+01	1.4e+00
6.8711e+03	1.2e+00	6.67583e+01	2.7e+00
6.8744e+03	1.2e+00	4.51303e+01	2.1e+00
6.8777e+03	1.2e+00	2.06988e+01	3.3e+00
6.8810e+03	1.2e+00	1.65188e+01	1.3e+00
6.8843e+03	1.2e+00	1.79055e+01	1.7e+00
6.8876e+03	1.2e+00	1.70676e+01	2.2e+00
6.8909e+03	1.2e+00	1.85662e+01	2.5e+00
6.8943e+03	1.2e+00	1.61375e+01	1.3e+00
6.8976e+03	1.2e+00	1.58997e+01	1.7e+00
6.9009e+03	1.2e+00	1.36942e+01	2.2e+00
6.9042e+03	1.2e+00	1.40367e+01	1.4e+00
6.9075e+03	1.2e+00	1.71066e+01	1.2e+00
6.9108e+03	1.2e+00	1.96264e+01	1.2e+00
6.9141e+03	1.2e+00	2.31830e+01	1.9e+00
6.9174e+03	1.2e+00	2.66067e+01	2.6e+00
6.9207e+03	1.2e+00	4.82649e+01	3.8e+00
6.9240e+03	1.2e+00	8.85567e+01	4.0e+00
6.9273e+03	1.2e+00	9.72920e+01	3.6e+00
6.9307e+03	1.2e+00	9.19915e+01	2.8e+00
6.9340e+03	1.2e+00	6.45802e+01	3.4e+00
6.9373e+03	1.2e+00	3.76739e+01	9.8e-01
6.9406e+03	1.2e+00	3.18636e+01	2.2e+00
6.9439e+03	1.2e+00	3.33963e+01	4.4e+00
6.9472e+03	1.2e+00	7.21015e+01	3.1e+00
6.9505e+03	1.2e+00	1.47217e+02	4.2e+00
6.9538e+03	1.2e+00	2.76077e+02	4.9e+00
6.9571e+03	1.2e+00	5.77634e+02	7.9e+00
6.9604e+03	1.2e+00	1.09308e+03	1.6e+01
6.9637e+03	1.2e+00	1.14485e+03	1.1e+01
6.9670e+03	1.2e+00	9.85681e+02	1.3e+01
6.9703e+03	1.2e+00	4.18904e+02	1.2e+01
6.9736e+03	1.2e+00	1.90820e+01	3.3e+00
6.9769e+03	1.2e+00	2.24332e+01	2.2e+00
6.9802e+03	1.2e+00	1.70269e+01	2.6e+00
6.9835e+03	1.2e+00	1.83061e+01	1.9e+00
6.9868e+03	1.2e+00	1.69059e+01	2.3e+00
6.9901e+03	1.2e+00	1.44366e+01	2.4e+00
6.9934e+03	1.2e+00	1.69162e+01	3.5e+00
6.9967e+03	1.2e+00	2.04356e+01	2.4e+00
7.0000e+03	1.2e+00	1.53557e+01	2.7e+00
7.0033e+03	1.2e+00	1.96566e+01	2.3e+00
7.0066e+03	1.2e+00	1.78268e+01	1.4e+00
7.0099e+03	1.2e+00	2.23358e+01	1.5e+00
7.0132e+03	1.2e+00	2.71946e+01	3.2e+00
7.0165e+03	1.2e+00	3.46867e+01	2.0e+00
7.0198e+03	1.2e+00	4.68941e+01	2.3e+00
7.0231e+03	1.2e+00	7.80042e+01	3.9e+00
7.0264e+03	1.2e+00	1.24723e+02	5.1e+00
7.0296e+03	1.2e+00	1.38501e+02	4.2e+00
7.0329e+03	1.2e+00	1.21255e+02	8.0e+00
7.0362e+03	1.2e+00	8.23634e+01	2.3e+00
7.0395e+03	1.2e+00	2.38066e+01	2.9e+00
7.0428e+03	1.2e+00	2.05670e+01	2.0e+00
7.0461e+03	1.3e+00	2.64632e+01	2.9e+00
7.0494e+03	1.3e+00	6.06218e+01	3.3e+00
7.0527e+03	1.3e+00	1.13404e+02	3.4e+00
7.0560e+03	1.3e+00	2.03177e+02	2.7e+00
7.0593e+03	1.3e+00	3.83180e+02	1.2e+01
7.0626e+03	1.3e+00	6.79092e+02	2.0e+01
7.0658e+03	1.3e+00	7.44697e+02	9.2e+00
7.0691e+03	1.3e+00	6.25497e+02	9.2e+00
7.0724e+03	1.3e+00	2.74155e+02	6.0e+00
7.0757e+03	1.3e+00	2.92081e+01	3.3e+00
7.0790e+03	1.3e+00	1.92393e+01	2.2e+00
7.0823e+03	1.3e+00	1.58238e+01	3.2e+00
7.0856e+03	1.3e+00	1.84786e+01	4.3e+00
7.0889e+03	1.3e+00	1.27109e+01	1.9e+00
7.0921e+03	1.3e+00	1.56389e+01	2.3e+00
7.0954e+03	1.3e+00	9.37963e+00	2.0e+00
7.0987e+03	1.3e+00	1.90356e+01	2.5e+00
7.1020e+03	1.3e+00	1.78872e+01	2.6e+00
7.1053e+03	1.3e+00	2.16192e+01	1.5e+00
7.1086e+03	1.3e+00	1.87686e+01	1.9e+00
7.1118e+03	1.3e+00	2.04845e+01	2.5e+00
7.1151e+03	1.3e+00	1.60990e+01	2.0e+00
7.1184e+03	1.3e+00	1.40833e+01	2.2e+00
7.1217e+03	1.3e+00	2.06230e+01	2.0e+00
7.1250e+03	1.3e+00	2.41565e+01	1.7e+00
7.1282e+03	1.3e+00	1.91849e+01	2.3e+00
7.1315e+03	1.3e+00	2.61120e+01	1.9e+00
7.1348e+03	1.3e+00	3.35404e+01	3.0e+00
7.1381e+03	1.4e+00	4.64739e+01	2.6e+00
7.1414e+03	1.4e+00	7.61322e+01	6.0e+00
7.1446e+03	1.4e+00	9.77890e+01	2.4e+00
7.1479e+03	1.4e+00	8.20023e+01	3.4e+00
7.1512e+03	1.4e+00	6.62377e+01	2.4e+00
7.1545e+03	1.4e+00	2.73644e+01	2.0e+00
7.1578e+03	1.4e+00	2.00815e+01	2.2e+00
7.1610e+03	1.4e+00	2.24037e+01	2.7e+00
7.1643e+03	1.4e+00	1.93050e+01	1.3e+00
7.1676e+03	1.4e+00	1.60148e+01	2.0e+00
7.1709e+03	1.4e+00	1.75160e+01	2.0e+00
7.1741e+03	1.4e+00	2.11153e+01	3.1e+00
7.1774e+03	1.4e+00	2.70860e+01	2.1e+00
7.1807e+03	1.4e+00	1.50496e+01	2.7e+00
7.1839e+03	1.4e+00	1.45219e+01	3.1e+00
7.1872e+03	1.4e+00	1.56441e+01	2.1e+00
7.1905e+03	1.4e+00	1.93783e+01	3.1e+00
7.1938e+03	1.4e+00	1.99049e+01	3.8e+00
7.1970e+03	1.4e+00	2.00397e+01	3.1e+00
7.2003e+03	1.4e+00	2.43973e+01	3.4e+00
7.2036e+03	1.5e+00	3.79878e+01	3.5e+00
7.2068e+03	1.5e+00	3.88085e+01	2.9e+00
7.2101e+03	1.5e+00	2.93381e+01	3.2e+00
7.2134e+03	1.5e+00	1.95230e+01	3.8e+00
7.2166e+03	1.5e+00	1.68284e+01	2.1e+00
7.2199e+03	1.5e+00	1.81901e+01	3.7e+00
7.2232e+03	1.5e+00	1.98490e+01	3.5e+00
7.2265e+03	1.5e+00	2.16161e+01	3.7e+00
7.2297e+03	1.5e+00	2.59697e+01	2.5e+00
7.2330e+03	1.5e+00	2.15543e+01	3.6e+00
7.2362e+03	1.5e+00	3.04299e+01	2.8e+00
7.2395e+03	1.5e+00	3.89358e+01	7.1e-01
7.2428e+03	1.5e+00	4.62776e+01	3.6e+00
7.2460e+03	1.5e+00	4.34915e+01	3.6e+00
7.2493e+03	1.5e+00	4.02299e+01	3.0e+00
7.2526e+03	1.5e+00	3.34745e+01	2.4e+00
7.2558e+03	1.5e+00	4.31984e+01	1.4e+00
7.2591e+03	1.6e+00	6.26361e+01	2.1e+00
7.2624e+03	1.6e+00	9.32635e+01	2.0e+00
7.2656e+03	1.6e+00	1.48147e+02	3.5e+00
7.2689e+03	1.6e+00	2.43388e+02	5.7e+00
7.2721e+03	1.6e+00	2.73526e+02	6.5e+00
7.2754e+03	1.6e+00	2.37235e+02	6.9e+00
7.2787e+03	1.6e+00	1.42219e+02	5.5e+00
7.2819e+03	1.6e+00	4.50505e+01	3.7e+00
7.2852e+03	1.6e+00	2.35746e+01	3.0e+00
7.2884e+03	1.6e+00	2.23776e+01	3.1e+00
7.2917e+03	1.6e+00	1.71045e+01	2.5e+00
7.2950e+03	1.6e+00	1.64794e+01	1.5e+00
7.2982e+03	1.6e+00	2.17756e+01	3.0e+00
7.3015e+03	1.6e+00	2.03809e+01	1.9e+00
7.3047e+03	1.7e+00	3.03936e+01	1.4e+00
7.3080e+03	1.7e+00	3.12106e+01	2.5e+00
7.3112e+03	1.7e+00	3.72370e+01	3.0e+00
7.3145e+03	1.7e+00	3.26884e+01	1.9e+00
7.3178e+03	1.7e+00	3.08214e+01	3.0e+00
7.3210e+03	1.7e+00	2.50390e+01	2.1e+00
7.3243e+03	1.7e+00	2.23730e+01	2.8e+00
7.3275e+03	1.7e+00	2.47861e+01	1.9e+00
7.3308e+03	1.7e+00	1.98918e+01	2.5e+00
7.3340e+03	1.7e+00	2.16520e+01	2.5e+00
7.3373e+03	1.7e+00	2.28373e+01	1.9e+00
7.3405e+03	1.7e+00	2.67787e+01	2.3e+00
7.3438e+03	1.7e+00	2.87036e+01	1.8e+00
7.3470e+03	1.7e+00	3.24229e+01	5.4e+00
7.3503e+03	1.8e+00	4.19156e+01	2.4e+00
7.3535e+03	1.8e+00	4.69162e+01	2.6e+00
7.3568e+03	1.8e+00	4.65227e+01	2.7e+00
7.3600e+03	1.8e+00	5.05498e+01	4.9e+00
7.3633e+03	1.8e+00	7.07435e+01	3.8e+00
7.3665e+03	1.8e+00	1.25500e+02	4.1e+00
7.3698e+03	1.8e+00	2.49370e+02	7.4e+00
7.3730e+03	1.8e+00	4.04763e+02	1.1e+01
7.3763e+03	1.8e+00	6.09527e+02	5.4e+00
7.3795e+03	1.8e+00	8.34679e+02	1.3e+01
7.3828e+03	1.8e+00	1.10610e+03	7.8e+00
7.3860e+03	1.8e+00	1.08334e+03	1.1e+01
7.3892e+03	1.9e+00	8.38042e+02	1.6e+01
7.3925e+03	1.9e+00	3.37984e+02	1.1e+01
7.3957e+03	1.9e+00	4.56773e+01	2.9e+00
7.3990e+03	1.9e+00	4.25002e+01	2.9e+00
7.4022e+03	1.9e+00	3.19153e+01	2.2e+00
7.4055e+03	1.9e+00	2.68546e+01	3.0e+00
7.4087e+03	1.9e+00	2.67955e+01	3.2e+00
7.4119e+03	1.9e+00	3.46628e+01	1.9e+00
7.4152e+03	1.9e+00	2.94837e+01	3.3e+00
7.4184e+03	1.9e+00	3.03459e+01	3.3e+00
7.4217e+03	1.9e+00	3.39737e+01	2.1e+00
7.4249e+03	1.9e+00	3.52603e+01	4.7e+00
7.4281e+03	2.0e+00	3.65230e+01	3.3e+00
7.4314e+03	2.0e+00	4.58909e+01	3.4e+00
7.4346e+03	2.0e+00	4.21028e+01	3.9e+00
7.4379e+03	2.0e+00	4.56765e+01	1.2e+00
7.4411e+03	2.0e+00	4.72959e+01	3.3e+00
7.4443e+03	2.0e+00	4.03614e+01	4.3e+00
7.4476e+03	2.0e+00	3.51916e+01	5.1e+00
7.4508e+03	2.0e+00	3.69252e+01	3.8e+00
7.4541e+03	2.0e+00	3.66838e+01	3.5e+00
7.4573e+03	2.0e+00	3.67420e+01	2.2e+00
7.4605e+03	2.0e+00	3.96415e+01	4.5e+00
7.4638e+03	2.1e+00	3.87510e+01	4.7e+00
7.4670e+03	2.1e+00	5.11873e+01	2.7e+00
7.4702e+03	2.1e+00	5.16624e+01	3.9e+00
7.4735e+03	2.1e+00	5.60894e+01	3.6e+00
7.4767e+03	2.1e+00	5.68917e+01	2.5e+00
7.4799e+03	2.1e+00	7.88727e+01	3.8e+00
7.4832e+03	2.1e+00	1.85770e+02	8.3e+00
7.4864e+03	2.1e+00	5.55977e+02	1.9e+01
7.4896e+03	2.1e+00	1.22548e+03	2.0e+01
7.4929e+03	2.1e+00	2.09768e+03	2.3e+01
7.4961e+03	2.2e+00	3.39398e+03	2.7e+01
7.4993e+03	2.2e+00	4.94304e+03	4.1e+01
7.5025e+03	2.2e+00	7.16410e+03	7.5e+01
7.5058e+03	2.2e+00	8.27833e+03	5.1e+01
7.5090e+03	2.2e+00	7.39878e+03	5.9e+01
7.5122e+03	2.2e+00	5.40268e+03	2.4e+01
7.5155e+03	2.2e+00	2.85697e+03	4.4e+01
7.5187e+03	2.2e+00	1.94464e+03	2.0e+01
7.5219e+03	2.2e+00	1.45180e+03	1.9e+01
7.5251e+03	2.2e+00	5.68883e+02	1.5e+01
7.5284e+03	2.3e+00	7.58822e+01	7.6e+00
7.5316e+03	2.3e+00	6.39865e+01	4.1e+00
7.5348e+03	2.3e+00	5.53541e+01	2.8e+00
7.5380e+03	2.3e+00	5.29998e+01	3.7e+00
7.5413e+03	2.3e+00	5.05881e+01	4.1e+00
7.5445e+03	2.3e+00	5.08487e+01	3.5e+00
7.5477e+03	2.3e+00	4.51925e+01	4.9e+00
7.5509e+03	2.3e+00	3.51733e+01	2.7e+00
7.5542e+03	2.3e+00	3.76285e+01	4.5e+00
7.5574e+03	2.3e+00	3.51316e+01	3.4e+00
7.5606e+03	2.4e+00	3.79470e+01	3.1e+00
7.5638e+03	2.4e+00	4.35878e+01	4.0e+00
7.5670e+03	2.4e+00	3.39862e+01	2.8e+00
7.5703e+03	2.4e+00	4.36799e+01	2.5e+00
7.5735e+03	2.4e+00	4.00874e+01	3.2e+00
7.5767e+03	2.4e+00	3.33550e+01	3.1e+00
7.5799e+03	2.4e+00	3.73869e+01	3.5e+00
7.5831e+03	2.4e+00	3.72774e+01	1.5e+00
7.5864e+03	2.4e+00	3.46442e+01	4.1e+00
7.5896e+03	2.5e+00	3.51189e+01	2.6e+00
7.5928e+03	2.5e+00	3.72366e+01	4.5e+00
7.5960e+03	2.5e+00	4.11331e+01	2.4e+00
7.5992e+03	2.5e+00	3.21498e+01	2.4e+00
7.6024e+03	2.5e+00	3.24064e+01	3.2e+00
7.6057e+03	2.5e+00	3.29256e+01	5.2e+00
7.6089e+03	2.5e+00	4.47387e+01	3.2e+00
7.6121e+03	2.5e+00	5.30423e+01	3.7e+00
7.6153e+03	2.5e+00	1.01480e+02	5.7e+00
7.6185e+03	2.5e+00	2.89361e+02	5.7e+00
7.6217e+03	2.6e+00	6.09187e+02	1.1e+01
7.6249e+03	2.6e+00	1.04743e+03	2.3e+01
7.6282e+03	2.6e+00	1.60560e+03	1.5e+01
7.6314e+03	2.6e+00	2.20745e+03	3.1e+01
7.6346e+03	2.6e+00	2.83803e+03	5.0e+01
7.6378e+03	2.6e+00	3.61245e+03	5.6e+01
7.6410e+03	2.6e+00	3.29025e+03	3.8e+01
7.6442e+03	2.6e+00	2.41170e+03	3.0e+01
7.6474e+03	2.7e+00	1.01281e+03	2.0e+01
7.6506e+03	2.7e+00	1.02844e+02	8.6e+00
7.6538e+03	2.7e+00	4.42303e+01	2.9e+00
7.6570e+03	2.7e+00	2.97711e+01	2.4e+00
7.6603e+03	2.7e+00	3.04370e+01	4.3e+00
7.6635e+03	2.7e+00	3.18705e+01	2.0e+00
