# lambda [A]	Dlambda [A]	specval [counts]	Dspecval [counts]
3.7471e+03	5.5e+00	3.5929e-01	4.7e-02
3.7505e+03	5.4e+00	3.3932e-01	4.6e-02
3.7539e+03	5.4e+00	4.6221e-01	7.2e-02
3.7574e+03	5.4e+00	5.3643e-01	7.0e-02
3.7608e+03	5.3e+00	5.7317e-01	6.0e-02
3.7642e+03	5.3e+00	5.6116e-01	6.0e-02
3.7676e+03	5.3e+00	4.3188e-01	3.8e-02
3.7710e+03	5.2e+00	4.6421e-01	4.2e-02
3.7745e+03	5.2e+00	6.0636e-01	6.7e-02
3.7779e+03	5.2e+00	7.4584e-01	7.1e-02
3.7813e+03	5.1e+00	8.7792e-01	8.2e-02
3.7847e+03	5.1e+00	9.3721e-01	8.5e-02
3.7882e+03	5.1e+00	9.9637e-01	1.0e-01
3.7916e+03	5.0e+00	8.7144e-01	8.2e-02
3.7950e+03	5.0e+00	7.2947e-01	7.3e-02
3.7985e+03	5.0e+00	7.1194e-01	6.9e-02
3.8019e+03	4.9e+00	8.0142e-01	7.6e-02
3.8053e+03	4.9e+00	1.1067e+00	9.9e-02
3.8088e+03	4.9e+00	1.3554e+00	1.2e-01
3.8122e+03	4.9e+00	1.5354e+00	1.2e-01
3.8156e+03	4.8e+00	1.7345e+00	1.5e-01
3.8191e+03	4.8e+00	1.7462e+00	1.4e-01
3.8225e+03	4.8e+00	1.6895e+00	1.4e-01
3.8259e+03	4.8e+00	1.6169e+00	1.3e-01
3.8294e+03	4.7e+00	1.3735e+00	1.2e-01
3.8328e+03	4.7e+00	1.1194e+00	9.5e-02
3.8363e+03	4.7e+00	1.0931e+00	8.3e-02
3.8397e+03	4.7e+00	1.2667e+00	8.4e-02
3.8432e+03	4.6e+00	1.7978e+00	1.4e-01
3.8466e+03	4.6e+00	2.2880e+00	1.9e-01
3.8500e+03	4.6e+00	2.5000e+00	1.8e-01
3.8535e+03	4.6e+00	2.7571e+00	2.2e-01
3.8569e+03	4.5e+00	3.0409e+00	2.4e-01
3.8604e+03	4.5e+00	3.1327e+00	2.4e-01
3.8638e+03	4.5e+00	3.2145e+00	2.4e-01
3.8673e+03	4.5e+00	3.2657e+00	2.4e-01
3.8707e+03	4.5e+00	3.2464e+00	2.4e-01
3.8742e+03	4.5e+00	3.0637e+00	2.2e-01
3.8776e+03	4.4e+00	2.8648e+00	2.1e-01
3.8811e+03	4.4e+00	2.3987e+00	1.6e-01
3.8845e+03	4.4e+00	1.9346e+00	1.4e-01
3.8880e+03	4.4e+00	1.6997e+00	1.2e-01
3.8914e+03	4.4e+00	1.9083e+00	1.3e-01
3.8949e+03	4.3e+00	2.4737e+00	1.7e-01
3.8983e+03	4.3e+00	2.9834e+00	2.0e-01
3.9018e+03	4.3e+00	3.5177e+00	2.2e-01
3.9053e+03	4.3e+00	3.9462e+00	2.6e-01
3.9087e+03	4.3e+00	4.3424e+00	3.0e-01
3.9122e+03	4.3e+00	4.4310e+00	2.8e-01
3.9156e+03	4.3e+00	4.6412e+00	3.0e-01
3.9191e+03	4.2e+00	4.7580e+00	2.9e-01
3.9226e+03	4.2e+00	4.9788e+00	3.4e-01
3.9260e+03	4.2e+00	4.8795e+00	3.2e-01
3.9295e+03	4.2e+00	4.8032e+00	3.1e-01
3.9329e+03	4.2e+00	4.6848e+00	3.0e-01
3.9364e+03	4.2e+00	4.7901e+00	2.9e-01
3.9399e+03	4.2e+00	4.9476e+00	2.9e-01
3.9433e+03	4.2e+00	4.8983e+00	3.1e-01
3.9468e+03	4.1e+00	4.7352e+00	2.8e-01
3.9503e+03	4.1e+00	4.6277e+00	2.8e-01
3.9537e+03	4.1e+00	4.4230e+00	2.7e-01
3.9572e+03	4.1e+00	3.9304e+00	2.3e-01
3.9607e+03	4.1e+00	3.3068e+00	1.9e-01
3.9642e+03	4.1e+00	2.6921e+00	1.8e-01
3.9676e+03	4.1e+00	2.1376e+00	1.3e-01
3.9711e+03	4.1e+00	2.1903e+00	1.2e-01
3.9746e+03	4.1e+00	2.7833e+00	1.5e-01
3.9780e+03	4.0e+00	3.5132e+00	1.9e-01
3.9815e+03	4.0e+00	3.9934e+00	2.1e-01
3.9850e+03	4.0e+00	4.4998e+00	2.4e-01
3.9885e+03	4.0e+00	4.7662e+00	2.4e-01
3.9919e+03	4.0e+00	5.0444e+00	2.7e-01
3.9954e+03	4.0e+00	5.2080e+00	2.8e-01
3.9989e+03	4.0e+00	5.2379e+00	2.7e-01
4.0024e+03	4.0e+00	5.2773e+00	2.5e-01
4.0059e+03	4.0e+00	5.2649e+00	2.5e-01
4.0093e+03	4.0e+00	5.3492e+00	2.6e-01
4.0128e+03	4.0e+00	5.3649e+00	2.6e-01
4.0163e+03	4.0e+00	5.3543e+00	2.6e-01
4.0198e+03	4.0e+00	5.3140e+00	2.6e-01
4.0233e+03	3.9e+00	5.2374e+00	2.4e-01
4.0267e+03	3.9e+00	5.3179e+00	2.6e-01
4.0302e+03	3.9e+00	5.1575e+00	2.3e-01
4.0337e+03	3.9e+00	5.1614e+00	2.4e-01
4.0372e+03	3.9e+00	5.1260e+00	2.2e-01
4.0407e+03	3.9e+00	4.9937e+00	2.2e-01
4.0442e+03	3.9e+00	5.0599e+00	2.3e-01
4.0477e+03	3.9e+00	4.9305e+00	2.1e-01
4.0511e+03	3.9e+00	4.9156e+00	2.1e-01
4.0546e+03	3.9e+00	5.0036e+00	2.1e-01
4.0581e+03	3.9e+00	4.8967e+00	2.0e-01
4.0616e+03	3.9e+00	4.7759e+00	1.9e-01
4.0651e+03	3.9e+00	4.7734e+00	2.1e-01
4.0686e+03	3.9e+00	4.6572e+00	1.9e-01
4.0721e+03	3.9e+00	4.5799e+00	1.8e-01
4.0756e+03	3.9e+00	4.3668e+00	1.7e-01
4.0791e+03	3.8e+00	4.2192e+00	1.7e-01
4.0826e+03	3.8e+00	3.9597e+00	1.6e-01
4.0861e+03	3.8e+00	3.6312e+00	1.5e-01
4.0896e+03	3.8e+00	3.1358e+00	1.2e-01
4.0931e+03	3.8e+00	2.5802e+00	9.6e-02
4.0965e+03	3.8e+00	2.0547e+00	8.4e-02
4.1000e+03	3.8e+00	1.8094e+00	6.8e-02
4.1035e+03	3.8e+00	2.0093e+00	7.5e-02
4.1070e+03	3.8e+00	2.5442e+00	9.1e-02
4.1105e+03	3.8e+00	3.0908e+00	1.1e-01
4.1140e+03	3.8e+00	3.4059e+00	1.1e-01
4.1175e+03	3.8e+00	3.6747e+00	1.2e-01
4.1210e+03	3.8e+00	3.8471e+00	1.2e-01
4.1245e+03	3.8e+00	3.8961e+00	1.2e-01
4.1280e+03	3.8e+00	3.9832e+00	1.3e-01
4.1315e+03	3.8e+00	4.0784e+00	1.3e-01
4.1350e+03	3.8e+00	4.1326e+00	1.3e-01
4.1386e+03	3.8e+00	4.1265e+00	1.3e-01
4.1421e+03	3.8e+00	4.1256e+00	1.2e-01
4.1456e+03	3.7e+00	4.1029e+00	1.2e-01
4.1491e+03	3.7e+00	4.1433e+00	1.3e-01
4.1526e+03	3.7e+00	4.1729e+00	1.2e-01
4.1561e+03	3.7e+00	4.1084e+00	1.1e-01
4.1596e+03	3.7e+00	4.1151e+00	1.0e-01
4.1631e+03	3.7e+00	4.0932e+00	1.1e-01
4.1666e+03	3.7e+00	4.0879e+00	1.1e-01
4.1701e+03	3.7e+00	4.0831e+00	1.0e-01
4.1736e+03	3.7e+00	4.0218e+00	9.6e-02
4.1771e+03	3.7e+00	4.0178e+00	9.8e-02
4.1806e+03	3.7e+00	3.9892e+00	9.6e-02
4.1841e+03	3.7e+00	4.0038e+00	9.3e-02
4.1877e+03	3.7e+00	3.9899e+00	9.0e-02
4.1912e+03	3.7e+00	3.9585e+00	8.8e-02
4.1947e+03	3.7e+00	4.0081e+00	8.5e-02
4.1982e+03	3.7e+00	3.9615e+00	9.0e-02
4.2017e+03	3.7e+00	3.9667e+00	9.1e-02
4.2052e+03	3.7e+00	3.9565e+00	8.3e-02
4.2087e+03	3.6e+00	3.9714e+00	8.0e-02
4.2123e+03	3.6e+00	3.9609e+00	8.4e-02
4.2158e+03	3.6e+00	3.9296e+00	7.9e-02
4.2193e+03	3.6e+00	3.8874e+00	7.3e-02
4.2228e+03	3.6e+00	3.8436e+00	7.3e-02
4.2263e+03	3.6e+00	3.8482e+00	7.5e-02
4.2298e+03	3.6e+00	3.7907e+00	7.0e-02
4.2334e+03	3.6e+00	3.7937e+00	7.0e-02
4.2369e+03	3.6e+00	3.7803e+00	6.8e-02
4.2404e+03	3.6e+00	3.7810e+00	6.1e-02
4.2439e+03	3.6e+00	3.7595e+00	6.1e-02
4.2474e+03	3.6e+00	3.7238e+00	5.9e-02
4.2510e+03	3.6e+00	3.7680e+00	6.4e-02
4.2545e+03	3.6e+00	3.6958e+00	6.2e-02
4.2580e+03	3.6e+00	3.7069e+00	5.7e-02
4.2615e+03	3.6e+00	3.6973e+00	5.7e-02
4.2650e+03	3.5e+00	3.6697e+00	5.7e-02
4.2686e+03	3.5e+00	3.6583e+00	5.3e-02
4.2721e+03	3.5e+00	3.6347e+00	5.4e-02
4.2756e+03	3.5e+00	3.5696e+00	5.6e-02
4.2791e+03	3.5e+00	3.5683e+00	4.8e-02
4.2827e+03	3.5e+00	3.5652e+00	4.7e-02
4.2862e+03	3.5e+00	3.4978e+00	4.7e-02
4.2897e+03	3.5e+00	3.4912e+00	4.7e-02
4.2932e+03	3.5e+00	3.4329e+00	4.7e-02
4.2968e+03	3.5e+00	3.3896e+00	4.3e-02
4.3003e+03	3.5e+00	3.3871e+00	4.1e-02
4.3038e+03	3.5e+00	3.2936e+00	4.6e-02
4.3074e+03	3.5e+00	3.2461e+00	4.2e-02
4.3109e+03	3.5e+00	3.1932e+00	3.7e-02
4.3144e+03	3.4e+00	3.0847e+00	4.1e-02
4.3179e+03	3.4e+00	2.9936e+00	3.1e-02
4.3215e+03	3.4e+00	2.8069e+00	3.0e-02
4.3250e+03	3.4e+00	2.5645e+00	2.7e-02
4.3285e+03	3.4e+00	2.2486e+00	2.1e-02
4.3321e+03	3.4e+00	1.8480e+00	2.1e-02
4.3356e+03	3.4e+00	1.4842e+00	1.7e-02
4.3391e+03	3.4e+00	1.3787e+00	1.5e-02
4.3427e+03	3.4e+00	1.6410e+00	1.6e-02
4.3462e+03	3.4e+00	2.0329e+00	2.3e-02
4.3497e+03	3.4e+00	2.3400e+00	2.5e-02
4.3533e+03	3.4e+00	2.5832e+00	2.9e-02
4.3568e+03	3.4e+00	2.7669e+00	3.1e-02
4.3603e+03	3.3e+00	2.8808e+00	3.4e-02
4.3639e+03	3.3e+00	2.9483e+00	3.7e-02
4.3674e+03	3.3e+00	3.0223e+00	3.1e-02
4.3709e+03	3.3e+00	3.0273e+00	3.9e-02
4.3745e+03	3.3e+00	3.0571e+00	4.0e-02
4.3780e+03	3.3e+00	3.0511e+00	3.8e-02
4.3815e+03	3.3e+00	3.0534e+00	3.6e-02
4.3851e+03	3.3e+00	3.0457e+00	4.0e-02
4.3886e+03	3.3e+00	3.0464e+00	3.9e-02
4.3922e+03	3.3e+00	3.0044e+00	4.4e-02
4.3957e+03	3.3e+00	2.9898e+00	4.4e-02
4.3992e+03	3.3e+00	3.0041e+00	4.1e-02
4.4028e+03	3.2e+00	2.9868e+00	4.2e-02
4.4063e+03	3.2e+00	2.9723e+00	4.4e-02
4.4099e+03	3.2e+00	2.9897e+00	3.7e-02
4.4134e+03	3.2e+00	2.9494e+00	4.1e-02
4.4169e+03	3.2e+00	2.9250e+00	4.6e-02
4.4205e+03	3.2e+00	2.9100e+00	4.9e-02
4.4240e+03	3.2e+00	2.9234e+00	4.5e-02
4.4276e+03	3.2e+00	2.9104e+00	4.6e-02
4.4311e+03	3.2e+00	2.8847e+00	4.7e-02
4.4346e+03	3.2e+00	2.8812e+00	4.7e-02
4.4382e+03	3.1e+00	2.8601e+00	4.4e-02
4.4417e+03	3.1e+00	2.8157e+00	4.5e-02
4.4453e+03	3.1e+00	2.7734e+00	4.8e-02
4.4488e+03	3.1e+00	2.7716e+00	4.9e-02
4.4524e+03	3.1e+00	2.8003e+00	4.4e-02
4.4559e+03	3.1e+00	2.7808e+00	5.0e-02
4.4595e+03	3.1e+00	2.7688e+00	4.7e-02
4.4630e+03	3.1e+00	2.7144e+00	5.0e-02
4.4665e+03	3.1e+00	2.6862e+00	4.5e-02
4.4701e+03	3.1e+00	2.6739e+00	4.5e-02
4.4736e+03	3.1e+00	2.6139e+00	5.1e-02
4.4772e+03	3.0e+00	2.5807e+00	4.7e-02
4.4807e+03	3.0e+00	2.5771e+00	4.5e-02
4.4843e+03	3.0e+00	2.5891e+00	5.0e-02
4.4878e+03	3.0e+00	2.6018e+00	5.0e-02
4.4914e+03	3.0e+00	2.5950e+00	5.2e-02
4.4949e+03	3.0e+00	2.5563e+00	5.8e-02
4.4985e+03	3.0e+00	2.5684e+00	5.2e-02
4.5020e+03	3.0e+00	2.5494e+00	5.4e-02
4.5056e+03	3.0e+00	2.5431e+00	5.3e-02
4.5091e+03	3.0e+00	2.5101e+00	5.5e-02
4.5127e+03	3.0e+00	2.5179e+00	5.3e-02
4.5162e+03	2.9e+00	2.5077e+00	5.1e-02
4.5198e+03	2.9e+00	2.4986e+00	5.0e-02
4.5233e+03	2.9e+00	2.4690e+00	5.6e-02
4.5269e+03	2.9e+00	2.4461e+00	5.6e-02
4.5304e+03	2.9e+00	2.4261e+00	5.4e-02
4.5340e+03	2.9e+00	2.4307e+00	5.1e-02
4.5375e+03	2.9e+00	2.4123e+00	5.4e-02
4.5411e+03	2.9e+00	2.4046e+00	5.2e-02
4.5446e+03	2.9e+00	2.3706e+00	5.1e-02
4.5482e+03	2.9e+00	2.3290e+00	5.3e-02
4.5517e+03	2.9e+00	2.2899e+00	5.2e-02
4.5553e+03	2.8e+00	2.2913e+00	5.5e-02
4.5588e+03	2.8e+00	2.2949e+00	5.4e-02
4.5624e+03	2.8e+00	2.3049e+00	5.2e-02
4.5659e+03	2.8e+00	2.2859e+00	5.3e-02
4.5695e+03	2.8e+00	2.2618e+00	5.2e-02
4.5730e+03	2.8e+00	2.2569e+00	4.9e-02
4.5766e+03	2.8e+00	2.2124e+00	5.7e-02
4.5801e+03	2.8e+00	2.1716e+00	5.6e-02
4.5837e+03	2.8e+00	2.1778e+00	5.1e-02
4.5873e+03	2.8e+00	2.1728e+00	5.3e-02
4.5908e+03	2.8e+00	2.1694e+00	5.4e-02
4.5944e+03	2.7e+00	2.1647e+00	5.6e-02
4.5979e+03	2.7e+00	2.1629e+00	5.3e-02
4.6015e+03	2.7e+00	2.1360e+00	5.7e-02
4.6050e+03	2.7e+00	2.1372e+00	5.4e-02
4.6086e+03	2.7e+00	2.1247e+00	5.8e-02
4.6121e+03	2.7e+00	2.1085e+00	5.5e-02
4.6157e+03	2.7e+00	2.0872e+00	5.2e-02
4.6193e+03	2.7e+00	2.0814e+00	5.5e-02
4.6228e+03	2.7e+00	2.0756e+00	5.4e-02
4.6264e+03	2.7e+00	2.0518e+00	5.8e-02
4.6299e+03	2.7e+00	2.0461e+00	5.3e-02
4.6335e+03	2.7e+00	2.0334e+00	5.6e-02
4.6370e+03	2.7e+00	2.0063e+00	5.9e-02
4.6406e+03	2.7e+00	2.0031e+00	5.9e-02
4.6441e+03	2.6e+00	1.9874e+00	6.0e-02
4.6477e+03	2.6e+00	1.9852e+00	5.9e-02
4.6513e+03	2.6e+00	1.9859e+00	5.7e-02
4.6548e+03	2.6e+00	1.9802e+00	5.6e-02
4.6584e+03	2.6e+00	1.9636e+00	5.1e-02
4.6619e+03	2.6e+00	1.9258e+00	5.7e-02
4.6655e+03	2.6e+00	1.9263e+00	5.5e-02
4.6691e+03	2.6e+00	1.8940e+00	5.8e-02
4.6726e+03	2.6e+00	1.8805e+00	5.8e-02
4.6762e+03	2.6e+00	1.9015e+00	5.5e-02
4.6797e+03	2.6e+00	1.8898e+00	5.7e-02
4.6833e+03	2.6e+00	1.8576e+00	5.8e-02
4.6869e+03	2.6e+00	1.8574e+00	5.7e-02
4.6904e+03	2.6e+00	1.8329e+00	5.9e-02
4.6940e+03	2.6e+00	1.8473e+00	5.2e-02
4.6975e+03	2.6e+00	1.8163e+00	5.7e-02
4.7011e+03	2.6e+00	1.8292e+00	5.5e-02
4.7047e+03	2.6e+00	1.8135e+00	5.5e-02
4.7082e+03	2.6e+00	1.7980e+00	5.6e-02
4.7118e+03	2.6e+00	1.7724e+00	5.5e-02
4.7153e+03	2.6e+00	1.7657e+00	5.6e-02
4.7189e+03	2.6e+00	1.7735e+00	5.6e-02
4.7225e+03	2.6e+00	1.7462e+00	5.6e-02
4.7260e+03	2.6e+00	1.7300e+00	5.5e-02
4.7296e+03	2.6e+00	1.7246e+00	5.6e-02
4.7331e+03	2.5e+00	1.7216e+00	5.6e-02
4.7367e+03	2.5e+00	1.7004e+00	5.7e-02
4.7403e+03	2.5e+00	1.7026e+00	5.5e-02
4.7438e+03	2.5e+00	1.6762e+00	5.3e-02
4.7474e+03	2.5e+00	1.6450e+00	5.5e-02
4.7509e+03	2.5e+00	1.6379e+00	5.6e-02
4.7545e+03	2.5e+00	1.6235e+00	5.5e-02
4.7581e+03	2.5e+00	1.6128e+00	5.5e-02
4.7616e+03	2.5e+00	1.5919e+00	5.5e-02
4.7652e+03	2.5e+00	1.5574e+00	5.7e-02
4.7688e+03	2.5e+00	1.5714e+00	5.4e-02
4.7723e+03	2.6e+00	1.5514e+00	5.6e-02
4.7759e+03	2.6e+00	1.5494e+00	5.3e-02
4.7794e+03	2.6e+00	1.5502e+00	5.3e-02
4.7830e+03	2.6e+00	1.5458e+00	5.4e-02
4.7866e+03	2.6e+00	1.5148e+00	5.7e-02
4.7901e+03	2.6e+00	1.5096e+00	5.6e-02
4.7937e+03	2.6e+00	1.5181e+00	5.6e-02
4.7972e+03	2.6e+00	1.4950e+00	5.6e-02
4.8008e+03	2.6e+00	1.4962e+00	5.2e-02
4.8044e+03	2.6e+00	1.4706e+00	5.3e-02
4.8079e+03	2.6e+00	1.4572e+00	5.3e-02
4.8115e+03	2.6e+00	1.4451e+00	5.3e-02
4.8151e+03	2.6e+00	1.4352e+00	5.2e-02
4.8186e+03	2.6e+00	1.4177e+00	5.4e-02
4.8222e+03	2.6e+00	1.4039e+00	5.4e-02
4.8258e+03	2.6e+00	1.3824e+00	5.2e-02
4.8293e+03	2.6e+00	1.3582e+00	5.1e-02
4.8329e+03	2.6e+00	1.3266e+00	5.3e-02
4.8364e+03	2.6e+00	1.2855e+00	5.1e-02
4.8400e+03	2.6e+00	1.2267e+00	4.7e-02
4.8436e+03	2.6e+00	1.1695e+00	4.3e-02
4.8471e+03	2.6e+00	1.0811e+00	4.1e-02
4.8507e+03	2.6e+00	9.6941e-01	3.6e-02
4.8543e+03	2.7e+00	8.2530e-01	2.9e-02
4.8578e+03	2.7e+00	6.8051e-01	2.5e-02
4.8614e+03	2.7e+00	6.5115e-01	2.3e-02
4.8649e+03	2.7e+00	7.1769e-01	2.7e-02
4.8685e+03	2.7e+00	8.6543e-01	3.3e-02
4.8721e+03	2.7e+00	9.9049e-01	3.7e-02
4.8756e+03	2.7e+00	1.0592e+00	4.4e-02
4.8792e+03	2.7e+00	1.1246e+00	4.5e-02
4.8828e+03	2.7e+00	1.1691e+00	4.8e-02
4.8863e+03	2.7e+00	1.1994e+00	4.9e-02
4.8899e+03	2.7e+00	1.2034e+00	5.0e-02
4.8934e+03	2.8e+00	1.2176e+00	5.0e-02
4.8970e+03	2.8e+00	1.2341e+00	5.1e-02
4.9006e+03	2.8e+00	1.2417e+00	5.5e-02
4.9041e+03	2.8e+00	1.2436e+00	5.0e-02
4.9077e+03	2.8e+00	1.2501e+00	5.2e-02
4.9113e+03	2.8e+00	1.2374e+00	5.4e-02
4.9148e+03	2.8e+00	1.2359e+00	5.4e-02
4.9184e+03	2.8e+00	1.2258e+00	5.3e-02
4.9220e+03	2.8e+00	1.2185e+00	5.3e-02
4.9255e+03	2.9e+00	1.2167e+00	5.3e-02
4.9291e+03	2.9e+00	1.2092e+00	5.1e-02
4.9326e+03	2.9e+00	1.2018e+00	5.4e-02
4.9362e+03	2.9e+00	1.2165e+00	5.4e-02
4.9398e+03	2.9e+00	1.2134e+00	5.4e-02
4.9433e+03	2.9e+00	1.2060e+00	5.2e-02
4.9469e+03	2.9e+00	1.2033e+00	5.6e-02
4.9505e+03	3.0e+00	1.2055e+00	5.4e-02
4.9540e+03	3.0e+00	1.1866e+00	5.3e-02
4.9576e+03	3.0e+00	1.1782e+00	5.3e-02
4.9611e+03	3.0e+00	1.1751e+00	5.5e-02
4.9647e+03	3.0e+00	1.1847e+00	5.5e-02
4.9683e+03	3.0e+00	1.1690e+00	5.2e-02
4.9718e+03	3.0e+00	1.1596e+00	5.2e-02
4.9754e+03	3.1e+00	1.1550e+00	5.3e-02
4.9789e+03	3.1e+00	1.1399e+00	5.1e-02
4.9825e+03	3.1e+00	1.1231e+00	5.3e-02
4.9861e+03	3.1e+00	1.1297e+00	5.1e-02
4.9896e+03	3.1e+00	1.1174e+00	5.2e-02
4.9932e+03	3.1e+00	1.1129e+00	5.3e-02
4.9968e+03	3.2e+00	1.1009e+00	5.3e-02
5.0003e+03	3.2e+00	1.0890e+00	5.1e-02
5.0039e+03	3.2e+00	1.0862e+00	5.2e-02
5.0074e+03	3.2e+00	1.0794e+00	5.1e-02
5.0110e+03	3.2e+00	1.0743e+00	5.1e-02
5.0146e+03	3.2e+00	1.0595e+00	5.0e-02
5.0181e+03	3.3e+00	1.0442e+00	5.3e-02
5.0217e+03	3.3e+00	1.0386e+00	5.0e-02
5.0252e+03	3.3e+00	1.0358e+00	5.0e-02
5.0288e+03	3.3e+00	1.0440e+00	5.1e-02
5.0324e+03	3.3e+00	1.0294e+00	5.0e-02
5.0359e+03	3.3e+00	1.0242e+00	4.9e-02
5.0395e+03	3.4e+00	1.0139e+00	5.1e-02
5.0430e+03	3.4e+00	1.0112e+00	4.8e-02
5.0466e+03	3.4e+00	9.9724e-01	4.6e-02
5.0502e+03	3.4e+00	9.9381e-01	4.9e-02
5.0537e+03	3.4e+00	9.9879e-01	4.9e-02
5.0573e+03	3.5e+00	9.8733e-01	4.8e-02
5.0608e+03	3.5e+00	9.7142e-01	5.0e-02
5.0644e+03	3.5e+00	9.7862e-01	5.1e-02
5.0680e+03	3.5e+00	9.7178e-01	4.7e-02
5.0715e+03	3.5e+00	9.6041e-01	4.8e-02
5.0751e+03	3.5e+00	9.7024e-01	4.7e-02
5.0786e+03	3.6e+00	9.6212e-01	4.9e-02
5.0822e+03	3.6e+00	9.5686e-01	4.8e-02
5.0858e+03	3.6e+00	9.5777e-01	4.9e-02
5.0893e+03	3.6e+00	9.4857e-01	4.9e-02
5.0929e+03	3.6e+00	9.4377e-01	4.7e-02
5.0964e+03	3.7e+00	9.3927e-01	4.8e-02
5.1000e+03	3.7e+00	9.3559e-01	4.8e-02
5.1035e+03	3.7e+00	9.2805e-01	4.7e-02
5.1071e+03	3.7e+00	9.1535e-01	4.8e-02
5.1107e+03	3.7e+00	9.1364e-01	5.0e-02
5.1142e+03	3.8e+00	9.1854e-01	4.6e-02
5.1178e+03	3.8e+00	9.0699e-01	4.6e-02
5.1213e+03	3.8e+00	9.0043e-01	4.6e-02
5.1249e+03	3.8e+00	9.0063e-01	4.8e-02
5.1284e+03	3.8e+00	8.9356e-01	4.7e-02
5.1320e+03	3.9e+00	8.6939e-01	4.6e-02
5.1356e+03	3.9e+00	8.7149e-01	4.5e-02
5.1391e+03	3.9e+00	8.7040e-01	4.5e-02
5.1427e+03	3.9e+00	8.5900e-01	4.7e-02
5.1462e+03	4.0e+00	8.5394e-01	4.5e-02
5.1498e+03	4.0e+00	8.5834e-01	4.5e-02
5.1533e+03	4.0e+00	8.4612e-01	4.5e-02
5.1569e+03	4.0e+00	8.4498e-01	4.4e-02
5.1604e+03	4.0e+00	8.3991e-01	4.5e-02
5.1640e+03	4.1e+00	8.2349e-01	4.4e-02
5.1676e+03	4.1e+00	8.1233e-01	4.3e-02
5.1711e+03	4.1e+00	8.0804e-01	4.4e-02
5.1747e+03	4.1e+00	7.9814e-01	4.4e-02
5.1782e+03	4.1e+00	8.0408e-01	4.3e-02
5.1818e+03	4.2e+00	8.0419e-01	4.4e-02
5.1853e+03	4.2e+00	7.9645e-01	4.4e-02
5.1889e+03	4.2e+00	7.9557e-01	4.2e-02
5.1924e+03	4.2e+00	7.9844e-01	4.2e-02
5.1960e+03	4.2e+00	7.9276e-01	4.3e-02
5.1995e+03	4.3e+00	7.8741e-01	4.0e-02
5.2031e+03	4.3e+00	7.9143e-01	4.2e-02
5.2066e+03	4.3e+00	7.7506e-01	4.4e-02
5.2102e+03	4.3e+00	7.7425e-01	4.2e-02
5.2137e+03	4.4e+00	7.6625e-01	4.3e-02
5.2173e+03	4.4e+00	7.6109e-01	4.3e-02
5.2208e+03	4.4e+00	7.5600e-01	4.3e-02
5.2244e+03	4.4e+00	7.5091e-01	4.2e-02
5.2279e+03	4.4e+00	7.5210e-01	4.0e-02
5.2315e+03	4.5e+00	7.4061e-01	4.2e-02
5.2350e+03	4.5e+00	7.2981e-01	4.1e-02
5.2386e+03	4.5e+00	7.2807e-01	4.1e-02
5.2421e+03	4.5e+00	7.3435e-01	4.1e-02
5.2457e+03	4.5e+00	7.2607e-01	4.1e-02
5.2492e+03	4.6e+00	7.2133e-01	4.0e-02
5.2528e+03	4.6e+00	7.1704e-01	4.0e-02
5.2563e+03	4.6e+00	7.0211e-01	4.0e-02
5.2599e+03	4.6e+00	7.0384e-01	3.9e-02
5.2634e+03	4.7e+00	7.0125e-01	3.9e-02
5.2670e+03	4.7e+00	6.8803e-01	3.9e-02
5.2705e+03	4.7e+00	6.7265e-01	3.9e-02
5.2741e+03	4.7e+00	6.8097e-01	3.7e-02
5.2776e+03	4.7e+00	6.7921e-01	3.9e-02
5.2812e+03	4.8e+00	6.6738e-01	3.8e-02
5.2847e+03	4.8e+00	6.6889e-01	3.8e-02
5.2883e+03	4.8e+00	6.6453e-01	3.9e-02
5.2918e+03	4.8e+00	6.6409e-01	3.8e-02
5.2953e+03	4.8e+00	6.5463e-01	3.8e-02
5.2989e+03	4.9e+00	6.6038e-01	3.6e-02
5.3024e+03	4.9e+00	6.5399e-01	3.7e-02
5.3060e+03	4.9e+00	6.5081e-01	3.6e-02
5.3095e+03	4.9e+00	6.5162e-01	3.8e-02
5.3131e+03	4.9e+00	6.5123e-01	3.8e-02
5.3166e+03	5.0e+00	6.3399e-01	3.7e-02
5.3202e+03	5.0e+00	6.2213e-01	3.8e-02
5.3237e+03	5.0e+00	6.3287e-01	3.6e-02
5.3272e+03	5.0e+00	6.3091e-01	3.5e-02
5.3308e+03	5.1e+00	6.2845e-01	3.5e-02
5.3343e+03	5.1e+00	6.2469e-01	3.6e-02
5.3379e+03	5.1e+00	6.2408e-01	3.5e-02
5.3414e+03	5.1e+00	6.2018e-01	3.5e-02
5.3449e+03	5.1e+00	6.1297e-01	3.6e-02
5.3485e+03	5.2e+00	6.1400e-01	3.5e-02
5.3520e+03	5.2e+00	6.0445e-01	3.7e-02
5.3556e+03	5.2e+00	6.0613e-01	3.7e-02
5.3591e+03	5.2e+00	6.0696e-01	3.5e-02
5.3626e+03	5.2e+00	6.0392e-01	3.6e-02
5.3662e+03	5.3e+00	6.0485e-01	3.5e-02
5.3697e+03	5.3e+00	5.9256e-01	3.6e-02
5.3733e+03	5.3e+00	5.9596e-01	3.5e-02
5.3768e+03	5.3e+00	5.9543e-01	3.6e-02
5.3803e+03	5.3e+00	5.8887e-01	3.5e-02
5.3839e+03	5.4e+00	5.8524e-01	3.5e-02
5.3874e+03	5.4e+00	5.8280e-01	3.3e-02
5.3909e+03	5.4e+00	5.7880e-01	3.5e-02
5.3945e+03	5.4e+00	5.7644e-01	3.6e-02
5.3980e+03	5.4e+00	5.7429e-01	3.5e-02
5.4015e+03	5.5e+00	5.6853e-01	3.4e-02
5.4051e+03	5.5e+00	5.6317e-01	3.4e-02
5.4086e+03	5.5e+00	5.6308e-01	3.5e-02
5.4122e+03	5.5e+00	5.5584e-01	3.5e-02
5.4157e+03	5.5e+00	5.4965e-01	3.4e-02
5.4192e+03	5.5e+00	5.5282e-01	3.3e-02
5.4227e+03	5.6e+00	5.5555e-01	3.2e-02
5.4263e+03	5.6e+00	5.4552e-01	3.2e-02
5.4298e+03	5.6e+00	5.4212e-01	3.3e-02
5.4333e+03	5.6e+00	5.3796e-01	3.3e-02
5.4369e+03	5.6e+00	5.3817e-01	3.4e-02
5.4404e+03	5.7e+00	5.3327e-01	3.3e-02
5.4439e+03	5.7e+00	5.3293e-01	3.2e-02
5.4475e+03	5.7e+00	5.2441e-01	3.2e-02
5.4510e+03	5.7e+00	5.2285e-01	3.2e-02
5.4545e+03	5.7e+00	5.2028e-01	3.2e-02
5.4581e+03	5.8e+00	5.2475e-01	3.3e-02
5.4616e+03	5.8e+00	5.2043e-01	3.3e-02
5.4651e+03	5.8e+00	5.1492e-01	3.2e-02
5.4686e+03	5.8e+00	5.0999e-01	3.1e-02
5.4722e+03	5.8e+00	5.1303e-01	3.2e-02
5.4757e+03	5.8e+00	5.1258e-01	3.2e-02
5.4792e+03	5.9e+00	5.0981e-01	3.1e-02
5.4827e+03	5.9e+00	5.0072e-01	3.2e-02
5.4863e+03	5.9e+00	4.9563e-01	3.1e-02
5.4898e+03	5.9e+00	4.9982e-01	3.1e-02
5.4933e+03	5.9e+00	4.9937e-01	3.2e-02
5.4968e+03	5.9e+00	4.9684e-01	3.1e-02
5.5004e+03	6.0e+00	4.8776e-01	3.1e-02
5.5039e+03	6.0e+00	4.9041e-01	3.0e-02
5.5074e+03	6.0e+00	4.9723e-01	2.9e-02
5.5109e+03	6.0e+00	4.9256e-01	2.9e-02
5.5145e+03	6.0e+00	4.8755e-01	3.0e-02
5.5180e+03	6.0e+00	4.7583e-01	3.1e-02
5.5215e+03	6.1e+00	4.7138e-01	3.1e-02
5.5250e+03	6.1e+00	4.7178e-01	3.0e-02
5.5285e+03	6.1e+00	4.7558e-01	2.9e-02
5.5321e+03	6.1e+00	4.7219e-01	2.8e-02
5.5356e+03	6.1e+00	4.6634e-01	2.9e-02
5.5391e+03	6.1e+00	4.6890e-01	3.0e-02
5.5426e+03	6.1e+00	4.6406e-01	3.0e-02
5.5461e+03	6.2e+00	4.6333e-01	3.0e-02
5.5497e+03	6.2e+00	4.5702e-01	3.0e-02
5.5532e+03	6.2e+00	4.5455e-01	3.0e-02
5.5567e+03	6.2e+00	4.6045e-01	3.0e-02
5.5602e+03	6.2e+00	4.5467e-01	3.1e-02
5.5637e+03	6.2e+00	4.4866e-01	3.1e-02
5.5672e+03	6.3e+00	4.5022e-01	2.9e-02
5.5707e+03	6.3e+00	4.4189e-01	2.9e-02
5.5743e+03	6.3e+00	4.4330e-01	2.8e-02
5.5778e+03	6.3e+00	4.3617e-01	2.8e-02
5.5813e+03	6.3e+00	4.3682e-01	2.9e-02
5.5848e+03	6.3e+00	4.4574e-01	2.9e-02
5.5883e+03	6.3e+00	4.3927e-01	3.0e-02
5.5918e+03	6.3e+00	4.3191e-01	2.8e-02
5.5953e+03	6.4e+00	4.3384e-01	2.8e-02
5.5988e+03	6.4e+00	4.3441e-01	2.7e-02
5.6024e+03	6.4e+00	4.2893e-01	2.9e-02
5.6059e+03	6.4e+00	4.2313e-01	2.7e-02
5.6094e+03	6.4e+00	4.2014e-01	2.8e-02
5.6129e+03	6.4e+00	4.2004e-01	2.8e-02
5.6164e+03	6.4e+00	4.1321e-01	2.7e-02
5.6199e+03	6.4e+00	4.1600e-01	2.6e-02
5.6234e+03	6.5e+00	4.1003e-01	2.7e-02
5.6269e+03	6.5e+00	4.1490e-01	2.6e-02
5.6304e+03	6.5e+00	4.1019e-01	2.7e-02
5.6339e+03	6.5e+00	4.1072e-01	2.6e-02
5.6374e+03	6.5e+00	4.0753e-01	2.7e-02
5.6409e+03	6.5e+00	4.0696e-01	2.7e-02
5.6444e+03	6.5e+00	4.0409e-01	2.7e-02
5.6479e+03	6.5e+00	4.0041e-01	2.6e-02
5.6514e+03	6.6e+00	3.9777e-01	2.7e-02
5.6549e+03	6.6e+00	4.0032e-01	2.6e-02
5.6584e+03	6.6e+00	3.9811e-01	2.7e-02
5.6619e+03	6.6e+00	3.9252e-01	2.6e-02
5.6654e+03	6.6e+00	3.8625e-01	2.6e-02
5.6689e+03	6.6e+00	3.8892e-01	2.7e-02
5.6724e+03	6.6e+00	3.8993e-01	2.6e-02
5.6759e+03	6.6e+00	3.8345e-01	2.6e-02
5.6794e+03	6.6e+00	3.8701e-01	2.6e-02
5.6829e+03	6.6e+00	3.8001e-01	2.7e-02
5.6864e+03	6.6e+00	3.7901e-01	2.5e-02
5.6899e+03	6.7e+00	3.7677e-01	2.5e-02
5.6934e+03	6.7e+00	3.7589e-01	2.5e-02
5.6969e+03	6.7e+00	3.7374e-01	2.5e-02
5.7004e+03	6.7e+00	3.6935e-01	2.6e-02
5.7039e+03	6.7e+00	3.6846e-01	2.5e-02
5.7074e+03	6.7e+00	3.6617e-01	2.4e-02
5.7109e+03	6.7e+00	3.6460e-01	2.6e-02
5.7144e+03	6.7e+00	3.6516e-01	2.5e-02
5.7179e+03	6.7e+00	3.5945e-01	2.3e-02
5.7214e+03	6.7e+00	3.5544e-01	2.4e-02
5.7249e+03	6.7e+00	3.5624e-01	2.4e-02
5.7284e+03	6.7e+00	3.5588e-01	2.4e-02
5.7319e+03	6.7e+00	3.5105e-01	2.4e-02
5.7353e+03	6.8e+00	3.5302e-01	2.4e-02
5.7388e+03	6.8e+00	3.4729e-01	2.4e-02
5.7423e+03	6.8e+00	3.4213e-01	2.4e-02
5.7458e+03	6.8e+00	3.4140e-01	2.5e-02
5.7493e+03	6.8e+00	3.4448e-01	2.4e-02
5.7528e+03	6.8e+00	3.4583e-01	2.3e-02
5.7563e+03	6.8e+00	3.4578e-01	2.4e-02
5.7597e+03	6.8e+00	3.3816e-01	2.5e-02
5.7632e+03	6.8e+00	3.4348e-01	2.3e-02
5.7667e+03	6.8e+00	3.3795e-01	2.4e-02
5.7702e+03	6.8e+00	3.3872e-01	2.3e-02
5.7737e+03	6.8e+00	3.3146e-01	2.3e-02
5.7772e+03	6.8e+00	3.2955e-01	2.3e-02
5.7806e+03	6.8e+00	3.3250e-01	2.3e-02
5.7841e+03	6.8e+00	3.3242e-01	2.3e-02
5.7876e+03	6.8e+00	3.2953e-01	2.4e-02
5.7911e+03	6.8e+00	3.3024e-01	2.4e-02
5.7946e+03	6.8e+00	3.2736e-01	2.4e-02
5.7980e+03	6.8e+00	3.2790e-01	2.3e-02
5.8015e+03	6.8e+00	3.2574e-01	2.3e-02
5.8050e+03	6.8e+00	3.2869e-01	2.3e-02
5.8085e+03	6.8e+00	3.2787e-01	2.2e-02
5.8120e+03	6.8e+00	3.3127e-01	2.3e-02
5.8154e+03	6.9e+00	3.3031e-01	2.3e-02
5.8189e+03	6.9e+00	3.2925e-01	2.3e-02
5.8224e+03	6.9e+00	3.2604e-01	2.3e-02
5.8258e+03	6.9e+00	3.2650e-01	2.2e-02
5.8293e+03	6.9e+00	3.2592e-01	2.3e-02
5.8328e+03	6.9e+00	3.2194e-01	2.3e-02
5.8363e+03	6.9e+00	3.2672e-01	2.2e-02
5.8397e+03	6.9e+00	3.2888e-01	2.3e-02
5.8432e+03	6.9e+00	3.2677e-01	2.3e-02
5.8467e+03	6.9e+00	3.2220e-01	2.3e-02
5.8501e+03	6.9e+00	3.2312e-01	2.3e-02
5.8536e+03	6.9e+00	3.2333e-01	2.3e-02
5.8571e+03	6.9e+00	3.1827e-01	2.3e-02
5.8605e+03	6.9e+00	3.1604e-01	2.2e-02
5.8640e+03	6.9e+00	3.1550e-01	2.3e-02
5.8675e+03	6.9e+00	3.1867e-01	2.3e-02
5.8709e+03	6.9e+00	3.1601e-01	2.3e-02
5.8744e+03	6.9e+00	3.1545e-01	2.2e-02
5.8779e+03	6.8e+00	3.1281e-01	2.3e-02
5.8813e+03	6.8e+00	3.1257e-01	2.3e-02
5.8848e+03	6.8e+00	3.0724e-01	2.2e-02
5.8883e+03	6.8e+00	3.0563e-01	2.3e-02
5.8917e+03	6.8e+00	3.0078e-01	2.1e-02
5.8952e+03	6.8e+00	2.9088e-01	2.2e-02
5.8986e+03	6.8e+00	2.9305e-01	2.2e-02
5.9021e+03	6.8e+00	2.9113e-01	2.1e-02
5.9055e+03	6.8e+00	2.9260e-01	2.2e-02
5.9090e+03	6.8e+00	2.9628e-01	2.2e-02
5.9125e+03	6.8e+00	2.9768e-01	2.1e-02
5.9159e+03	6.8e+00	2.9229e-01	2.1e-02
5.9194e+03	6.8e+00	2.9596e-01	2.1e-02
5.9228e+03	6.8e+00	2.9302e-01	2.2e-02
5.9263e+03	6.8e+00	2.9159e-01	2.1e-02
5.9297e+03	6.8e+00	2.9332e-01	2.1e-02
5.9332e+03	6.8e+00	2.9153e-01	2.1e-02
5.9366e+03	6.8e+00	2.9014e-01	2.2e-02
5.9401e+03	6.8e+00	2.9060e-01	2.1e-02
5.9435e+03	6.8e+00	2.8477e-01	2.1e-02
5.9470e+03	6.8e+00	2.8391e-01	2.0e-02
5.9504e+03	6.8e+00	2.8442e-01	2.1e-02
5.9539e+03	6.7e+00	2.8140e-01	2.1e-02
5.9573e+03	6.7e+00	2.8484e-01	2.1e-02
5.9608e+03	6.7e+00	2.8423e-01	2.1e-02
5.9642e+03	6.7e+00	2.8223e-01	2.1e-02
5.9677e+03	6.7e+00	2.7921e-01	2.1e-02
5.9711e+03	6.7e+00	2.7925e-01	2.0e-02
5.9746e+03	6.7e+00	2.7895e-01	2.0e-02
5.9780e+03	6.7e+00	2.7514e-01	2.1e-02
5.9814e+03	6.7e+00	2.7956e-01	2.1e-02
5.9849e+03	6.7e+00	2.7870e-01	2.0e-02
5.9883e+03	6.7e+00	2.7352e-01	2.0e-02
5.9918e+03	6.7e+00	2.7421e-01	2.0e-02
5.9952e+03	6.6e+00	2.7291e-01	2.0e-02
5.9986e+03	6.6e+00	2.7224e-01	2.0e-02
6.0021e+03	6.6e+00	2.7235e-01	2.0e-02
6.0055e+03	6.6e+00	2.6897e-01	2.0e-02
6.0090e+03	6.6e+00	2.6974e-01	2.1e-02
6.0124e+03	6.6e+00	2.6866e-01	2.1e-02
6.0158e+03	6.6e+00	2.6325e-01	2.0e-02
6.0193e+03	6.6e+00	2.6550e-01	2.0e-02
6.0227e+03	6.6e+00	2.6828e-01	2.0e-02
6.0261e+03	6.5e+00	2.6371e-01	2.1e-02
6.0296e+03	6.5e+00	2.6168e-01	2.0e-02
6.0330e+03	6.5e+00	2.6310e-01	2.0e-02
6.0364e+03	6.5e+00	2.6786e-01	1.9e-02
6.0398e+03	6.5e+00	2.6191e-01	1.9e-02
6.0433e+03	6.5e+00	2.5972e-01	2.0e-02
6.0467e+03	6.5e+00	2.5850e-01	2.0e-02
6.0501e+03	6.4e+00	2.5838e-01	1.9e-02
6.0536e+03	6.4e+00	2.5905e-01	1.9e-02
6.0570e+03	6.4e+00	2.6105e-01	1.9e-02
6.0604e+03	6.4e+00	2.5467e-01	1.9e-02
6.0638e+03	6.4e+00	2.5578e-01	2.0e-02
6.0672e+03	6.4e+00	2.5522e-01	1.9e-02
6.0707e+03	6.4e+00	2.5192e-01	1.9e-02
6.0741e+03	6.3e+00	2.5396e-01	1.8e-02
6.0775e+03	6.3e+00	2.5203e-01	1.9e-02
6.0809e+03	6.3e+00	2.5373e-01	1.9e-02
6.0844e+03	6.3e+00	2.4965e-01	1.9e-02
6.0878e+03	6.3e+00	2.5129e-01	1.9e-02
6.0912e+03	6.3e+00	2.5242e-01	1.9e-02
6.0946e+03	6.2e+00	2.5071e-01	1.9e-02
6.0980e+03	6.2e+00	2.5077e-01	1.9e-02
6.1014e+03	6.2e+00	2.4744e-01	2.0e-02
6.1048e+03	6.2e+00	2.4688e-01	1.9e-02
6.1083e+03	6.2e+00	2.4138e-01	1.9e-02
6.1117e+03	6.2e+00	2.4218e-01	1.9e-02
6.1151e+03	6.1e+00	2.4571e-01	1.9e-02
6.1185e+03	6.1e+00	2.4401e-01	1.9e-02
6.1219e+03	6.1e+00	2.4488e-01	2.0e-02
6.1253e+03	6.1e+00	2.4254e-01	1.9e-02
6.1287e+03	6.1e+00	2.4124e-01	1.9e-02
6.1321e+03	6.0e+00	2.4026e-01	1.9e-02
6.1355e+03	6.0e+00	2.4248e-01	1.9e-02
6.1389e+03	6.0e+00	2.4512e-01	1.9e-02
6.1423e+03	6.0e+00	2.4151e-01	1.9e-02
6.1458e+03	6.0e+00	2.4346e-01	1.8e-02
6.1492e+03	5.9e+00	2.3811e-01	1.8e-02
6.1526e+03	5.9e+00	2.3728e-01	1.8e-02
6.1560e+03	5.9e+00	2.3441e-01	1.8e-02
6.1594e+03	5.9e+00	2.3670e-01	1.8e-02
6.1628e+03	5.8e+00	2.3260e-01	1.8e-02
6.1662e+03	5.8e+00	2.3456e-01	1.8e-02
6.1696e+03	5.8e+00	2.3484e-01	1.9e-02
6.1730e+03	5.8e+00	2.3378e-01	1.8e-02
6.1764e+03	5.7e+00	2.3584e-01	1.8e-02
6.1797e+03	5.7e+00	2.3230e-01	1.9e-02
6.1831e+03	5.7e+00	2.2920e-01	1.7e-02
6.1865e+03	5.7e+00	2.2861e-01	1.7e-02
6.1899e+03	5.6e+00	2.3229e-01	1.8e-02
6.1933e+03	5.6e+00	2.3485e-01	1.8e-02
6.1967e+03	5.6e+00	2.2918e-01	1.8e-02
6.2001e+03	5.6e+00	2.2908e-01	1.8e-02
6.2035e+03	5.5e+00	2.2829e-01	1.8e-02
6.2069e+03	5.5e+00	2.2880e-01	1.8e-02
6.2103e+03	5.5e+00	2.2764e-01	1.8e-02
6.2137e+03	5.5e+00	2.2272e-01	1.8e-02
6.2170e+03	5.4e+00	2.2278e-01	1.8e-02
6.2204e+03	5.4e+00	2.2059e-01	1.7e-02
6.2238e+03	5.4e+00	2.2002e-01	1.7e-02
6.2272e+03	5.4e+00	2.1960e-01	1.8e-02
6.2306e+03	5.3e+00	2.1544e-01	1.7e-02
6.2340e+03	5.3e+00	2.1986e-01	1.7e-02
6.2373e+03	5.3e+00	2.1984e-01	1.7e-02
6.2407e+03	5.2e+00	2.1679e-01	1.7e-02
6.2441e+03	5.2e+00	2.1682e-01	1.7e-02
6.2475e+03	5.2e+00	2.1538e-01	1.8e-02
6.2509e+03	5.2e+00	2.1689e-01	1.8e-02
6.2542e+03	5.1e+00	2.1501e-01	1.7e-02
6.2576e+03	5.1e+00	2.1171e-01	1.7e-02
6.2610e+03	5.1e+00	2.1577e-01	1.6e-02
6.2644e+03	5.0e+00	2.1166e-01	1.7e-02
6.2677e+03	5.0e+00	2.0936e-01	1.8e-02
6.2711e+03	5.0e+00	2.1162e-01	1.7e-02
6.2745e+03	4.9e+00	2.1108e-01	1.6e-02
6.2778e+03	4.9e+00	2.0078e-01	1.6e-02
6.2812e+03	4.9e+00	1.9043e-01	1.5e-02
6.2846e+03	4.9e+00	1.9027e-01	1.5e-02
6.2879e+03	4.8e+00	1.9921e-01	1.6e-02
6.2913e+03	4.8e+00	1.9892e-01	1.6e-02
6.2947e+03	4.8e+00	1.9782e-01	1.6e-02
6.2980e+03	4.7e+00	1.9680e-01	1.6e-02
6.3014e+03	4.7e+00	1.9673e-01	1.5e-02
6.3048e+03	4.7e+00	1.9529e-01	1.6e-02
6.3081e+03	4.6e+00	2.0072e-01	1.6e-02
6.3115e+03	4.6e+00	1.9685e-01	1.6e-02
6.3149e+03	4.6e+00	1.9851e-01	1.6e-02
6.3182e+03	4.5e+00	1.9803e-01	1.5e-02
6.3216e+03	4.5e+00	1.9958e-01	1.6e-02
6.3249e+03	4.5e+00	1.9934e-01	1.6e-02
6.3283e+03	4.4e+00	1.9745e-01	1.6e-02
6.3316e+03	4.4e+00	1.9922e-01	1.6e-02
6.3350e+03	4.3e+00	2.0068e-01	1.6e-02
6.3383e+03	4.3e+00	1.9673e-01	1.7e-02
6.3417e+03	4.3e+00	1.9790e-01	1.5e-02
6.3450e+03	4.2e+00	1.9465e-01	1.6e-02
6.3484e+03	4.2e+00	1.9558e-01	1.6e-02
6.3517e+03	4.2e+00	1.9459e-01	1.6e-02
6.3551e+03	4.1e+00	1.9869e-01	1.6e-02
6.3584e+03	4.1e+00	1.9815e-01	1.7e-02
6.3618e+03	4.1e+00	1.9863e-01	1.6e-02
6.3651e+03	4.0e+00	1.9770e-01	1.5e-02
6.3685e+03	4.0e+00	1.9684e-01	1.6e-02
6.3718e+03	4.0e+00	1.9270e-01	1.5e-02
6.3752e+03	3.9e+00	1.8981e-01	1.6e-02
6.3785e+03	3.9e+00	1.9297e-01	1.6e-02
6.3818e+03	3.9e+00	1.9676e-01	1.6e-02
6.3852e+03	3.8e+00	1.9190e-01	1.5e-02
6.3885e+03	3.8e+00	1.9175e-01	1.6e-02
6.3919e+03	3.7e+00	1.9003e-01	1.7e-02
6.3952e+03	3.7e+00	1.9456e-01	1.5e-02
6.3985e+03	3.7e+00	1.9124e-01	1.6e-02
6.4019e+03	3.6e+00	1.9007e-01	1.6e-02
6.4052e+03	3.6e+00	1.9287e-01	1.5e-02
6.4085e+03	3.6e+00	1.9039e-01	1.6e-02
6.4119e+03	3.5e+00	1.9159e-01	1.6e-02
6.4152e+03	3.5e+00	1.8759e-01	1.6e-02
6.4185e+03	3.5e+00	1.8910e-01	1.5e-02
6.4219e+03	3.4e+00	1.8922e-01	1.6e-02
6.4252e+03	3.4e+00	1.9095e-01	1.6e-02
6.4285e+03	3.3e+00	1.8819e-01	1.6e-02
6.4318e+03	3.3e+00	1.8768e-01	1.5e-02
6.4352e+03	3.3e+00	1.8251e-01	1.5e-02
6.4385e+03	3.2e+00	1.8472e-01	1.5e-02
6.4418e+03	3.2e+00	1.8877e-01	1.6e-02
6.4451e+03	3.2e+00	1.8502e-01	1.6e-02
6.4485e+03	3.1e+00	1.8632e-01	1.5e-02
6.4518e+03	3.1e+00	1.8330e-01	1.5e-02
6.4551e+03	3.1e+00	1.8268e-01	1.5e-02
6.4584e+03	3.0e+00	1.8075e-01	1.5e-02
6.4617e+03	3.0e+00	1.8271e-01	1.5e-02
6.4650e+03	3.0e+00	1.8170e-01	1.5e-02
6.4684e+03	2.9e+00	1.8066e-01	1.5e-02
6.4717e+03	2.9e+00	1.7590e-01	1.5e-02
6.4750e+03	2.9e+00	1.7440e-01	1.4e-02
6.4783e+03	2.9e+00	1.7634e-01	1.5e-02
6.4816e+03	2.8e+00	1.7356e-01	1.4e-02
6.4849e+03	2.8e+00	1.7543e-01	1.4e-02
6.4882e+03	2.8e+00	1.7414e-01	1.5e-02
6.4915e+03	2.7e+00	1.7447e-01	1.4e-02
6.4948e+03	2.7e+00	1.7244e-01	1.5e-02
6.4981e+03	2.7e+00	1.7498e-01	1.4e-02
6.5014e+03	2.7e+00	1.7445e-01	1.4e-02
6.5048e+03	2.7e+00	1.7451e-01	1.4e-02
6.5081e+03	2.6e+00	1.6820e-01	1.4e-02
6.5114e+03	2.6e+00	1.6716e-01	1.4e-02
6.5147e+03	2.6e+00	1.7135e-01	1.4e-02
6.5180e+03	2.6e+00	1.7088e-01	1.3e-02
6.5213e+03	2.6e+00	1.6801e-01	1.4e-02
6.5245e+03	2.5e+00	1.6722e-01	1.4e-02
6.5278e+03	2.5e+00	1.6126e-01	1.4e-02
6.5311e+03	2.5e+00	1.6294e-01	1.4e-02
6.5344e+03	2.5e+00	1.5674e-01	1.4e-02
6.5377e+03	2.5e+00	1.5951e-01	1.3e-02
6.5410e+03	2.5e+00	1.5216e-01	1.3e-02
6.5443e+03	2.5e+00	1.4546e-01	1.2e-02
6.5476e+03	2.5e+00	1.3819e-01	1.2e-02
6.5509e+03	2.5e+00	1.2989e-01	1.1e-02
6.5542e+03	2.5e+00	1.2000e-01	9.5e-03
6.5575e+03	2.5e+00	1.0278e-01	8.9e-03
6.5607e+03	2.5e+00	1.0063e-01	7.5e-03
6.5640e+03	2.5e+00	9.8377e-02	7.9e-03
6.5673e+03	2.5e+00	1.1311e-01	8.8e-03
6.5706e+03	2.5e+00	1.2650e-01	1.1e-02
6.5739e+03	2.5e+00	1.3590e-01	1.1e-02
6.5772e+03	2.5e+00	1.3882e-01	1.1e-02
6.5804e+03	2.6e+00	1.4464e-01	1.1e-02
6.5837e+03	2.6e+00	1.4803e-01	1.3e-02
6.5870e+03	2.6e+00	1.5307e-01	1.3e-02
6.5903e+03	2.6e+00	1.5362e-01	1.2e-02
6.5935e+03	2.6e+00	1.5244e-01	1.3e-02
6.5968e+03	2.7e+00	1.5188e-01	1.4e-02
6.6001e+03	2.7e+00	1.5535e-01	1.3e-02
6.6034e+03	2.7e+00	1.5703e-01	1.2e-02
6.6066e+03	2.8e+00	1.5597e-01	1.3e-02
6.6099e+03	2.8e+00	1.5403e-01	1.4e-02
6.6132e+03	2.8e+00	1.5631e-01	1.2e-02
6.6164e+03	2.9e+00	1.5491e-01	1.3e-02
6.6197e+03	2.9e+00	1.5464e-01	1.4e-02
6.6230e+03	2.9e+00	1.5466e-01	1.3e-02
6.6262e+03	3.0e+00	1.5323e-01	1.3e-02
6.6295e+03	3.0e+00	1.5580e-01	1.3e-02
6.6328e+03	3.1e+00	1.5719e-01	1.3e-02
6.6360e+03	3.1e+00	1.5450e-01	1.3e-02
6.6393e+03	3.2e+00	1.5248e-01	1.3e-02
6.6425e+03	3.2e+00	1.5424e-01	1.3e-02
6.6458e+03	3.3e+00	1.5302e-01	1.3e-02
6.6490e+03	3.3e+00	1.5527e-01	1.3e-02
6.6523e+03	3.4e+00	1.5307e-01	1.3e-02
6.6555e+03	3.4e+00	1.5012e-01	1.3e-02
6.6588e+03	3.5e+00	1.4897e-01	1.3e-02
6.6621e+03	3.5e+00	1.5387e-01	1.3e-02
6.6653e+03	3.6e+00	1.5119e-01	1.2e-02
6.6686e+03	3.6e+00	1.4734e-01	1.3e-02
6.6718e+03	3.7e+00	1.4957e-01	1.3e-02
6.6750e+03	3.8e+00	1.4951e-01	1.3e-02
6.6783e+03	3.8e+00	1.5225e-01	1.3e-02
6.6815e+03	3.9e+00	1.5390e-01	1.2e-02
6.6848e+03	4.0e+00	1.5208e-01	1.2e-02
6.6880e+03	4.0e+00	1.4789e-01	1.2e-02
6.6913e+03	4.1e+00	1.4508e-01	1.2e-02
6.6945e+03	4.2e+00	1.4661e-01	1.3e-02
6.6977e+03	4.2e+00	1.4686e-01	1.3e-02
6.7010e+03	4.3e+00	1.4823e-01	1.2e-02
6.7042e+03	4.4e+00	1.4531e-01	1.2e-02
6.7075e+03	4.4e+00	1.4684e-01	1.3e-02
6.7107e+03	4.5e+00	1.4629e-01	1.3e-02
6.7139e+03	4.6e+00	1.4170e-01	1.3e-02
6.7172e+03	4.7e+00	1.4451e-01	1.2e-02
6.7204e+03	4.7e+00	1.4448e-01	1.2e-02
6.7236e+03	4.8e+00	1.4505e-01	1.3e-02
6.7268e+03	4.9e+00	1.4634e-01	1.3e-02
6.7301e+03	5.0e+00	1.4416e-01	1.2e-02
6.7333e+03	5.1e+00	1.4430e-01	1.2e-02
6.7365e+03	5.1e+00	1.4274e-01	1.2e-02
6.7397e+03	5.2e+00	1.4160e-01	1.2e-02
6.7430e+03	5.3e+00	1.4127e-01	1.2e-02
6.7462e+03	5.4e+00	1.4161e-01	1.2e-02
6.7494e+03	5.5e+00	1.3714e-01	1.2e-02
6.7526e+03	5.5e+00	1.4037e-01	1.2e-02
6.7558e+03	5.6e+00	1.4014e-01	1.2e-02
6.7591e+03	5.7e+00	1.4096e-01	1.2e-02
6.7623e+03	5.8e+00	1.4397e-01	1.2e-02
6.7655e+03	5.9e+00	1.3594e-01	1.2e-02
6.7687e+03	6.0e+00	1.3655e-01	1.2e-02
6.7719e+03	6.1e+00	1.3824e-01	1.2e-02
6.7751e+03	6.1e+00	1.3989e-01	1.2e-02
6.7783e+03	6.2e+00	1.3783e-01	1.1e-02
6.7815e+03	6.3e+00	1.3142e-01	1.2e-02
6.7847e+03	6.4e+00	1.3370e-01	1.2e-02
6.7880e+03	6.5e+00	1.3823e-01	1.2e-02
6.7912e+03	6.6e+00	1.3672e-01	1.3e-02
6.7944e+03	6.7e+00	1.3566e-01	1.2e-02
6.7976e+03	6.8e+00	1.3038e-01	1.2e-02
6.8008e+03	6.9e+00	1.3415e-01	1.2e-02
6.8040e+03	7.0e+00	1.3348e-01	1.2e-02
6.8072e+03	7.1e+00	1.3253e-01	1.2e-02
6.8104e+03	7.2e+00	1.3449e-01	1.1e-02
6.8136e+03	7.3e+00	1.3502e-01	1.1e-02
6.8168e+03	7.4e+00	1.3478e-01	1.1e-02
6.8199e+03	7.5e+00	1.2962e-01	1.1e-02
6.8231e+03	7.6e+00	1.2998e-01	1.1e-02
6.8263e+03	7.7e+00	1.2663e-01	1.1e-02
6.8295e+03	7.7e+00	1.3184e-01	1.1e-02
6.8327e+03	7.8e+00	1.2870e-01	1.2e-02
6.8359e+03	7.9e+00	1.2465e-01	1.1e-02
6.8391e+03	8.1e+00	1.2186e-01	1.1e-02
6.8423e+03	8.2e+00	1.2815e-01	1.1e-02
6.8455e+03	8.3e+00	1.2685e-01	1.1e-02
6.8486e+03	8.4e+00	1.2671e-01	1.1e-02
6.8518e+03	8.5e+00	1.1953e-01	1.0e-02
6.8550e+03	8.6e+00	1.0380e-01	9.2e-03
6.8582e+03	8.7e+00	8.7197e-02	6.8e-03
6.8614e+03	8.8e+00	6.9511e-02	5.7e-03
6.8645e+03	8.9e+00	7.5631e-02	6.9e-03
6.8677e+03	9.0e+00	8.9075e-02	8.7e-03
6.8709e+03	9.1e+00	9.8721e-02	8.6e-03
6.8741e+03	9.2e+00	1.0077e-01	8.3e-03
6.8772e+03	9.3e+00	9.4786e-02	8.1e-03
6.8804e+03	9.4e+00	8.8706e-02	7.8e-03
6.8836e+03	9.5e+00	9.3800e-02	7.5e-03
6.8867e+03	9.6e+00	9.6243e-02	7.9e-03
6.8899e+03	9.7e+00	9.4521e-02	8.4e-03
6.8931e+03	9.9e+00	9.9265e-02	7.8e-03
6.8962e+03	1.0e+01	1.0371e-01	8.9e-03
6.8994e+03	1.0e+01	1.0304e-01	8.6e-03
6.9026e+03	1.0e+01	1.0041e-01	9.3e-03
6.9057e+03	1.0e+01	1.0928e-01	9.3e-03
6.9089e+03	1.0e+01	1.1004e-01	9.5e-03
6.9120e+03	1.1e+01	1.0977e-01	9.3e-03
6.9152e+03	1.1e+01	1.0913e-01	9.4e-03
6.9183e+03	1.1e+01	1.1015e-01	9.2e-03
6.9215e+03	1.1e+01	1.0910e-01	8.9e-03
6.9247e+03	1.1e+01	1.1101e-01	8.5e-03
6.9278e+03	1.1e+01	1.0711e-01	9.4e-03
6.9310e+03	1.1e+01	1.0518e-01	9.4e-03
6.9341e+03	1.1e+01	1.0650e-01	8.9e-03
6.9373e+03	1.1e+01	1.0663e-01	9.4e-03
6.9404e+03	1.2e+01	1.0693e-01	9.3e-03
6.9435e+03	1.2e+01	1.0868e-01	9.2e-03
6.9467e+03	1.2e+01	1.1213e-01	9.5e-03
6.9498e+03	1.2e+01	1.1087e-01	9.7e-03
6.9530e+03	1.2e+01	1.0995e-01	1.0e-02
6.9561e+03	1.2e+01	1.1261e-01	9.2e-03
6.9593e+03	1.2e+01	1.0944e-01	9.0e-03
6.9624e+03	1.2e+01	1.0885e-01	8.8e-03
6.9655e+03	1.3e+01	1.0543e-01	9.8e-03
6.9687e+03	1.3e+01	1.0322e-01	9.7e-03
6.9718e+03	1.3e+01	9.9348e-02	9.3e-03
6.9749e+03	1.3e+01	1.0097e-01	9.1e-03
6.9781e+03	1.3e+01	1.0617e-01	8.9e-03
6.9812e+03	1.3e+01	1.0486e-01	9.9e-03
6.9843e+03	1.3e+01	1.0152e-01	9.5e-03
6.9874e+03	1.3e+01	1.0324e-01	8.5e-03
6.9906e+03	1.4e+01	1.0542e-01	8.8e-03
6.9937e+03	1.4e+01	1.0176e-01	9.1e-03
6.9968e+03	1.4e+01	9.9512e-02	9.0e-03
6.9999e+03	1.4e+01	1.0439e-01	8.8e-03
7.0031e+03	1.4e+01	1.0348e-01	8.5e-03
7.0062e+03	1.4e+01	1.0141e-01	8.8e-03
7.0093e+03	1.4e+01	1.0071e-01	9.2e-03
7.0124e+03	1.4e+01	9.8886e-02	9.3e-03
7.0155e+03	1.5e+01	9.7811e-02	9.4e-03
7.0186e+03	1.5e+01	1.0094e-01	8.3e-03
7.0218e+03	1.5e+01	1.0242e-01	9.0e-03
7.0249e+03	1.5e+01	1.0333e-01	8.5e-03
7.0280e+03	1.5e+01	9.9044e-02	8.4e-03
7.0311e+03	1.5e+01	1.0049e-01	8.1e-03
7.0342e+03	1.5e+01	1.0405e-01	7.8e-03
7.0373e+03	1.6e+01	9.7290e-02	8.0e-03
7.0404e+03	1.6e+01	9.8633e-02	8.1e-03
7.0435e+03	1.6e+01	9.7864e-02	8.6e-03
7.0466e+03	1.6e+01	9.7325e-02	8.0e-03
7.0497e+03	1.6e+01	1.0035e-01	8.4e-03
7.0528e+03	1.6e+01	9.3880e-02	9.2e-03
7.0559e+03	1.6e+01	9.3885e-02	8.3e-03
7.0590e+03	1.6e+01	9.3985e-02	9.5e-03
7.0621e+03	1.7e+01	9.3720e-02	8.5e-03
7.0652e+03	1.7e+01	9.2970e-02	8.9e-03
7.0683e+03	1.7e+01	9.3738e-02	8.6e-03
7.0714e+03	1.7e+01	9.4398e-02	7.9e-03
7.0745e+03	1.7e+01	9.5411e-02	8.1e-03
7.0776e+03	1.7e+01	9.4234e-02	8.0e-03
7.0807e+03	1.7e+01	9.1621e-02	7.6e-03
7.0837e+03	1.8e+01	9.0548e-02	7.8e-03
7.0868e+03	1.8e+01	9.0645e-02	8.4e-03
7.0899e+03	1.8e+01	9.1686e-02	8.3e-03
7.0930e+03	1.8e+01	9.2634e-02	8.4e-03
7.0961e+03	1.8e+01	8.9709e-02	7.9e-03
7.0991e+03	1.8e+01	8.9516e-02	7.4e-03
7.1022e+03	1.9e+01	8.7884e-02	8.0e-03
7.1053e+03	1.9e+01	8.8240e-02	8.3e-03
7.1084e+03	1.9e+01	9.0499e-02	7.5e-03
7.1115e+03	1.9e+01	9.1065e-02	6.9e-03
7.1145e+03	1.9e+01	8.6089e-02	7.4e-03
7.1176e+03	1.9e+01	8.4474e-02	8.0e-03
7.1207e+03	1.9e+01	8.5626e-02	7.8e-03
7.1237e+03	2.0e+01	8.8334e-02	7.6e-03
7.1268e+03	2.0e+01	8.6380e-02	6.7e-03
7.1299e+03	2.0e+01	8.6768e-02	6.9e-03
7.1329e+03	2.0e+01	8.5339e-02	7.6e-03
7.1360e+03	2.0e+01	8.1526e-02	7.4e-03
7.1391e+03	2.0e+01	8.4221e-02	6.4e-03
7.1421e+03	2.0e+01	8.0064e-02	6.7e-03
7.1452e+03	2.1e+01	7.5112e-02	6.7e-03
7.1482e+03	2.1e+01	7.0373e-02	6.4e-03
7.1513e+03	2.1e+01	6.5574e-02	6.6e-03
7.1543e+03	2.1e+01	6.9918e-02	6.6e-03
7.1574e+03	2.1e+01	7.3261e-02	5.5e-03
7.1605e+03	2.1e+01	6.8962e-02	5.4e-03
7.1635e+03	2.2e+01	6.6381e-02	5.6e-03
7.1666e+03	2.2e+01	6.8033e-02	5.8e-03
7.1696e+03	2.2e+01	6.7978e-02	5.7e-03
7.1726e+03	2.2e+01	6.9814e-02	5.2e-03
7.1757e+03	2.2e+01	6.8744e-02	6.4e-03
7.1787e+03	2.2e+01	7.0129e-02	6.9e-03
7.1818e+03	2.3e+01	7.3155e-02	6.9e-03
7.1848e+03	2.3e+01	7.6837e-02	6.4e-03
7.1879e+03	2.3e+01	7.5035e-02	7.1e-03
7.1909e+03	2.3e+01	7.6269e-02	6.8e-03
7.1939e+03	2.3e+01	7.5300e-02	6.2e-03
7.1970e+03	2.3e+01	7.5669e-02	6.7e-03
7.2000e+03	2.3e+01	7.1952e-02	6.6e-03
7.2030e+03	2.4e+01	6.9916e-02	6.0e-03
7.2061e+03	2.4e+01	6.5355e-02	6.1e-03
7.2091e+03	2.4e+01	6.6661e-02	5.7e-03
7.2121e+03	2.4e+01	6.8847e-02	5.8e-03
7.2152e+03	2.4e+01	6.2509e-02	6.6e-03
7.2182e+03	2.4e+01	6.6623e-02	5.5e-03
7.2212e+03	2.5e+01	6.5020e-02	5.6e-03
7.2242e+03	2.5e+01	6.6256e-02	5.4e-03
7.2272e+03	2.5e+01	6.7987e-02	5.7e-03
7.2303e+03	2.5e+01	6.6441e-02	6.1e-03
7.2333e+03	2.5e+01	6.9569e-02	5.4e-03
7.2363e+03	2.6e+01	6.7819e-02	5.1e-03
7.2393e+03	2.6e+01	6.4678e-02	5.5e-03
7.2423e+03	2.6e+01	6.4301e-02	6.0e-03
7.2453e+03	2.6e+01	6.2199e-02	5.4e-03
7.2484e+03	2.6e+01	6.5037e-02	5.6e-03
7.2514e+03	2.6e+01	6.7500e-02	5.7e-03
7.2544e+03	2.7e+01	6.5925e-02	5.9e-03
7.2574e+03	2.7e+01	6.1118e-02	5.6e-03
7.2604e+03	2.7e+01	6.4239e-02	5.5e-03
7.2634e+03	2.7e+01	6.3568e-02	5.7e-03
7.2664e+03	2.7e+01	6.5031e-02	5.2e-03
7.2694e+03	2.7e+01	6.4514e-02	5.9e-03
7.2724e+03	2.8e+01	6.4694e-02	5.2e-03
7.2754e+03	2.8e+01	6.0469e-02	6.4e-03
7.2784e+03	2.8e+01	6.5622e-02	5.3e-03
7.2814e+03	2.8e+01	5.8643e-02	5.6e-03
7.2844e+03	2.8e+01	6.6698e-02	4.8e-03
7.2874e+03	2.9e+01	6.3243e-02	5.7e-03
7.2904e+03	2.9e+01	6.7875e-02	5.8e-03
7.2933e+03	2.9e+01	6.7087e-02	6.3e-03
7.2963e+03	2.9e+01	6.6734e-02	5.5e-03
7.2993e+03	2.9e+01	6.7905e-02	5.2e-03
7.3023e+03	2.9e+01	6.8341e-02	5.4e-03
7.3053e+03	3.0e+01	6.8647e-02	5.6e-03
7.3083e+03	3.0e+01	6.4446e-02	5.4e-03
7.3113e+03	3.0e+01	6.1313e-02	5.2e-03
7.3142e+03	3.0e+01	6.2937e-02	5.4e-03
7.3172e+03	3.0e+01	6.7111e-02	5.0e-03
7.3202e+03	3.1e+01	6.5373e-02	5.5e-03
7.3232e+03	3.1e+01	6.4193e-02	5.3e-03
7.3261e+03	3.1e+01	6.3764e-02	5.4e-03
7.3291e+03	3.1e+01	6.4267e-02	5.2e-03
7.3321e+03	3.1e+01	6.2862e-02	5.1e-03
7.3351e+03	3.1e+01	6.3394e-02	4.9e-03
7.3380e+03	3.2e+01	6.4297e-02	5.9e-03
7.3410e+03	3.2e+01	6.2594e-02	5.4e-03
7.3439e+03	3.2e+01	6.1580e-02	4.7e-03
7.3469e+03	3.2e+01	6.3315e-02	5.8e-03
7.3499e+03	3.2e+01	6.1281e-02	5.0e-03
7.3528e+03	3.3e+01	5.9010e-02	4.8e-03
7.3558e+03	3.3e+01	6.4382e-02	5.0e-03
7.3588e+03	3.3e+01	6.2176e-02	5.2e-03
7.3617e+03	3.3e+01	6.0214e-02	4.9e-03
7.3647e+03	3.3e+01	5.8923e-02	5.1e-03
7.3676e+03	3.4e+01	6.1066e-02	4.8e-03
7.3706e+03	3.4e+01	5.7279e-02	6.4e-03
7.3735e+03	3.4e+01	5.9508e-02	5.3e-03
7.3765e+03	3.4e+01	5.9224e-02	5.0e-03
7.3794e+03	3.4e+01	5.9101e-02	4.9e-03
7.3824e+03	3.5e+01	5.9511e-02	5.4e-03
7.3853e+03	3.5e+01	6.2166e-02	5.0e-03
7.3882e+03	3.5e+01	5.7617e-02	5.0e-03
7.3912e+03	3.5e+01	5.6496e-02	5.6e-03
7.3941e+03	3.5e+01	5.8581e-02	4.6e-03
7.3971e+03	3.6e+01	5.7277e-02	5.4e-03
7.4000e+03	3.6e+01	6.0914e-02	4.4e-03
7.4029e+03	3.6e+01	5.8793e-02	4.5e-03
7.4059e+03	3.6e+01	5.4512e-02	6.2e-03
7.4088e+03	3.6e+01	5.7357e-02	5.1e-03
7.4117e+03	3.7e+01	5.6682e-02	4.8e-03
7.4147e+03	3.7e+01	5.5461e-02	4.7e-03
7.4176e+03	3.7e+01	5.2525e-02	5.2e-03
7.4205e+03	3.7e+01	5.5947e-02	4.4e-03
7.4234e+03	3.7e+01	5.6157e-02	4.3e-03
7.4264e+03	3.8e+01	5.5104e-02	5.4e-03
7.4293e+03	3.8e+01	5.4653e-02	5.2e-03
7.4322e+03	3.8e+01	5.2082e-02	5.4e-03
7.4351e+03	3.8e+01	5.3765e-02	4.8e-03
7.4380e+03	3.9e+01	5.1768e-02	5.3e-03
7.4409e+03	3.9e+01	5.4988e-02	5.2e-03
7.4439e+03	3.9e+01	5.1395e-02	4.9e-03
7.4468e+03	3.9e+01	5.2708e-02	4.6e-03
7.4497e+03	3.9e+01	5.0253e-02	5.1e-03
7.4526e+03	4.0e+01	4.9489e-02	5.3e-03
7.4555e+03	4.0e+01	4.8746e-02	5.2e-03
7.4584e+03	4.0e+01	5.0909e-02	4.4e-03
7.4613e+03	4.0e+01	5.1870e-02	4.0e-03
7.4642e+03	4.0e+01	5.2501e-02	4.7e-03
7.4671e+03	4.1e+01	4.8194e-02	5.2e-03
7.4700e+03	4.1e+01	5.3146e-02	4.1e-03
7.4729e+03	4.1e+01	5.2437e-02	4.0e-03
7.4758e+03	4.1e+01	5.0004e-02	4.1e-03
7.4787e+03	4.2e+01	5.1568e-02	4.8e-03
7.4816e+03	4.2e+01	4.9158e-02	4.5e-03
7.4845e+03	4.2e+01	4.9336e-02	4.9e-03
7.4874e+03	4.2e+01	4.9281e-02	4.5e-03
7.4903e+03	4.2e+01	4.7818e-02	4.2e-03
7.4932e+03	4.3e+01	5.7949e-02	3.6e-03
7.4960e+03	4.3e+01	5.3949e-02	4.1e-03
7.4989e+03	4.3e+01	4.8425e-02	4.3e-03
7.5018e+03	4.3e+01	4.9926e-02	4.5e-03
7.5047e+03	4.4e+01	5.2097e-02	4.6e-03
7.5076e+03	4.4e+01	4.7232e-02	4.8e-03
7.5105e+03	4.4e+01	4.7833e-02	4.3e-03
7.5133e+03	4.4e+01	4.9619e-02	5.0e-03
7.5162e+03	4.4e+01	5.1296e-02	4.6e-03
7.5191e+03	4.5e+01	5.0004e-02	4.2e-03
7.5220e+03	4.5e+01	5.0794e-02	5.7e-03
7.5248e+03	4.5e+01	4.7807e-02	4.5e-03
7.5277e+03	4.5e+01	4.8000e-02	3.8e-03
7.5306e+03	4.6e+01	4.3855e-02	4.5e-03
7.5334e+03	4.6e+01	3.8796e-02	2.7e-03
7.5363e+03	4.6e+01	3.3527e-02	3.2e-03
7.5392e+03	4.6e+01	1.5946e-02	2.4e-03
7.5420e+03	4.7e+01	3.1418e-03	3.9e-03
7.5449e+03	4.7e+01	5.8451e-03	1.7e-03
7.5477e+03	4.7e+01	6.3139e-03	2.5e-03
7.5506e+03	4.7e+01	1.0904e-02	1.9e-03
7.5534e+03	4.7e+01	1.4519e-02	2.1e-03
7.5563e+03	4.8e+01	1.9674e-02	2.3e-03
7.5592e+03	4.8e+01	2.1390e-02	2.2e-03
7.5620e+03	4.8e+01	2.0316e-02	2.4e-03
7.5648e+03	4.8e+01	1.5010e-02	1.7e-03
7.5677e+03	4.9e+01	1.5485e-02	1.5e-03
7.5705e+03	4.9e+01	1.5750e-02	1.7e-03
7.5734e+03	4.9e+01	1.8198e-02	2.0e-03
7.5762e+03	4.9e+01	1.6966e-02	2.0e-03
7.5791e+03	5.0e+01	1.6435e-02	2.8e-03
7.5819e+03	5.0e+01	2.1513e-02	2.3e-03
7.5847e+03	5.0e+01	2.3478e-02	1.7e-03
7.5876e+03	5.0e+01	2.3844e-02	2.3e-03
7.5904e+03	5.1e+01	2.9747e-02	3.0e-03
7.5932e+03	5.1e+01	3.0844e-02	2.6e-03
7.5961e+03	5.1e+01	2.4998e-02	4.1e-03
7.5989e+03	5.1e+01	3.0741e-02	3.2e-03
7.6017e+03	5.2e+01	3.4693e-02	2.4e-03
7.6046e+03	5.2e+01	3.2750e-02	3.1e-03
7.6074e+03	5.2e+01	3.6037e-02	3.3e-03
7.6102e+03	5.2e+01	3.8581e-02	3.3e-03
7.6130e+03	5.3e+01	4.6469e-02	1.3e-02
