# lambda [A]	Dlambda [A]	specval [counts]	Dspecval [counts]
3.5979e+03	2.4e+00	4.82175e-02	2.8e-03
3.6016e+03	2.4e+00	4.76226e-02	2.1e-03
3.6053e+03	2.4e+00	5.11761e-02	3.6e-03
3.6091e+03	2.4e+00	6.02459e-02	4.1e-03
3.6128e+03	2.4e+00	5.86614e-02	3.0e-03
3.6165e+03	2.4e+00	6.06227e-02	4.1e-03
3.6202e+03	2.4e+00	6.53086e-02	2.7e-03
3.6239e+03	2.4e+00	6.62538e-02	4.6e-03
3.6277e+03	2.4e+00	6.40355e-02	3.7e-03
3.6314e+03	2.4e+00	6.91498e-02	2.7e-03
3.6351e+03	2.4e+00	7.41222e-02	3.3e-03
3.6388e+03	2.4e+00	7.44357e-02	2.3e-03
3.6425e+03	2.4e+00	7.62073e-02	3.3e-03
3.6462e+03	2.4e+00	8.10514e-02	1.2e-03
3.6500e+03	2.4e+00	8.84742e-02	3.3e-03
3.6537e+03	2.4e+00	9.03059e-02	3.3e-03
3.6574e+03	2.4e+00	9.48359e-02	2.0e-03
3.6611e+03	2.4e+00	9.84830e-02	3.6e-03
3.6648e+03	2.4e+00	1.07283e-01	5.9e-03
3.6685e+03	2.4e+00	1.11859e-01	4.2e-03
3.6723e+03	2.4e+00	1.22824e-01	2.8e-03
3.6760e+03	2.4e+00	1.29222e-01	1.8e-03
3.6797e+03	2.4e+00	1.29994e-01	2.0e-03
3.6834e+03	2.4e+00	1.47120e-01	3.7e-03
3.6871e+03	2.4e+00	1.61381e-01	2.7e-03
3.6908e+03	2.4e+00	1.70909e-01	1.9e-03
3.6945e+03	2.4e+00	1.73610e-01	2.5e-03
3.6982e+03	2.4e+00	1.85675e-01	2.0e-03
3.7019e+03	2.4e+00	2.23729e-01	2.4e-03
3.7057e+03	2.4e+00	2.42102e-01	3.3e-03
3.7094e+03	2.4e+00	2.27648e-01	2.3e-03
3.7131e+03	2.4e+00	2.37388e-01	3.1e-03
3.7168e+03	2.4e+00	2.77397e-01	4.1e-03
3.7205e+03	2.4e+00	3.35974e-01	5.5e-03
3.7242e+03	2.4e+00	3.77583e-01	3.8e-03
3.7279e+03	2.4e+00	3.77166e-01	5.1e-03
3.7316e+03	2.4e+00	3.44831e-01	4.3e-03
3.7353e+03	2.4e+00	3.48048e-01	5.5e-03
3.7390e+03	2.4e+00	4.08660e-01	2.8e-03
3.7427e+03	2.4e+00	5.24774e-01	4.8e-03
3.7464e+03	2.4e+00	6.46605e-01	6.1e-03
3.7501e+03	2.4e+00	7.10836e-01	4.4e-03
3.7539e+03	2.4e+00	7.01908e-01	6.7e-03
3.7576e+03	2.4e+00	6.20801e-01	6.2e-03
3.7613e+03	2.4e+00	5.22534e-01	5.5e-03
3.7650e+03	2.4e+00	5.24349e-01	3.7e-03
3.7687e+03	2.4e+00	6.43499e-01	5.8e-03
3.7724e+03	2.4e+00	8.55937e-01	7.0e-03
3.7761e+03	2.4e+00	1.06521e+00	1.1e-02
3.7798e+03	2.4e+00	1.22050e+00	6.9e-03
3.7835e+03	2.4e+00	1.33835e+00	1.6e-02
3.7872e+03	2.4e+00	1.38809e+00	2.1e-02
3.7909e+03	2.4e+00	1.34584e+00	2.0e-02
3.7946e+03	2.4e+00	1.22555e+00	1.7e-02
3.7983e+03	2.4e+00	1.02491e+00	8.6e-03
3.8020e+03	2.4e+00	8.77724e-01	9.5e-03
3.8057e+03	2.4e+00	8.80873e-01	9.3e-03
3.8094e+03	2.4e+00	1.08350e+00	1.3e-02
3.8131e+03	2.4e+00	1.43170e+00	1.9e-02
3.8168e+03	2.4e+00	1.80279e+00	2.5e-02
3.8205e+03	2.4e+00	2.11788e+00	2.2e-02
3.8242e+03	2.4e+00	2.31970e+00	2.2e-02
3.8279e+03	2.4e+00	2.49256e+00	3.3e-02
3.8315e+03	2.4e+00	2.60184e+00	2.9e-02
3.8352e+03	2.4e+00	2.68312e+00	2.6e-02
3.8389e+03	2.4e+00	2.71831e+00	2.5e-02
3.8426e+03	2.4e+00	2.69872e+00	2.4e-02
3.8463e+03	2.4e+00	2.62371e+00	2.8e-02
3.8500e+03	2.4e+00	2.37276e+00	2.7e-02
3.8537e+03	2.4e+00	1.98806e+00	2.3e-02
3.8574e+03	2.4e+00	1.57264e+00	1.1e-02
3.8611e+03	2.4e+00	1.40542e+00	7.9e-03
3.8648e+03	2.4e+00	1.60704e+00	7.7e-03
3.8685e+03	2.4e+00	2.06931e+00	1.4e-02
3.8722e+03	2.4e+00	2.63578e+00	1.8e-02
3.8759e+03	2.4e+00	3.12279e+00	3.2e-02
3.8795e+03	2.4e+00	3.48931e+00	3.6e-02
3.8832e+03	2.4e+00	3.77735e+00	2.9e-02
3.8869e+03	2.4e+00	3.96377e+00	2.1e-02
3.8906e+03	2.4e+00	4.11840e+00	3.1e-02
3.8943e+03	2.4e+00	4.33993e+00	4.3e-02
3.8980e+03	2.4e+00	4.42963e+00	6.2e-02
3.9017e+03	2.4e+00	4.34695e+00	6.2e-02
3.9054e+03	2.4e+00	4.25962e+00	4.4e-02
3.9090e+03	2.4e+00	4.19181e+00	4.1e-02
3.9127e+03	2.4e+00	4.31611e+00	7.3e-02
3.9164e+03	2.4e+00	4.47278e+00	6.8e-02
3.9201e+03	2.4e+00	4.48899e+00	3.9e-02
3.9238e+03	2.4e+00	4.37120e+00	3.1e-02
3.9275e+03	2.4e+00	4.24162e+00	5.2e-02
3.9312e+03	2.4e+00	3.95022e+00	4.3e-02
3.9348e+03	2.4e+00	3.53315e+00	2.3e-02
3.9385e+03	2.4e+00	2.99662e+00	2.7e-02
3.9422e+03	2.4e+00	2.32383e+00	2.8e-02
3.9459e+03	2.4e+00	1.91705e+00	2.1e-02
3.9496e+03	2.4e+00	1.94855e+00	1.7e-02
3.9532e+03	2.4e+00	2.50804e+00	2.8e-02
3.9569e+03	2.4e+00	3.21117e+00	3.6e-02
3.9606e+03	2.4e+00	3.81043e+00	2.9e-02
3.9643e+03	2.4e+00	4.23917e+00	2.6e-02
3.9680e+03	2.4e+00	4.48357e+00	2.5e-02
3.9716e+03	2.4e+00	4.67461e+00	3.5e-02
3.9753e+03	2.4e+00	4.85891e+00	5.4e-02
3.9790e+03	2.4e+00	4.93941e+00	5.0e-02
3.9827e+03	2.4e+00	5.01360e+00	5.0e-02
3.9864e+03	2.4e+00	5.06437e+00	4.6e-02
3.9900e+03	2.4e+00	5.13511e+00	4.7e-02
3.9937e+03	2.4e+00	5.09479e+00	2.4e-02
3.9974e+03	2.4e+00	5.12854e+00	4.2e-02
4.0011e+03	2.4e+00	5.16112e+00	3.2e-02
4.0047e+03	2.4e+00	5.12714e+00	3.2e-02
4.0084e+03	2.4e+00	5.08033e+00	3.0e-02
4.0121e+03	2.4e+00	5.09164e+00	2.5e-02
4.0158e+03	2.4e+00	5.02797e+00	1.3e-02
4.0194e+03	2.4e+00	5.00531e+00	2.8e-02
4.0231e+03	2.4e+00	4.99597e+00	2.8e-02
4.0268e+03	2.4e+00	5.00354e+00	2.0e-02
4.0304e+03	2.4e+00	4.97859e+00	3.7e-02
4.0341e+03	2.4e+00	4.93594e+00	2.8e-02
4.0378e+03	2.4e+00	4.90368e+00	3.6e-02
4.0415e+03	2.4e+00	4.81634e+00	2.6e-02
4.0451e+03	2.4e+00	4.75422e+00	2.8e-02
4.0488e+03	2.4e+00	4.67359e+00	1.9e-02
4.0525e+03	2.4e+00	4.60779e+00	1.3e-02
4.0561e+03	2.4e+00	4.50053e+00	1.5e-02
4.0598e+03	2.4e+00	4.35591e+00	4.0e-02
4.0635e+03	2.4e+00	4.15004e+00	3.3e-02
4.0671e+03	2.4e+00	3.92208e+00	1.3e-02
4.0708e+03	2.4e+00	3.57704e+00	1.8e-02
4.0745e+03	2.4e+00	3.10519e+00	1.6e-02
4.0781e+03	2.4e+00	2.55849e+00	1.5e-02
4.0818e+03	2.4e+00	2.00072e+00	8.2e-03
4.0855e+03	2.4e+00	1.74117e+00	6.8e-03
4.0891e+03	2.4e+00	1.96247e+00	7.7e-03
4.0928e+03	2.4e+00	2.50280e+00	1.4e-02
4.0965e+03	2.4e+00	3.01435e+00	1.2e-02
4.1001e+03	2.4e+00	3.42165e+00	6.7e-03
4.1038e+03	2.4e+00	3.71970e+00	9.9e-03
4.1075e+03	2.4e+00	3.89879e+00	2.0e-02
4.1111e+03	2.4e+00	4.01054e+00	1.4e-02
4.1148e+03	2.4e+00	4.08050e+00	1.0e-02
4.1184e+03	2.4e+00	4.15212e+00	1.2e-02
4.1221e+03	2.4e+00	4.22610e+00	1.2e-02
4.1258e+03	2.4e+00	4.26898e+00	1.2e-02
4.1294e+03	2.4e+00	4.29883e+00	1.1e-02
4.1331e+03	2.4e+00	4.29343e+00	1.3e-02
4.1367e+03	2.4e+00	4.29342e+00	1.2e-02
4.1404e+03	2.4e+00	4.33599e+00	1.5e-02
4.1441e+03	2.4e+00	4.30193e+00	2.0e-02
4.1477e+03	2.4e+00	4.31779e+00	1.6e-02
4.1514e+03	2.4e+00	4.29519e+00	1.1e-02
4.1550e+03	2.4e+00	4.27115e+00	2.3e-02
4.1587e+03	2.4e+00	4.22293e+00	1.5e-02
4.1623e+03	2.4e+00	4.21466e+00	1.2e-02
4.1660e+03	2.4e+00	4.21486e+00	1.4e-02
4.1697e+03	2.4e+00	4.19934e+00	1.4e-02
4.1733e+03	2.4e+00	4.21742e+00	9.9e-03
4.1770e+03	2.4e+00	4.24334e+00	1.8e-02
4.1806e+03	2.4e+00	4.21766e+00	2.2e-02
4.1843e+03	2.4e+00	4.19796e+00	2.4e-02
4.1879e+03	2.4e+00	4.20732e+00	2.6e-02
4.1916e+03	2.4e+00	4.18666e+00	1.4e-02
4.1952e+03	2.4e+00	4.20926e+00	1.7e-02
4.1989e+03	2.4e+00	4.20599e+00	1.5e-02
4.2025e+03	2.4e+00	4.19170e+00	2.7e-02
4.2062e+03	2.4e+00	4.19280e+00	2.8e-02
4.2098e+03	2.4e+00	4.16934e+00	2.4e-02
4.2135e+03	2.4e+00	4.12207e+00	2.1e-02
4.2171e+03	2.4e+00	4.08300e+00	2.1e-02
4.2208e+03	2.4e+00	4.07658e+00	1.3e-02
4.2244e+03	2.4e+00	4.07416e+00	1.8e-02
4.2281e+03	2.4e+00	4.06068e+00	1.3e-02
4.2317e+03	2.4e+00	4.03895e+00	3.1e-02
4.2354e+03	2.4e+00	4.01806e+00	3.4e-02
4.2390e+03	2.4e+00	4.01185e+00	2.6e-02
4.2427e+03	2.4e+00	4.03869e+00	3.1e-02
4.2463e+03	2.4e+00	3.99464e+00	3.1e-02
4.2500e+03	2.4e+00	3.99581e+00	3.2e-02
4.2536e+03	2.4e+00	3.99352e+00	2.1e-02
4.2572e+03	2.4e+00	3.96301e+00	2.0e-02
4.2609e+03	2.4e+00	3.92286e+00	1.9e-02
4.2645e+03	2.4e+00	3.89131e+00	1.4e-02
4.2682e+03	2.4e+00	3.87651e+00	1.8e-02
4.2718e+03	2.4e+00	3.84582e+00	2.2e-02
4.2755e+03	2.4e+00	3.83888e+00	1.8e-02
4.2791e+03	2.4e+00	3.78994e+00	2.2e-02
4.2827e+03	2.4e+00	3.77981e+00	2.6e-02
4.2864e+03	2.4e+00	3.73692e+00	2.3e-02
4.2900e+03	2.4e+00	3.66722e+00	2.0e-02
4.2937e+03	2.4e+00	3.62174e+00	2.0e-02
4.2973e+03	2.4e+00	3.60543e+00	2.0e-02
4.3010e+03	2.4e+00	3.53911e+00	2.3e-02
4.3046e+03	2.4e+00	3.45833e+00	1.8e-02
4.3082e+03	2.4e+00	3.36007e+00	7.2e-03
4.3119e+03	2.4e+00	3.24411e+00	1.9e-02
4.3155e+03	2.4e+00	3.05467e+00	1.5e-02
4.3191e+03	2.4e+00	2.77498e+00	1.7e-02
4.3228e+03	2.4e+00	2.42681e+00	8.7e-03
4.3264e+03	2.4e+00	2.00234e+00	7.0e-03
4.3301e+03	2.4e+00	1.57944e+00	5.4e-03
4.3337e+03	2.4e+00	1.48619e+00	1.2e-02
4.3373e+03	2.4e+00	1.71257e+00	1.6e-02
4.3410e+03	2.4e+00	2.11699e+00	1.3e-02
4.3446e+03	2.4e+00	2.48866e+00	1.7e-02
4.3482e+03	2.4e+00	2.79429e+00	1.6e-02
4.3519e+03	2.4e+00	3.01041e+00	2.3e-02
4.3555e+03	2.4e+00	3.14279e+00	2.0e-02
4.3591e+03	2.4e+00	3.21777e+00	1.9e-02
4.3628e+03	2.4e+00	3.29463e+00	1.8e-02
4.3664e+03	2.4e+00	3.34435e+00	2.6e-02
4.3700e+03	2.4e+00	3.37448e+00	2.4e-02
4.3737e+03	2.4e+00	3.33800e+00	2.2e-02
4.3773e+03	2.4e+00	3.33034e+00	2.5e-02
4.3809e+03	2.4e+00	3.32246e+00	2.6e-02
4.3845e+03	2.4e+00	3.31432e+00	2.2e-02
4.3882e+03	2.4e+00	3.31257e+00	2.2e-02
4.3918e+03	2.4e+00	3.28829e+00	1.8e-02
4.3954e+03	2.4e+00	3.28668e+00	1.4e-02
4.3991e+03	2.4e+00	3.29024e+00	1.5e-02
4.4027e+03	2.4e+00	3.25995e+00	1.5e-02
4.4063e+03	2.4e+00	3.25169e+00	1.2e-02
4.4099e+03	2.4e+00	3.23199e+00	1.5e-02
4.4136e+03	2.4e+00	3.23101e+00	2.0e-02
4.4172e+03	2.4e+00	3.21279e+00	2.1e-02
4.4208e+03	2.4e+00	3.21259e+00	2.3e-02
4.4244e+03	2.4e+00	3.19563e+00	2.3e-02
4.4281e+03	2.4e+00	3.15933e+00	2.2e-02
4.4317e+03	2.4e+00	3.14163e+00	1.8e-02
4.4353e+03	2.4e+00	3.12400e+00	2.3e-02
4.4389e+03	2.4e+00	3.09346e+00	2.4e-02
4.4426e+03	2.4e+00	3.05439e+00	2.4e-02
4.4462e+03	2.4e+00	3.06187e+00	2.1e-02
4.4498e+03	2.4e+00	3.05851e+00	1.5e-02
4.4534e+03	2.4e+00	3.03154e+00	1.2e-02
4.4570e+03	2.4e+00	3.00905e+00	1.8e-02
4.4607e+03	2.4e+00	2.97454e+00	2.0e-02
4.4643e+03	2.4e+00	2.95202e+00	2.6e-02
4.4679e+03	2.4e+00	2.93255e+00	2.3e-02
4.4715e+03	2.4e+00	2.89182e+00	1.8e-02
4.4751e+03	2.4e+00	2.83483e+00	1.6e-02
4.4788e+03	2.4e+00	2.82130e+00	2.4e-02
4.4824e+03	2.4e+00	2.83554e+00	1.8e-02
4.4860e+03	2.4e+00	2.87887e+00	2.0e-02
4.4896e+03	2.4e+00	2.85408e+00	2.0e-02
4.4932e+03	2.4e+00	2.84119e+00	2.1e-02
4.4968e+03	2.4e+00	2.83641e+00	3.2e-02
4.5005e+03	2.4e+00	2.83818e+00	2.3e-02
4.5041e+03	2.4e+00	2.82087e+00	2.4e-02
4.5077e+03	2.4e+00	2.78753e+00	2.0e-02
4.5113e+03	2.4e+00	2.77530e+00	1.9e-02
4.5149e+03	2.4e+00	2.76621e+00	1.7e-02
4.5185e+03	2.4e+00	2.75173e+00	2.3e-02
4.5221e+03	2.4e+00	2.72560e+00	2.4e-02
4.5258e+03	2.4e+00	2.71684e+00	1.9e-02
4.5294e+03	2.4e+00	2.67952e+00	1.4e-02
4.5330e+03	2.4e+00	2.64898e+00	1.5e-02
4.5366e+03	2.4e+00	2.63326e+00	1.9e-02
4.5402e+03	2.4e+00	2.63575e+00	2.0e-02
4.5438e+03	2.4e+00	2.59634e+00	2.0e-02
4.5474e+03	2.4e+00	2.56219e+00	2.0e-02
4.5510e+03	2.4e+00	2.52450e+00	2.3e-02
4.5546e+03	2.4e+00	2.53334e+00	1.9e-02
4.5582e+03	2.4e+00	2.53004e+00	1.7e-02
4.5619e+03	2.4e+00	2.53181e+00	1.6e-02
4.5655e+03	2.4e+00	2.51115e+00	1.5e-02
4.5691e+03	2.4e+00	2.49766e+00	1.4e-02
4.5727e+03	2.4e+00	2.46079e+00	1.6e-02
4.5763e+03	2.4e+00	2.44734e+00	1.8e-02
4.5799e+03	2.4e+00	2.42621e+00	1.7e-02
4.5835e+03	2.4e+00	2.39940e+00	1.5e-02
4.5871e+03	2.4e+00	2.39708e+00	1.9e-02
4.5907e+03	2.4e+00	2.39443e+00	2.0e-02
4.5943e+03	2.4e+00	2.39803e+00	2.1e-02
4.5979e+03	2.4e+00	2.38971e+00	1.7e-02
4.6015e+03	2.4e+00	2.38213e+00	1.2e-02
4.6051e+03	2.4e+00	2.35900e+00	2.0e-02
4.6087e+03	2.4e+00	2.34519e+00	1.9e-02
4.6123e+03	2.4e+00	2.32397e+00	1.9e-02
4.6159e+03	2.4e+00	2.29357e+00	2.1e-02
4.6195e+03	2.4e+00	2.29259e+00	1.5e-02
4.6231e+03	2.4e+00	2.27175e+00	1.8e-02
4.6267e+03	2.4e+00	2.25799e+00	2.0e-02
4.6303e+03	2.4e+00	2.22932e+00	2.1e-02
4.6339e+03	2.4e+00	2.22701e+00	1.7e-02
4.6375e+03	2.4e+00	2.21616e+00	1.9e-02
4.6411e+03	2.4e+00	2.20029e+00	2.2e-02
4.6447e+03	2.4e+00	2.19018e+00	2.3e-02
4.6483e+03	2.4e+00	2.18626e+00	1.9e-02
4.6519e+03	2.4e+00	2.18188e+00	1.6e-02
4.6555e+03	2.4e+00	2.16744e+00	1.4e-02
4.6591e+03	2.4e+00	2.14130e+00	1.8e-02
4.6627e+03	2.4e+00	2.12766e+00	1.8e-02
4.6663e+03	2.4e+00	2.11574e+00	1.8e-02
4.6699e+03	2.4e+00	2.10083e+00	2.2e-02
4.6735e+03	2.4e+00	2.08653e+00	2.3e-02
4.6771e+03	2.4e+00	2.07784e+00	2.0e-02
4.6807e+03	2.4e+00	2.06069e+00	1.7e-02
4.6843e+03	2.4e+00	2.04370e+00	1.7e-02
4.6879e+03	2.4e+00	2.03425e+00	1.8e-02
4.6915e+03	2.4e+00	2.02221e+00	2.1e-02
4.6950e+03	2.4e+00	2.02645e+00	2.3e-02
4.6986e+03	2.4e+00	2.00940e+00	1.8e-02
4.7022e+03	2.4e+00	2.00061e+00	1.9e-02
4.7058e+03	2.4e+00	1.99305e+00	2.0e-02
4.7094e+03	2.4e+00	1.98214e+00	2.0e-02
4.7130e+03	2.4e+00	1.97718e+00	1.9e-02
4.7166e+03	2.4e+00	1.96363e+00	2.1e-02
4.7202e+03	2.4e+00	1.95067e+00	2.4e-02
4.7238e+03	2.4e+00	1.92954e+00	2.5e-02
4.7274e+03	2.4e+00	1.91206e+00	2.2e-02
4.7309e+03	2.4e+00	1.90176e+00	2.1e-02
4.7345e+03	2.4e+00	1.88649e+00	1.9e-02
4.7381e+03	2.4e+00	1.87122e+00	2.2e-02
4.7417e+03	2.4e+00	1.84828e+00	1.9e-02
4.7453e+03	2.4e+00	1.83151e+00	2.2e-02
4.7489e+03	2.4e+00	1.81520e+00	1.8e-02
4.7525e+03	2.4e+00	1.80183e+00	2.3e-02
4.7560e+03	2.4e+00	1.78854e+00	2.4e-02
4.7596e+03	2.4e+00	1.76427e+00	2.4e-02
4.7632e+03	2.4e+00	1.74898e+00	1.7e-02
4.7668e+03	2.4e+00	1.72624e+00	1.7e-02
4.7704e+03	2.4e+00	1.71701e+00	1.8e-02
4.7740e+03	2.4e+00	1.70489e+00	1.8e-02
4.7775e+03	2.4e+00	1.69271e+00	2.4e-02
4.7811e+03	2.4e+00	1.68798e+00	1.9e-02
4.7847e+03	2.4e+00	1.67738e+00	1.6e-02
4.7883e+03	2.4e+00	1.66654e+00	1.9e-02
4.7919e+03	2.4e+00	1.65764e+00	2.8e-02
4.7954e+03	2.4e+00	1.64994e+00	2.3e-02
4.7990e+03	2.4e+00	1.63300e+00	1.9e-02
4.8026e+03	2.4e+00	1.61451e+00	1.8e-02
4.8062e+03	2.4e+00	1.60748e+00	2.0e-02
4.8098e+03	2.4e+00	1.59674e+00	1.9e-02
4.8133e+03	2.4e+00	1.58786e+00	2.2e-02
4.8169e+03	2.4e+00	1.56609e+00	1.8e-02
4.8205e+03	2.4e+00	1.55599e+00	1.7e-02
4.8241e+03	2.4e+00	1.53587e+00	2.1e-02
4.8276e+03	2.4e+00	1.50624e+00	2.2e-02
4.8312e+03	2.4e+00	1.47875e+00	1.8e-02
4.8348e+03	2.4e+00	1.44373e+00	1.8e-02
4.8384e+03	2.4e+00	1.39972e+00	1.9e-02
4.8419e+03	2.4e+00	1.33967e+00	1.9e-02
4.8455e+03	2.4e+00	1.26595e+00	1.4e-02
4.8491e+03	2.4e+00	1.16476e+00	1.0e-02
4.8527e+03	2.4e+00	1.03609e+00	7.3e-03
4.8562e+03	2.4e+00	8.80030e-01	5.0e-03
4.8598e+03	2.4e+00	7.33782e-01	9.0e-03
4.8634e+03	2.4e+00	6.76356e-01	9.6e-03
4.8669e+03	2.4e+00	7.51287e-01	1.2e-02
4.8705e+03	2.4e+00	9.06542e-01	1.3e-02
4.8741e+03	2.4e+00	1.04983e+00	1.6e-02
4.8777e+03	2.4e+00	1.14950e+00	1.7e-02
4.8812e+03	2.4e+00	1.21444e+00	1.9e-02
4.8848e+03	2.4e+00	1.25932e+00	1.9e-02
4.8884e+03	2.4e+00	1.29929e+00	1.9e-02
4.8919e+03	2.4e+00	1.32119e+00	1.8e-02
4.8955e+03	2.4e+00	1.33456e+00	1.6e-02
4.8991e+03	2.4e+00	1.33915e+00	1.9e-02
4.9026e+03	2.4e+00	1.34546e+00	1.6e-02
4.9062e+03	2.4e+00	1.34632e+00	1.6e-02
4.9098e+03	2.4e+00	1.34996e+00	1.8e-02
4.9133e+03	2.4e+00	1.34522e+00	1.9e-02
4.9169e+03	2.4e+00	1.35148e+00	1.8e-02
4.9205e+03	2.4e+00	1.33115e+00	1.8e-02
4.9240e+03	2.4e+00	1.32289e+00	1.7e-02
4.9276e+03	2.4e+00	1.32372e+00	1.8e-02
4.9312e+03	2.4e+00	1.32209e+00	1.7e-02
4.9347e+03	2.4e+00	1.31591e+00	1.5e-02
4.9383e+03	2.4e+00	1.31886e+00	1.7e-02
4.9418e+03	2.4e+00	1.31111e+00	1.7e-02
4.9454e+03	2.4e+00	1.30498e+00	1.7e-02
4.9490e+03	2.4e+00	1.30795e+00	1.7e-02
4.9525e+03	2.4e+00	1.30116e+00	1.6e-02
4.9561e+03	2.4e+00	1.28803e+00	1.7e-02
4.9596e+03	2.4e+00	1.27518e+00	1.8e-02
4.9632e+03	2.4e+00	1.27574e+00	1.7e-02
4.9668e+03	2.4e+00	1.26550e+00	1.9e-02
4.9703e+03	2.4e+00	1.25824e+00	1.7e-02
4.9739e+03	2.4e+00	1.24971e+00	1.6e-02
4.9774e+03	2.4e+00	1.24572e+00	1.8e-02
4.9810e+03	2.4e+00	1.23276e+00	1.7e-02
4.9845e+03	2.4e+00	1.21735e+00	1.6e-02
4.9881e+03	2.4e+00	1.21527e+00	1.7e-02
4.9917e+03	2.4e+00	1.20543e+00	1.5e-02
4.9952e+03	2.4e+00	1.19518e+00	1.5e-02
4.9988e+03	2.4e+00	1.18551e+00	1.3e-02
5.0023e+03	2.4e+00	1.17050e+00	1.7e-02
5.0059e+03	2.4e+00	1.16022e+00	1.4e-02
5.0094e+03	2.4e+00	1.15111e+00	1.6e-02
5.0130e+03	2.4e+00	1.14800e+00	1.5e-02
5.0165e+03	2.4e+00	1.14056e+00	1.5e-02
5.0201e+03	2.4e+00	1.12188e+00	1.1e-02
5.0236e+03	2.4e+00	1.11321e+00	1.4e-02
5.0272e+03	2.4e+00	1.11138e+00	1.3e-02
5.0307e+03	2.4e+00	1.10836e+00	1.3e-02
5.0343e+03	2.4e+00	1.09881e+00	1.3e-02
5.0378e+03	2.4e+00	1.08610e+00	1.2e-02
5.0414e+03	2.4e+00	1.07711e+00	1.2e-02
5.0449e+03	2.4e+00	1.07426e+00	1.4e-02
5.0485e+03	2.4e+00	1.07208e+00	1.4e-02
5.0520e+03	2.4e+00	1.06371e+00	1.1e-02
5.0556e+03	2.4e+00	1.06026e+00	1.2e-02
5.0591e+03	2.4e+00	1.05400e+00	1.3e-02
5.0627e+03	2.4e+00	1.04907e+00	1.2e-02
5.0662e+03	2.4e+00	1.04864e+00	1.3e-02
5.0698e+03	2.4e+00	1.03818e+00	1.3e-02
5.0733e+03	2.4e+00	1.03266e+00	1.3e-02
5.0769e+03	2.4e+00	1.03326e+00	1.3e-02
5.0804e+03	2.4e+00	1.02183e+00	1.0e-02
5.0840e+03	2.4e+00	1.01243e+00	1.0e-02
5.0875e+03	2.4e+00	1.00469e+00	1.1e-02
5.0910e+03	2.4e+00	1.00683e+00	1.1e-02
5.0946e+03	2.4e+00	1.00436e+00	1.0e-02
5.0981e+03	2.4e+00	9.97353e-01	1.1e-02
5.1017e+03	2.4e+00	9.90669e-01	1.2e-02
5.1052e+03	2.4e+00	9.77337e-01	1.1e-02
5.1088e+03	2.4e+00	9.73610e-01	1.0e-02
5.1123e+03	2.4e+00	9.67598e-01	1.0e-02
5.1158e+03	2.4e+00	9.69316e-01	8.5e-03
5.1194e+03	2.4e+00	9.56709e-01	9.6e-03
5.1229e+03	2.4e+00	9.47349e-01	1.0e-02
5.1265e+03	2.4e+00	9.45165e-01	8.7e-03
5.1300e+03	2.4e+00	9.39906e-01	9.3e-03
5.1335e+03	2.4e+00	9.28312e-01	7.7e-03
5.1371e+03	2.4e+00	9.27752e-01	7.7e-03
5.1406e+03	2.4e+00	9.23107e-01	7.4e-03
5.1441e+03	2.4e+00	9.15769e-01	8.9e-03
5.1477e+03	2.4e+00	9.08709e-01	9.7e-03
5.1512e+03	2.4e+00	9.03585e-01	8.7e-03
5.1548e+03	2.4e+00	8.96869e-01	9.6e-03
5.1583e+03	2.4e+00	8.90629e-01	7.4e-03
5.1618e+03	2.4e+00	8.81068e-01	6.9e-03
5.1654e+03	2.4e+00	8.74261e-01	7.2e-03
5.1689e+03	2.4e+00	8.62333e-01	5.4e-03
5.1724e+03	2.4e+00	8.48299e-01	6.6e-03
5.1760e+03	2.4e+00	8.48546e-01	6.7e-03
5.1795e+03	2.4e+00	8.53229e-01	7.7e-03
5.1830e+03	2.4e+00	8.48969e-01	7.1e-03
5.1866e+03	2.4e+00	8.38431e-01	6.7e-03
5.1901e+03	2.4e+00	8.34611e-01	6.5e-03
5.1936e+03	2.4e+00	8.35722e-01	5.1e-03
5.1971e+03	2.4e+00	8.32083e-01	5.0e-03
5.2007e+03	2.4e+00	8.25659e-01	5.2e-03
5.2042e+03	2.4e+00	8.24696e-01	5.6e-03
5.2077e+03	2.4e+00	8.21392e-01	6.0e-03
5.2113e+03	2.4e+00	8.13346e-01	5.6e-03
5.2148e+03	2.4e+00	8.10070e-01	5.5e-03
5.2183e+03	2.4e+00	8.08311e-01	5.6e-03
5.2219e+03	2.4e+00	8.01029e-01	5.1e-03
5.2254e+03	2.4e+00	7.98554e-01	3.5e-03
5.2289e+03	2.4e+00	7.88023e-01	4.5e-03
5.2324e+03	2.4e+00	7.77009e-01	3.7e-03
5.2360e+03	2.4e+00	7.71381e-01	4.4e-03
5.2395e+03	2.4e+00	7.65252e-01	5.0e-03
5.2430e+03	2.4e+00	7.65844e-01	4.5e-03
5.2465e+03	2.4e+00	7.61582e-01	4.5e-03
5.2501e+03	2.4e+00	7.56244e-01	4.3e-03
5.2536e+03	2.4e+00	7.48495e-01	4.3e-03
5.2571e+03	2.4e+00	7.42673e-01	4.8e-03
5.2606e+03	2.4e+00	7.35218e-01	3.8e-03
5.2641e+03	2.4e+00	7.31335e-01	5.0e-03
5.2677e+03	2.4e+00	7.25719e-01	3.6e-03
5.2712e+03	2.4e+00	7.18585e-01	4.5e-03
5.2747e+03	2.4e+00	7.10401e-01	4.9e-03
5.2782e+03	2.4e+00	7.08991e-01	5.7e-03
5.2817e+03	2.4e+00	7.04257e-01	6.3e-03
5.2853e+03	2.4e+00	6.99403e-01	4.9e-03
5.2888e+03	2.4e+00	6.98820e-01	4.2e-03
5.2923e+03	2.4e+00	6.97106e-01	4.7e-03
5.2958e+03	2.4e+00	6.94629e-01	3.8e-03
5.2993e+03	2.4e+00	6.94251e-01	3.9e-03
5.3029e+03	2.4e+00	6.87473e-01	4.9e-03
5.3064e+03	2.4e+00	6.81858e-01	3.6e-03
5.3099e+03	2.4e+00	6.78995e-01	4.0e-03
5.3134e+03	2.4e+00	6.74251e-01	4.6e-03
5.3169e+03	2.4e+00	6.65451e-01	4.2e-03
5.3204e+03	2.4e+00	6.58093e-01	3.5e-03
5.3240e+03	2.4e+00	6.56785e-01	4.2e-03
5.3275e+03	2.4e+00	6.58757e-01	3.7e-03
5.3310e+03	2.4e+00	6.54694e-01	3.5e-03
5.3345e+03	2.4e+00	6.54784e-01	3.8e-03
5.3380e+03	2.4e+00	6.50101e-01	4.2e-03
5.3415e+03	2.4e+00	6.45167e-01	3.2e-03
5.3450e+03	2.4e+00	6.40420e-01	3.0e-03
5.3485e+03	2.4e+00	6.39492e-01	4.0e-03
5.3521e+03	2.4e+00	6.39530e-01	4.1e-03
5.3556e+03	2.4e+00	6.36892e-01	5.8e-03
5.3591e+03	2.4e+00	6.35739e-01	4.8e-03
5.3626e+03	2.4e+00	6.31103e-01	5.0e-03
5.3661e+03	2.4e+00	6.25989e-01	4.1e-03
5.3696e+03	2.4e+00	6.22144e-01	4.3e-03
5.3731e+03	2.4e+00	6.23199e-01	5.0e-03
5.3766e+03	2.4e+00	6.23245e-01	5.4e-03
5.3801e+03	2.4e+00	6.16303e-01	3.7e-03
5.3836e+03	2.4e+00	6.13411e-01	4.0e-03
5.3871e+03	2.4e+00	6.13474e-01	3.8e-03
5.3907e+03	2.4e+00	6.08545e-01	3.8e-03
5.3942e+03	2.4e+00	6.04832e-01	4.5e-03
5.3977e+03	2.4e+00	6.00441e-01	4.5e-03
5.4012e+03	2.4e+00	5.93583e-01	4.3e-03
5.4047e+03	2.4e+00	5.92955e-01	5.2e-03
5.4082e+03	2.4e+00	5.90512e-01	5.1e-03
5.4117e+03	2.4e+00	5.84683e-01	4.5e-03
5.4152e+03	2.4e+00	5.80619e-01	4.1e-03
5.4187e+03	2.4e+00	5.76294e-01	4.7e-03
5.4222e+03	2.4e+00	5.76563e-01	3.9e-03
5.4257e+03	2.4e+00	5.69869e-01	5.1e-03
5.4292e+03	2.4e+00	5.65540e-01	5.2e-03
5.4327e+03	2.4e+00	5.66333e-01	4.0e-03
5.4362e+03	2.4e+00	5.62156e-01	4.5e-03
5.4397e+03	2.4e+00	5.55478e-01	4.4e-03
5.4432e+03	2.4e+00	5.56194e-01	5.3e-03
5.4467e+03	2.4e+00	5.55070e-01	4.9e-03
5.4502e+03	2.4e+00	5.51962e-01	4.2e-03
5.4537e+03	2.4e+00	5.48981e-01	3.8e-03
5.4572e+03	2.4e+00	5.47276e-01	4.1e-03
5.4607e+03	2.4e+00	5.41459e-01	5.0e-03
5.4642e+03	2.4e+00	5.43359e-01	5.6e-03
5.4677e+03	2.4e+00	5.35338e-01	5.0e-03
5.4712e+03	2.4e+00	5.34283e-01	4.6e-03
5.4747e+03	2.4e+00	5.34489e-01	4.6e-03
5.4782e+03	2.4e+00	5.30987e-01	5.8e-03
5.4817e+03	2.4e+00	5.28123e-01	5.1e-03
5.4852e+03	2.4e+00	5.25449e-01	4.0e-03
5.4887e+03	2.4e+00	5.23092e-01	3.8e-03
5.4922e+03	2.4e+00	5.20540e-01	4.5e-03
5.4956e+03	2.4e+00	5.18470e-01	4.2e-03
5.4991e+03	2.4e+00	5.14004e-01	4.9e-03
5.5026e+03	2.4e+00	5.15301e-01	4.5e-03
5.5061e+03	2.4e+00	5.11888e-01	4.7e-03
5.5096e+03	2.4e+00	5.09118e-01	4.1e-03
5.5131e+03	2.4e+00	5.06313e-01	4.9e-03
5.5166e+03	2.4e+00	5.03312e-01	4.7e-03
5.5201e+03	2.4e+00	4.99450e-01	4.6e-03
5.5236e+03	2.4e+00	5.00383e-01	4.6e-03
5.5271e+03	2.4e+00	4.94815e-01	3.6e-03
5.5306e+03	2.4e+00	4.91163e-01	3.5e-03
5.5340e+03	2.4e+00	4.85716e-01	3.6e-03
5.5375e+03	2.4e+00	4.83986e-01	4.3e-03
5.5410e+03	2.4e+00	4.82310e-01	3.9e-03
5.5445e+03	2.4e+00	4.81510e-01	5.5e-03
5.5480e+03	2.4e+00	4.78860e-01	4.9e-03
5.5515e+03	2.4e+00	4.75786e-01	4.6e-03
5.5550e+03	2.4e+00	4.74681e-01	5.0e-03
5.5585e+03	2.4e+00	4.73645e-01	4.0e-03
5.5619e+03	2.4e+00	4.69419e-01	4.0e-03
5.5654e+03	2.4e+00	4.68095e-01	5.0e-03
5.5689e+03	2.4e+00	4.64914e-01	4.6e-03
5.5724e+03	2.4e+00	4.59967e-01	4.5e-03
5.5759e+03	2.4e+00	4.59805e-01	4.6e-03
5.5794e+03	2.4e+00	4.54129e-01	4.9e-03
5.5828e+03	2.4e+00	4.52848e-01	4.5e-03
5.5863e+03	2.4e+00	4.50856e-01	3.6e-03
5.5898e+03	2.4e+00	4.47042e-01	4.7e-03
5.5933e+03	2.4e+00	4.45892e-01	4.6e-03
5.5968e+03	2.4e+00	4.41868e-01	4.3e-03
5.6002e+03	2.4e+00	4.42523e-01	4.5e-03
5.6037e+03	2.4e+00	4.40812e-01	4.4e-03
5.6072e+03	2.4e+00	4.37809e-01	4.7e-03
5.6107e+03	2.4e+00	4.33435e-01	3.9e-03
5.6142e+03	2.4e+00	4.34089e-01	5.7e-03
5.6176e+03	2.4e+00	4.30188e-01	5.8e-03
5.6211e+03	2.4e+00	4.28116e-01	5.2e-03
5.6246e+03	2.4e+00	4.25125e-01	4.7e-03
5.6281e+03	2.4e+00	4.21444e-01	4.1e-03
5.6315e+03	2.4e+00	4.20813e-01	5.9e-03
5.6350e+03	2.4e+00	4.18958e-01	5.2e-03
5.6385e+03	2.4e+00	4.18390e-01	4.2e-03
5.6420e+03	2.4e+00	4.15110e-01	6.1e-03
5.6454e+03	2.4e+00	4.10364e-01	4.3e-03
5.6489e+03	2.4e+00	4.11019e-01	4.9e-03
5.6524e+03	2.4e+00	4.10649e-01	4.3e-03
5.6559e+03	2.4e+00	4.07121e-01	5.1e-03
5.6593e+03	2.4e+00	4.03943e-01	5.5e-03
5.6628e+03	2.4e+00	4.02642e-01	5.4e-03
5.6663e+03	2.4e+00	3.99690e-01	4.4e-03
5.6698e+03	2.4e+00	3.98576e-01	5.3e-03
5.6732e+03	2.4e+00	3.96185e-01	5.6e-03
5.6767e+03	2.4e+00	3.97291e-01	6.0e-03
5.6802e+03	2.4e+00	3.95353e-01	4.4e-03
5.6836e+03	2.4e+00	3.90668e-01	5.4e-03
5.6871e+03	2.4e+00	3.85769e-01	4.8e-03
5.6906e+03	2.4e+00	3.83706e-01	5.1e-03
5.6940e+03	2.4e+00	3.81004e-01	4.6e-03
5.6975e+03	2.4e+00	3.79041e-01	4.4e-03
5.7010e+03	2.4e+00	3.78573e-01	5.4e-03
5.7045e+03	2.4e+00	3.77147e-01	5.4e-03
5.7079e+03	2.4e+00	3.73804e-01	4.9e-03
5.7114e+03	2.4e+00	3.71110e-01	4.6e-03
5.7149e+03	2.4e+00	3.67972e-01	4.6e-03
5.7183e+03	2.4e+00	3.66547e-01	5.0e-03
5.7218e+03	2.4e+00	3.63961e-01	5.4e-03
5.7252e+03	2.4e+00	3.63056e-01	4.8e-03
5.7287e+03	2.4e+00	3.61005e-01	5.2e-03
5.7322e+03	2.4e+00	3.57739e-01	4.7e-03
5.7356e+03	2.4e+00	3.55997e-01	5.1e-03
5.7391e+03	2.4e+00	3.52903e-01	5.4e-03
5.7426e+03	2.4e+00	3.52904e-01	4.9e-03
5.7460e+03	2.4e+00	3.50256e-01	4.0e-03
5.7495e+03	2.4e+00	3.51023e-01	4.8e-03
5.7529e+03	2.4e+00	3.48399e-01	5.2e-03
5.7564e+03	2.4e+00	3.47391e-01	4.4e-03
5.7599e+03	2.4e+00	3.46319e-01	5.3e-03
5.7633e+03	2.4e+00	3.44049e-01	4.9e-03
5.7668e+03	2.4e+00	3.42320e-01	4.7e-03
5.7702e+03	2.4e+00	3.40861e-01	4.1e-03
5.7737e+03	2.4e+00	3.40098e-01	4.7e-03
5.7772e+03	2.4e+00	3.38672e-01	4.6e-03
5.7806e+03	2.4e+00	3.39268e-01	4.6e-03
5.7841e+03	2.4e+00	3.36700e-01	4.7e-03
5.7875e+03	2.4e+00	3.36920e-01	4.6e-03
5.7910e+03	2.4e+00	3.35121e-01	3.8e-03
5.7944e+03	2.4e+00	3.34550e-01	5.4e-03
5.7979e+03	2.4e+00	3.33889e-01	4.8e-03
5.8014e+03	2.4e+00	3.36301e-01	5.0e-03
5.8048e+03	2.4e+00	3.33668e-01	4.8e-03
5.8083e+03	2.4e+00	3.31867e-01	4.4e-03
5.8117e+03	2.4e+00	3.35047e-01	4.8e-03
5.8152e+03	2.4e+00	3.33900e-01	3.9e-03
5.8186e+03	2.4e+00	3.34970e-01	4.6e-03
5.8221e+03	2.4e+00	3.32353e-01	4.8e-03
5.8255e+03	2.4e+00	3.31931e-01	5.4e-03
5.8290e+03	2.4e+00	3.33938e-01	6.2e-03
5.8324e+03	2.4e+00	3.30901e-01	4.6e-03
5.8359e+03	2.4e+00	3.31584e-01	5.3e-03
5.8393e+03	2.4e+00	3.28313e-01	4.9e-03
5.8428e+03	2.4e+00	3.30104e-01	4.9e-03
5.8462e+03	2.4e+00	3.29100e-01	4.7e-03
5.8497e+03	2.4e+00	3.26678e-01	4.1e-03
5.8531e+03	2.4e+00	3.24854e-01	5.5e-03
5.8566e+03	2.4e+00	3.22616e-01	4.8e-03
5.8600e+03	2.4e+00	3.22619e-01	5.4e-03
5.8635e+03	2.4e+00	3.22693e-01	4.7e-03
5.8669e+03	2.4e+00	3.20622e-01	4.8e-03
5.8704e+03	2.4e+00	3.18868e-01	4.5e-03
5.8738e+03	2.4e+00	3.18977e-01	4.6e-03
5.8773e+03	2.4e+00	3.15520e-01	5.2e-03
5.8807e+03	2.4e+00	3.15186e-01	4.9e-03
5.8841e+03	2.4e+00	3.10633e-01	5.1e-03
5.8876e+03	2.4e+00	3.04527e-01	4.4e-03
5.8910e+03	2.4e+00	3.02728e-01	5.5e-03
5.8945e+03	2.4e+00	2.97527e-01	3.9e-03
5.8979e+03	2.4e+00	3.00154e-01	3.7e-03
5.9014e+03	2.4e+00	2.99558e-01	4.0e-03
5.9048e+03	2.4e+00	2.99992e-01	5.4e-03
5.9082e+03	2.4e+00	3.02206e-01	4.8e-03
5.9117e+03	2.4e+00	3.01562e-01	4.9e-03
5.9151e+03	2.4e+00	3.00295e-01	5.2e-03
5.9186e+03	2.4e+00	2.98547e-01	4.4e-03
5.9220e+03	2.4e+00	2.96783e-01	4.8e-03
5.9254e+03	2.4e+00	2.95390e-01	5.4e-03
5.9289e+03	2.4e+00	2.95016e-01	4.7e-03
5.9323e+03	2.4e+00	2.94996e-01	4.4e-03
5.9358e+03	2.4e+00	2.94004e-01	4.3e-03
5.9392e+03	2.4e+00	2.92942e-01	4.6e-03
5.9426e+03	2.4e+00	2.88403e-01	4.1e-03
5.9461e+03	2.4e+00	2.86940e-01	4.0e-03
5.9495e+03	2.4e+00	2.85834e-01	4.1e-03
5.9529e+03	2.4e+00	2.85830e-01	3.5e-03
5.9564e+03	2.4e+00	2.85329e-01	4.1e-03
5.9598e+03	2.4e+00	2.84027e-01	4.4e-03
5.9633e+03	2.4e+00	2.82131e-01	3.6e-03
5.9667e+03	2.4e+00	2.80988e-01	4.7e-03
5.9701e+03	2.4e+00	2.80075e-01	3.9e-03
5.9736e+03	2.4e+00	2.79697e-01	4.0e-03
5.9770e+03	2.4e+00	2.80727e-01	4.4e-03
5.9804e+03	2.4e+00	2.78225e-01	4.3e-03
5.9838e+03	2.4e+00	2.77052e-01	4.9e-03
5.9873e+03	2.4e+00	2.77372e-01	4.8e-03
5.9907e+03	2.4e+00	2.74340e-01	3.9e-03
5.9941e+03	2.4e+00	2.73633e-01	4.9e-03
5.9976e+03	2.4e+00	2.71677e-01	4.3e-03
6.0010e+03	2.4e+00	2.74322e-01	5.0e-03
6.0044e+03	2.4e+00	2.71966e-01	4.9e-03
6.0079e+03	2.4e+00	2.72093e-01	4.8e-03
6.0113e+03	2.4e+00	2.68597e-01	4.7e-03
6.0147e+03	2.4e+00	2.68352e-01	5.3e-03
6.0181e+03	2.4e+00	2.66681e-01	4.5e-03
6.0216e+03	2.4e+00	2.67359e-01	4.2e-03
6.0250e+03	2.4e+00	2.66623e-01	4.1e-03
6.0284e+03	2.4e+00	2.65487e-01	3.9e-03
6.0318e+03	2.4e+00	2.64809e-01	4.3e-03
6.0353e+03	2.4e+00	2.62414e-01	4.8e-03
6.0387e+03	2.4e+00	2.60613e-01	4.3e-03
6.0421e+03	2.4e+00	2.60103e-01	4.2e-03
6.0455e+03	2.4e+00	2.59359e-01	4.7e-03
6.0490e+03	2.4e+00	2.59271e-01	3.5e-03
6.0524e+03	2.4e+00	2.59215e-01	4.5e-03
6.0558e+03	2.4e+00	2.58023e-01	4.1e-03
6.0592e+03	2.4e+00	2.57322e-01	3.9e-03
6.0627e+03	2.4e+00	2.56489e-01	4.5e-03
6.0661e+03	2.4e+00	2.54646e-01	3.7e-03
6.0695e+03	2.4e+00	2.55173e-01	3.2e-03
6.0729e+03	2.4e+00	2.52744e-01	3.8e-03
6.0763e+03	2.4e+00	2.54705e-01	4.5e-03
6.0798e+03	2.4e+00	2.52132e-01	4.1e-03
6.0832e+03	2.4e+00	2.50195e-01	3.2e-03
6.0866e+03	2.4e+00	2.53275e-01	4.2e-03
6.0900e+03	2.4e+00	2.49613e-01	4.2e-03
6.0934e+03	2.4e+00	2.49869e-01	4.2e-03
6.0969e+03	2.4e+00	2.49349e-01	3.5e-03
6.1003e+03	2.4e+00	2.48346e-01	4.1e-03
6.1037e+03	2.4e+00	2.47637e-01	3.8e-03
6.1071e+03	2.4e+00	2.49029e-01	3.2e-03
6.1105e+03	2.4e+00	2.48572e-01	4.2e-03
6.1139e+03	2.4e+00	2.47369e-01	4.2e-03
6.1174e+03	2.4e+00	2.45434e-01	4.4e-03
6.1208e+03	2.4e+00	2.44732e-01	4.3e-03
6.1242e+03	2.4e+00	2.46148e-01	4.3e-03
6.1276e+03	2.4e+00	2.45421e-01	4.1e-03
6.1310e+03	2.4e+00	2.42648e-01	4.0e-03
6.1344e+03	2.4e+00	2.41855e-01	3.8e-03
6.1378e+03	2.4e+00	2.43079e-01	4.1e-03
6.1412e+03	2.4e+00	2.41666e-01	3.9e-03
6.1447e+03	2.4e+00	2.40324e-01	4.0e-03
6.1481e+03	2.4e+00	2.40192e-01	4.0e-03
6.1515e+03	2.4e+00	2.37198e-01	4.0e-03
6.1549e+03	2.4e+00	2.34145e-01	5.0e-03
6.1583e+03	2.4e+00	2.32550e-01	4.3e-03
6.1617e+03	2.4e+00	2.33377e-01	4.5e-03
6.1651e+03	2.4e+00	2.32664e-01	3.9e-03
6.1685e+03	2.4e+00	2.30244e-01	3.7e-03
6.1719e+03	2.4e+00	2.31719e-01	4.4e-03
6.1753e+03	2.4e+00	2.31952e-01	4.4e-03
6.1787e+03	2.4e+00	2.31492e-01	4.3e-03
6.1822e+03	2.4e+00	2.30347e-01	4.4e-03
6.1856e+03	2.4e+00	2.29311e-01	4.0e-03
6.1890e+03	2.4e+00	2.29462e-01	3.6e-03
6.1924e+03	2.4e+00	2.29933e-01	3.3e-03
6.1958e+03	2.4e+00	2.28053e-01	3.8e-03
6.1992e+03	2.4e+00	2.25384e-01	4.0e-03
6.2026e+03	2.4e+00	2.23908e-01	4.2e-03
6.2060e+03	2.4e+00	2.25346e-01	4.3e-03
6.2094e+03	2.4e+00	2.24410e-01	3.4e-03
6.2128e+03	2.4e+00	2.21788e-01	4.0e-03
6.2162e+03	2.4e+00	2.21700e-01	4.3e-03
6.2196e+03	2.4e+00	2.20440e-01	3.8e-03
6.2230e+03	2.4e+00	2.19251e-01	3.7e-03
6.2264e+03	2.4e+00	2.19065e-01	3.8e-03
6.2298e+03	2.4e+00	2.17409e-01	4.6e-03
6.2332e+03	2.4e+00	2.16876e-01	4.3e-03
6.2366e+03	2.4e+00	2.17319e-01	4.4e-03
6.2400e+03	2.4e+00	2.16079e-01	3.2e-03
6.2434e+03	2.4e+00	2.15076e-01	3.6e-03
6.2468e+03	2.4e+00	2.13127e-01	3.8e-03
6.2502e+03	2.4e+00	2.10255e-01	3.7e-03
6.2536e+03	2.4e+00	2.10757e-01	4.0e-03
6.2570e+03	2.4e+00	2.11273e-01	3.8e-03
6.2604e+03	2.4e+00	2.09869e-01	4.1e-03
6.2638e+03	2.4e+00	2.07992e-01	3.5e-03
6.2672e+03	2.4e+00	2.07736e-01	3.3e-03
6.2706e+03	2.4e+00	2.08519e-01	3.6e-03
6.2740e+03	2.4e+00	2.01715e-01	3.8e-03
6.2774e+03	2.4e+00	1.94349e-01	3.4e-03
6.2808e+03	2.4e+00	1.89761e-01	3.5e-03
6.2841e+03	2.4e+00	1.91736e-01	3.6e-03
6.2875e+03	2.4e+00	1.97070e-01	3.1e-03
6.2909e+03	2.4e+00	1.97120e-01	3.4e-03
6.2943e+03	2.4e+00	1.96663e-01	3.4e-03
6.2977e+03	2.4e+00	1.97524e-01	3.4e-03
6.3011e+03	2.4e+00	1.96913e-01	3.4e-03
6.3045e+03	2.4e+00	1.96344e-01	3.9e-03
6.3079e+03	2.4e+00	1.94836e-01	3.5e-03
6.3113e+03	2.4e+00	1.95587e-01	3.5e-03
6.3147e+03	2.4e+00	1.96210e-01	3.6e-03
6.3181e+03	2.4e+00	1.96188e-01	3.4e-03
6.3214e+03	2.4e+00	1.95512e-01	3.5e-03
6.3248e+03	2.4e+00	1.96898e-01	3.8e-03
6.3282e+03	2.4e+00	1.97649e-01	4.0e-03
6.3316e+03	2.4e+00	1.97930e-01	4.2e-03
6.3350e+03	2.4e+00	1.96455e-01	3.8e-03
6.3384e+03	2.4e+00	1.97087e-01	3.5e-03
6.3418e+03	2.4e+00	1.96460e-01	3.6e-03
6.3452e+03	2.4e+00	1.94606e-01	3.7e-03
6.3485e+03	2.4e+00	1.94312e-01	3.6e-03
6.3519e+03	2.4e+00	1.93842e-01	3.4e-03
6.3553e+03	2.4e+00	1.95627e-01	3.3e-03
6.3587e+03	2.4e+00	1.96045e-01	4.0e-03
6.3621e+03	2.4e+00	1.94945e-01	3.8e-03
6.3655e+03	2.4e+00	1.93689e-01	3.8e-03
6.3688e+03	2.4e+00	1.93766e-01	3.9e-03
6.3722e+03	2.4e+00	1.93990e-01	3.8e-03
6.3756e+03	2.4e+00	1.92636e-01	4.0e-03
6.3790e+03	2.4e+00	1.93500e-01	4.1e-03
6.3824e+03	2.4e+00	1.92113e-01	3.7e-03
6.3857e+03	2.4e+00	1.91698e-01	4.0e-03
6.3891e+03	2.4e+00	1.91168e-01	3.8e-03
6.3925e+03	2.4e+00	1.90892e-01	3.4e-03
6.3959e+03	2.4e+00	1.89784e-01	3.7e-03
6.3993e+03	2.4e+00	1.89194e-01	4.4e-03
6.4026e+03	2.4e+00	1.88803e-01	4.1e-03
6.4060e+03	2.4e+00	1.88933e-01	4.2e-03
6.4094e+03	2.4e+00	1.86862e-01	3.5e-03
6.4128e+03	2.4e+00	1.87548e-01	3.5e-03
6.4162e+03	2.4e+00	1.86930e-01	3.5e-03
6.4195e+03	2.4e+00	1.85373e-01	3.4e-03
6.4229e+03	2.4e+00	1.85356e-01	3.4e-03
6.4263e+03	2.4e+00	1.86520e-01	4.2e-03
6.4297e+03	2.4e+00	1.86867e-01	4.7e-03
6.4330e+03	2.4e+00	1.83397e-01	3.8e-03
6.4364e+03	2.4e+00	1.82713e-01	3.4e-03
6.4398e+03	2.4e+00	1.83950e-01	3.7e-03
6.4432e+03	2.4e+00	1.82481e-01	4.5e-03
6.4465e+03	2.4e+00	1.83512e-01	4.3e-03
6.4499e+03	2.4e+00	1.80428e-01	3.7e-03
6.4533e+03	2.4e+00	1.79906e-01	3.5e-03
6.4566e+03	2.4e+00	1.79054e-01	3.8e-03
6.4600e+03	2.4e+00	1.77955e-01	3.5e-03
6.4634e+03	2.4e+00	1.78373e-01	3.8e-03
6.4667e+03	2.4e+00	1.77707e-01	4.2e-03
6.4701e+03	2.4e+00	1.74599e-01	3.9e-03
6.4735e+03	2.4e+00	1.72906e-01	4.3e-03
6.4769e+03	2.4e+00	1.73311e-01	4.4e-03
6.4802e+03	2.4e+00	1.73092e-01	3.4e-03
6.4836e+03	2.4e+00	1.74536e-01	3.5e-03
6.4870e+03	2.4e+00	1.72770e-01	3.7e-03
6.4903e+03	2.4e+00	1.72817e-01	4.0e-03
6.4937e+03	2.4e+00	1.72131e-01	4.1e-03
6.4971e+03	2.4e+00	1.71359e-01	3.5e-03
6.5004e+03	2.4e+00	1.71270e-01	3.8e-03
6.5038e+03	2.4e+00	1.71140e-01	3.9e-03
6.5072e+03	2.4e+00	1.70221e-01	4.2e-03
6.5105e+03	2.4e+00	1.68275e-01	4.5e-03
6.5139e+03	2.4e+00	1.66175e-01	3.8e-03
6.5172e+03	2.4e+00	1.65103e-01	3.5e-03
6.5206e+03	2.4e+00	1.63036e-01	3.2e-03
6.5240e+03	2.4e+00	1.62500e-01	3.5e-03
6.5273e+03	2.4e+00	1.61766e-01	4.1e-03
6.5307e+03	2.4e+00	1.60172e-01	3.8e-03
6.5341e+03	2.4e+00	1.56911e-01	3.2e-03
6.5374e+03	2.4e+00	1.55441e-01	4.0e-03
6.5408e+03	2.4e+00	1.50572e-01	3.1e-03
6.5441e+03	2.4e+00	1.45111e-01	3.1e-03
6.5475e+03	2.4e+00	1.38339e-01	3.1e-03
6.5509e+03	2.4e+00	1.30254e-01	3.0e-03
6.5542e+03	2.4e+00	1.19083e-01	2.6e-03
6.5576e+03	2.4e+00	1.06273e-01	2.5e-03
6.5609e+03	2.4e+00	9.69022e-02	2.2e-03
6.5643e+03	2.4e+00	9.43015e-02	2.1e-03
6.5676e+03	2.4e+00	1.03787e-01	2.5e-03
6.5710e+03	2.4e+00	1.17307e-01	2.8e-03
6.5744e+03	2.4e+00	1.28820e-01	3.2e-03
6.5777e+03	2.4e+00	1.35758e-01	3.3e-03
6.5811e+03	2.4e+00	1.41245e-01	3.7e-03
6.5844e+03	2.4e+00	1.44360e-01	3.5e-03
6.5878e+03	2.4e+00	1.48558e-01	3.5e-03
6.5911e+03	2.4e+00	1.49257e-01	3.7e-03
6.5945e+03	2.4e+00	1.50257e-01	4.0e-03
6.5978e+03	2.4e+00	1.52234e-01	3.7e-03
6.6012e+03	2.4e+00	1.51677e-01	3.5e-03
6.6045e+03	2.4e+00	1.53187e-01	4.0e-03
6.6079e+03	2.4e+00	1.51811e-01	3.6e-03
6.6112e+03	2.4e+00	1.52382e-01	3.7e-03
6.6146e+03	2.4e+00	1.51195e-01	3.6e-03
6.6179e+03	2.4e+00	1.52568e-01	3.8e-03
6.6213e+03	2.4e+00	1.52587e-01	4.0e-03
6.6246e+03	2.4e+00	1.52456e-01	4.0e-03
6.6280e+03	2.4e+00	1.51961e-01	4.0e-03
6.6313e+03	2.4e+00	1.51774e-01	3.9e-03
6.6347e+03	2.4e+00	1.51654e-01	3.8e-03
6.6380e+03	2.4e+00	1.51265e-01	3.6e-03
6.6414e+03	2.4e+00	1.52532e-01	4.3e-03
6.6447e+03	2.4e+00	1.52284e-01	3.8e-03
6.6481e+03	2.4e+00	1.51853e-01	4.1e-03
6.6514e+03	2.4e+00	1.52162e-01	4.0e-03
6.6548e+03	2.4e+00	1.51190e-01	4.2e-03
6.6581e+03	2.4e+00	1.50752e-01	4.0e-03
6.6615e+03	2.4e+00	1.49312e-01	3.7e-03
6.6648e+03	2.4e+00	1.48140e-01	4.1e-03
6.6681e+03	2.4e+00	1.48493e-01	4.2e-03
6.6715e+03	2.4e+00	1.48145e-01	4.4e-03
6.6748e+03	2.4e+00	1.47067e-01	4.4e-03
6.6782e+03	2.4e+00	1.47539e-01	3.8e-03
6.6815e+03	2.4e+00	1.48093e-01	4.1e-03
6.6849e+03	2.4e+00	1.47565e-01	3.6e-03
6.6882e+03	2.4e+00	1.45553e-01	4.0e-03
6.6915e+03	2.4e+00	1.45970e-01	4.1e-03
6.6949e+03	2.4e+00	1.45353e-01	4.1e-03
6.6982e+03	2.4e+00	1.45766e-01	4.0e-03
6.7016e+03	2.4e+00	1.46084e-01	4.4e-03
6.7049e+03	2.4e+00	1.45534e-01	3.9e-03
6.7082e+03	2.4e+00	1.45194e-01	3.7e-03
6.7116e+03	2.4e+00	1.44262e-01	3.8e-03
6.7149e+03	2.4e+00	1.44751e-01	3.8e-03
6.7183e+03	2.4e+00	1.43445e-01	3.7e-03
6.7216e+03	2.4e+00	1.44237e-01	4.2e-03
6.7249e+03	2.4e+00	1.43759e-01	4.4e-03
6.7283e+03	2.4e+00	1.44216e-01	3.2e-03
6.7316e+03	2.4e+00	1.43451e-01	3.8e-03
6.7349e+03	2.4e+00	1.42027e-01	4.3e-03
6.7383e+03	2.4e+00	1.41363e-01	3.8e-03
6.7416e+03	2.4e+00	1.41524e-01	3.9e-03
6.7449e+03	2.4e+00	1.39731e-01	4.1e-03
6.7483e+03	2.4e+00	1.40326e-01	4.5e-03
6.7516e+03	2.4e+00	1.39232e-01	4.4e-03
6.7549e+03	2.4e+00	1.38404e-01	4.0e-03
6.7583e+03	2.4e+00	1.39040e-01	4.1e-03
6.7616e+03	2.4e+00	1.39858e-01	4.4e-03
6.7649e+03	2.4e+00	1.37727e-01	4.5e-03
6.7683e+03	2.4e+00	1.37484e-01	4.5e-03
6.7716e+03	2.4e+00	1.36293e-01	4.4e-03
6.7749e+03	2.4e+00	1.35515e-01	4.2e-03
6.7782e+03	2.4e+00	1.35693e-01	4.3e-03
6.7816e+03	2.4e+00	1.35847e-01	4.2e-03
6.7849e+03	2.4e+00	1.36410e-01	4.1e-03
6.7882e+03	2.4e+00	1.36165e-01	4.8e-03
6.7916e+03	2.4e+00	1.36410e-01	4.0e-03
6.7949e+03	2.4e+00	1.33828e-01	4.0e-03
6.7982e+03	2.4e+00	1.33865e-01	3.7e-03
6.8015e+03	2.4e+00	1.33059e-01	3.6e-03
6.8049e+03	2.4e+00	1.31904e-01	4.0e-03
6.8082e+03	2.4e+00	1.32644e-01	4.3e-03
6.8115e+03	2.4e+00	1.32434e-01	4.1e-03
6.8148e+03	2.4e+00	1.31214e-01	4.5e-03
6.8182e+03	2.4e+00	1.30419e-01	4.2e-03
6.8215e+03	2.4e+00	1.29787e-01	4.2e-03
6.8248e+03	2.4e+00	1.30558e-01	4.0e-03
6.8281e+03	2.4e+00	1.28449e-01	4.0e-03
6.8315e+03	2.4e+00	1.29015e-01	4.7e-03
6.8348e+03	2.4e+00	1.29000e-01	4.9e-03
6.8381e+03	2.4e+00	1.28185e-01	4.1e-03
6.8414e+03	2.4e+00	1.26913e-01	4.4e-03
6.8447e+03	2.4e+00	1.27265e-01	4.6e-03
6.8481e+03	2.4e+00	1.25420e-01	4.1e-03
6.8514e+03	2.4e+00	1.25261e-01	4.5e-03
6.8547e+03	2.4e+00	1.24098e-01	4.1e-03
6.8580e+03	2.4e+00	1.23080e-01	3.6e-03
6.8613e+03	2.4e+00	1.19740e-01	3.7e-03
6.8647e+03	2.4e+00	1.07959e-01	4.0e-03
6.8680e+03	2.4e+00	9.05556e-02	3.4e-03
6.8713e+03	2.4e+00	7.05945e-02	2.4e-03
6.8746e+03	2.4e+00	7.09981e-02	2.2e-03
6.8779e+03	2.4e+00	8.32128e-02	2.6e-03
6.8812e+03	2.4e+00	9.53331e-02	3.3e-03
6.8846e+03	2.4e+00	1.01465e-01	3.4e-03
6.8879e+03	2.4e+00	9.65883e-02	3.3e-03
6.8912e+03	2.4e+00	9.20095e-02	3.5e-03
6.8945e+03	2.4e+00	9.35993e-02	3.6e-03
6.8978e+03	2.4e+00	9.49680e-02	3.3e-03
6.9011e+03	2.4e+00	9.63808e-02	3.3e-03
6.9044e+03	2.4e+00	9.94638e-02	3.3e-03
6.9078e+03	2.4e+00	1.02172e-01	3.4e-03
6.9111e+03	2.4e+00	1.04695e-01	3.6e-03
6.9144e+03	2.4e+00	1.05645e-01	4.0e-03
6.9177e+03	2.4e+00	1.06858e-01	4.0e-03
6.9210e+03	2.4e+00	1.08272e-01	4.4e-03
6.9243e+03	2.4e+00	1.08854e-01	4.6e-03
6.9276e+03	2.4e+00	1.08724e-01	4.3e-03
6.9309e+03	2.4e+00	1.08816e-01	4.2e-03
6.9342e+03	2.4e+00	1.07952e-01	4.6e-03
6.9375e+03	2.4e+00	1.08539e-01	4.3e-03
6.9409e+03	2.4e+00	1.07738e-01	4.3e-03
6.9442e+03	2.4e+00	1.05194e-01	3.9e-03
6.9475e+03	2.4e+00	1.07034e-01	4.0e-03
6.9508e+03	2.4e+00	1.06347e-01	4.2e-03
6.9541e+03	2.4e+00	1.07787e-01	4.0e-03
6.9574e+03	2.4e+00	1.07849e-01	4.0e-03
6.9607e+03	2.4e+00	1.08325e-01	4.1e-03
6.9640e+03	2.4e+00	1.09058e-01	4.2e-03
6.9673e+03	2.4e+00	1.11217e-01	4.3e-03
6.9706e+03	2.4e+00	1.10881e-01	4.7e-03
6.9739e+03	2.4e+00	1.09640e-01	4.4e-03
6.9772e+03	2.4e+00	1.09131e-01	4.7e-03
6.9805e+03	2.4e+00	1.07541e-01	5.2e-03
6.9838e+03	2.4e+00	1.07030e-01	4.7e-03
6.9871e+03	2.4e+00	1.04536e-01	4.1e-03
6.9904e+03	2.4e+00	1.04286e-01	4.3e-03
6.9937e+03	2.4e+00	1.04716e-01	4.8e-03
6.9970e+03	2.4e+00	1.04973e-01	4.1e-03
7.0003e+03	2.4e+00	1.03828e-01	4.4e-03
7.0036e+03	2.4e+00	1.02460e-01	4.3e-03
7.0069e+03	2.4e+00	1.02822e-01	4.5e-03
7.0102e+03	2.4e+00	1.02374e-01	4.9e-03
7.0135e+03	2.4e+00	1.02581e-01	4.3e-03
7.0168e+03	2.4e+00	1.01093e-01	4.3e-03
7.0201e+03	2.4e+00	1.01664e-01	4.9e-03
7.0234e+03	2.4e+00	1.01261e-01	4.5e-03
7.0267e+03	2.4e+00	1.00255e-01	4.4e-03
7.0300e+03	2.4e+00	1.01344e-01	4.8e-03
7.0333e+03	2.4e+00	1.01737e-01	5.0e-03
7.0366e+03	2.4e+00	1.02499e-01	5.0e-03
7.0399e+03	2.4e+00	1.00386e-01	4.5e-03
7.0432e+03	2.4e+00	9.95326e-02	4.3e-03
7.0465e+03	2.4e+00	1.01020e-01	4.9e-03
7.0498e+03	2.4e+00	9.93664e-02	4.2e-03
7.0531e+03	2.4e+00	9.85926e-02	4.2e-03
7.0564e+03	2.4e+00	9.80968e-02	4.5e-03
7.0597e+03	2.4e+00	9.84748e-02	4.5e-03
7.0629e+03	2.4e+00	9.78840e-02	4.6e-03
7.0662e+03	2.4e+00	9.75874e-02	4.6e-03
7.0695e+03	2.4e+00	9.69970e-02	4.5e-03
7.0728e+03	2.4e+00	9.74507e-02	4.4e-03
7.0761e+03	2.4e+00	9.63124e-02	4.3e-03
7.0794e+03	2.4e+00	9.49219e-02	4.2e-03
7.0827e+03	2.4e+00	9.49508e-02	4.5e-03
7.0860e+03	2.4e+00	9.53375e-02	4.3e-03
7.0893e+03	2.4e+00	9.40587e-02	4.5e-03
7.0926e+03	2.4e+00	9.38644e-02	4.5e-03
7.0958e+03	2.4e+00	9.39854e-02	4.0e-03
7.0991e+03	2.4e+00	9.37762e-02	4.2e-03
7.1024e+03	2.4e+00	9.03844e-02	4.6e-03
7.1057e+03	2.4e+00	9.13430e-02	4.2e-03
7.1090e+03	2.4e+00	9.19091e-02	4.4e-03
7.1123e+03	2.4e+00	9.18033e-02	4.7e-03
7.1156e+03	2.4e+00	8.98687e-02	3.8e-03
7.1188e+03	2.4e+00	8.90170e-02	3.4e-03
7.1221e+03	2.4e+00	8.91622e-02	4.0e-03
7.1254e+03	2.4e+00	8.90365e-02	4.3e-03
7.1287e+03	2.4e+00	8.79829e-02	4.4e-03
7.1320e+03	2.4e+00	8.84362e-02	4.4e-03
7.1353e+03	2.4e+00	8.86008e-02	4.1e-03
7.1385e+03	2.4e+00	8.78784e-02	4.1e-03
7.1418e+03	2.4e+00	8.85459e-02	4.8e-03
7.1451e+03	2.4e+00	8.69564e-02	4.5e-03
7.1484e+03	2.4e+00	8.61914e-02	4.3e-03
7.1517e+03	2.4e+00	8.58310e-02	4.3e-03
7.1549e+03	2.4e+00	8.45446e-02	4.2e-03
7.1582e+03	2.4e+00	8.55739e-02	4.0e-03
7.1615e+03	2.4e+00	8.39920e-02	4.5e-03
7.1648e+03	2.4e+00	8.15700e-02	4.4e-03
7.1681e+03	2.4e+00	7.92976e-02	4.3e-03
7.1713e+03	2.4e+00	7.47121e-02	3.7e-03
7.1746e+03	2.4e+00	7.16710e-02	3.5e-03
7.1779e+03	2.4e+00	6.97627e-02	3.6e-03
7.1812e+03	2.4e+00	6.87098e-02	3.5e-03
7.1844e+03	2.4e+00	6.95084e-02	3.9e-03
7.1877e+03	2.4e+00	6.70306e-02	3.8e-03
7.1910e+03	2.4e+00	6.44496e-02	3.6e-03
7.1943e+03	2.4e+00	6.73561e-02	3.6e-03
7.1975e+03	2.4e+00	6.68373e-02	3.4e-03
7.2008e+03	2.4e+00	6.66832e-02	3.8e-03
7.2041e+03	2.4e+00	6.69413e-02	3.5e-03
7.2074e+03	2.4e+00	6.73181e-02	3.6e-03
7.2106e+03	2.4e+00	7.03145e-02	3.5e-03
7.2139e+03	2.4e+00	7.41242e-02	3.7e-03
7.2172e+03	2.4e+00	7.35024e-02	4.1e-03
7.2204e+03	2.4e+00	7.64565e-02	4.3e-03
7.2237e+03	2.4e+00	7.54005e-02	4.7e-03
7.2270e+03	2.4e+00	7.49192e-02	3.8e-03
7.2303e+03	2.4e+00	7.22205e-02	3.6e-03
7.2335e+03	2.4e+00	6.87164e-02	3.6e-03
7.2368e+03	2.4e+00	6.68730e-02	3.9e-03
7.2401e+03	2.4e+00	6.44539e-02	3.7e-03
7.2433e+03	2.4e+00	6.62936e-02	3.6e-03
7.2466e+03	2.4e+00	6.57274e-02	3.7e-03
7.2499e+03	2.4e+00	6.52094e-02	4.0e-03
7.2531e+03	2.4e+00	6.51643e-02	3.5e-03
7.2564e+03	2.4e+00	6.42785e-02	3.2e-03
7.2597e+03	2.4e+00	6.54230e-02	3.7e-03
7.2629e+03	2.4e+00	6.64534e-02	3.4e-03
7.2662e+03	2.4e+00	6.64078e-02	3.6e-03
7.2695e+03	2.4e+00	6.49859e-02	3.8e-03
7.2727e+03	2.4e+00	6.43345e-02	3.8e-03
7.2760e+03	2.4e+00	6.44647e-02	3.8e-03
7.2792e+03	2.4e+00	6.24412e-02	3.9e-03
7.2825e+03	2.4e+00	6.27525e-02	3.5e-03
7.2858e+03	2.4e+00	6.56828e-02	3.6e-03
7.2890e+03	2.4e+00	6.60118e-02	3.8e-03
7.2923e+03	2.4e+00	6.39375e-02	3.6e-03
7.2956e+03	2.4e+00	6.11630e-02	3.3e-03
7.2988e+03	2.4e+00	6.32072e-02	3.7e-03
7.3021e+03	2.4e+00	6.45191e-02	3.9e-03
7.3053e+03	2.4e+00	6.33754e-02	4.2e-03
7.3086e+03	2.4e+00	6.23404e-02	3.8e-03
7.3119e+03	2.4e+00	6.39035e-02	4.0e-03
7.3151e+03	2.4e+00	6.33898e-02	3.7e-03
7.3184e+03	2.4e+00	6.22278e-02	3.8e-03
7.3216e+03	2.4e+00	6.35303e-02	4.6e-03
7.3249e+03	2.4e+00	6.31605e-02	3.8e-03
7.3281e+03	2.4e+00	6.49465e-02	4.0e-03
7.3314e+03	2.4e+00	6.44233e-02	3.9e-03
7.3346e+03	2.4e+00	6.47703e-02	3.6e-03
7.3379e+03	2.4e+00	6.48904e-02	4.2e-03
7.3412e+03	2.4e+00	6.49376e-02	4.2e-03
7.3444e+03	2.4e+00	6.61247e-02	4.0e-03
7.3477e+03	2.4e+00	6.37921e-02	3.8e-03
7.3509e+03	2.4e+00	6.35487e-02	4.3e-03
7.3542e+03	2.4e+00	6.31368e-02	4.2e-03
7.3574e+03	2.4e+00	6.30586e-02	4.2e-03
7.3607e+03	2.4e+00	6.24091e-02	4.0e-03
7.3639e+03	2.4e+00	6.15288e-02	4.3e-03
7.3672e+03	2.4e+00	6.21417e-02	4.3e-03
7.3704e+03	2.4e+00	6.14249e-02	4.0e-03
7.3737e+03	2.4e+00	6.12626e-02	4.2e-03
7.3769e+03	2.4e+00	6.10065e-02	4.2e-03
7.3802e+03	2.4e+00	6.05464e-02	3.9e-03
7.3834e+03	2.4e+00	6.02997e-02	4.3e-03
7.3867e+03	2.4e+00	5.97669e-02	4.2e-03
7.3899e+03	2.4e+00	5.97373e-02	4.0e-03
7.3932e+03	2.4e+00	6.04775e-02	4.1e-03
7.3964e+03	2.4e+00	5.93394e-02	3.8e-03
7.3997e+03	2.4e+00	5.91256e-02	4.3e-03
7.4029e+03	2.4e+00	6.00002e-02	4.2e-03
7.4062e+03	2.4e+00	5.92486e-02	4.1e-03
7.4094e+03	2.4e+00	5.74290e-02	3.8e-03
7.4127e+03	2.4e+00	5.89092e-02	4.3e-03
7.4159e+03	2.4e+00	5.84158e-02	4.1e-03
7.4191e+03	2.4e+00	5.79830e-02	4.2e-03
7.4224e+03	2.4e+00	5.80850e-02	4.3e-03
7.4256e+03	2.4e+00	5.80635e-02	4.2e-03
7.4289e+03	2.4e+00	5.89357e-02	4.1e-03
7.4321e+03	2.4e+00	5.90620e-02	4.5e-03
7.4354e+03	2.4e+00	5.74724e-02	3.9e-03
7.4386e+03	2.4e+00	5.67484e-02	4.1e-03
7.4418e+03	2.4e+00	5.59561e-02	4.1e-03
7.4451e+03	2.4e+00	5.64175e-02	4.2e-03
7.4483e+03	2.4e+00	5.62033e-02	4.5e-03
7.4516e+03	2.4e+00	5.66179e-02	4.3e-03
7.4548e+03	2.4e+00	5.51538e-02	4.2e-03
7.4580e+03	2.4e+00	5.56979e-02	4.2e-03
7.4613e+03	2.4e+00	5.51697e-02	4.2e-03
7.4645e+03	2.4e+00	5.41139e-02	4.1e-03
7.4678e+03	2.4e+00	5.50942e-02	4.5e-03
7.4710e+03	2.4e+00	5.44595e-02	4.4e-03
7.4742e+03	2.4e+00	5.43112e-02	4.1e-03
7.4775e+03	2.4e+00	5.40499e-02	4.2e-03
7.4807e+03	2.4e+00	5.38502e-02	4.7e-03
7.4839e+03	2.4e+00	5.35342e-02	3.7e-03
7.4872e+03	2.4e+00	5.33584e-02	4.2e-03
7.4904e+03	2.4e+00	5.32152e-02	4.4e-03
7.4936e+03	2.4e+00	5.33220e-02	4.5e-03
7.4969e+03	2.4e+00	5.21556e-02	4.6e-03
7.5001e+03	2.4e+00	5.12722e-02	3.8e-03
7.5033e+03	2.4e+00	5.09426e-02	4.2e-03
7.5066e+03	2.4e+00	5.18068e-02	4.1e-03
7.5098e+03	2.4e+00	5.10818e-02	4.2e-03
7.5130e+03	2.4e+00	5.08061e-02	3.9e-03
7.5163e+03	2.4e+00	5.03052e-02	4.3e-03
7.5195e+03	2.4e+00	5.16954e-02	4.4e-03
7.5227e+03	2.4e+00	5.01449e-02	3.8e-03
7.5260e+03	2.4e+00	5.09875e-02	4.3e-03
7.5292e+03	2.4e+00	5.02439e-02	3.9e-03
7.5324e+03	2.4e+00	5.04081e-02	4.3e-03
7.5356e+03	2.4e+00	4.84271e-02	4.6e-03
7.5389e+03	2.4e+00	4.90318e-02	4.6e-03
7.5421e+03	2.4e+00	5.00793e-02	4.4e-03
7.5453e+03	2.4e+00	4.90713e-02	3.7e-03
7.5486e+03	2.4e+00	4.79044e-02	4.0e-03
7.5518e+03	2.4e+00	4.85406e-02	4.1e-03
7.5550e+03	2.4e+00	4.90532e-02	4.2e-03
7.5582e+03	2.4e+00	4.75220e-02	4.7e-03
7.5615e+03	2.4e+00	4.77662e-02	4.0e-03
7.5647e+03	2.4e+00	4.80601e-02	4.1e-03
7.5679e+03	2.4e+00	4.81139e-02	4.2e-03
7.5711e+03	2.4e+00	4.74326e-02	4.4e-03
7.5744e+03	2.4e+00	4.72334e-02	4.1e-03
7.5776e+03	2.4e+00	4.72761e-02	4.1e-03
7.5808e+03	2.4e+00	4.67637e-02	4.1e-03
7.5840e+03	2.4e+00	4.65636e-02	4.5e-03
7.5872e+03	2.4e+00	4.65163e-02	4.5e-03
7.5905e+03	2.4e+00	4.54342e-02	4.2e-03
7.5937e+03	2.4e+00	4.26266e-02	3.9e-03
7.5969e+03	2.4e+00	3.84546e-02	3.7e-03
7.6001e+03	2.4e+00	3.10657e-02	3.4e-03
7.6033e+03	2.4e+00	1.95294e-02	2.2e-03
7.6066e+03	2.4e+00	8.09998e-03	1.3e-03
7.6098e+03	2.4e+00	3.79421e-03	5.9e-04
7.6130e+03	2.4e+00	3.87442e-03	5.4e-04
7.6162e+03	2.4e+00	5.70549e-03	6.6e-04
7.6194e+03	2.4e+00	8.31041e-03	7.4e-04
7.6227e+03	2.4e+00	1.39633e-02	1.3e-03
7.6259e+03	2.4e+00	1.89156e-02	1.9e-03
7.6291e+03	2.4e+00	2.03268e-02	2.2e-03
7.6323e+03	2.4e+00	1.60173e-02	1.8e-03
7.6355e+03	2.4e+00	1.11339e-02	1.2e-03
7.6387e+03	2.4e+00	1.11281e-02	1.4e-03
7.6419e+03	2.4e+00	1.23279e-02	1.4e-03
7.6452e+03	2.4e+00	1.36081e-02	1.3e-03
7.6484e+03	2.4e+00	1.47394e-02	1.5e-03
7.6516e+03	2.4e+00	1.71188e-02	2.0e-03
7.6548e+03	2.4e+00	1.89885e-02	2.1e-03
7.6580e+03	2.4e+00	2.12152e-02	2.1e-03
7.6612e+03	2.4e+00	2.30192e-02	2.3e-03
7.6644e+03	2.4e+00	2.62533e-02	2.8e-03
7.6676e+03	2.4e+00	2.75838e-02	2.7e-03
7.6709e+03	2.4e+00	2.97664e-02	2.9e-03
7.6741e+03	2.4e+00	3.05177e-02	3.2e-03
7.6773e+03	2.4e+00	3.15371e-02	2.8e-03
7.6805e+03	2.4e+00	3.38357e-02	3.4e-03
7.6837e+03	2.4e+00	3.48203e-02	3.6e-03
7.6869e+03	2.4e+00	3.51362e-02	3.6e-03
