# lambda [A]	Dlambda [A]	specval [counts]	Dspecval [counts]
3.5979e+03	2.4e+00	3.61109e+03	3.4e+02
3.6016e+03	2.4e+00	3.90059e+03	2.3e+02
3.6053e+03	2.4e+00	3.27260e+03	2.0e+02
3.6091e+03	2.4e+00	3.70334e+03	2.8e+02
3.6128e+03	2.4e+00	4.04727e+03	1.3e+02
3.6165e+03	2.4e+00	5.01888e+03	1.8e+02
3.6202e+03	2.4e+00	5.29205e+03	2.3e+02
3.6239e+03	2.4e+00	5.14944e+03	2.0e+02
3.6277e+03	2.4e+00	5.03272e+03	1.4e+02
3.6314e+03	2.4e+00	5.02568e+03	1.1e+02
3.6351e+03	2.4e+00	5.57313e+03	2.4e+02
3.6388e+03	2.4e+00	5.60155e+03	1.0e+02
3.6425e+03	2.4e+00	5.59328e+03	1.1e+02
3.6462e+03	2.4e+00	6.92522e+03	2.3e+02
3.6500e+03	2.4e+00	7.32547e+03	3.1e+02
3.6537e+03	2.4e+00	7.43630e+03	6.6e+01
3.6574e+03	2.4e+00	7.11319e+03	1.2e+02
3.6611e+03	2.4e+00	7.21816e+03	3.8e+02
3.6648e+03	2.4e+00	8.27641e+03	2.3e+02
3.6685e+03	2.4e+00	8.01335e+03	1.1e+02
3.6723e+03	2.4e+00	8.59887e+03	1.1e+02
3.6760e+03	2.4e+00	1.01868e+04	4.1e+02
3.6797e+03	2.4e+00	1.04900e+04	5.4e+02
3.6834e+03	2.4e+00	1.11186e+04	2.9e+02
3.6871e+03	2.4e+00	1.14296e+04	1.8e+02
3.6908e+03	2.4e+00	1.28177e+04	4.2e+02
3.6945e+03	2.4e+00	1.32231e+04	4.4e+01
3.6982e+03	2.4e+00	1.39252e+04	3.0e+02
3.7019e+03	2.4e+00	1.78228e+04	2.1e+02
3.7057e+03	2.4e+00	1.97658e+04	2.5e+02
3.7094e+03	2.4e+00	1.70857e+04	2.4e+02
3.7131e+03	2.4e+00	1.74266e+04	4.0e+02
3.7168e+03	2.4e+00	2.16830e+04	1.4e+02
3.7205e+03	2.4e+00	2.59904e+04	6.2e+02
3.7242e+03	2.4e+00	2.91673e+04	6.1e+02
3.7279e+03	2.4e+00	2.93856e+04	5.5e+02
3.7316e+03	2.4e+00	2.73684e+04	4.5e+02
3.7353e+03	2.4e+00	2.68677e+04	4.5e+02
3.7390e+03	2.4e+00	3.24322e+04	7.2e+02
3.7427e+03	2.4e+00	4.20137e+04	2.4e+02
3.7464e+03	2.4e+00	5.12283e+04	4.9e+02
3.7501e+03	2.4e+00	5.57018e+04	5.3e+02
3.7539e+03	2.4e+00	5.69866e+04	5.9e+02
3.7576e+03	2.4e+00	4.96311e+04	6.1e+02
3.7613e+03	2.4e+00	4.18605e+04	7.8e+02
3.7650e+03	2.4e+00	4.12318e+04	4.0e+02
3.7687e+03	2.4e+00	4.94040e+04	8.2e+02
3.7724e+03	2.4e+00	6.62291e+04	6.8e+02
3.7761e+03	2.4e+00	8.47171e+04	4.6e+02
3.7798e+03	2.4e+00	9.78648e+04	1.5e+03
3.7835e+03	2.4e+00	1.03706e+05	1.3e+03
3.7872e+03	2.4e+00	1.08540e+05	6.4e+02
3.7909e+03	2.4e+00	1.04167e+05	8.9e+02
3.7946e+03	2.4e+00	9.59938e+04	9.8e+02
3.7983e+03	2.4e+00	8.01738e+04	6.0e+02
3.8020e+03	2.4e+00	6.91170e+04	5.8e+02
3.8057e+03	2.4e+00	6.99422e+04	1.9e+02
3.8094e+03	2.4e+00	8.55104e+04	1.3e+03
3.8131e+03	2.4e+00	1.13154e+05	1.1e+03
3.8168e+03	2.4e+00	1.39962e+05	1.2e+03
3.8205e+03	2.4e+00	1.65325e+05	2.2e+03
3.8242e+03	2.4e+00	1.83326e+05	1.6e+03
3.8279e+03	2.4e+00	1.95099e+05	1.1e+03
3.8315e+03	2.4e+00	2.04000e+05	1.3e+03
3.8352e+03	2.4e+00	2.10251e+05	1.6e+03
3.8389e+03	2.4e+00	2.08530e+05	2.8e+03
3.8426e+03	2.4e+00	2.10511e+05	3.7e+03
3.8463e+03	2.4e+00	2.05703e+05	2.9e+03
3.8500e+03	2.4e+00	1.80972e+05	1.8e+03
3.8537e+03	2.4e+00	1.53215e+05	1.1e+03
3.8574e+03	2.4e+00	1.22052e+05	1.4e+03
3.8611e+03	2.4e+00	1.08557e+05	9.9e+02
3.8648e+03	2.4e+00	1.23591e+05	2.0e+03
3.8685e+03	2.4e+00	1.62386e+05	3.2e+03
3.8722e+03	2.4e+00	2.07649e+05	2.1e+03
3.8759e+03	2.4e+00	2.44147e+05	2.4e+03
3.8795e+03	2.4e+00	2.69264e+05	2.8e+03
3.8832e+03	2.4e+00	2.93001e+05	2.2e+03
3.8869e+03	2.4e+00	3.06870e+05	3.6e+03
3.8906e+03	2.4e+00	3.18235e+05	4.0e+03
3.8943e+03	2.4e+00	3.35253e+05	4.8e+03
3.8980e+03	2.4e+00	3.45510e+05	5.5e+03
3.9017e+03	2.4e+00	3.38656e+05	5.7e+03
3.9054e+03	2.4e+00	3.30040e+05	3.3e+03
3.9090e+03	2.4e+00	3.26340e+05	3.7e+03
3.9127e+03	2.4e+00	3.34524e+05	4.7e+03
3.9164e+03	2.4e+00	3.46716e+05	7.8e+03
3.9201e+03	2.4e+00	3.46638e+05	4.0e+03
3.9238e+03	2.4e+00	3.37524e+05	4.9e+03
3.9275e+03	2.4e+00	3.30338e+05	4.5e+03
3.9312e+03	2.4e+00	3.06446e+05	3.9e+03
3.9348e+03	2.4e+00	2.72723e+05	5.0e+03
3.9385e+03	2.4e+00	2.33892e+05	4.1e+03
3.9422e+03	2.4e+00	1.78217e+05	2.4e+03
3.9459e+03	2.4e+00	1.48492e+05	1.3e+03
3.9496e+03	2.4e+00	1.49930e+05	1.8e+03
3.9532e+03	2.4e+00	1.91582e+05	3.1e+03
3.9569e+03	2.4e+00	2.47197e+05	3.9e+03
3.9606e+03	2.4e+00	2.94286e+05	4.5e+03
3.9643e+03	2.4e+00	3.29164e+05	4.9e+03
3.9680e+03	2.4e+00	3.47253e+05	4.7e+03
3.9716e+03	2.4e+00	3.63015e+05	4.9e+03
3.9753e+03	2.4e+00	3.74718e+05	4.7e+03
3.9790e+03	2.4e+00	3.80733e+05	5.9e+03
3.9827e+03	2.4e+00	3.88024e+05	5.7e+03
3.9864e+03	2.4e+00	3.88726e+05	5.8e+03
3.9900e+03	2.4e+00	3.94929e+05	4.0e+03
3.9937e+03	2.4e+00	3.94316e+05	5.5e+03
3.9974e+03	2.4e+00	3.97544e+05	6.7e+03
4.0011e+03	2.4e+00	3.97858e+05	6.5e+03
4.0047e+03	2.4e+00	3.94682e+05	6.2e+03
4.0084e+03	2.4e+00	3.91914e+05	4.6e+03
4.0121e+03	2.4e+00	3.91376e+05	4.9e+03
4.0158e+03	2.4e+00	3.87532e+05	6.2e+03
4.0194e+03	2.4e+00	3.82275e+05	5.7e+03
4.0231e+03	2.4e+00	3.82571e+05	4.6e+03
4.0268e+03	2.4e+00	3.82202e+05	5.3e+03
4.0304e+03	2.4e+00	3.79168e+05	5.0e+03
4.0341e+03	2.4e+00	3.78399e+05	5.8e+03
4.0378e+03	2.4e+00	3.75306e+05	5.0e+03
4.0415e+03	2.4e+00	3.67692e+05	5.1e+03
4.0451e+03	2.4e+00	3.64032e+05	5.2e+03
4.0488e+03	2.4e+00	3.58757e+05	5.2e+03
4.0525e+03	2.4e+00	3.54771e+05	5.1e+03
4.0561e+03	2.4e+00	3.47207e+05	5.1e+03
4.0598e+03	2.4e+00	3.34202e+05	4.9e+03
4.0635e+03	2.4e+00	3.16542e+05	4.5e+03
4.0671e+03	2.4e+00	3.01470e+05	4.2e+03
4.0708e+03	2.4e+00	2.74821e+05	4.0e+03
4.0745e+03	2.4e+00	2.37659e+05	4.0e+03
4.0781e+03	2.4e+00	1.96671e+05	3.1e+03
4.0818e+03	2.4e+00	1.54876e+05	2.2e+03
4.0855e+03	2.4e+00	1.35567e+05	1.8e+03
4.0891e+03	2.4e+00	1.49969e+05	2.0e+03
4.0928e+03	2.4e+00	1.90308e+05	3.3e+03
4.0965e+03	2.4e+00	2.28992e+05	3.8e+03
4.1001e+03	2.4e+00	2.60144e+05	4.0e+03
4.1038e+03	2.4e+00	2.84965e+05	4.5e+03
4.1075e+03	2.4e+00	2.98992e+05	5.0e+03
4.1111e+03	2.4e+00	3.06429e+05	5.6e+03
4.1148e+03	2.4e+00	3.14513e+05	5.4e+03
4.1184e+03	2.4e+00	3.19021e+05	5.5e+03
4.1221e+03	2.4e+00	3.22823e+05	5.7e+03
4.1258e+03	2.4e+00	3.24466e+05	5.6e+03
4.1294e+03	2.4e+00	3.28613e+05	5.7e+03
4.1331e+03	2.4e+00	3.28336e+05	6.4e+03
4.1367e+03	2.4e+00	3.27005e+05	6.4e+03
4.1404e+03	2.4e+00	3.27983e+05	5.1e+03
4.1441e+03	2.4e+00	3.26700e+05	6.0e+03
4.1477e+03	2.4e+00	3.28572e+05	6.0e+03
4.1514e+03	2.4e+00	3.26058e+05	6.0e+03
4.1550e+03	2.4e+00	3.23904e+05	6.1e+03
4.1587e+03	2.4e+00	3.20296e+05	5.6e+03
4.1623e+03	2.4e+00	3.20204e+05	6.5e+03
4.1660e+03	2.4e+00	3.20639e+05	5.8e+03
4.1697e+03	2.4e+00	3.17351e+05	6.6e+03
4.1733e+03	2.4e+00	3.17421e+05	6.7e+03
4.1770e+03	2.4e+00	3.21844e+05	6.2e+03
4.1806e+03	2.4e+00	3.17692e+05	6.8e+03
4.1843e+03	2.4e+00	3.16541e+05	6.7e+03
4.1879e+03	2.4e+00	3.17463e+05	5.4e+03
4.1916e+03	2.4e+00	3.15645e+05	6.9e+03
4.1952e+03	2.4e+00	3.16843e+05	6.4e+03
4.1989e+03	2.4e+00	3.17310e+05	6.6e+03
4.2025e+03	2.4e+00	3.13433e+05	6.7e+03
4.2062e+03	2.4e+00	3.13017e+05	6.2e+03
4.2098e+03	2.4e+00	3.12200e+05	6.1e+03
4.2135e+03	2.4e+00	3.07066e+05	6.4e+03
4.2171e+03	2.4e+00	3.02202e+05	6.1e+03
4.2208e+03	2.4e+00	3.03904e+05	5.5e+03
4.2244e+03	2.4e+00	3.04521e+05	6.2e+03
4.2281e+03	2.4e+00	3.02912e+05	6.3e+03
4.2317e+03	2.4e+00	3.01083e+05	6.7e+03
4.2354e+03	2.4e+00	2.99583e+05	6.2e+03
4.2390e+03	2.4e+00	2.96919e+05	5.8e+03
4.2427e+03	2.4e+00	2.99422e+05	5.8e+03
4.2463e+03	2.4e+00	2.93330e+05	5.7e+03
4.2500e+03	2.4e+00	2.95868e+05	5.4e+03
4.2536e+03	2.4e+00	2.93874e+05	5.6e+03
4.2572e+03	2.4e+00	2.90824e+05	5.4e+03
4.2609e+03	2.4e+00	2.88424e+05	5.6e+03
4.2645e+03	2.4e+00	2.86432e+05	5.1e+03
4.2682e+03	2.4e+00	2.85991e+05	5.3e+03
4.2718e+03	2.4e+00	2.83546e+05	5.3e+03
4.2755e+03	2.4e+00	2.79645e+05	5.0e+03
4.2791e+03	2.4e+00	2.76117e+05	4.9e+03
4.2827e+03	2.4e+00	2.75832e+05	5.1e+03
4.2864e+03	2.4e+00	2.71653e+05	5.1e+03
4.2900e+03	2.4e+00	2.66997e+05	4.9e+03
4.2937e+03	2.4e+00	2.62482e+05	4.7e+03
4.2973e+03	2.4e+00	2.59513e+05	4.4e+03
4.3010e+03	2.4e+00	2.55711e+05	4.2e+03
4.3046e+03	2.4e+00	2.49166e+05	4.3e+03
4.3082e+03	2.4e+00	2.42870e+05	3.2e+03
4.3119e+03	2.4e+00	2.33884e+05	3.7e+03
4.3155e+03	2.4e+00	2.20947e+05	3.0e+03
4.3191e+03	2.4e+00	2.01174e+05	2.8e+03
4.3228e+03	2.4e+00	1.76378e+05	2.4e+03
4.3264e+03	2.4e+00	1.45561e+05	2.1e+03
4.3301e+03	2.4e+00	1.13386e+05	1.4e+03
4.3337e+03	2.4e+00	1.06090e+05	1.7e+03
4.3373e+03	2.4e+00	1.21746e+05	1.8e+03
4.3410e+03	2.4e+00	1.50948e+05	2.2e+03
4.3446e+03	2.4e+00	1.76848e+05	2.6e+03
4.3482e+03	2.4e+00	1.99677e+05	2.7e+03
4.3519e+03	2.4e+00	2.12920e+05	2.8e+03
4.3555e+03	2.4e+00	2.22088e+05	3.3e+03
4.3591e+03	2.4e+00	2.27377e+05	3.0e+03
4.3628e+03	2.4e+00	2.34832e+05	3.4e+03
4.3664e+03	2.4e+00	2.38920e+05	3.8e+03
4.3700e+03	2.4e+00	2.38697e+05	3.2e+03
4.3737e+03	2.4e+00	2.34301e+05	3.4e+03
4.3773e+03	2.4e+00	2.36357e+05	3.1e+03
4.3809e+03	2.4e+00	2.34218e+05	2.7e+03
4.3845e+03	2.4e+00	2.34003e+05	2.6e+03
4.3882e+03	2.4e+00	2.32581e+05	3.3e+03
4.3918e+03	2.4e+00	2.32342e+05	2.8e+03
4.3954e+03	2.4e+00	2.30733e+05	2.7e+03
4.3991e+03	2.4e+00	2.30843e+05	2.9e+03
4.4027e+03	2.4e+00	2.29265e+05	2.6e+03
4.4063e+03	2.4e+00	2.27040e+05	2.6e+03
4.4099e+03	2.4e+00	2.26164e+05	2.9e+03
4.4136e+03	2.4e+00	2.27078e+05	3.0e+03
4.4172e+03	2.4e+00	2.25008e+05	3.0e+03
4.4208e+03	2.4e+00	2.24985e+05	2.9e+03
4.4244e+03	2.4e+00	2.23625e+05	3.0e+03
4.4281e+03	2.4e+00	2.20059e+05	2.9e+03
4.4317e+03	2.4e+00	2.20038e+05	2.6e+03
4.4353e+03	2.4e+00	2.18323e+05	2.9e+03
4.4389e+03	2.4e+00	2.16583e+05	2.6e+03
4.4426e+03	2.4e+00	2.12442e+05	2.7e+03
4.4462e+03	2.4e+00	2.12508e+05	2.4e+03
4.4498e+03	2.4e+00	2.13258e+05	2.3e+03
4.4534e+03	2.4e+00	2.11330e+05	2.1e+03
4.4570e+03	2.4e+00	2.08847e+05	2.1e+03
4.4607e+03	2.4e+00	2.08492e+05	2.4e+03
4.4643e+03	2.4e+00	2.05650e+05	2.5e+03
4.4679e+03	2.4e+00	2.04754e+05	2.2e+03
4.4715e+03	2.4e+00	2.01372e+05	2.2e+03
4.4751e+03	2.4e+00	1.95876e+05	1.9e+03
4.4788e+03	2.4e+00	1.95239e+05	2.4e+03
4.4824e+03	2.4e+00	1.96923e+05	2.4e+03
4.4860e+03	2.4e+00	2.00315e+05	2.3e+03
4.4896e+03	2.4e+00	1.98192e+05	1.9e+03
4.4932e+03	2.4e+00	1.97757e+05	2.0e+03
4.4968e+03	2.4e+00	1.97205e+05	2.1e+03
4.5005e+03	2.4e+00	1.97966e+05	2.1e+03
4.5041e+03	2.4e+00	1.96287e+05	1.8e+03
4.5077e+03	2.4e+00	1.94479e+05	2.1e+03
4.5113e+03	2.4e+00	1.92972e+05	2.2e+03
4.5149e+03	2.4e+00	1.93039e+05	2.0e+03
4.5185e+03	2.4e+00	1.92491e+05	2.1e+03
4.5221e+03	2.4e+00	1.89374e+05	2.5e+03
4.5258e+03	2.4e+00	1.88686e+05	2.5e+03
4.5294e+03	2.4e+00	1.87068e+05	1.9e+03
4.5330e+03	2.4e+00	1.84067e+05	2.1e+03
4.5366e+03	2.4e+00	1.84382e+05	1.9e+03
4.5402e+03	2.4e+00	1.85333e+05	2.0e+03
4.5438e+03	2.4e+00	1.83664e+05	2.2e+03
4.5474e+03	2.4e+00	1.79536e+05	2.1e+03
4.5510e+03	2.4e+00	1.76035e+05	2.1e+03
4.5546e+03	2.4e+00	1.77087e+05	2.2e+03
4.5582e+03	2.4e+00	1.77474e+05	1.8e+03
4.5619e+03	2.4e+00	1.79242e+05	2.1e+03
4.5655e+03	2.4e+00	1.76477e+05	1.9e+03
4.5691e+03	2.4e+00	1.74952e+05	2.1e+03
4.5727e+03	2.4e+00	1.73083e+05	1.8e+03
4.5763e+03	2.4e+00	1.71969e+05	1.8e+03
4.5799e+03	2.4e+00	1.70254e+05	1.9e+03
4.5835e+03	2.4e+00	1.69004e+05	1.8e+03
4.5871e+03	2.4e+00	1.69207e+05	2.2e+03
4.5907e+03	2.4e+00	1.69343e+05	2.0e+03
4.5943e+03	2.4e+00	1.69491e+05	2.1e+03
4.5979e+03	2.4e+00	1.69187e+05	1.9e+03
4.6015e+03	2.4e+00	1.68150e+05	1.5e+03
4.6051e+03	2.4e+00	1.66974e+05	1.6e+03
4.6087e+03	2.4e+00	1.66801e+05	1.8e+03
4.6123e+03	2.4e+00	1.63899e+05	2.2e+03
4.6159e+03	2.4e+00	1.63269e+05	2.0e+03
4.6195e+03	2.4e+00	1.62218e+05	2.0e+03
4.6231e+03	2.4e+00	1.61859e+05	1.9e+03
4.6267e+03	2.4e+00	1.60968e+05	1.9e+03
4.6303e+03	2.4e+00	1.58423e+05	1.8e+03
4.6339e+03	2.4e+00	1.58290e+05	1.7e+03
4.6375e+03	2.4e+00	1.57958e+05	2.2e+03
4.6411e+03	2.4e+00	1.57241e+05	2.0e+03
4.6447e+03	2.4e+00	1.55371e+05	2.1e+03
4.6483e+03	2.4e+00	1.56248e+05	1.7e+03
4.6519e+03	2.4e+00	1.55617e+05	1.8e+03
4.6555e+03	2.4e+00	1.55375e+05	1.8e+03
4.6591e+03	2.4e+00	1.52888e+05	1.8e+03
4.6627e+03	2.4e+00	1.52561e+05	1.8e+03
4.6663e+03	2.4e+00	1.51914e+05	1.7e+03
4.6699e+03	2.4e+00	1.51464e+05	1.9e+03
4.6735e+03	2.4e+00	1.50539e+05	2.0e+03
4.6771e+03	2.4e+00	1.49017e+05	2.0e+03
4.6807e+03	2.4e+00	1.47936e+05	1.9e+03
4.6843e+03	2.4e+00	1.45573e+05	1.8e+03
4.6879e+03	2.4e+00	1.45530e+05	1.8e+03
4.6915e+03	2.4e+00	1.45746e+05	1.8e+03
4.6950e+03	2.4e+00	1.45851e+05	1.9e+03
4.6986e+03	2.4e+00	1.44156e+05	1.9e+03
4.7022e+03	2.4e+00	1.44099e+05	1.9e+03
4.7058e+03	2.4e+00	1.44085e+05	1.9e+03
4.7094e+03	2.4e+00	1.43075e+05	1.9e+03
4.7130e+03	2.4e+00	1.43004e+05	1.7e+03
4.7166e+03	2.4e+00	1.42967e+05	1.8e+03
4.7202e+03	2.4e+00	1.41199e+05	1.9e+03
4.7238e+03	2.4e+00	1.39460e+05	1.9e+03
4.7274e+03	2.4e+00	1.37587e+05	1.8e+03
4.7309e+03	2.4e+00	1.36885e+05	1.7e+03
4.7345e+03	2.4e+00	1.35900e+05	1.8e+03
4.7381e+03	2.4e+00	1.34901e+05	1.7e+03
4.7417e+03	2.4e+00	1.34360e+05	1.9e+03
4.7453e+03	2.4e+00	1.32708e+05	1.9e+03
4.7489e+03	2.4e+00	1.31858e+05	1.6e+03
4.7525e+03	2.4e+00	1.30588e+05	1.7e+03
4.7560e+03	2.4e+00	1.29441e+05	2.0e+03
4.7596e+03	2.4e+00	1.28466e+05	1.7e+03
4.7632e+03	2.4e+00	1.27739e+05	1.4e+03
4.7668e+03	2.4e+00	1.25797e+05	1.4e+03
4.7704e+03	2.4e+00	1.25266e+05	1.6e+03
4.7740e+03	2.4e+00	1.24677e+05	1.3e+03
4.7775e+03	2.4e+00	1.23213e+05	1.5e+03
4.7811e+03	2.4e+00	1.23075e+05	1.5e+03
4.7847e+03	2.4e+00	1.22336e+05	1.3e+03
4.7883e+03	2.4e+00	1.21675e+05	1.4e+03
4.7919e+03	2.4e+00	1.21099e+05	1.7e+03
4.7954e+03	2.4e+00	1.20185e+05	1.6e+03
4.7990e+03	2.4e+00	1.19767e+05	1.4e+03
4.8026e+03	2.4e+00	1.17991e+05	1.2e+03
4.8062e+03	2.4e+00	1.17420e+05	1.4e+03
4.8098e+03	2.4e+00	1.16762e+05	1.6e+03
4.8133e+03	2.4e+00	1.17213e+05	1.4e+03
4.8169e+03	2.4e+00	1.15064e+05	1.2e+03
4.8205e+03	2.4e+00	1.14331e+05	1.3e+03
4.8241e+03	2.4e+00	1.13544e+05	1.3e+03
4.8276e+03	2.4e+00	1.10372e+05	1.5e+03
4.8312e+03	2.4e+00	1.08829e+05	1.2e+03
4.8348e+03	2.4e+00	1.06294e+05	1.5e+03
4.8384e+03	2.4e+00	1.03179e+05	1.3e+03
4.8419e+03	2.4e+00	9.78338e+04	1.3e+03
4.8455e+03	2.4e+00	9.32158e+04	9.3e+02
4.8491e+03	2.4e+00	8.56232e+04	8.5e+02
4.8527e+03	2.4e+00	7.66036e+04	8.2e+02
4.8562e+03	2.4e+00	6.48442e+04	7.7e+02
4.8598e+03	2.4e+00	5.36660e+04	8.3e+02
4.8634e+03	2.4e+00	4.98516e+04	7.6e+02
4.8669e+03	2.4e+00	5.54317e+04	8.3e+02
4.8705e+03	2.4e+00	6.69469e+04	9.4e+02
4.8741e+03	2.4e+00	7.74345e+04	1.3e+03
4.8777e+03	2.4e+00	8.55180e+04	1.4e+03
4.8812e+03	2.4e+00	9.00713e+04	1.5e+03
4.8848e+03	2.4e+00	9.34130e+04	1.6e+03
4.8884e+03	2.4e+00	9.58808e+04	1.5e+03
4.8919e+03	2.4e+00	9.82470e+04	1.4e+03
4.8955e+03	2.4e+00	9.90867e+04	1.3e+03
4.8991e+03	2.4e+00	9.93609e+04	1.5e+03
4.9026e+03	2.4e+00	9.99560e+04	1.5e+03
4.9062e+03	2.4e+00	9.93710e+04	1.5e+03
4.9098e+03	2.4e+00	9.96485e+04	1.4e+03
4.9133e+03	2.4e+00	9.99326e+04	1.3e+03
4.9169e+03	2.4e+00	1.00650e+05	1.5e+03
4.9205e+03	2.4e+00	9.87308e+04	1.4e+03
4.9240e+03	2.4e+00	9.87606e+04	1.3e+03
4.9276e+03	2.4e+00	9.84622e+04	1.4e+03
4.9312e+03	2.4e+00	9.84817e+04	1.4e+03
4.9347e+03	2.4e+00	9.76414e+04	1.2e+03
4.9383e+03	2.4e+00	9.83393e+04	1.6e+03
4.9418e+03	2.4e+00	9.79461e+04	1.6e+03
4.9454e+03	2.4e+00	9.74186e+04	1.6e+03
4.9490e+03	2.4e+00	9.85615e+04	1.6e+03
4.9525e+03	2.4e+00	9.74277e+04	1.5e+03
4.9561e+03	2.4e+00	9.71133e+04	1.6e+03
4.9596e+03	2.4e+00	9.59034e+04	1.6e+03
4.9632e+03	2.4e+00	9.61860e+04	1.7e+03
4.9668e+03	2.4e+00	9.45267e+04	1.6e+03
4.9703e+03	2.4e+00	9.48017e+04	1.6e+03
4.9739e+03	2.4e+00	9.43222e+04	1.6e+03
4.9774e+03	2.4e+00	9.37321e+04	1.5e+03
4.9810e+03	2.4e+00	9.25494e+04	1.5e+03
4.9845e+03	2.4e+00	9.24189e+04	1.5e+03
4.9881e+03	2.4e+00	9.16933e+04	1.5e+03
4.9917e+03	2.4e+00	9.10431e+04	1.4e+03
4.9952e+03	2.4e+00	8.99680e+04	1.5e+03
4.9988e+03	2.4e+00	8.94460e+04	1.4e+03
5.0023e+03	2.4e+00	8.83337e+04	1.4e+03
5.0059e+03	2.4e+00	8.70897e+04	1.7e+03
5.0094e+03	2.4e+00	8.73440e+04	1.7e+03
5.0130e+03	2.4e+00	8.68350e+04	1.5e+03
5.0165e+03	2.4e+00	8.62574e+04	1.5e+03
5.0201e+03	2.4e+00	8.47873e+04	1.4e+03
5.0236e+03	2.4e+00	8.43520e+04	1.5e+03
5.0272e+03	2.4e+00	8.43471e+04	1.4e+03
5.0307e+03	2.4e+00	8.46225e+04	1.4e+03
5.0343e+03	2.4e+00	8.28071e+04	1.5e+03
5.0378e+03	2.4e+00	8.25316e+04	1.4e+03
5.0414e+03	2.4e+00	8.09803e+04	1.4e+03
5.0449e+03	2.4e+00	8.12928e+04	1.4e+03
5.0485e+03	2.4e+00	8.19402e+04	1.5e+03
5.0520e+03	2.4e+00	8.08569e+04	1.4e+03
5.0556e+03	2.4e+00	8.06324e+04	1.5e+03
5.0591e+03	2.4e+00	7.99653e+04	1.6e+03
5.0627e+03	2.4e+00	7.99482e+04	1.6e+03
5.0662e+03	2.4e+00	7.96901e+04	1.6e+03
5.0698e+03	2.4e+00	7.93328e+04	1.5e+03
5.0733e+03	2.4e+00	7.79983e+04	1.5e+03
5.0769e+03	2.4e+00	7.84594e+04	1.5e+03
5.0804e+03	2.4e+00	7.81093e+04	1.4e+03
5.0840e+03	2.4e+00	7.72749e+04	1.4e+03
5.0875e+03	2.4e+00	7.59872e+04	1.4e+03
5.0910e+03	2.4e+00	7.62079e+04	1.4e+03
5.0946e+03	2.4e+00	7.59468e+04	1.3e+03
5.0981e+03	2.4e+00	7.61636e+04	1.3e+03
5.1017e+03	2.4e+00	7.54542e+04	1.5e+03
5.1052e+03	2.4e+00	7.41721e+04	1.3e+03
5.1088e+03	2.4e+00	7.37420e+04	1.3e+03
5.1123e+03	2.4e+00	7.36480e+04	1.2e+03
5.1158e+03	2.4e+00	7.33271e+04	1.1e+03
5.1194e+03	2.4e+00	7.24847e+04	1.2e+03
5.1229e+03	2.4e+00	7.16808e+04	1.3e+03
5.1265e+03	2.4e+00	7.16989e+04	1.3e+03
5.1300e+03	2.4e+00	7.16304e+04	1.3e+03
5.1335e+03	2.4e+00	7.13922e+04	1.4e+03
5.1371e+03	2.4e+00	7.14156e+04	1.2e+03
5.1406e+03	2.4e+00	7.06533e+04	1.3e+03
5.1441e+03	2.4e+00	6.99416e+04	1.2e+03
5.1477e+03	2.4e+00	6.99718e+04	1.2e+03
5.1512e+03	2.4e+00	6.93301e+04	1.2e+03
5.1548e+03	2.4e+00	6.87601e+04	1.2e+03
5.1583e+03	2.4e+00	6.78760e+04	1.0e+03
5.1618e+03	2.4e+00	6.70494e+04	1.2e+03
5.1654e+03	2.4e+00	6.68375e+04	1.2e+03
5.1689e+03	2.4e+00	6.61076e+04	1.2e+03
5.1724e+03	2.4e+00	6.51052e+04	1.1e+03
5.1760e+03	2.4e+00	6.47857e+04	9.9e+02
5.1795e+03	2.4e+00	6.53388e+04	1.0e+03
5.1830e+03	2.4e+00	6.52473e+04	1.0e+03
5.1866e+03	2.4e+00	6.42118e+04	9.3e+02
5.1901e+03	2.4e+00	6.44307e+04	1.0e+03
5.1936e+03	2.4e+00	6.46104e+04	1.1e+03
5.1971e+03	2.4e+00	6.42087e+04	9.6e+02
5.2007e+03	2.4e+00	6.35550e+04	1.0e+03
5.2042e+03	2.4e+00	6.35124e+04	1.0e+03
5.2077e+03	2.4e+00	6.35449e+04	1.1e+03
5.2113e+03	2.4e+00	6.27118e+04	8.7e+02
5.2148e+03	2.4e+00	6.23182e+04	8.2e+02
5.2183e+03	2.4e+00	6.19733e+04	1.0e+03
5.2219e+03	2.4e+00	6.15067e+04	9.3e+02
5.2254e+03	2.4e+00	6.13156e+04	8.7e+02
5.2289e+03	2.4e+00	6.08094e+04	9.0e+02
5.2324e+03	2.4e+00	6.01642e+04	9.3e+02
5.2360e+03	2.4e+00	5.96647e+04	9.2e+02
5.2395e+03	2.4e+00	5.92108e+04	1.0e+03
5.2430e+03	2.4e+00	5.91683e+04	9.1e+02
5.2465e+03	2.4e+00	5.89816e+04	7.9e+02
5.2501e+03	2.4e+00	5.86912e+04	9.1e+02
5.2536e+03	2.4e+00	5.80739e+04	9.0e+02
5.2571e+03	2.4e+00	5.68417e+04	8.5e+02
5.2606e+03	2.4e+00	5.67864e+04	8.8e+02
5.2641e+03	2.4e+00	5.61850e+04	8.1e+02
5.2677e+03	2.4e+00	5.58486e+04	7.4e+02
5.2712e+03	2.4e+00	5.54196e+04	8.3e+02
5.2747e+03	2.4e+00	5.49450e+04	8.7e+02
5.2782e+03	2.4e+00	5.47883e+04	8.9e+02
5.2817e+03	2.4e+00	5.42977e+04	9.2e+02
5.2853e+03	2.4e+00	5.37659e+04	8.9e+02
5.2888e+03	2.4e+00	5.33908e+04	7.3e+02
5.2923e+03	2.4e+00	5.34900e+04	8.0e+02
5.2958e+03	2.4e+00	5.37224e+04	7.4e+02
5.2993e+03	2.4e+00	5.33631e+04	6.6e+02
5.3029e+03	2.4e+00	5.32186e+04	7.6e+02
5.3064e+03	2.4e+00	5.30993e+04	6.5e+02
5.3099e+03	2.4e+00	5.27947e+04	6.8e+02
5.3134e+03	2.4e+00	5.20408e+04	7.4e+02
5.3169e+03	2.4e+00	5.18000e+04	6.6e+02
5.3204e+03	2.4e+00	5.11039e+04	8.2e+02
5.3240e+03	2.4e+00	5.04244e+04	7.6e+02
5.3275e+03	2.4e+00	5.08538e+04	7.6e+02
5.3310e+03	2.4e+00	5.10356e+04	7.5e+02
5.3345e+03	2.4e+00	5.07939e+04	8.9e+02
5.3380e+03	2.4e+00	5.04940e+04	6.2e+02
5.3415e+03	2.4e+00	5.00270e+04	5.8e+02
5.3450e+03	2.4e+00	4.97689e+04	6.7e+02
5.3485e+03	2.4e+00	4.96419e+04	6.6e+02
5.3521e+03	2.4e+00	4.96826e+04	6.3e+02
5.3556e+03	2.4e+00	4.93173e+04	6.8e+02
5.3591e+03	2.4e+00	4.91946e+04	5.6e+02
5.3626e+03	2.4e+00	4.93193e+04	7.8e+02
5.3661e+03	2.4e+00	4.86316e+04	6.7e+02
5.3696e+03	2.4e+00	4.86975e+04	6.3e+02
5.3731e+03	2.4e+00	4.83769e+04	5.7e+02
5.3766e+03	2.4e+00	4.83609e+04	6.5e+02
5.3801e+03	2.4e+00	4.79049e+04	6.7e+02
5.3836e+03	2.4e+00	4.76499e+04	5.3e+02
5.3871e+03	2.4e+00	4.78729e+04	5.3e+02
5.3907e+03	2.4e+00	4.74994e+04	4.7e+02
5.3942e+03	2.4e+00	4.75199e+04	5.1e+02
5.3977e+03	2.4e+00	4.72016e+04	4.7e+02
5.4012e+03	2.4e+00	4.70689e+04	4.7e+02
5.4047e+03	2.4e+00	4.65022e+04	4.5e+02
5.4082e+03	2.4e+00	4.63436e+04	4.8e+02
5.4117e+03	2.4e+00	4.58981e+04	5.3e+02
5.4152e+03	2.4e+00	4.55295e+04	5.2e+02
5.4187e+03	2.4e+00	4.52739e+04	4.2e+02
5.4222e+03	2.4e+00	4.54155e+04	4.7e+02
5.4257e+03	2.4e+00	4.47847e+04	3.7e+02
5.4292e+03	2.4e+00	4.45048e+04	3.9e+02
5.4327e+03	2.4e+00	4.44320e+04	4.2e+02
5.4362e+03	2.4e+00	4.36236e+04	4.2e+02
5.4397e+03	2.4e+00	4.34251e+04	4.3e+02
5.4432e+03	2.4e+00	4.34778e+04	4.0e+02
5.4467e+03	2.4e+00	4.34557e+04	4.7e+02
5.4502e+03	2.4e+00	4.29468e+04	3.4e+02
5.4537e+03	2.4e+00	4.28197e+04	4.6e+02
5.4572e+03	2.4e+00	4.30122e+04	3.6e+02
5.4607e+03	2.4e+00	4.25658e+04	3.3e+02
5.4642e+03	2.4e+00	4.29907e+04	2.5e+02
5.4677e+03	2.4e+00	4.19984e+04	3.0e+02
5.4712e+03	2.4e+00	4.20260e+04	3.4e+02
5.4747e+03	2.4e+00	4.20833e+04	3.3e+02
5.4782e+03	2.4e+00	4.17226e+04	3.0e+02
5.4817e+03	2.4e+00	4.18965e+04	3.4e+02
5.4852e+03	2.4e+00	4.10698e+04	4.4e+02
5.4887e+03	2.4e+00	4.11033e+04	2.8e+02
5.4922e+03	2.4e+00	4.12236e+04	2.7e+02
5.4956e+03	2.4e+00	4.11577e+04	2.5e+02
5.4991e+03	2.4e+00	4.05594e+04	2.4e+02
5.5026e+03	2.4e+00	4.02378e+04	2.7e+02
5.5061e+03	2.4e+00	3.99699e+04	3.7e+02
5.5096e+03	2.4e+00	3.99789e+04	2.4e+02
5.5131e+03	2.4e+00	4.01448e+04	3.3e+02
5.5166e+03	2.4e+00	3.94353e+04	3.7e+02
5.5201e+03	2.4e+00	3.92741e+04	3.1e+02
5.5236e+03	2.4e+00	3.95738e+04	2.0e+02
5.5271e+03	2.4e+00	3.91767e+04	2.9e+02
5.5306e+03	2.4e+00	3.87262e+04	2.7e+02
5.5340e+03	2.4e+00	3.85659e+04	3.1e+02
5.5375e+03	2.4e+00	3.81620e+04	2.3e+02
5.5410e+03	2.4e+00	3.80391e+04	2.2e+02
5.5445e+03	2.4e+00	3.78608e+04	2.5e+02
5.5480e+03	2.4e+00	3.77793e+04	2.5e+02
5.5515e+03	2.4e+00	3.78667e+04	4.3e+02
5.5550e+03	2.4e+00	3.73394e+04	4.4e+02
5.5585e+03	2.4e+00	3.74332e+04	3.0e+02
5.5619e+03	2.4e+00	3.71396e+04	2.2e+02
5.5654e+03	2.4e+00	3.70338e+04	3.1e+02
5.5689e+03	2.4e+00	3.66662e+04	2.2e+02
5.5724e+03	2.4e+00	3.64439e+04	2.5e+02
5.5759e+03	2.4e+00	3.61625e+04	2.5e+02
5.5794e+03	2.4e+00	3.60960e+04	4.8e+02
5.5828e+03	2.4e+00	3.60645e+04	2.3e+02
5.5863e+03	2.4e+00	3.55628e+04	1.4e+02
5.5898e+03	2.4e+00	3.51558e+04	2.2e+02
5.5933e+03	2.4e+00	3.49797e+04	3.0e+02
5.5968e+03	2.4e+00	3.50392e+04	3.4e+02
5.6002e+03	2.4e+00	3.51542e+04	4.5e+02
5.6037e+03	2.4e+00	3.49352e+04	4.3e+02
5.6072e+03	2.4e+00	3.47770e+04	2.2e+02
5.6107e+03	2.4e+00	3.47149e+04	2.4e+02
5.6142e+03	2.4e+00	3.44900e+04	3.9e+02
5.6176e+03	2.4e+00	3.45463e+04	5.7e+02
5.6211e+03	2.4e+00	3.40533e+04	3.3e+02
5.6246e+03	2.4e+00	3.34442e+04	2.0e+02
5.6281e+03	2.4e+00	3.33105e+04	3.0e+02
5.6315e+03	2.4e+00	3.29176e+04	4.8e+02
5.6350e+03	2.4e+00	3.31263e+04	2.8e+02
5.6385e+03	2.4e+00	3.30680e+04	2.6e+02
5.6420e+03	2.4e+00	3.27869e+04	3.5e+02
5.6454e+03	2.4e+00	3.21516e+04	2.7e+02
5.6489e+03	2.4e+00	3.23878e+04	3.2e+02
5.6524e+03	2.4e+00	3.23636e+04	4.5e+02
5.6559e+03	2.4e+00	3.23539e+04	3.6e+02
5.6593e+03	2.4e+00	3.21294e+04	3.4e+02
5.6628e+03	2.4e+00	3.17342e+04	4.4e+02
5.6663e+03	2.4e+00	3.16410e+04	1.7e+02
5.6698e+03	2.4e+00	3.15769e+04	4.7e+02
5.6732e+03	2.4e+00	3.16007e+04	2.6e+02
5.6767e+03	2.4e+00	3.15715e+04	2.4e+02
5.6802e+03	2.4e+00	3.14025e+04	1.0e+02
5.6836e+03	2.4e+00	3.11731e+04	4.1e+02
5.6871e+03	2.4e+00	3.06416e+04	2.8e+02
5.6906e+03	2.4e+00	3.05821e+04	1.7e+02
5.6940e+03	2.4e+00	2.99564e+04	2.8e+02
5.6975e+03	2.4e+00	3.00919e+04	2.4e+02
5.7010e+03	2.4e+00	2.97771e+04	3.2e+02
5.7045e+03	2.4e+00	2.97852e+04	2.4e+02
5.7079e+03	2.4e+00	2.98033e+04	2.3e+02
5.7114e+03	2.4e+00	2.96391e+04	3.0e+02
5.7149e+03	2.4e+00	2.91950e+04	1.2e+02
5.7183e+03	2.4e+00	2.89249e+04	8.0e+01
5.7218e+03	2.4e+00	2.90143e+04	1.5e+02
5.7252e+03	2.4e+00	2.88561e+04	2.1e+02
5.7287e+03	2.4e+00	2.85677e+04	1.9e+02
5.7322e+03	2.4e+00	2.84269e+04	2.0e+02
5.7356e+03	2.4e+00	2.82934e+04	1.4e+02
5.7391e+03	2.4e+00	2.78088e+04	1.6e+02
5.7426e+03	2.4e+00	2.80648e+04	2.7e+01
5.7460e+03	2.4e+00	2.76490e+04	5.8e+01
5.7495e+03	2.4e+00	2.78963e+04	1.1e+02
5.7529e+03	2.4e+00	2.78808e+04	4.6e+01
5.7564e+03	2.4e+00	2.76727e+04	9.5e+01
5.7599e+03	2.4e+00	2.76072e+04	1.3e+02
5.7633e+03	2.4e+00	2.73788e+04	1.3e+02
5.7668e+03	2.4e+00	2.72053e+04	1.7e+02
5.7702e+03	2.4e+00	2.72850e+04	1.9e+02
5.7737e+03	2.4e+00	2.70389e+04	1.7e+02
5.7772e+03	2.4e+00	2.68402e+04	5.5e+01
5.7806e+03	2.4e+00	2.68899e+04	7.0e+01
5.7841e+03	2.4e+00	2.67629e+04	9.8e+01
5.7875e+03	2.4e+00	2.65494e+04	1.6e+02
5.7910e+03	2.4e+00	2.65913e+04	1.4e+02
5.7944e+03	2.4e+00	2.65146e+04	1.2e+02
5.7979e+03	2.4e+00	2.66467e+04	8.3e+01
5.8014e+03	2.4e+00	2.63289e+04	1.3e+02
5.8048e+03	2.4e+00	2.62885e+04	1.3e+02
5.8083e+03	2.4e+00	2.63476e+04	7.3e+01
5.8117e+03	2.4e+00	2.63941e+04	6.0e+01
5.8152e+03	2.4e+00	2.65131e+04	7.4e+01
5.8186e+03	2.4e+00	2.68073e+04	5.4e+01
5.8221e+03	2.4e+00	2.63186e+04	6.4e+01
5.8255e+03	2.4e+00	2.60282e+04	1.6e+02
5.8290e+03	2.4e+00	2.65528e+04	3.2e+02
5.8324e+03	2.4e+00	2.58674e+04	1.5e+02
5.8359e+03	2.4e+00	2.61975e+04	5.1e+01
5.8393e+03	2.4e+00	2.56706e+04	1.9e+02
5.8428e+03	2.4e+00	2.59480e+04	1.8e+02
5.8462e+03	2.4e+00	2.61635e+04	1.2e+02
5.8497e+03	2.4e+00	2.57189e+04	8.0e+01
5.8531e+03	2.4e+00	2.56209e+04	1.3e+02
5.8566e+03	2.4e+00	2.55487e+04	1.5e+02
5.8600e+03	2.4e+00	2.53936e+04	9.2e+01
5.8635e+03	2.4e+00	2.54084e+04	1.4e+02
5.8669e+03	2.4e+00	2.54139e+04	3.7e+01
5.8704e+03	2.4e+00	2.52667e+04	5.8e+01
5.8738e+03	2.4e+00	2.49797e+04	9.1e+01
5.8773e+03	2.4e+00	2.46148e+04	9.3e+01
5.8807e+03	2.4e+00	2.47915e+04	2.0e+02
5.8841e+03	2.4e+00	2.44615e+04	1.6e+02
5.8876e+03	2.4e+00	2.36570e+04	2.2e+02
5.8910e+03	2.4e+00	2.33858e+04	2.5e+02
5.8945e+03	2.4e+00	2.32247e+04	2.3e+01
5.8979e+03	2.4e+00	2.38166e+04	1.4e+02
5.9014e+03	2.4e+00	2.36753e+04	2.4e+02
5.9048e+03	2.4e+00	2.36848e+04	2.4e+02
5.9082e+03	2.4e+00	2.39912e+04	1.2e+02
5.9117e+03	2.4e+00	2.39242e+04	1.3e+02
5.9151e+03	2.4e+00	2.36693e+04	1.4e+02
5.9186e+03	2.4e+00	2.32446e+04	1.2e+02
5.9220e+03	2.4e+00	2.34521e+04	1.3e+02
5.9254e+03	2.4e+00	2.32253e+04	1.1e+02
5.9289e+03	2.4e+00	2.32907e+04	1.1e+02
5.9323e+03	2.4e+00	2.30824e+04	8.0e+01
5.9358e+03	2.4e+00	2.30657e+04	1.4e+02
5.9392e+03	2.4e+00	2.29428e+04	1.0e+02
5.9426e+03	2.4e+00	2.27356e+04	9.4e+01
5.9461e+03	2.4e+00	2.25117e+04	5.8e+01
5.9495e+03	2.4e+00	2.22345e+04	4.9e+01
5.9529e+03	2.4e+00	2.22984e+04	1.2e+02
5.9564e+03	2.4e+00	2.23081e+04	2.7e+01
5.9598e+03	2.4e+00	2.22610e+04	6.6e+01
5.9633e+03	2.4e+00	2.26096e+04	7.7e+01
5.9667e+03	2.4e+00	2.21587e+04	3.9e+01
5.9701e+03	2.4e+00	2.18996e+04	1.2e+01
5.9736e+03	2.4e+00	2.21206e+04	1.6e+01
5.9770e+03	2.4e+00	2.22018e+04	3.3e+01
5.9804e+03	2.4e+00	2.17150e+04	4.1e+01
5.9838e+03	2.4e+00	2.14779e+04	3.4e+01
5.9873e+03	2.4e+00	2.20051e+04	6.6e+01
5.9907e+03	2.4e+00	2.16408e+04	1.0e+02
5.9941e+03	2.4e+00	2.12576e+04	6.0e+01
5.9976e+03	2.4e+00	2.14557e+04	1.1e+02
6.0010e+03	2.4e+00	2.16283e+04	5.6e+01
6.0044e+03	2.4e+00	2.13749e+04	4.9e+01
6.0079e+03	2.4e+00	2.12639e+04	8.4e+01
6.0113e+03	2.4e+00	2.09668e+04	6.7e+01
6.0147e+03	2.4e+00	2.08626e+04	7.2e+01
6.0181e+03	2.4e+00	2.09153e+04	4.8e+01
6.0216e+03	2.4e+00	2.09044e+04	1.4e+02
6.0250e+03	2.4e+00	2.10265e+04	6.0e+01
6.0284e+03	2.4e+00	2.05355e+04	8.6e+01
6.0318e+03	2.4e+00	2.06214e+04	3.7e+01
6.0353e+03	2.4e+00	2.06436e+04	6.3e+01
6.0387e+03	2.4e+00	2.04618e+04	5.4e+01
6.0421e+03	2.4e+00	2.03268e+04	6.8e+01
6.0455e+03	2.4e+00	2.03299e+04	6.8e+01
6.0490e+03	2.4e+00	2.01734e+04	2.7e+01
6.0524e+03	2.4e+00	2.01746e+04	3.7e+01
6.0558e+03	2.4e+00	2.01662e+04	8.5e+01
6.0592e+03	2.4e+00	2.02045e+04	1.9e+02
6.0627e+03	2.4e+00	2.02981e+04	2.0e+01
6.0661e+03	2.4e+00	1.99142e+04	6.0e+01
6.0695e+03	2.4e+00	2.00412e+04	1.1e+02
6.0729e+03	2.4e+00	1.97434e+04	9.3e+01
6.0763e+03	2.4e+00	1.99777e+04	1.1e+02
6.0798e+03	2.4e+00	1.95447e+04	1.5e+02
6.0832e+03	2.4e+00	1.95258e+04	1.5e+02
6.0866e+03	2.4e+00	1.97320e+04	1.4e+02
6.0900e+03	2.4e+00	1.93355e+04	6.7e+01
6.0934e+03	2.4e+00	1.93520e+04	9.1e+01
6.0969e+03	2.4e+00	1.93260e+04	4.8e+01
6.1003e+03	2.4e+00	1.93283e+04	6.6e+01
6.1037e+03	2.4e+00	1.90823e+04	5.9e+01
6.1071e+03	2.4e+00	1.91571e+04	4.7e+01
6.1105e+03	2.4e+00	1.92427e+04	4.2e+01
6.1139e+03	2.4e+00	1.93051e+04	2.7e+01
6.1174e+03	2.4e+00	1.89280e+04	1.6e+01
6.1208e+03	2.4e+00	1.89688e+04	5.5e+01
6.1242e+03	2.4e+00	1.92101e+04	7.8e+01
6.1276e+03	2.4e+00	1.92814e+04	1.9e+02
6.1310e+03	2.4e+00	1.88815e+04	1.3e+02
6.1344e+03	2.4e+00	1.89925e+04	2.4e+01
6.1378e+03	2.4e+00	1.90397e+04	4.2e+01
6.1412e+03	2.4e+00	1.86066e+04	3.0e+01
6.1447e+03	2.4e+00	1.84056e+04	9.8e+01
6.1481e+03	2.4e+00	1.87203e+04	8.9e+01
6.1515e+03	2.4e+00	1.84823e+04	5.8e+01
6.1549e+03	2.4e+00	1.81430e+04	3.2e+01
6.1583e+03	2.4e+00	1.80732e+04	1.1e+01
6.1617e+03	2.4e+00	1.80608e+04	2.7e+01
6.1651e+03	2.4e+00	1.81191e+04	8.6e+01
6.1685e+03	2.4e+00	1.79499e+04	9.6e+01
6.1719e+03	2.4e+00	1.79172e+04	2.3e+01
6.1753e+03	2.4e+00	1.78705e+04	1.1e+02
6.1787e+03	2.4e+00	1.78171e+04	2.3e+01
6.1822e+03	2.4e+00	1.79238e+04	1.2e+02
6.1856e+03	2.4e+00	1.78511e+04	1.3e+02
6.1890e+03	2.4e+00	1.78726e+04	1.5e+02
6.1924e+03	2.4e+00	1.77045e+04	1.8e+02
6.1958e+03	2.4e+00	1.76159e+04	1.2e+02
6.1992e+03	2.4e+00	1.73254e+04	8.7e+01
6.2026e+03	2.4e+00	1.74338e+04	1.3e+02
6.2060e+03	2.4e+00	1.75368e+04	8.2e+01
6.2094e+03	2.4e+00	1.72955e+04	1.1e+02
6.2128e+03	2.4e+00	1.73154e+04	2.1e+02
6.2162e+03	2.4e+00	1.72447e+04	1.9e+02
6.2196e+03	2.4e+00	1.72192e+04	1.3e+02
6.2230e+03	2.4e+00	1.69587e+04	6.5e+01
6.2264e+03	2.4e+00	1.68800e+04	1.5e+02
6.2298e+03	2.4e+00	1.65894e+04	1.2e+02
6.2332e+03	2.4e+00	1.67232e+04	1.1e+02
6.2366e+03	2.4e+00	1.69293e+04	7.1e+01
6.2400e+03	2.4e+00	1.67595e+04	1.4e+02
6.2434e+03	2.4e+00	1.64320e+04	2.0e+02
6.2468e+03	2.4e+00	1.63776e+04	7.3e+01
6.2502e+03	2.4e+00	1.62319e+04	1.2e+02
6.2536e+03	2.4e+00	1.62698e+04	2.5e+02
6.2570e+03	2.4e+00	1.62351e+04	1.8e+02
6.2604e+03	2.4e+00	1.63189e+04	1.5e+02
6.2638e+03	2.4e+00	1.61832e+04	2.0e+02
6.2672e+03	2.4e+00	1.61539e+04	1.6e+02
6.2706e+03	2.4e+00	1.59494e+04	1.9e+02
6.2740e+03	2.4e+00	1.53573e+04	1.7e+02
6.2774e+03	2.4e+00	1.49892e+04	2.0e+02
6.2808e+03	2.4e+00	1.46877e+04	1.7e+02
6.2841e+03	2.4e+00	1.48226e+04	1.1e+02
6.2875e+03	2.4e+00	1.50418e+04	1.4e+02
6.2909e+03	2.4e+00	1.51027e+04	1.9e+02
6.2943e+03	2.4e+00	1.49440e+04	1.3e+02
6.2977e+03	2.4e+00	1.50456e+04	1.8e+02
6.3011e+03	2.4e+00	1.50940e+04	1.9e+02
6.3045e+03	2.4e+00	1.51161e+04	2.2e+02
6.3079e+03	2.4e+00	1.48920e+04	2.0e+02
6.3113e+03	2.4e+00	1.48196e+04	1.3e+02
6.3147e+03	2.4e+00	1.51434e+04	1.3e+02
6.3181e+03	2.4e+00	1.52674e+04	2.0e+02
6.3214e+03	2.4e+00	1.50585e+04	1.7e+02
6.3248e+03	2.4e+00	1.49442e+04	1.9e+02
6.3282e+03	2.4e+00	1.50708e+04	2.4e+02
6.3316e+03	2.4e+00	1.50075e+04	1.7e+02
6.3350e+03	2.4e+00	1.49418e+04	1.4e+02
6.3384e+03	2.4e+00	1.52466e+04	1.8e+02
6.3418e+03	2.4e+00	1.52233e+04	1.6e+02
6.3452e+03	2.4e+00	1.49461e+04	9.7e+01
6.3485e+03	2.4e+00	1.48207e+04	2.1e+02
6.3519e+03	2.4e+00	1.48492e+04	2.3e+02
6.3553e+03	2.4e+00	1.49155e+04	2.4e+02
6.3587e+03	2.4e+00	1.50756e+04	1.2e+02
6.3621e+03	2.4e+00	1.50803e+04	1.7e+02
6.3655e+03	2.4e+00	1.49042e+04	6.5e+01
6.3688e+03	2.4e+00	1.49483e+04	1.3e+02
6.3722e+03	2.4e+00	1.49138e+04	1.5e+02
6.3756e+03	2.4e+00	1.47904e+04	2.1e+02
6.3790e+03	2.4e+00	1.50095e+04	2.4e+02
6.3824e+03	2.4e+00	1.49436e+04	1.5e+02
6.3857e+03	2.4e+00	1.46696e+04	6.1e+01
6.3891e+03	2.4e+00	1.46434e+04	1.9e+02
6.3925e+03	2.4e+00	1.47797e+04	3.0e+02
6.3959e+03	2.4e+00	1.46865e+04	2.2e+02
6.3993e+03	2.4e+00	1.45599e+04	1.1e+02
6.4026e+03	2.4e+00	1.43060e+04	2.3e+02
6.4060e+03	2.4e+00	1.43611e+04	2.3e+02
6.4094e+03	2.4e+00	1.44167e+04	1.9e+02
6.4128e+03	2.4e+00	1.43269e+04	1.6e+02
6.4162e+03	2.4e+00	1.41590e+04	7.2e+01
6.4195e+03	2.4e+00	1.42421e+04	1.7e+02
6.4229e+03	2.4e+00	1.43800e+04	2.3e+02
6.4263e+03	2.4e+00	1.43287e+04	1.3e+02
6.4297e+03	2.4e+00	1.42146e+04	2.0e+02
6.4330e+03	2.4e+00	1.40730e+04	1.6e+02
6.4364e+03	2.4e+00	1.40379e+04	1.2e+02
6.4398e+03	2.4e+00	1.40267e+04	1.9e+02
6.4432e+03	2.4e+00	1.41110e+04	2.1e+02
6.4465e+03	2.4e+00	1.39384e+04	1.7e+02
6.4499e+03	2.4e+00	1.36434e+04	1.2e+02
6.4533e+03	2.4e+00	1.34705e+04	1.9e+02
6.4566e+03	2.4e+00	1.37677e+04	1.6e+02
6.4600e+03	2.4e+00	1.34083e+04	2.1e+02
6.4634e+03	2.4e+00	1.34712e+04	2.6e+02
6.4667e+03	2.4e+00	1.36103e+04	2.1e+02
6.4701e+03	2.4e+00	1.35731e+04	2.8e+02
6.4735e+03	2.4e+00	1.34540e+04	2.6e+02
6.4769e+03	2.4e+00	1.32359e+04	2.2e+02
6.4802e+03	2.4e+00	1.34784e+04	2.6e+02
6.4836e+03	2.4e+00	1.32097e+04	2.4e+02
6.4870e+03	2.4e+00	1.31042e+04	1.9e+02
6.4903e+03	2.4e+00	1.31671e+04	2.8e+02
6.4937e+03	2.4e+00	1.31925e+04	2.3e+02
6.4971e+03	2.4e+00	1.32603e+04	2.1e+02
6.5004e+03	2.4e+00	1.31141e+04	1.4e+02
6.5038e+03	2.4e+00	1.30286e+04	2.5e+02
6.5072e+03	2.4e+00	1.29751e+04	1.4e+02
6.5105e+03	2.4e+00	1.26660e+04	1.1e+02
6.5139e+03	2.4e+00	1.27885e+04	2.0e+02
6.5172e+03	2.4e+00	1.25533e+04	2.8e+02
6.5206e+03	2.4e+00	1.24237e+04	2.7e+02
6.5240e+03	2.4e+00	1.24859e+04	2.4e+02
6.5273e+03	2.4e+00	1.23357e+04	1.3e+02
6.5307e+03	2.4e+00	1.21835e+04	1.3e+02
6.5341e+03	2.4e+00	1.20255e+04	2.1e+02
6.5374e+03	2.4e+00	1.18111e+04	1.9e+02
6.5408e+03	2.4e+00	1.15073e+04	2.2e+02
6.5441e+03	2.4e+00	1.10066e+04	1.9e+02
6.5475e+03	2.4e+00	1.05334e+04	2.2e+02
6.5509e+03	2.4e+00	9.94805e+03	2.4e+02
6.5542e+03	2.4e+00	9.18297e+03	1.6e+02
6.5576e+03	2.4e+00	8.06012e+03	1.0e+02
6.5609e+03	2.4e+00	7.42747e+03	1.2e+02
6.5643e+03	2.4e+00	7.21631e+03	6.9e+01
6.5676e+03	2.4e+00	7.94586e+03	1.1e+02
6.5710e+03	2.4e+00	8.90964e+03	9.4e+01
6.5744e+03	2.4e+00	9.89829e+03	2.2e+02
6.5777e+03	2.4e+00	1.04925e+04	1.8e+02
6.5811e+03	2.4e+00	1.09628e+04	1.8e+02
6.5844e+03	2.4e+00	1.10100e+04	1.2e+02
6.5878e+03	2.4e+00	1.13696e+04	1.2e+02
6.5911e+03	2.4e+00	1.15059e+04	2.2e+02
6.5945e+03	2.4e+00	1.14976e+04	1.4e+02
6.5978e+03	2.4e+00	1.15983e+04	1.8e+02
6.6012e+03	2.4e+00	1.15777e+04	1.7e+02
6.6045e+03	2.4e+00	1.16367e+04	9.4e+01
6.6079e+03	2.4e+00	1.16738e+04	2.0e+02
6.6112e+03	2.4e+00	1.17300e+04	2.3e+02
6.6146e+03	2.4e+00	1.15322e+04	1.4e+02
6.6179e+03	2.4e+00	1.18539e+04	1.5e+02
6.6213e+03	2.4e+00	1.18379e+04	1.9e+02
6.6246e+03	2.4e+00	1.16712e+04	2.2e+02
6.6280e+03	2.4e+00	1.16313e+04	2.5e+02
6.6313e+03	2.4e+00	1.14818e+04	2.2e+02
6.6347e+03	2.4e+00	1.16325e+04	2.7e+02
6.6380e+03	2.4e+00	1.14040e+04	2.0e+02
6.6414e+03	2.4e+00	1.17090e+04	2.0e+02
6.6447e+03	2.4e+00	1.17682e+04	2.3e+02
6.6481e+03	2.4e+00	1.14639e+04	1.5e+02
6.6514e+03	2.4e+00	1.14303e+04	1.9e+02
6.6548e+03	2.4e+00	1.14739e+04	1.3e+02
6.6581e+03	2.4e+00	1.15525e+04	1.8e+02
6.6615e+03	2.4e+00	1.11874e+04	2.1e+02
6.6648e+03	2.4e+00	1.11251e+04	2.3e+02
6.6681e+03	2.4e+00	1.13650e+04	2.5e+02
6.6715e+03	2.4e+00	1.13698e+04	2.5e+02
6.6748e+03	2.4e+00	1.12574e+04	1.8e+02
6.6782e+03	2.4e+00	1.14184e+04	1.7e+02
6.6815e+03	2.4e+00	1.12525e+04	2.0e+02
6.6849e+03	2.4e+00	1.13009e+04	2.4e+02
6.6882e+03	2.4e+00	1.10588e+04	2.5e+02
6.6915e+03	2.4e+00	1.12392e+04	2.0e+02
6.6949e+03	2.4e+00	1.13610e+04	2.3e+02
6.6982e+03	2.4e+00	1.11429e+04	1.8e+02
6.7016e+03	2.4e+00	1.11125e+04	2.3e+02
6.7049e+03	2.4e+00	1.11043e+04	1.9e+02
6.7082e+03	2.4e+00	1.11770e+04	1.5e+02
6.7116e+03	2.4e+00	1.07901e+04	1.3e+02
6.7149e+03	2.4e+00	1.09594e+04	2.4e+02
6.7183e+03	2.4e+00	1.08907e+04	2.5e+02
6.7216e+03	2.4e+00	1.09785e+04	1.7e+02
6.7249e+03	2.4e+00	1.09516e+04	3.0e+02
6.7283e+03	2.4e+00	1.09716e+04	1.6e+02
6.7316e+03	2.4e+00	1.09388e+04	1.2e+02
6.7349e+03	2.4e+00	1.08639e+04	2.2e+02
6.7383e+03	2.4e+00	1.07583e+04	1.1e+02
6.7416e+03	2.4e+00	1.07073e+04	1.5e+02
6.7449e+03	2.4e+00	1.06342e+04	2.0e+02
6.7483e+03	2.4e+00	1.07663e+04	1.6e+02
6.7516e+03	2.4e+00	1.06292e+04	2.1e+02
6.7549e+03	2.4e+00	1.05849e+04	2.4e+02
6.7583e+03	2.4e+00	1.03970e+04	2.3e+02
6.7616e+03	2.4e+00	1.05567e+04	1.8e+02
6.7649e+03	2.4e+00	1.04150e+04	1.3e+02
6.7683e+03	2.4e+00	1.05097e+04	2.4e+02
6.7716e+03	2.4e+00	1.06179e+04	2.0e+02
6.7749e+03	2.4e+00	1.02711e+04	1.3e+02
6.7782e+03	2.4e+00	1.02814e+04	1.3e+02
6.7816e+03	2.4e+00	1.03628e+04	1.9e+02
6.7849e+03	2.4e+00	1.04335e+04	1.8e+02
6.7882e+03	2.4e+00	1.06208e+04	2.2e+02
6.7916e+03	2.4e+00	1.06478e+04	2.5e+02
6.7949e+03	2.4e+00	1.03146e+04	1.2e+02
6.7982e+03	2.4e+00	1.01708e+04	1.9e+02
6.8015e+03	2.4e+00	1.01935e+04	1.9e+02
6.8049e+03	2.4e+00	1.01077e+04	2.1e+02
6.8082e+03	2.4e+00	1.01172e+04	1.8e+02
6.8115e+03	2.4e+00	1.04155e+04	2.6e+02
6.8148e+03	2.4e+00	1.00867e+04	1.9e+02
6.8182e+03	2.4e+00	1.02488e+04	1.9e+02
6.8215e+03	2.4e+00	9.86951e+03	1.9e+02
6.8248e+03	2.4e+00	1.00881e+04	1.9e+02
6.8281e+03	2.4e+00	9.86503e+03	1.4e+02
6.8315e+03	2.4e+00	9.86726e+03	1.9e+02
6.8348e+03	2.4e+00	9.98892e+03	2.4e+02
6.8381e+03	2.4e+00	9.78547e+03	2.5e+02
6.8414e+03	2.4e+00	9.73019e+03	2.0e+02
6.8447e+03	2.4e+00	9.83364e+03	1.6e+02
6.8481e+03	2.4e+00	9.54943e+03	1.7e+02
6.8514e+03	2.4e+00	9.64704e+03	1.2e+02
6.8547e+03	2.4e+00	9.46146e+03	1.6e+02
6.8580e+03	2.4e+00	9.33733e+03	1.5e+02
6.8613e+03	2.4e+00	9.25250e+03	1.9e+02
6.8647e+03	2.4e+00	8.24541e+03	1.9e+02
6.8680e+03	2.4e+00	6.95063e+03	7.7e+01
6.8713e+03	2.4e+00	5.39246e+03	1.0e+02
6.8746e+03	2.4e+00	5.43583e+03	1.1e+02
6.8779e+03	2.4e+00	6.39645e+03	7.7e+01
6.8812e+03	2.4e+00	7.39030e+03	1.6e+02
6.8846e+03	2.4e+00	7.94289e+03	1.4e+02
6.8879e+03	2.4e+00	7.49509e+03	8.9e+01
6.8912e+03	2.4e+00	7.22113e+03	1.6e+02
6.8945e+03	2.4e+00	7.28065e+03	1.2e+02
6.8978e+03	2.4e+00	7.14628e+03	1.0e+02
6.9011e+03	2.4e+00	7.52495e+03	1.8e+02
6.9044e+03	2.4e+00	7.63028e+03	1.4e+02
6.9078e+03	2.4e+00	7.85068e+03	1.8e+02
6.9111e+03	2.4e+00	8.01177e+03	1.5e+02
6.9144e+03	2.4e+00	7.97845e+03	1.5e+02
6.9177e+03	2.4e+00	8.07070e+03	2.1e+02
6.9210e+03	2.4e+00	8.47624e+03	1.4e+02
6.9243e+03	2.4e+00	8.52888e+03	1.3e+02
6.9276e+03	2.4e+00	8.54582e+03	1.6e+02
6.9309e+03	2.4e+00	8.58885e+03	2.4e+02
6.9342e+03	2.4e+00	8.23977e+03	2.0e+02
6.9375e+03	2.4e+00	8.26332e+03	2.6e+02
6.9409e+03	2.4e+00	8.36536e+03	1.6e+02
6.9442e+03	2.4e+00	8.20577e+03	7.4e+01
6.9475e+03	2.4e+00	8.16698e+03	8.7e+01
6.9508e+03	2.4e+00	7.99167e+03	1.1e+02
6.9541e+03	2.4e+00	8.16758e+03	1.2e+02
6.9574e+03	2.4e+00	8.25346e+03	1.1e+02
6.9607e+03	2.4e+00	8.35390e+03	1.9e+02
6.9640e+03	2.4e+00	8.52035e+03	1.4e+02
6.9673e+03	2.4e+00	8.78544e+03	1.3e+02
6.9706e+03	2.4e+00	8.58273e+03	1.3e+02
6.9739e+03	2.4e+00	8.56197e+03	1.2e+02
6.9772e+03	2.4e+00	8.45036e+03	1.8e+02
6.9805e+03	2.4e+00	8.19065e+03	1.7e+02
6.9838e+03	2.4e+00	8.45210e+03	2.1e+02
6.9871e+03	2.4e+00	7.98875e+03	1.2e+02
6.9904e+03	2.4e+00	7.80373e+03	1.0e+02
6.9937e+03	2.4e+00	7.94841e+03	1.9e+02
6.9970e+03	2.4e+00	8.02600e+03	1.4e+02
7.0003e+03	2.4e+00	8.14367e+03	1.9e+02
7.0036e+03	2.4e+00	8.01807e+03	2.3e+02
7.0069e+03	2.4e+00	7.96252e+03	1.1e+02
7.0102e+03	2.4e+00	7.87055e+03	2.0e+02
7.0135e+03	2.4e+00	7.81049e+03	2.0e+02
7.0168e+03	2.4e+00	7.80664e+03	1.0e+02
7.0201e+03	2.4e+00	7.62173e+03	1.4e+02
7.0234e+03	2.4e+00	7.65606e+03	1.8e+02
7.0267e+03	2.4e+00	7.79697e+03	2.1e+02
7.0300e+03	2.4e+00	8.00240e+03	1.4e+02
7.0333e+03	2.4e+00	7.83340e+03	1.5e+02
7.0366e+03	2.4e+00	8.08901e+03	1.8e+02
7.0399e+03	2.4e+00	7.73346e+03	1.0e+02
7.0432e+03	2.4e+00	7.75261e+03	1.7e+02
7.0465e+03	2.4e+00	7.86393e+03	1.6e+02
7.0498e+03	2.4e+00	7.63278e+03	1.6e+02
7.0531e+03	2.4e+00	7.56800e+03	2.0e+02
7.0564e+03	2.4e+00	7.59926e+03	2.7e+02
7.0597e+03	2.4e+00	7.62963e+03	2.0e+02
7.0629e+03	2.4e+00	7.51596e+03	1.6e+02
7.0662e+03	2.4e+00	7.72161e+03	1.4e+02
7.0695e+03	2.4e+00	7.49344e+03	1.5e+02
7.0728e+03	2.4e+00	7.46239e+03	1.3e+02
7.0761e+03	2.4e+00	7.41862e+03	1.5e+02
7.0794e+03	2.4e+00	7.28602e+03	2.2e+02
7.0827e+03	2.4e+00	7.22794e+03	1.2e+02
7.0860e+03	2.4e+00	7.34382e+03	1.1e+02
7.0893e+03	2.4e+00	7.20100e+03	1.3e+02
7.0926e+03	2.4e+00	7.19504e+03	9.8e+01
7.0958e+03	2.4e+00	7.21078e+03	1.4e+02
7.0991e+03	2.4e+00	7.19477e+03	1.7e+02
7.1024e+03	2.4e+00	7.04191e+03	1.7e+02
7.1057e+03	2.4e+00	6.95131e+03	1.2e+02
7.1090e+03	2.4e+00	6.94261e+03	1.7e+02
7.1123e+03	2.4e+00	7.03099e+03	1.9e+02
7.1156e+03	2.4e+00	6.69834e+03	1.8e+02
7.1188e+03	2.4e+00	6.94510e+03	1.2e+02
7.1221e+03	2.4e+00	6.92532e+03	2.1e+02
7.1254e+03	2.4e+00	6.85909e+03	2.5e+02
7.1287e+03	2.4e+00	6.59687e+03	1.7e+02
7.1320e+03	2.4e+00	6.63665e+03	1.3e+02
7.1353e+03	2.4e+00	6.73693e+03	1.5e+02
7.1385e+03	2.4e+00	6.84894e+03	2.1e+02
7.1418e+03	2.4e+00	6.70272e+03	2.2e+02
7.1451e+03	2.4e+00	6.63467e+03	2.2e+02
7.1484e+03	2.4e+00	6.59049e+03	1.5e+02
7.1517e+03	2.4e+00	6.62644e+03	1.3e+02
7.1549e+03	2.4e+00	6.46315e+03	1.2e+02
7.1582e+03	2.4e+00	6.67416e+03	1.2e+02
7.1615e+03	2.4e+00	6.42040e+03	2.0e+02
7.1648e+03	2.4e+00	6.34665e+03	2.0e+02
7.1681e+03	2.4e+00	6.27612e+03	1.0e+02
7.1713e+03	2.4e+00	5.67159e+03	8.5e+01
7.1746e+03	2.4e+00	5.47601e+03	7.4e+01
7.1779e+03	2.4e+00	5.30855e+03	1.0e+02
7.1812e+03	2.4e+00	5.29163e+03	1.2e+02
7.1844e+03	2.4e+00	5.35365e+03	1.4e+02
7.1877e+03	2.4e+00	5.15614e+03	1.3e+02
7.1910e+03	2.4e+00	5.05847e+03	9.1e+01
7.1943e+03	2.4e+00	5.07373e+03	7.9e+01
7.1975e+03	2.4e+00	5.04836e+03	9.0e+01
7.2008e+03	2.4e+00	5.08240e+03	1.3e+02
7.2041e+03	2.4e+00	5.00400e+03	1.5e+02
7.2074e+03	2.4e+00	5.12735e+03	1.5e+02
7.2106e+03	2.4e+00	5.51356e+03	1.3e+02
7.2139e+03	2.4e+00	5.79408e+03	1.5e+02
7.2172e+03	2.4e+00	5.56895e+03	1.8e+02
7.2204e+03	2.4e+00	5.61957e+03	1.4e+02
7.2237e+03	2.4e+00	5.80058e+03	1.3e+02
7.2270e+03	2.4e+00	5.74408e+03	1.1e+02
7.2303e+03	2.4e+00	5.37742e+03	1.4e+02
7.2335e+03	2.4e+00	5.28675e+03	1.7e+02
7.2368e+03	2.4e+00	5.00275e+03	1.3e+02
7.2401e+03	2.4e+00	5.02319e+03	1.3e+02
7.2433e+03	2.4e+00	5.21394e+03	1.6e+02
7.2466e+03	2.4e+00	5.10975e+03	1.4e+02
7.2499e+03	2.4e+00	5.00756e+03	2.0e+02
7.2531e+03	2.4e+00	4.99610e+03	1.7e+02
7.2564e+03	2.4e+00	4.95680e+03	1.6e+02
7.2597e+03	2.4e+00	4.92640e+03	1.1e+02
7.2629e+03	2.4e+00	5.06925e+03	9.7e+01
7.2662e+03	2.4e+00	5.17828e+03	1.1e+02
7.2695e+03	2.4e+00	5.05272e+03	1.6e+02
7.2727e+03	2.4e+00	4.92929e+03	1.3e+02
7.2760e+03	2.4e+00	4.85541e+03	1.6e+02
7.2792e+03	2.4e+00	4.76300e+03	1.7e+02
7.2825e+03	2.4e+00	4.93946e+03	1.1e+02
7.2858e+03	2.4e+00	4.98629e+03	1.3e+02
7.2890e+03	2.4e+00	4.91833e+03	9.9e+01
7.2923e+03	2.4e+00	4.79268e+03	9.4e+01
7.2956e+03	2.4e+00	4.64169e+03	1.2e+02
7.2988e+03	2.4e+00	4.76981e+03	1.2e+02
7.3021e+03	2.4e+00	4.78670e+03	1.2e+02
7.3053e+03	2.4e+00	4.85738e+03	1.5e+02
7.3086e+03	2.4e+00	4.67467e+03	1.1e+02
7.3119e+03	2.4e+00	4.91521e+03	1.5e+02
7.3151e+03	2.4e+00	4.73138e+03	9.9e+01
7.3184e+03	2.4e+00	4.81782e+03	1.7e+02
7.3216e+03	2.4e+00	4.98580e+03	1.3e+02
7.3249e+03	2.4e+00	4.95149e+03	1.2e+02
7.3281e+03	2.4e+00	4.88345e+03	9.9e+01
7.3314e+03	2.4e+00	4.80543e+03	9.6e+01
7.3346e+03	2.4e+00	5.04490e+03	1.3e+02
7.3379e+03	2.4e+00	4.80909e+03	1.3e+02
7.3412e+03	2.4e+00	4.85898e+03	1.2e+02
7.3444e+03	2.4e+00	5.09969e+03	1.1e+02
7.3477e+03	2.4e+00	4.89101e+03	1.2e+02
7.3509e+03	2.4e+00	4.84067e+03	1.5e+02
7.3542e+03	2.4e+00	4.91446e+03	1.7e+02
7.3574e+03	2.4e+00	4.79636e+03	1.5e+02
7.3607e+03	2.4e+00	4.70054e+03	8.9e+01
7.3639e+03	2.4e+00	4.76051e+03	1.3e+02
7.3672e+03	2.4e+00	4.68053e+03	1.1e+02
7.3704e+03	2.4e+00	4.75317e+03	1.6e+02
7.3737e+03	2.4e+00	4.57784e+03	1.2e+02
7.3769e+03	2.4e+00	4.68686e+03	1.1e+02
7.3802e+03	2.4e+00	4.67330e+03	1.2e+02
7.3834e+03	2.4e+00	4.41378e+03	1.1e+02
7.3867e+03	2.4e+00	4.47403e+03	1.2e+02
7.3899e+03	2.4e+00	4.50836e+03	7.5e+01
7.3932e+03	2.4e+00	4.64016e+03	1.2e+02
7.3964e+03	2.4e+00	4.32218e+03	1.4e+02
7.3997e+03	2.4e+00	4.57676e+03	1.2e+02
7.4029e+03	2.4e+00	4.60987e+03	1.3e+02
7.4062e+03	2.4e+00	4.62007e+03	1.1e+02
7.4094e+03	2.4e+00	4.36497e+03	1.6e+02
7.4127e+03	2.4e+00	4.53425e+03	1.3e+02
7.4159e+03	2.4e+00	4.43944e+03	1.3e+02
7.4191e+03	2.4e+00	4.54134e+03	1.2e+02
7.4224e+03	2.4e+00	4.50897e+03	1.3e+02
7.4256e+03	2.4e+00	4.38780e+03	9.8e+01
7.4289e+03	2.4e+00	4.43094e+03	1.2e+02
7.4321e+03	2.4e+00	4.55162e+03	1.0e+02
7.4354e+03	2.4e+00	4.39118e+03	1.4e+02
7.4386e+03	2.4e+00	4.34631e+03	1.1e+02
7.4418e+03	2.4e+00	4.39021e+03	1.3e+02
7.4451e+03	2.4e+00	4.44750e+03	1.1e+02
7.4483e+03	2.4e+00	4.30936e+03	1.4e+02
7.4516e+03	2.4e+00	4.31433e+03	1.5e+02
7.4548e+03	2.4e+00	4.17410e+03	1.2e+02
7.4580e+03	2.4e+00	4.23271e+03	1.2e+02
7.4613e+03	2.4e+00	4.29695e+03	1.4e+02
7.4645e+03	2.4e+00	3.97318e+03	1.5e+02
7.4678e+03	2.4e+00	4.09003e+03	1.1e+02
7.4710e+03	2.4e+00	4.06554e+03	1.1e+02
7.4742e+03	2.4e+00	4.22997e+03	1.2e+02
7.4775e+03	2.4e+00	4.02446e+03	1.2e+02
7.4807e+03	2.4e+00	4.06889e+03	1.5e+02
7.4839e+03	2.4e+00	4.11352e+03	1.0e+02
7.4872e+03	2.4e+00	4.08013e+03	1.5e+02
7.4904e+03	2.4e+00	4.06932e+03	1.3e+02
7.4936e+03	2.4e+00	4.14555e+03	1.0e+02
7.4969e+03	2.4e+00	3.79637e+03	1.2e+02
7.5001e+03	2.4e+00	3.93543e+03	1.3e+02
7.5033e+03	2.4e+00	3.96086e+03	1.0e+02
7.5066e+03	2.4e+00	4.05894e+03	1.3e+02
7.5098e+03	2.4e+00	3.86589e+03	1.4e+02
7.5130e+03	2.4e+00	3.67204e+03	1.1e+02
7.5163e+03	2.4e+00	3.75809e+03	8.5e+01
7.5195e+03	2.4e+00	3.97200e+03	1.3e+02
7.5227e+03	2.4e+00	3.97138e+03	8.1e+01
7.5260e+03	2.4e+00	3.93317e+03	1.1e+02
7.5292e+03	2.4e+00	3.70052e+03	1.1e+02
7.5324e+03	2.4e+00	3.71503e+03	1.2e+02
7.5356e+03	2.4e+00	3.67368e+03	1.6e+02
7.5389e+03	2.4e+00	3.81943e+03	1.5e+02
7.5421e+03	2.4e+00	3.86163e+03	1.3e+02
7.5453e+03	2.4e+00	3.70311e+03	1.3e+02
7.5486e+03	2.4e+00	3.65907e+03	1.5e+02
7.5518e+03	2.4e+00	3.79225e+03	1.2e+02
7.5550e+03	2.4e+00	3.72491e+03	1.3e+02
7.5582e+03	2.4e+00	3.55982e+03	1.6e+02
7.5615e+03	2.4e+00	3.51129e+03	1.4e+02
7.5647e+03	2.4e+00	3.72752e+03	1.2e+02
7.5679e+03	2.4e+00	3.76932e+03	1.5e+02
7.5711e+03	2.4e+00	3.51754e+03	1.6e+02
7.5744e+03	2.4e+00	3.63766e+03	1.0e+02
7.5776e+03	2.4e+00	3.61160e+03	1.1e+02
7.5808e+03	2.4e+00	3.40670e+03	9.2e+01
7.5840e+03	2.4e+00	3.42156e+03	1.3e+02
7.5872e+03	2.4e+00	3.60858e+03	1.6e+02
7.5905e+03	2.4e+00	3.42479e+03	1.1e+02
7.5937e+03	2.4e+00	3.39803e+03	1.2e+02
7.5969e+03	2.4e+00	3.01011e+03	1.1e+02
7.6001e+03	2.4e+00	2.30748e+03	9.7e+01
7.6033e+03	2.4e+00	1.43910e+03	7.2e+01
7.6066e+03	2.4e+00	5.75558e+02	3.4e+01
7.6098e+03	2.4e+00	2.55901e+02	3.0e+01
7.6130e+03	2.4e+00	2.81096e+02	2.6e+01
7.6162e+03	2.4e+00	4.40334e+02	2.5e+01
7.6194e+03	2.4e+00	5.65915e+02	3.2e+01
7.6227e+03	2.4e+00	1.07349e+03	5.0e+01
7.6259e+03	2.4e+00	1.43043e+03	5.7e+01
7.6291e+03	2.4e+00	1.47709e+03	4.3e+01
7.6323e+03	2.4e+00	1.17969e+03	5.6e+01
7.6355e+03	2.4e+00	8.24094e+02	3.4e+01
7.6387e+03	2.4e+00	8.66976e+02	5.0e+01
7.6419e+03	2.4e+00	9.32305e+02	4.7e+01
7.6452e+03	2.4e+00	1.04315e+03	3.0e+01
7.6484e+03	2.4e+00	1.06671e+03	2.7e+01
7.6516e+03	2.4e+00	1.34557e+03	5.7e+01
7.6548e+03	2.4e+00	1.42134e+03	8.6e+01
7.6580e+03	2.4e+00	1.60413e+03	8.4e+01
7.6612e+03	2.4e+00	1.72078e+03	8.5e+01
7.6644e+03	2.4e+00	1.96916e+03	1.1e+02
7.6676e+03	2.4e+00	2.15995e+03	8.2e+01
7.6709e+03	2.4e+00	2.36421e+03	7.5e+01
7.6741e+03	2.4e+00	2.44305e+03	7.2e+01
7.6773e+03	2.4e+00	2.33180e+03	8.6e+01
7.6805e+03	2.4e+00	2.59503e+03	9.0e+01
7.6837e+03	2.4e+00	2.70443e+03	1.2e+02
7.6869e+03	2.4e+00	2.64834e+03	1.1e+02
