# lambda [A]	Dlambda [A]	specval [counts]	Dspecval [counts]
3.5979e+03	2.4e+00	5.355579e+03	1.3e+02
3.6016e+03	2.4e+00	4.598392e+03	9.8e+01
3.6053e+03	2.4e+00	5.142525e+03	1.7e+02
3.6091e+03	2.4e+00	6.246196e+03	1.7e+02
3.6128e+03	2.4e+00	6.734946e+03	1.8e+02
3.6165e+03	2.4e+00	5.746212e+03	3.4e+02
3.6202e+03	2.4e+00	5.072491e+03	3.1e+02
3.6239e+03	2.4e+00	6.420630e+03	3.1e+02
3.6277e+03	2.4e+00	6.956810e+03	2.9e+02
3.6314e+03	2.4e+00	6.707594e+03	1.8e+02
3.6351e+03	2.4e+00	6.248273e+03	2.8e+02
3.6388e+03	2.4e+00	7.720348e+03	1.7e+02
3.6425e+03	2.4e+00	7.236461e+03	2.0e+02
3.6462e+03	2.4e+00	6.875039e+03	1.9e+02
3.6500e+03	2.4e+00	6.694623e+03	3.6e+02
3.6537e+03	2.4e+00	8.290614e+03	4.8e+02
3.6574e+03	2.4e+00	9.055498e+03	2.1e+02
3.6611e+03	2.4e+00	9.093587e+03	1.7e+02
3.6648e+03	2.4e+00	9.661360e+03	1.4e+01
3.6685e+03	2.4e+00	9.875164e+03	1.8e+02
3.6723e+03	2.4e+00	1.034049e+04	9.2e+01
3.6760e+03	2.4e+00	1.160473e+04	2.8e+02
3.6797e+03	2.4e+00	1.180363e+04	3.7e+02
3.6834e+03	2.4e+00	1.274390e+04	7.2e+01
3.6871e+03	2.4e+00	1.412261e+04	2.7e+02
3.6908e+03	2.4e+00	1.470566e+04	3.4e+02
3.6945e+03	2.4e+00	1.467133e+04	1.3e+02
3.6982e+03	2.4e+00	1.576628e+04	1.6e+02
3.7019e+03	2.4e+00	1.837178e+04	3.9e+02
3.7057e+03	2.4e+00	1.903438e+04	2.1e+02
3.7094e+03	2.4e+00	2.006848e+04	3.1e+02
3.7131e+03	2.4e+00	2.021677e+04	3.5e+02
3.7168e+03	2.4e+00	2.323353e+04	1.9e+02
3.7205e+03	2.4e+00	2.814081e+04	5.3e+01
3.7242e+03	2.4e+00	2.940479e+04	3.1e+02
3.7279e+03	2.4e+00	2.814441e+04	2.7e+02
3.7316e+03	2.4e+00	2.637691e+04	5.7e+02
3.7353e+03	2.4e+00	2.805001e+04	8.9e+02
3.7390e+03	2.4e+00	3.304736e+04	3.4e+02
3.7427e+03	2.4e+00	4.075571e+04	3.2e+02
3.7464e+03	2.4e+00	4.955768e+04	5.7e+02
3.7501e+03	2.4e+00	5.551674e+04	7.0e+02
3.7539e+03	2.4e+00	5.400864e+04	1.7e+02
3.7576e+03	2.4e+00	4.905717e+04	3.4e+02
3.7613e+03	2.4e+00	4.238436e+04	1.6e+02
3.7650e+03	2.4e+00	4.346432e+04	5.1e+02
3.7687e+03	2.4e+00	5.301507e+04	3.6e+02
3.7724e+03	2.4e+00	6.682815e+04	5.1e+02
3.7761e+03	2.4e+00	8.185967e+04	8.7e+02
3.7798e+03	2.4e+00	9.304590e+04	2.9e+02
3.7835e+03	2.4e+00	1.024029e+05	5.6e+02
3.7872e+03	2.4e+00	1.062420e+05	6.3e+02
3.7909e+03	2.4e+00	1.046580e+05	3.9e+02
3.7946e+03	2.4e+00	9.425608e+04	1.0e+03
3.7983e+03	2.4e+00	7.970482e+04	4.9e+02
3.8020e+03	2.4e+00	6.857756e+04	3.4e+02
3.8057e+03	2.4e+00	7.049343e+04	1.0e+03
3.8094e+03	2.4e+00	8.598124e+04	6.5e+02
3.8131e+03	2.4e+00	1.149523e+05	1.1e+03
3.8168e+03	2.4e+00	1.443374e+05	1.3e+02
3.8205e+03	2.4e+00	1.681862e+05	2.7e+02
3.8242e+03	2.4e+00	1.795106e+05	5.1e+02
3.8279e+03	2.4e+00	1.966824e+05	1.2e+03
3.8315e+03	2.4e+00	2.055124e+05	1.5e+03
3.8352e+03	2.4e+00	2.093210e+05	1.1e+03
3.8389e+03	2.4e+00	2.151799e+05	3.8e+02
3.8426e+03	2.4e+00	2.120776e+05	4.5e+02
3.8463e+03	2.4e+00	2.065924e+05	9.1e+01
3.8500e+03	2.4e+00	1.860511e+05	8.5e+02
3.8537e+03	2.4e+00	1.582030e+05	1.1e+03
3.8574e+03	2.4e+00	1.237438e+05	7.2e+02
3.8611e+03	2.4e+00	1.175149e+05	5.4e+01
3.8648e+03	2.4e+00	1.301175e+05	7.1e+02
3.8685e+03	2.4e+00	1.670601e+05	1.8e+02
3.8722e+03	2.4e+00	2.151331e+05	1.1e+03
3.8759e+03	2.4e+00	2.533549e+05	2.5e+03
3.8795e+03	2.4e+00	2.835090e+05	1.5e+03
3.8832e+03	2.4e+00	3.052611e+05	1.3e+03
3.8869e+03	2.4e+00	3.216120e+05	9.5e+02
3.8906e+03	2.4e+00	3.342557e+05	6.7e+02
3.8943e+03	2.4e+00	3.539492e+05	1.6e+03
3.8980e+03	2.4e+00	3.616047e+05	3.1e+03
3.9017e+03	2.4e+00	3.555696e+05	3.1e+03
3.9054e+03	2.4e+00	3.463403e+05	1.4e+03
3.9090e+03	2.4e+00	3.441047e+05	2.6e+03
3.9127e+03	2.4e+00	3.633756e+05	3.8e+03
3.9164e+03	2.4e+00	3.733841e+05	3.7e+03
3.9201e+03	2.4e+00	3.743260e+05	2.5e+03
3.9238e+03	2.4e+00	3.616452e+05	2.1e+03
3.9275e+03	2.4e+00	3.518249e+05	1.7e+03
3.9312e+03	2.4e+00	3.286428e+05	1.7e+03
3.9348e+03	2.4e+00	2.897832e+05	1.6e+03
3.9385e+03	2.4e+00	2.434906e+05	7.1e+02
3.9422e+03	2.4e+00	1.931623e+05	2.1e+02
3.9459e+03	2.4e+00	1.585450e+05	1.0e+03
3.9496e+03	2.4e+00	1.630333e+05	2.1e+03
3.9532e+03	2.4e+00	2.126834e+05	1.5e+03
3.9569e+03	2.4e+00	2.741903e+05	1.6e+03
3.9606e+03	2.4e+00	3.200989e+05	4.2e+02
3.9643e+03	2.4e+00	3.562948e+05	6.2e+02
3.9680e+03	2.4e+00	3.798484e+05	1.7e+03
3.9716e+03	2.4e+00	3.931403e+05	1.7e+03
3.9753e+03	2.4e+00	4.127680e+05	7.5e+02
3.9790e+03	2.4e+00	4.194468e+05	1.1e+03
3.9827e+03	2.4e+00	4.267243e+05	2.9e+03
3.9864e+03	2.4e+00	4.321028e+05	3.8e+03
3.9900e+03	2.4e+00	4.369081e+05	4.2e+03
3.9937e+03	2.4e+00	4.348058e+05	2.4e+03
3.9974e+03	2.4e+00	4.390331e+05	2.9e+03
4.0011e+03	2.4e+00	4.435307e+05	2.3e+03
4.0047e+03	2.4e+00	4.389646e+05	1.9e+03
4.0084e+03	2.4e+00	4.321996e+05	3.2e+03
4.0121e+03	2.4e+00	4.392781e+05	3.0e+03
4.0158e+03	2.4e+00	4.341037e+05	2.3e+03
4.0194e+03	2.4e+00	4.334728e+05	2.5e+03
4.0231e+03	2.4e+00	4.301216e+05	3.1e+03
4.0268e+03	2.4e+00	4.310165e+05	2.8e+03
4.0304e+03	2.4e+00	4.319491e+05	3.3e+03
4.0341e+03	2.4e+00	4.266932e+05	2.9e+03
4.0378e+03	2.4e+00	4.299280e+05	1.6e+03
4.0415e+03	2.4e+00	4.172331e+05	3.5e+03
4.0451e+03	2.4e+00	4.155997e+05	3.3e+03
4.0488e+03	2.4e+00	4.109389e+05	2.0e+03
4.0525e+03	2.4e+00	4.029402e+05	2.1e+03
4.0561e+03	2.4e+00	3.923017e+05	2.8e+03
4.0598e+03	2.4e+00	3.821218e+05	3.9e+03
4.0635e+03	2.4e+00	3.649726e+05	3.3e+03
4.0671e+03	2.4e+00	3.472042e+05	2.1e+03
4.0708e+03	2.4e+00	3.147300e+05	2.4e+03
4.0745e+03	2.4e+00	2.709660e+05	1.1e+03
4.0781e+03	2.4e+00	2.258352e+05	1.5e+03
4.0818e+03	2.4e+00	1.752043e+05	1.3e+03
4.0855e+03	2.4e+00	1.548581e+05	1.5e+03
4.0891e+03	2.4e+00	1.771247e+05	1.7e+03
4.0928e+03	2.4e+00	2.264689e+05	2.1e+03
4.0965e+03	2.4e+00	2.737719e+05	2.0e+03
4.1001e+03	2.4e+00	3.087465e+05	2.0e+03
4.1038e+03	2.4e+00	3.334773e+05	2.3e+03
4.1075e+03	2.4e+00	3.509802e+05	2.7e+03
4.1111e+03	2.4e+00	3.616456e+05	3.1e+03
4.1148e+03	2.4e+00	3.670422e+05	3.3e+03
4.1184e+03	2.4e+00	3.761893e+05	3.5e+03
4.1221e+03	2.4e+00	3.836477e+05	2.9e+03
4.1258e+03	2.4e+00	3.904205e+05	3.2e+03
4.1294e+03	2.4e+00	3.896249e+05	3.4e+03
4.1331e+03	2.4e+00	3.893517e+05	3.8e+03
4.1367e+03	2.4e+00	3.903060e+05	3.1e+03
4.1404e+03	2.4e+00	3.945204e+05	3.5e+03
4.1441e+03	2.4e+00	3.935599e+05	3.2e+03
4.1477e+03	2.4e+00	3.939163e+05	3.9e+03
4.1514e+03	2.4e+00	3.952303e+05	3.5e+03
4.1550e+03	2.4e+00	3.919989e+05	3.5e+03
4.1587e+03	2.4e+00	3.859322e+05	3.4e+03
4.1623e+03	2.4e+00	3.878310e+05	3.1e+03
4.1660e+03	2.4e+00	3.855345e+05	3.9e+03
4.1697e+03	2.4e+00	3.897213e+05	4.8e+03
4.1733e+03	2.4e+00	3.935562e+05	3.3e+03
4.1770e+03	2.4e+00	3.951301e+05	3.9e+03
4.1806e+03	2.4e+00	3.942531e+05	4.5e+03
4.1843e+03	2.4e+00	3.908622e+05	3.4e+03
4.1879e+03	2.4e+00	3.934210e+05	4.1e+03
4.1916e+03	2.4e+00	3.894797e+05	5.1e+03
4.1952e+03	2.4e+00	3.938901e+05	3.4e+03
4.1989e+03	2.4e+00	3.929430e+05	3.9e+03
4.2025e+03	2.4e+00	3.919581e+05	3.6e+03
4.2062e+03	2.4e+00	3.934926e+05	3.6e+03
4.2098e+03	2.4e+00	3.899469e+05	2.8e+03
4.2135e+03	2.4e+00	3.878118e+05	2.7e+03
4.2171e+03	2.4e+00	3.867808e+05	3.3e+03
4.2208e+03	2.4e+00	3.829606e+05	4.1e+03
4.2244e+03	2.4e+00	3.834368e+05	3.7e+03
4.2281e+03	2.4e+00	3.841244e+05	3.1e+03
4.2317e+03	2.4e+00	3.807202e+05	2.9e+03
4.2354e+03	2.4e+00	3.800659e+05	3.7e+03
4.2390e+03	2.4e+00	3.798968e+05	3.4e+03
4.2427e+03	2.4e+00	3.823456e+05	3.7e+03
4.2463e+03	2.4e+00	3.802196e+05	3.5e+03
4.2500e+03	2.4e+00	3.789555e+05	3.4e+03
4.2536e+03	2.4e+00	3.782547e+05	2.5e+03
4.2572e+03	2.4e+00	3.764380e+05	2.8e+03
4.2609e+03	2.4e+00	3.731099e+05	3.0e+03
4.2645e+03	2.4e+00	3.684984e+05	3.0e+03
4.2682e+03	2.4e+00	3.677112e+05	3.4e+03
4.2718e+03	2.4e+00	3.690324e+05	3.1e+03
4.2755e+03	2.4e+00	3.688087e+05	3.1e+03
4.2791e+03	2.4e+00	3.608362e+05	3.9e+03
4.2827e+03	2.4e+00	3.601172e+05	4.6e+03
4.2864e+03	2.4e+00	3.600161e+05	4.1e+03
4.2900e+03	2.4e+00	3.523514e+05	3.9e+03
4.2937e+03	2.4e+00	3.497842e+05	3.5e+03
4.2973e+03	2.4e+00	3.475878e+05	3.7e+03
4.3010e+03	2.4e+00	3.387260e+05	3.3e+03
4.3046e+03	2.4e+00	3.309635e+05	2.9e+03
4.3082e+03	2.4e+00	3.248348e+05	2.6e+03
4.3119e+03	2.4e+00	3.126650e+05	3.2e+03
4.3155e+03	2.4e+00	2.938548e+05	2.8e+03
4.3191e+03	2.4e+00	2.661596e+05	3.3e+03
4.3228e+03	2.4e+00	2.325647e+05	2.5e+03
4.3264e+03	2.4e+00	1.935078e+05	1.9e+03
4.3301e+03	2.4e+00	1.526137e+05	1.1e+03
4.3337e+03	2.4e+00	1.446326e+05	2.2e+03
4.3373e+03	2.4e+00	1.681924e+05	2.3e+03
4.3410e+03	2.4e+00	2.079648e+05	2.6e+03
4.3446e+03	2.4e+00	2.451505e+05	3.0e+03
4.3482e+03	2.4e+00	2.735359e+05	3.0e+03
4.3519e+03	2.4e+00	2.962294e+05	3.2e+03
4.3555e+03	2.4e+00	3.098536e+05	3.4e+03
4.3591e+03	2.4e+00	3.186087e+05	3.2e+03
4.3628e+03	2.4e+00	3.228978e+05	3.2e+03
4.3664e+03	2.4e+00	3.279368e+05	3.3e+03
4.3700e+03	2.4e+00	3.302957e+05	4.1e+03
4.3737e+03	2.4e+00	3.283368e+05	3.6e+03
4.3773e+03	2.4e+00	3.290590e+05	3.5e+03
4.3809e+03	2.4e+00	3.274832e+05	4.0e+03
4.3845e+03	2.4e+00	3.256118e+05	3.7e+03
4.3882e+03	2.4e+00	3.247061e+05	4.1e+03
4.3918e+03	2.4e+00	3.266848e+05	3.4e+03
4.3954e+03	2.4e+00	3.274511e+05	3.2e+03
4.3991e+03	2.4e+00	3.238900e+05	3.6e+03
4.4027e+03	2.4e+00	3.243313e+05	3.1e+03
4.4063e+03	2.4e+00	3.226917e+05	3.4e+03
4.4099e+03	2.4e+00	3.205089e+05	3.7e+03
4.4136e+03	2.4e+00	3.211205e+05	3.0e+03
4.4172e+03	2.4e+00	3.206755e+05	3.5e+03
4.4208e+03	2.4e+00	3.189866e+05	3.8e+03
4.4244e+03	2.4e+00	3.187043e+05	3.7e+03
4.4281e+03	2.4e+00	3.168288e+05	3.5e+03
4.4317e+03	2.4e+00	3.142156e+05	3.4e+03
4.4353e+03	2.4e+00	3.114259e+05	4.1e+03
4.4389e+03	2.4e+00	3.107044e+05	3.3e+03
4.4426e+03	2.4e+00	3.054234e+05	3.4e+03
4.4462e+03	2.4e+00	3.083469e+05	3.7e+03
4.4498e+03	2.4e+00	3.086115e+05	3.6e+03
4.4534e+03	2.4e+00	3.047637e+05	3.6e+03
4.4570e+03	2.4e+00	3.021994e+05	3.9e+03
4.4607e+03	2.4e+00	2.992533e+05	3.6e+03
4.4643e+03	2.4e+00	2.971531e+05	3.8e+03
4.4679e+03	2.4e+00	2.960356e+05	3.7e+03
4.4715e+03	2.4e+00	2.936157e+05	3.1e+03
4.4751e+03	2.4e+00	2.878651e+05	3.3e+03
4.4788e+03	2.4e+00	2.851073e+05	3.4e+03
4.4824e+03	2.4e+00	2.884530e+05	3.0e+03
4.4860e+03	2.4e+00	2.916755e+05	3.6e+03
4.4896e+03	2.4e+00	2.909929e+05	3.5e+03
4.4932e+03	2.4e+00	2.891461e+05	3.6e+03
4.4968e+03	2.4e+00	2.885409e+05	3.6e+03
4.5005e+03	2.4e+00	2.879560e+05	3.3e+03
4.5041e+03	2.4e+00	2.860350e+05	3.7e+03
4.5077e+03	2.4e+00	2.849632e+05	3.8e+03
4.5113e+03	2.4e+00	2.831650e+05	3.5e+03
4.5149e+03	2.4e+00	2.815658e+05	3.6e+03
4.5185e+03	2.4e+00	2.790247e+05	4.2e+03
4.5221e+03	2.4e+00	2.777118e+05	3.7e+03
4.5258e+03	2.4e+00	2.769554e+05	3.7e+03
4.5294e+03	2.4e+00	2.754701e+05	4.2e+03
4.5330e+03	2.4e+00	2.717355e+05	4.0e+03
4.5366e+03	2.4e+00	2.687764e+05	3.4e+03
4.5402e+03	2.4e+00	2.681405e+05	3.4e+03
4.5438e+03	2.4e+00	2.643548e+05	3.1e+03
4.5474e+03	2.4e+00	2.617729e+05	3.2e+03
4.5510e+03	2.4e+00	2.595540e+05	3.8e+03
4.5546e+03	2.4e+00	2.608368e+05	3.5e+03
4.5582e+03	2.4e+00	2.605505e+05	3.5e+03
4.5619e+03	2.4e+00	2.597974e+05	3.7e+03
4.5655e+03	2.4e+00	2.580359e+05	3.1e+03
4.5691e+03	2.4e+00	2.573580e+05	3.7e+03
4.5727e+03	2.4e+00	2.535836e+05	3.6e+03
4.5763e+03	2.4e+00	2.499169e+05	3.5e+03
4.5799e+03	2.4e+00	2.492418e+05	3.5e+03
4.5835e+03	2.4e+00	2.474777e+05	3.4e+03
4.5871e+03	2.4e+00	2.461509e+05	3.5e+03
4.5907e+03	2.4e+00	2.472275e+05	3.1e+03
4.5943e+03	2.4e+00	2.475635e+05	3.4e+03
4.5979e+03	2.4e+00	2.456102e+05	3.3e+03
4.6015e+03	2.4e+00	2.463984e+05	3.6e+03
4.6051e+03	2.4e+00	2.433494e+05	3.6e+03
4.6087e+03	2.4e+00	2.424177e+05	3.4e+03
4.6123e+03	2.4e+00	2.390660e+05	3.9e+03
4.6159e+03	2.4e+00	2.354022e+05	3.6e+03
4.6195e+03	2.4e+00	2.367115e+05	3.5e+03
4.6231e+03	2.4e+00	2.339610e+05	3.5e+03
4.6267e+03	2.4e+00	2.325776e+05	3.7e+03
4.6303e+03	2.4e+00	2.306896e+05	3.7e+03
4.6339e+03	2.4e+00	2.314931e+05	3.6e+03
4.6375e+03	2.4e+00	2.289909e+05	3.6e+03
4.6411e+03	2.4e+00	2.271083e+05	3.5e+03
4.6447e+03	2.4e+00	2.259902e+05	3.6e+03
4.6483e+03	2.4e+00	2.250580e+05	3.7e+03
4.6519e+03	2.4e+00	2.254350e+05	3.9e+03
4.6555e+03	2.4e+00	2.247125e+05	3.5e+03
4.6591e+03	2.4e+00	2.226417e+05	3.9e+03
4.6627e+03	2.4e+00	2.195241e+05	3.7e+03
4.6663e+03	2.4e+00	2.178598e+05	3.7e+03
4.6699e+03	2.4e+00	2.163199e+05	3.9e+03
4.6735e+03	2.4e+00	2.148334e+05	3.5e+03
4.6771e+03	2.4e+00	2.130781e+05	3.5e+03
4.6807e+03	2.4e+00	2.143630e+05	3.4e+03
4.6843e+03	2.4e+00	2.125586e+05	3.7e+03
4.6879e+03	2.4e+00	2.089482e+05	3.5e+03
4.6915e+03	2.4e+00	2.084919e+05	3.9e+03
4.6950e+03	2.4e+00	2.082612e+05	4.0e+03
4.6986e+03	2.4e+00	2.075586e+05	3.8e+03
4.7022e+03	2.4e+00	2.067177e+05	3.4e+03
4.7058e+03	2.4e+00	2.057464e+05	3.5e+03
4.7094e+03	2.4e+00	2.053108e+05	3.7e+03
4.7130e+03	2.4e+00	2.053635e+05	3.9e+03
4.7166e+03	2.4e+00	2.026669e+05	3.8e+03
4.7202e+03	2.4e+00	2.004854e+05	3.8e+03
4.7238e+03	2.4e+00	1.990713e+05	3.7e+03
4.7274e+03	2.4e+00	1.983473e+05	3.5e+03
4.7309e+03	2.4e+00	1.962715e+05	3.7e+03
4.7345e+03	2.4e+00	1.955880e+05	3.6e+03
4.7381e+03	2.4e+00	1.930658e+05	3.7e+03
4.7417e+03	2.4e+00	1.909602e+05	3.7e+03
4.7453e+03	2.4e+00	1.892765e+05	3.7e+03
4.7489e+03	2.4e+00	1.867398e+05	3.7e+03
4.7525e+03	2.4e+00	1.859342e+05	4.1e+03
4.7560e+03	2.4e+00	1.844744e+05	4.0e+03
4.7596e+03	2.4e+00	1.820786e+05	3.5e+03
4.7632e+03	2.4e+00	1.803856e+05	3.8e+03
4.7668e+03	2.4e+00	1.786475e+05	3.5e+03
4.7704e+03	2.4e+00	1.772053e+05	3.3e+03
4.7740e+03	2.4e+00	1.758196e+05	3.2e+03
4.7775e+03	2.4e+00	1.753453e+05	3.4e+03
4.7811e+03	2.4e+00	1.750812e+05	3.3e+03
4.7847e+03	2.4e+00	1.751847e+05	3.4e+03
4.7883e+03	2.4e+00	1.720892e+05	3.3e+03
4.7919e+03	2.4e+00	1.700425e+05	3.6e+03
4.7954e+03	2.4e+00	1.707034e+05	3.5e+03
4.7990e+03	2.4e+00	1.692675e+05	3.3e+03
4.8026e+03	2.4e+00	1.674605e+05	3.4e+03
4.8062e+03	2.4e+00	1.676656e+05	3.2e+03
4.8098e+03	2.4e+00	1.658001e+05	3.0e+03
4.8133e+03	2.4e+00	1.645257e+05	3.4e+03
4.8169e+03	2.4e+00	1.631389e+05	3.2e+03
4.8205e+03	2.4e+00	1.614628e+05	3.3e+03
4.8241e+03	2.4e+00	1.592643e+05	3.2e+03
4.8276e+03	2.4e+00	1.565622e+05	3.0e+03
4.8312e+03	2.4e+00	1.550425e+05	3.3e+03
4.8348e+03	2.4e+00	1.508927e+05	2.6e+03
4.8384e+03	2.4e+00	1.449521e+05	3.0e+03
4.8419e+03	2.4e+00	1.388746e+05	2.8e+03
4.8455e+03	2.4e+00	1.315404e+05	2.7e+03
4.8491e+03	2.4e+00	1.223489e+05	2.4e+03
4.8527e+03	2.4e+00	1.079887e+05	1.8e+03
4.8562e+03	2.4e+00	9.203108e+04	1.3e+03
4.8598e+03	2.4e+00	7.621163e+04	1.2e+03
4.8634e+03	2.4e+00	7.143294e+04	1.4e+03
4.8669e+03	2.4e+00	7.967501e+04	1.6e+03
4.8705e+03	2.4e+00	9.623383e+04	1.7e+03
4.8741e+03	2.4e+00	1.103893e+05	2.2e+03
4.8777e+03	2.4e+00	1.207429e+05	2.2e+03
4.8812e+03	2.4e+00	1.272505e+05	2.7e+03
4.8848e+03	2.4e+00	1.329336e+05	2.5e+03
4.8884e+03	2.4e+00	1.368173e+05	2.5e+03
4.8919e+03	2.4e+00	1.395637e+05	2.3e+03
4.8955e+03	2.4e+00	1.407377e+05	2.5e+03
4.8991e+03	2.4e+00	1.411577e+05	2.6e+03
4.9026e+03	2.4e+00	1.413229e+05	2.7e+03
4.9062e+03	2.4e+00	1.437780e+05	2.5e+03
4.9098e+03	2.4e+00	1.441245e+05	2.7e+03
4.9133e+03	2.4e+00	1.427198e+05	2.2e+03
4.9169e+03	2.4e+00	1.425906e+05	2.4e+03
4.9205e+03	2.4e+00	1.410270e+05	2.5e+03
4.9240e+03	2.4e+00	1.408488e+05	2.4e+03
4.9276e+03	2.4e+00	1.402657e+05	2.4e+03
4.9312e+03	2.4e+00	1.402952e+05	2.5e+03
4.9347e+03	2.4e+00	1.394998e+05	2.5e+03
4.9383e+03	2.4e+00	1.411140e+05	2.4e+03
4.9418e+03	2.4e+00	1.400753e+05	2.3e+03
4.9454e+03	2.4e+00	1.390646e+05	2.1e+03
4.9490e+03	2.4e+00	1.392705e+05	2.2e+03
4.9525e+03	2.4e+00	1.389822e+05	2.2e+03
4.9561e+03	2.4e+00	1.372610e+05	2.0e+03
4.9596e+03	2.4e+00	1.361536e+05	2.1e+03
4.9632e+03	2.4e+00	1.367260e+05	2.2e+03
4.9668e+03	2.4e+00	1.347890e+05	2.1e+03
4.9703e+03	2.4e+00	1.338367e+05	2.1e+03
4.9739e+03	2.4e+00	1.332903e+05	2.1e+03
4.9774e+03	2.4e+00	1.337140e+05	1.9e+03
4.9810e+03	2.4e+00	1.321342e+05	1.8e+03
4.9845e+03	2.4e+00	1.307145e+05	1.9e+03
4.9881e+03	2.4e+00	1.299599e+05	1.8e+03
4.9917e+03	2.4e+00	1.293490e+05	1.6e+03
4.9952e+03	2.4e+00	1.295074e+05	1.7e+03
4.9988e+03	2.4e+00	1.285744e+05	1.7e+03
5.0023e+03	2.4e+00	1.263340e+05	1.7e+03
5.0059e+03	2.4e+00	1.261574e+05	1.8e+03
5.0094e+03	2.4e+00	1.249167e+05	1.7e+03
5.0130e+03	2.4e+00	1.249389e+05	1.5e+03
5.0165e+03	2.4e+00	1.231911e+05	1.7e+03
5.0201e+03	2.4e+00	1.223097e+05	1.4e+03
5.0236e+03	2.4e+00	1.205019e+05	1.5e+03
5.0272e+03	2.4e+00	1.204657e+05	1.5e+03
5.0307e+03	2.4e+00	1.199556e+05	1.3e+03
5.0343e+03	2.4e+00	1.199545e+05	1.1e+03
5.0378e+03	2.4e+00	1.181122e+05	1.4e+03
5.0414e+03	2.4e+00	1.177793e+05	1.7e+03
5.0449e+03	2.4e+00	1.177352e+05	1.6e+03
5.0485e+03	2.4e+00	1.169387e+05	1.6e+03
5.0520e+03	2.4e+00	1.159334e+05	1.3e+03
5.0556e+03	2.4e+00	1.166248e+05	1.3e+03
5.0591e+03	2.4e+00	1.157623e+05	1.3e+03
5.0627e+03	2.4e+00	1.146566e+05	1.4e+03
5.0662e+03	2.4e+00	1.150011e+05	1.3e+03
5.0698e+03	2.4e+00	1.140878e+05	1.1e+03
5.0733e+03	2.4e+00	1.136595e+05	1.2e+03
5.0769e+03	2.4e+00	1.141179e+05	9.9e+02
5.0804e+03	2.4e+00	1.135352e+05	1.2e+03
5.0840e+03	2.4e+00	1.126907e+05	1.2e+03
5.0875e+03	2.4e+00	1.117250e+05	1.2e+03
5.0910e+03	2.4e+00	1.120097e+05	1.2e+03
5.0946e+03	2.4e+00	1.116806e+05	1.1e+03
5.0981e+03	2.4e+00	1.104001e+05	1.1e+03
5.1017e+03	2.4e+00	1.092002e+05	9.8e+02
5.1052e+03	2.4e+00	1.089379e+05	1.0e+03
5.1088e+03	2.4e+00	1.088300e+05	8.4e+02
5.1123e+03	2.4e+00	1.079448e+05	9.4e+02
5.1158e+03	2.4e+00	1.082198e+05	1.2e+03
5.1194e+03	2.4e+00	1.064617e+05	9.4e+02
5.1229e+03	2.4e+00	1.059069e+05	8.6e+02
5.1265e+03	2.4e+00	1.059108e+05	1.0e+03
5.1300e+03	2.4e+00	1.051435e+05	9.6e+02
5.1335e+03	2.4e+00	1.042329e+05	8.0e+02
5.1371e+03	2.4e+00	1.042711e+05	8.6e+02
5.1406e+03	2.4e+00	1.033659e+05	8.4e+02
5.1441e+03	2.4e+00	1.020499e+05	8.8e+02
5.1477e+03	2.4e+00	1.017278e+05	9.1e+02
5.1512e+03	2.4e+00	1.007297e+05	8.9e+02
5.1548e+03	2.4e+00	1.008262e+05	8.5e+02
5.1583e+03	2.4e+00	1.003153e+05	7.8e+02
5.1618e+03	2.4e+00	9.940299e+04	5.6e+02
5.1654e+03	2.4e+00	9.831438e+04	5.0e+02
5.1689e+03	2.4e+00	9.685147e+04	6.4e+02
5.1724e+03	2.4e+00	9.547265e+04	6.8e+02
5.1760e+03	2.4e+00	9.558127e+04	8.5e+02
5.1795e+03	2.4e+00	9.570333e+04	8.1e+02
5.1830e+03	2.4e+00	9.557188e+04	7.4e+02
5.1866e+03	2.4e+00	9.472471e+04	7.5e+02
5.1901e+03	2.4e+00	9.384793e+04	6.0e+02
5.1936e+03	2.4e+00	9.484520e+04	6.2e+02
5.1971e+03	2.4e+00	9.476371e+04	6.5e+02
5.2007e+03	2.4e+00	9.390679e+04	5.8e+02
5.2042e+03	2.4e+00	9.233225e+04	6.2e+02
5.2077e+03	2.4e+00	9.343036e+04	5.0e+02
5.2113e+03	2.4e+00	9.279809e+04	5.1e+02
5.2148e+03	2.4e+00	9.271102e+04	6.2e+02
5.2183e+03	2.4e+00	9.245365e+04	5.6e+02
5.2219e+03	2.4e+00	9.113421e+04	6.9e+02
5.2254e+03	2.4e+00	9.176863e+04	4.6e+02
5.2289e+03	2.4e+00	9.021001e+04	4.6e+02
5.2324e+03	2.4e+00	8.849072e+04	6.4e+02
5.2360e+03	2.4e+00	8.860768e+04	5.6e+02
5.2395e+03	2.4e+00	8.816899e+04	5.1e+02
5.2430e+03	2.4e+00	8.812655e+04	5.5e+02
5.2465e+03	2.4e+00	8.729140e+04	2.5e+02
5.2501e+03	2.4e+00	8.751730e+04	3.9e+02
5.2536e+03	2.4e+00	8.613516e+04	4.8e+02
5.2571e+03	2.4e+00	8.628369e+04	7.3e+02
5.2606e+03	2.4e+00	8.500144e+04	5.7e+02
5.2641e+03	2.4e+00	8.391726e+04	5.3e+02
5.2677e+03	2.4e+00	8.389193e+04	5.4e+02
5.2712e+03	2.4e+00	8.348719e+04	6.0e+02
5.2747e+03	2.4e+00	8.218539e+04	4.9e+02
5.2782e+03	2.4e+00	8.113027e+04	5.6e+02
5.2817e+03	2.4e+00	8.150723e+04	4.4e+02
5.2853e+03	2.4e+00	8.152135e+04	5.7e+02
5.2888e+03	2.4e+00	8.107606e+04	4.6e+02
5.2923e+03	2.4e+00	8.064668e+04	4.6e+02
5.2958e+03	2.4e+00	8.020109e+04	5.3e+02
5.2993e+03	2.4e+00	8.073623e+04	3.0e+02
5.3029e+03	2.4e+00	7.986757e+04	3.1e+02
5.3064e+03	2.4e+00	7.957442e+04	4.4e+02
5.3099e+03	2.4e+00	7.856544e+04	3.2e+02
5.3134e+03	2.4e+00	7.784731e+04	2.6e+02
5.3169e+03	2.4e+00	7.751353e+04	3.6e+02
5.3204e+03	2.4e+00	7.703266e+04	4.2e+02
5.3240e+03	2.4e+00	7.713851e+04	5.2e+02
5.3275e+03	2.4e+00	7.740657e+04	3.7e+02
5.3310e+03	2.4e+00	7.657213e+04	3.4e+02
5.3345e+03	2.4e+00	7.653376e+04	4.3e+02
5.3380e+03	2.4e+00	7.644492e+04	3.5e+02
5.3415e+03	2.4e+00	7.582233e+04	4.2e+02
5.3450e+03	2.4e+00	7.557415e+04	3.7e+02
5.3485e+03	2.4e+00	7.586096e+04	2.7e+02
5.3521e+03	2.4e+00	7.570225e+04	5.3e+02
5.3556e+03	2.4e+00	7.543255e+04	2.4e+02
5.3591e+03	2.4e+00	7.547030e+04	2.2e+02
5.3626e+03	2.4e+00	7.464793e+04	1.7e+02
5.3661e+03	2.4e+00	7.444716e+04	2.2e+02
5.3696e+03	2.4e+00	7.367052e+04	1.6e+02
5.3731e+03	2.4e+00	7.349516e+04	2.0e+02
5.3766e+03	2.4e+00	7.382126e+04	3.7e+02
5.3801e+03	2.4e+00	7.311113e+04	2.0e+02
5.3836e+03	2.4e+00	7.250148e+04	1.6e+02
5.3871e+03	2.4e+00	7.213870e+04	3.1e+02
5.3907e+03	2.4e+00	7.116568e+04	3.0e+02
5.3942e+03	2.4e+00	7.103463e+04	2.5e+02
5.3977e+03	2.4e+00	7.090711e+04	2.5e+02
5.4012e+03	2.4e+00	7.041713e+04	2.2e+02
5.4047e+03	2.4e+00	7.035786e+04	1.5e+02
5.4082e+03	2.4e+00	7.020706e+04	1.4e+02
5.4117e+03	2.4e+00	6.909246e+04	2.6e+02
5.4152e+03	2.4e+00	6.894997e+04	1.4e+02
5.4187e+03	2.4e+00	6.828915e+04	2.4e+02
5.4222e+03	2.4e+00	6.842996e+04	1.3e+02
5.4257e+03	2.4e+00	6.801007e+04	3.5e+02
5.4292e+03	2.4e+00	6.756158e+04	2.8e+02
5.4327e+03	2.4e+00	6.764487e+04	1.0e+02
5.4362e+03	2.4e+00	6.703750e+04	1.5e+02
5.4397e+03	2.4e+00	6.620103e+04	8.0e+01
5.4432e+03	2.4e+00	6.660465e+04	2.8e+02
5.4467e+03	2.4e+00	6.651986e+04	1.9e+02
5.4502e+03	2.4e+00	6.604123e+04	1.9e+02
5.4537e+03	2.4e+00	6.590131e+04	2.1e+02
5.4572e+03	2.4e+00	6.577980e+04	1.5e+02
5.4607e+03	2.4e+00	6.523240e+04	1.7e+02
5.4642e+03	2.4e+00	6.549880e+04	3.3e+02
5.4677e+03	2.4e+00	6.451466e+04	3.5e+02
5.4712e+03	2.4e+00	6.395772e+04	3.2e+02
5.4747e+03	2.4e+00	6.369324e+04	2.9e+02
5.4782e+03	2.4e+00	6.343277e+04	3.2e+02
5.4817e+03	2.4e+00	6.290163e+04	3.0e+02
5.4852e+03	2.4e+00	6.319661e+04	2.5e+02
5.4887e+03	2.4e+00	6.273284e+04	1.6e+02
5.4922e+03	2.4e+00	6.268178e+04	3.1e+02
5.4956e+03	2.4e+00	6.234152e+04	3.8e+02
5.4991e+03	2.4e+00	6.219821e+04	2.8e+02
5.5026e+03	2.4e+00	6.195178e+04	4.2e+02
5.5061e+03	2.4e+00	6.181577e+04	2.1e+02
5.5096e+03	2.4e+00	6.153470e+04	2.2e+02
5.5131e+03	2.4e+00	6.128716e+04	3.3e+02
5.5166e+03	2.4e+00	6.087781e+04	4.0e+02
5.5201e+03	2.4e+00	6.053086e+04	1.4e+02
5.5236e+03	2.4e+00	6.052807e+04	2.2e+02
5.5271e+03	2.4e+00	5.949476e+04	2.1e+02
5.5306e+03	2.4e+00	5.929916e+04	3.1e+02
5.5340e+03	2.4e+00	5.860213e+04	5.4e+01
5.5375e+03	2.4e+00	5.882271e+04	3.1e+02
5.5410e+03	2.4e+00	5.887734e+04	2.9e+02
5.5445e+03	2.4e+00	5.891675e+04	3.8e+02
5.5480e+03	2.4e+00	5.823909e+04	4.5e+02
5.5515e+03	2.4e+00	5.792009e+04	3.4e+02
5.5550e+03	2.4e+00	5.796910e+04	1.7e+02
5.5585e+03	2.4e+00	5.791243e+04	2.5e+02
5.5619e+03	2.4e+00	5.713674e+04	2.7e+02
5.5654e+03	2.4e+00	5.708785e+04	1.9e+02
5.5689e+03	2.4e+00	5.677034e+04	1.7e+02
5.5724e+03	2.4e+00	5.655565e+04	4.4e+02
5.5759e+03	2.4e+00	5.626539e+04	7.9e+01
5.5794e+03	2.4e+00	5.558538e+04	5.0e+01
5.5828e+03	2.4e+00	5.539114e+04	1.0e+02
5.5863e+03	2.4e+00	5.504501e+04	1.7e+02
5.5898e+03	2.4e+00	5.531849e+04	1.9e+02
5.5933e+03	2.4e+00	5.465250e+04	1.1e+02
5.5968e+03	2.4e+00	5.425860e+04	1.9e+02
5.6002e+03	2.4e+00	5.446806e+04	1.2e+02
5.6037e+03	2.4e+00	5.426137e+04	1.4e+02
5.6072e+03	2.4e+00	5.375640e+04	7.7e+01
5.6107e+03	2.4e+00	5.305290e+04	1.9e+02
5.6142e+03	2.4e+00	5.355234e+04	1.5e+02
5.6176e+03	2.4e+00	5.245922e+04	1.9e+02
5.6211e+03	2.4e+00	5.236333e+04	1.8e+02
5.6246e+03	2.4e+00	5.269273e+04	1.8e+02
5.6281e+03	2.4e+00	5.226930e+04	2.5e+02
5.6315e+03	2.4e+00	5.231825e+04	1.9e+02
5.6350e+03	2.4e+00	5.169449e+04	2.3e+02
5.6385e+03	2.4e+00	5.143764e+04	1.7e+02
5.6420e+03	2.4e+00	5.135024e+04	2.4e+02
5.6454e+03	2.4e+00	5.077405e+04	2.5e+02
5.6489e+03	2.4e+00	5.130960e+04	3.3e+02
5.6524e+03	2.4e+00	5.107449e+04	2.5e+02
5.6559e+03	2.4e+00	5.041655e+04	3.8e+02
5.6593e+03	2.4e+00	4.945235e+04	2.2e+02
5.6628e+03	2.4e+00	5.016348e+04	1.7e+02
5.6663e+03	2.4e+00	4.971294e+04	1.9e+02
5.6698e+03	2.4e+00	4.936910e+04	2.6e+02
5.6732e+03	2.4e+00	4.904925e+04	3.3e+02
5.6767e+03	2.4e+00	4.920355e+04	3.0e+02
5.6802e+03	2.4e+00	4.892225e+04	1.7e+02
5.6836e+03	2.4e+00	4.819404e+04	2.5e+02
5.6871e+03	2.4e+00	4.789922e+04	3.1e+02
5.6906e+03	2.4e+00	4.755216e+04	2.9e+02
5.6940e+03	2.4e+00	4.695861e+04	2.0e+02
5.6975e+03	2.4e+00	4.674719e+04	2.0e+02
5.7010e+03	2.4e+00	4.708907e+04	2.5e+02
5.7045e+03	2.4e+00	4.665256e+04	2.4e+02
5.7079e+03	2.4e+00	4.614453e+04	2.2e+02
5.7114e+03	2.4e+00	4.574009e+04	2.0e+02
5.7149e+03	2.4e+00	4.571066e+04	2.4e+02
5.7183e+03	2.4e+00	4.539098e+04	2.6e+02
5.7218e+03	2.4e+00	4.516793e+04	3.0e+02
5.7252e+03	2.4e+00	4.497489e+04	2.8e+02
5.7287e+03	2.4e+00	4.509293e+04	2.7e+02
5.7322e+03	2.4e+00	4.480620e+04	2.5e+02
5.7356e+03	2.4e+00	4.439956e+04	2.3e+02
5.7391e+03	2.4e+00	4.381555e+04	1.9e+02
5.7426e+03	2.4e+00	4.397938e+04	1.8e+02
5.7460e+03	2.4e+00	4.391369e+04	2.1e+02
5.7495e+03	2.4e+00	4.373811e+04	2.6e+02
5.7529e+03	2.4e+00	4.340886e+04	2.7e+02
5.7564e+03	2.4e+00	4.343985e+04	2.5e+02
5.7599e+03	2.4e+00	4.311257e+04	2.5e+02
5.7633e+03	2.4e+00	4.290956e+04	3.6e+02
5.7668e+03	2.4e+00	4.267251e+04	2.2e+02
5.7702e+03	2.4e+00	4.272576e+04	2.7e+02
5.7737e+03	2.4e+00	4.286773e+04	2.8e+02
5.7772e+03	2.4e+00	4.242494e+04	1.6e+02
5.7806e+03	2.4e+00	4.224041e+04	1.5e+02
5.7841e+03	2.4e+00	4.218826e+04	1.9e+02
5.7875e+03	2.4e+00	4.250822e+04	2.8e+02
5.7910e+03	2.4e+00	4.231341e+04	2.3e+02
5.7944e+03	2.4e+00	4.245451e+04	2.0e+02
5.7979e+03	2.4e+00	4.226524e+04	1.3e+02
5.8014e+03	2.4e+00	4.233882e+04	2.1e+02
5.8048e+03	2.4e+00	4.200396e+04	1.9e+02
5.8083e+03	2.4e+00	4.187047e+04	1.8e+02
5.8117e+03	2.4e+00	4.254473e+04	1.9e+02
5.8152e+03	2.4e+00	4.236078e+04	2.4e+02
5.8186e+03	2.4e+00	4.251095e+04	3.0e+02
5.8221e+03	2.4e+00	4.256448e+04	2.2e+02
5.8255e+03	2.4e+00	4.239492e+04	2.3e+02
5.8290e+03	2.4e+00	4.232936e+04	3.1e+02
5.8324e+03	2.4e+00	4.196235e+04	2.1e+02
5.8359e+03	2.4e+00	4.229421e+04	3.1e+02
5.8393e+03	2.4e+00	4.171941e+04	2.5e+02
5.8428e+03	2.4e+00	4.181088e+04	2.1e+02
5.8462e+03	2.4e+00	4.203652e+04	3.1e+02
5.8497e+03	2.4e+00	4.166738e+04	2.4e+02
5.8531e+03	2.4e+00	4.133384e+04	2.6e+02
5.8566e+03	2.4e+00	4.095018e+04	2.9e+02
5.8600e+03	2.4e+00	4.114786e+04	2.5e+02
5.8635e+03	2.4e+00	4.050017e+04	2.9e+02
5.8669e+03	2.4e+00	4.047891e+04	3.1e+02
5.8704e+03	2.4e+00	4.051426e+04	2.6e+02
5.8738e+03	2.4e+00	4.028633e+04	2.4e+02
5.8773e+03	2.4e+00	4.008015e+04	2.6e+02
5.8807e+03	2.4e+00	4.013067e+04	2.5e+02
5.8841e+03	2.4e+00	3.967914e+04	2.5e+02
5.8876e+03	2.4e+00	3.872672e+04	2.9e+02
5.8910e+03	2.4e+00	3.837978e+04	2.5e+02
5.8945e+03	2.4e+00	3.781109e+04	2.8e+02
5.8979e+03	2.4e+00	3.800651e+04	2.6e+02
5.9014e+03	2.4e+00	3.797943e+04	2.2e+02
5.9048e+03	2.4e+00	3.837867e+04	4.0e+02
5.9082e+03	2.4e+00	3.857461e+04	2.9e+02
5.9117e+03	2.4e+00	3.812090e+04	2.6e+02
5.9151e+03	2.4e+00	3.811295e+04	2.8e+02
5.9186e+03	2.4e+00	3.803061e+04	2.9e+02
5.9220e+03	2.4e+00	3.767749e+04	2.1e+02
5.9254e+03	2.4e+00	3.743385e+04	4.1e+02
5.9289e+03	2.4e+00	3.747237e+04	2.8e+02
5.9323e+03	2.4e+00	3.744401e+04	2.9e+02
5.9358e+03	2.4e+00	3.729940e+04	2.2e+02
5.9392e+03	2.4e+00	3.727850e+04	2.3e+02
5.9426e+03	2.4e+00	3.658463e+04	2.6e+02
5.9461e+03	2.4e+00	3.644394e+04	2.2e+02
5.9495e+03	2.4e+00	3.664550e+04	7.1e+01
5.9529e+03	2.4e+00	3.659013e+04	1.3e+02
5.9564e+03	2.4e+00	3.643501e+04	2.8e+02
5.9598e+03	2.4e+00	3.637121e+04	2.6e+02
5.9633e+03	2.4e+00	3.580155e+04	2.2e+02
5.9667e+03	2.4e+00	3.593849e+04	2.7e+02
5.9701e+03	2.4e+00	3.589893e+04	1.8e+02
5.9736e+03	2.4e+00	3.563175e+04	1.3e+02
5.9770e+03	2.4e+00	3.561097e+04	1.6e+02
5.9804e+03	2.4e+00	3.552426e+04	1.3e+02
5.9838e+03	2.4e+00	3.538845e+04	1.6e+02
5.9873e+03	2.4e+00	3.565540e+04	2.4e+02
5.9907e+03	2.4e+00	3.531447e+04	2.5e+02
5.9941e+03	2.4e+00	3.544756e+04	2.2e+02
5.9976e+03	2.4e+00	3.525798e+04	1.4e+02
6.0010e+03	2.4e+00	3.500832e+04	2.1e+02
6.0044e+03	2.4e+00	3.477874e+04	1.8e+02
6.0079e+03	2.4e+00	3.464367e+04	2.3e+02
6.0113e+03	2.4e+00	3.450869e+04	1.9e+02
6.0147e+03	2.4e+00	3.519162e+04	1.8e+02
6.0181e+03	2.4e+00	3.418267e+04	1.6e+02
6.0216e+03	2.4e+00	3.448655e+04	1.1e+02
6.0250e+03	2.4e+00	3.398401e+04	1.6e+02
6.0284e+03	2.4e+00	3.405032e+04	1.8e+02
6.0318e+03	2.4e+00	3.393445e+04	2.4e+02
6.0353e+03	2.4e+00	3.381682e+04	1.2e+02
6.0387e+03	2.4e+00	3.402424e+04	1.6e+02
6.0421e+03	2.4e+00	3.345273e+04	1.2e+02
6.0455e+03	2.4e+00	3.318412e+04	1.4e+02
6.0490e+03	2.4e+00	3.314165e+04	1.4e+02
6.0524e+03	2.4e+00	3.329919e+04	1.1e+02
6.0558e+03	2.4e+00	3.302891e+04	1.1e+02
6.0592e+03	2.4e+00	3.335113e+04	1.6e+02
6.0627e+03	2.4e+00	3.284554e+04	2.0e+02
6.0661e+03	2.4e+00	3.288363e+04	1.6e+02
6.0695e+03	2.4e+00	3.292566e+04	4.8e+01
6.0729e+03	2.4e+00	3.237781e+04	5.7e+01
6.0763e+03	2.4e+00	3.257880e+04	2.2e+02
6.0798e+03	2.4e+00	3.253148e+04	1.7e+02
6.0832e+03	2.4e+00	3.225624e+04	8.9e+01
6.0866e+03	2.4e+00	3.284878e+04	1.6e+02
6.0900e+03	2.4e+00	3.210126e+04	1.5e+02
6.0934e+03	2.4e+00	3.218408e+04	1.3e+02
6.0969e+03	2.4e+00	3.203137e+04	1.7e+02
6.1003e+03	2.4e+00	3.193618e+04	1.1e+02
6.1037e+03	2.4e+00	3.200603e+04	2.1e+02
6.1071e+03	2.4e+00	3.221216e+04	1.8e+02
6.1105e+03	2.4e+00	3.233288e+04	2.0e+02
6.1139e+03	2.4e+00	3.188390e+04	1.6e+02
6.1174e+03	2.4e+00	3.192620e+04	2.1e+02
6.1208e+03	2.4e+00	3.142211e+04	2.1e+02
6.1242e+03	2.4e+00	3.199482e+04	1.9e+02
6.1276e+03	2.4e+00	3.184139e+04	2.7e+02
6.1310e+03	2.4e+00	3.120622e+04	2.1e+02
6.1344e+03	2.4e+00	3.102786e+04	1.5e+02
6.1378e+03	2.4e+00	3.125260e+04	2.6e+02
6.1412e+03	2.4e+00	3.112875e+04	1.5e+02
6.1447e+03	2.4e+00	3.096049e+04	2.6e+02
6.1481e+03	2.4e+00	3.090450e+04	1.6e+02
6.1515e+03	2.4e+00	3.075426e+04	1.5e+02
6.1549e+03	2.4e+00	3.035745e+04	1.4e+02
6.1583e+03	2.4e+00	3.006412e+04	1.0e+02
6.1617e+03	2.4e+00	3.020218e+04	1.0e+02
6.1651e+03	2.4e+00	2.995966e+04	8.4e+01
6.1685e+03	2.4e+00	2.982729e+04	1.6e+02
6.1719e+03	2.4e+00	3.023898e+04	1.7e+02
6.1753e+03	2.4e+00	3.033509e+04	1.1e+02
6.1787e+03	2.4e+00	2.971142e+04	1.4e+02
6.1822e+03	2.4e+00	2.958432e+04	1.3e+02
6.1856e+03	2.4e+00	2.936580e+04	9.6e+01
6.1890e+03	2.4e+00	2.950052e+04	1.2e+02
6.1924e+03	2.4e+00	2.961864e+04	6.2e+01
6.1958e+03	2.4e+00	2.967831e+04	3.6e+01
6.1992e+03	2.4e+00	2.929333e+04	8.1e+01
6.2026e+03	2.4e+00	2.930264e+04	1.7e+02
6.2060e+03	2.4e+00	2.914461e+04	9.4e+01
6.2094e+03	2.4e+00	2.921747e+04	1.7e+02
6.2128e+03	2.4e+00	2.897464e+04	9.7e+01
6.2162e+03	2.4e+00	2.870634e+04	8.6e+01
6.2196e+03	2.4e+00	2.829522e+04	2.2e+01
6.2230e+03	2.4e+00	2.827881e+04	6.3e+01
6.2264e+03	2.4e+00	2.834271e+04	7.4e+01
6.2298e+03	2.4e+00	2.851383e+04	1.2e+02
6.2332e+03	2.4e+00	2.831210e+04	8.3e+01
6.2366e+03	2.4e+00	2.847159e+04	1.2e+02
6.2400e+03	2.4e+00	2.774629e+04	8.6e+01
6.2434e+03	2.4e+00	2.811780e+04	1.0e+02
6.2468e+03	2.4e+00	2.757614e+04	8.0e+01
6.2502e+03	2.4e+00	2.739939e+04	9.8e+01
6.2536e+03	2.4e+00	2.729938e+04	1.3e+02
6.2570e+03	2.4e+00	2.757117e+04	1.3e+02
6.2604e+03	2.4e+00	2.753139e+04	4.1e+01
6.2638e+03	2.4e+00	2.698178e+04	2.0e+01
6.2672e+03	2.4e+00	2.704706e+04	4.8e+01
6.2706e+03	2.4e+00	2.726551e+04	5.3e+01
6.2740e+03	2.4e+00	2.650172e+04	1.5e+02
6.2774e+03	2.4e+00	2.520185e+04	2.5e+01
6.2808e+03	2.4e+00	2.458929e+04	3.4e+01
6.2841e+03	2.4e+00	2.495898e+04	5.8e+01
6.2875e+03	2.4e+00	2.553427e+04	5.1e+01
6.2909e+03	2.4e+00	2.582663e+04	1.1e+02
6.2943e+03	2.4e+00	2.569994e+04	4.4e+01
6.2977e+03	2.4e+00	2.585781e+04	4.0e+01
6.3011e+03	2.4e+00	2.575508e+04	5.1e+01
6.3045e+03	2.4e+00	2.551526e+04	1.4e+01
6.3079e+03	2.4e+00	2.551556e+04	7.1e+01
6.3113e+03	2.4e+00	2.564146e+04	3.9e+01
6.3147e+03	2.4e+00	2.575314e+04	2.3e+01
6.3181e+03	2.4e+00	2.572887e+04	6.5e+01
6.3214e+03	2.4e+00	2.564680e+04	7.1e+01
6.3248e+03	2.4e+00	2.617992e+04	1.1e+02
6.3282e+03	2.4e+00	2.623946e+04	4.8e+01
6.3316e+03	2.4e+00	2.598423e+04	5.4e+01
6.3350e+03	2.4e+00	2.567184e+04	9.8e+01
6.3384e+03	2.4e+00	2.582926e+04	6.7e+01
6.3418e+03	2.4e+00	2.576123e+04	2.8e+01
6.3452e+03	2.4e+00	2.538425e+04	7.5e+01
6.3485e+03	2.4e+00	2.534012e+04	4.8e+01
6.3519e+03	2.4e+00	2.530397e+04	1.7e+01
6.3553e+03	2.4e+00	2.575148e+04	5.6e+01
6.3587e+03	2.4e+00	2.574712e+04	8.5e+01
6.3621e+03	2.4e+00	2.514589e+04	5.3e+01
6.3655e+03	2.4e+00	2.557120e+04	2.2e+02
6.3688e+03	2.4e+00	2.573342e+04	1.3e+02
6.3722e+03	2.4e+00	2.554081e+04	4.3e+01
6.3756e+03	2.4e+00	2.543104e+04	2.5e+01
6.3790e+03	2.4e+00	2.538332e+04	8.9e+01
6.3824e+03	2.4e+00	2.496321e+04	1.1e+02
6.3857e+03	2.4e+00	2.548969e+04	1.5e+02
6.3891e+03	2.4e+00	2.520204e+04	1.4e+02
6.3925e+03	2.4e+00	2.501460e+04	1.0e+02
6.3959e+03	2.4e+00	2.488753e+04	2.2e+02
6.3993e+03	2.4e+00	2.501012e+04	7.7e+01
6.4026e+03	2.4e+00	2.486963e+04	2.8e+01
6.4060e+03	2.4e+00	2.450668e+04	7.0e+01
6.4094e+03	2.4e+00	2.434279e+04	1.6e+02
6.4128e+03	2.4e+00	2.458711e+04	4.8e+01
6.4162e+03	2.4e+00	2.427129e+04	2.7e+01
6.4195e+03	2.4e+00	2.435680e+04	3.2e+01
6.4229e+03	2.4e+00	2.411619e+04	2.4e+01
6.4263e+03	2.4e+00	2.453857e+04	3.9e+01
6.4297e+03	2.4e+00	2.465783e+04	5.9e+01
6.4330e+03	2.4e+00	2.394023e+04	8.0e+01
6.4364e+03	2.4e+00	2.413580e+04	2.2e+02
6.4398e+03	2.4e+00	2.421266e+04	4.7e+01
6.4432e+03	2.4e+00	2.432254e+04	9.4e+01
6.4465e+03	2.4e+00	2.423249e+04	8.0e+01
6.4499e+03	2.4e+00	2.380673e+04	1.1e+02
6.4533e+03	2.4e+00	2.372816e+04	7.5e+01
6.4566e+03	2.4e+00	2.358187e+04	2.1e+01
6.4600e+03	2.4e+00	2.311626e+04	6.4e+01
6.4634e+03	2.4e+00	2.321205e+04	1.8e+01
6.4667e+03	2.4e+00	2.366240e+04	3.9e+01
6.4701e+03	2.4e+00	2.312753e+04	1.3e+01
6.4735e+03	2.4e+00	2.277619e+04	5.1e+01
6.4769e+03	2.4e+00	2.271437e+04	1.2e+02
6.4802e+03	2.4e+00	2.265234e+04	1.5e+02
6.4836e+03	2.4e+00	2.282832e+04	8.0e+01
6.4870e+03	2.4e+00	2.269819e+04	1.9e+01
6.4903e+03	2.4e+00	2.235252e+04	7.2e+01
6.4937e+03	2.4e+00	2.276845e+04	5.4e+01
6.4971e+03	2.4e+00	2.257772e+04	8.0e+01
6.5004e+03	2.4e+00	2.262635e+04	4.8e+01
6.5038e+03	2.4e+00	2.262995e+04	7.6e+01
6.5072e+03	2.4e+00	2.261409e+04	1.1e+02
6.5105e+03	2.4e+00	2.252242e+04	7.3e+01
6.5139e+03	2.4e+00	2.173098e+04	1.2e+02
6.5172e+03	2.4e+00	2.153178e+04	7.3e+01
6.5206e+03	2.4e+00	2.156969e+04	2.8e+01
6.5240e+03	2.4e+00	2.140558e+04	6.0e+01
6.5273e+03	2.4e+00	2.145225e+04	7.5e+01
6.5307e+03	2.4e+00	2.121029e+04	3.7e+01
6.5341e+03	2.4e+00	2.065887e+04	3.6e+01
6.5374e+03	2.4e+00	2.040271e+04	1.3e+02
6.5408e+03	2.4e+00	1.968649e+04	5.8e+01
6.5441e+03	2.4e+00	1.898305e+04	3.5e+01
6.5475e+03	2.4e+00	1.824481e+04	2.8e+01
6.5509e+03	2.4e+00	1.714262e+04	1.5e+01
6.5542e+03	2.4e+00	1.571731e+04	1.1e+02
6.5576e+03	2.4e+00	1.418010e+04	7.3e+01
6.5609e+03	2.4e+00	1.303434e+04	8.8e+00
6.5643e+03	2.4e+00	1.256515e+04	6.1e+01
6.5676e+03	2.4e+00	1.391275e+04	2.6e+01
6.5710e+03	2.4e+00	1.549413e+04	1.4e+01
6.5744e+03	2.4e+00	1.711436e+04	9.4e+01
6.5777e+03	2.4e+00	1.788506e+04	6.0e+01
6.5811e+03	2.4e+00	1.878656e+04	2.8e+01
6.5844e+03	2.4e+00	1.899625e+04	7.1e+01
6.5878e+03	2.4e+00	1.955431e+04	7.5e+01
6.5911e+03	2.4e+00	1.974289e+04	5.2e+01
6.5945e+03	2.4e+00	2.023796e+04	1.1e+02
6.5978e+03	2.4e+00	2.036477e+04	1.2e+02
6.6012e+03	2.4e+00	1.987176e+04	6.8e+01
6.6045e+03	2.4e+00	2.022137e+04	6.7e+01
6.6079e+03	2.4e+00	2.010506e+04	1.8e+02
6.6112e+03	2.4e+00	2.023900e+04	1.7e+02
6.6146e+03	2.4e+00	2.014064e+04	7.5e+01
6.6179e+03	2.4e+00	2.015995e+04	8.3e+01
6.6213e+03	2.4e+00	1.998920e+04	9.1e+01
6.6246e+03	2.4e+00	2.033533e+04	2.9e+01
6.6280e+03	2.4e+00	2.011595e+04	7.7e+01
6.6313e+03	2.4e+00	2.035290e+04	3.3e+01
6.6347e+03	2.4e+00	2.031380e+04	8.2e+01
6.6380e+03	2.4e+00	2.022794e+04	1.0e+01
6.6414e+03	2.4e+00	2.014574e+04	2.0e+02
6.6447e+03	2.4e+00	2.005220e+04	1.7e+02
6.6481e+03	2.4e+00	2.022005e+04	1.1e+02
6.6514e+03	2.4e+00	2.044557e+04	7.5e+01
6.6548e+03	2.4e+00	2.022085e+04	8.1e+01
6.6581e+03	2.4e+00	1.993307e+04	9.9e+01
6.6615e+03	2.4e+00	1.972132e+04	1.3e+02
6.6648e+03	2.4e+00	1.988532e+04	1.7e+02
6.6681e+03	2.4e+00	1.960243e+04	9.8e+01
6.6715e+03	2.4e+00	2.003001e+04	8.9e+01
6.6748e+03	2.4e+00	1.946532e+04	2.0e+02
6.6782e+03	2.4e+00	1.952819e+04	1.1e+02
6.6815e+03	2.4e+00	1.993208e+04	7.1e+01
6.6849e+03	2.4e+00	1.949541e+04	1.2e+02
6.6882e+03	2.4e+00	1.954800e+04	7.5e+01
6.6915e+03	2.4e+00	1.928455e+04	1.4e+02
6.6949e+03	2.4e+00	1.914075e+04	6.4e+01
6.6982e+03	2.4e+00	1.960382e+04	8.0e+01
6.7016e+03	2.4e+00	1.951164e+04	1.2e+02
6.7049e+03	2.4e+00	1.930957e+04	1.2e+02
6.7082e+03	2.4e+00	1.934575e+04	1.2e+02
6.7116e+03	2.4e+00	1.934924e+04	7.5e+01
6.7149e+03	2.4e+00	1.938270e+04	7.6e+01
6.7183e+03	2.4e+00	1.912128e+04	1.0e+02
6.7216e+03	2.4e+00	1.923400e+04	1.5e+02
6.7249e+03	2.4e+00	1.906004e+04	7.5e+01
6.7283e+03	2.4e+00	1.889110e+04	9.9e+01
6.7316e+03	2.4e+00	1.887224e+04	1.2e+02
6.7349e+03	2.4e+00	1.898897e+04	1.2e+02
6.7383e+03	2.4e+00	1.886142e+04	1.0e+02
6.7416e+03	2.4e+00	1.868417e+04	1.1e+02
6.7449e+03	2.4e+00	1.850101e+04	6.0e+01
6.7483e+03	2.4e+00	1.864929e+04	9.0e+01
6.7516e+03	2.4e+00	1.881635e+04	8.5e+01
6.7549e+03	2.4e+00	1.850952e+04	6.5e+01
6.7583e+03	2.4e+00	1.864574e+04	6.7e+01
6.7616e+03	2.4e+00	1.871909e+04	5.1e+01
6.7649e+03	2.4e+00	1.843527e+04	3.7e+01
6.7683e+03	2.4e+00	1.827435e+04	8.8e+01
6.7716e+03	2.4e+00	1.825476e+04	1.2e+02
6.7749e+03	2.4e+00	1.798026e+04	2.9e+01
6.7782e+03	2.4e+00	1.827722e+04	6.9e+01
6.7816e+03	2.4e+00	1.807925e+04	1.0e+02
6.7849e+03	2.4e+00	1.837184e+04	8.2e+01
6.7882e+03	2.4e+00	1.837602e+04	5.3e+01
6.7916e+03	2.4e+00	1.819152e+04	7.9e+01
6.7949e+03	2.4e+00	1.794248e+04	5.1e+01
6.7982e+03	2.4e+00	1.791813e+04	1.3e+02
6.8015e+03	2.4e+00	1.782442e+04	1.1e+02
6.8049e+03	2.4e+00	1.775234e+04	1.2e+02
6.8082e+03	2.4e+00	1.786019e+04	1.0e+02
6.8115e+03	2.4e+00	1.752470e+04	9.9e+01
6.8148e+03	2.4e+00	1.750733e+04	9.5e+01
6.8182e+03	2.4e+00	1.755182e+04	1.5e+02
6.8215e+03	2.4e+00	1.723409e+04	1.4e+02
6.8248e+03	2.4e+00	1.728418e+04	3.3e+01
6.8281e+03	2.4e+00	1.731008e+04	6.9e+01
6.8315e+03	2.4e+00	1.720499e+04	5.6e+01
6.8348e+03	2.4e+00	1.735384e+04	6.4e+01
6.8381e+03	2.4e+00	1.683720e+04	1.9e+02
6.8414e+03	2.4e+00	1.698381e+04	6.4e+01
6.8447e+03	2.4e+00	1.688368e+04	1.9e+01
6.8481e+03	2.4e+00	1.690054e+04	8.8e+01
6.8514e+03	2.4e+00	1.681025e+04	4.7e+01
6.8547e+03	2.4e+00	1.701643e+04	9.0e+01
6.8580e+03	2.4e+00	1.651599e+04	3.0e+01
6.8613e+03	2.4e+00	1.594227e+04	1.1e+02
6.8647e+03	2.4e+00	1.454264e+04	6.9e+01
6.8680e+03	2.4e+00	1.195060e+04	7.7e+01
6.8713e+03	2.4e+00	9.522254e+03	7.1e+01
6.8746e+03	2.4e+00	9.566905e+03	1.1e+02
6.8779e+03	2.4e+00	1.127200e+04	8.4e+01
6.8812e+03	2.4e+00	1.286488e+04	5.7e+00
6.8846e+03	2.4e+00	1.375226e+04	9.3e+01
6.8879e+03	2.4e+00	1.289751e+04	4.1e+01
6.8912e+03	2.4e+00	1.256799e+04	5.6e+00
6.8945e+03	2.4e+00	1.255593e+04	8.3e+01
6.8978e+03	2.4e+00	1.315820e+04	3.8e+01
6.9011e+03	2.4e+00	1.295771e+04	7.7e+01
6.9044e+03	2.4e+00	1.311562e+04	6.1e+01
6.9078e+03	2.4e+00	1.366217e+04	6.4e+01
6.9111e+03	2.4e+00	1.428830e+04	6.9e+01
6.9144e+03	2.4e+00	1.433735e+04	6.0e+01
6.9177e+03	2.4e+00	1.467221e+04	4.1e+01
6.9210e+03	2.4e+00	1.466022e+04	3.4e+01
6.9243e+03	2.4e+00	1.481976e+04	7.2e+01
6.9276e+03	2.4e+00	1.464865e+04	1.9e+01
6.9309e+03	2.4e+00	1.444077e+04	1.1e+02
6.9342e+03	2.4e+00	1.456509e+04	2.6e+01
6.9375e+03	2.4e+00	1.476869e+04	4.7e+01
6.9409e+03	2.4e+00	1.467602e+04	5.6e+01
6.9442e+03	2.4e+00	1.409975e+04	4.4e+01
6.9475e+03	2.4e+00	1.460647e+04	1.3e+01
6.9508e+03	2.4e+00	1.487792e+04	2.7e+01
6.9541e+03	2.4e+00	1.434965e+04	2.9e+01
6.9574e+03	2.4e+00	1.454709e+04	2.9e+01
6.9607e+03	2.4e+00	1.440451e+04	4.3e+01
6.9640e+03	2.4e+00	1.464831e+04	4.7e+01
6.9673e+03	2.4e+00	1.503773e+04	5.5e+01
6.9706e+03	2.4e+00	1.502923e+04	5.0e+01
6.9739e+03	2.4e+00	1.476642e+04	9.8e+00
6.9772e+03	2.4e+00	1.471359e+04	4.1e+01
6.9805e+03	2.4e+00	1.492138e+04	1.2e+02
6.9838e+03	2.4e+00	1.465007e+04	2.9e+01
6.9871e+03	2.4e+00	1.432444e+04	7.0e+01
6.9904e+03	2.4e+00	1.437192e+04	3.5e+01
6.9937e+03	2.4e+00	1.408287e+04	7.1e+01
6.9970e+03	2.4e+00	1.385863e+04	2.6e+01
7.0003e+03	2.4e+00	1.421590e+04	7.7e+01
7.0036e+03	2.4e+00	1.392200e+04	1.8e+01
7.0069e+03	2.4e+00	1.413329e+04	2.4e+01
7.0102e+03	2.4e+00	1.406472e+04	5.2e+01
7.0135e+03	2.4e+00	1.387409e+04	6.3e+01
7.0168e+03	2.4e+00	1.380394e+04	1.4e+01
7.0201e+03	2.4e+00	1.383768e+04	5.9e+01
7.0234e+03	2.4e+00	1.400805e+04	7.9e+01
7.0267e+03	2.4e+00	1.352738e+04	3.1e+01
7.0300e+03	2.4e+00	1.377640e+04	7.5e+01
7.0333e+03	2.4e+00	1.396308e+04	1.5e+01
7.0366e+03	2.4e+00	1.404967e+04	4.7e+01
7.0399e+03	2.4e+00	1.364337e+04	1.4e+02
7.0432e+03	2.4e+00	1.348094e+04	3.9e+01
7.0465e+03	2.4e+00	1.369779e+04	7.3e+01
7.0498e+03	2.4e+00	1.350282e+04	5.5e+01
7.0531e+03	2.4e+00	1.329932e+04	1.2e+02
7.0564e+03	2.4e+00	1.354880e+04	1.1e+01
7.0597e+03	2.4e+00	1.354904e+04	5.4e+01
7.0629e+03	2.4e+00	1.322309e+04	6.6e+01
7.0662e+03	2.4e+00	1.320245e+04	4.3e+01
7.0695e+03	2.4e+00	1.301704e+04	3.1e+01
7.0728e+03	2.4e+00	1.332029e+04	6.4e+01
7.0761e+03	2.4e+00	1.308686e+04	1.3e+02
7.0794e+03	2.4e+00	1.302204e+04	4.8e+01
7.0827e+03	2.4e+00	1.300086e+04	6.6e+01
7.0860e+03	2.4e+00	1.302708e+04	4.7e+01
7.0893e+03	2.4e+00	1.282743e+04	4.8e+01
7.0926e+03	2.4e+00	1.287227e+04	1.2e+02
7.0958e+03	2.4e+00	1.289035e+04	4.5e+01
7.0991e+03	2.4e+00	1.303966e+04	4.5e+01
7.1024e+03	2.4e+00	1.237003e+04	4.2e+01
7.1057e+03	2.4e+00	1.241739e+04	1.7e+01
7.1090e+03	2.4e+00	1.271167e+04	8.0e+01
7.1123e+03	2.4e+00	1.249041e+04	6.5e+01
7.1156e+03	2.4e+00	1.196429e+04	5.8e+01
7.1188e+03	2.4e+00	1.200688e+04	2.8e+01
7.1221e+03	2.4e+00	1.219948e+04	4.0e+01
7.1254e+03	2.4e+00	1.230483e+04	9.0e+01
7.1287e+03	2.4e+00	1.218928e+04	5.5e+01
7.1320e+03	2.4e+00	1.255510e+04	3.8e+01
7.1353e+03	2.4e+00	1.219921e+04	7.4e+01
7.1385e+03	2.4e+00	1.207773e+04	3.5e+01
7.1418e+03	2.4e+00	1.226034e+04	1.0e+02
7.1451e+03	2.4e+00	1.217035e+04	2.3e+01
7.1484e+03	2.4e+00	1.181660e+04	6.5e+01
7.1517e+03	2.4e+00	1.187897e+04	7.4e+01
7.1549e+03	2.4e+00	1.175794e+04	6.7e+01
7.1582e+03	2.4e+00	1.149097e+04	1.0e+02
7.1615e+03	2.4e+00	1.161697e+04	6.5e+01
7.1648e+03	2.4e+00	1.145032e+04	5.6e+01
7.1681e+03	2.4e+00	1.105455e+04	3.3e+01
7.1713e+03	2.4e+00	1.037344e+04	6.5e+01
7.1746e+03	2.4e+00	9.883996e+03	8.8e+01
7.1779e+03	2.4e+00	9.585931e+03	8.0e+01
7.1812e+03	2.4e+00	9.539048e+03	6.0e+01
7.1844e+03	2.4e+00	9.377812e+03	1.2e+02
7.1877e+03	2.4e+00	9.130672e+03	8.4e+01
7.1910e+03	2.4e+00	8.723332e+03	4.9e+01
7.1943e+03	2.4e+00	9.308284e+03	6.8e+01
7.1975e+03	2.4e+00	9.117002e+03	1.4e+02
7.2008e+03	2.4e+00	9.254792e+03	5.7e+01
7.2041e+03	2.4e+00	9.277686e+03	6.2e+01
7.2074e+03	2.4e+00	9.274724e+03	5.3e+01
7.2106e+03	2.4e+00	9.768643e+03	9.4e+01
7.2139e+03	2.4e+00	1.014374e+04	8.3e+01
7.2172e+03	2.4e+00	1.050948e+04	7.8e+01
7.2204e+03	2.4e+00	1.083394e+04	4.6e+01
7.2237e+03	2.4e+00	1.052683e+04	1.5e+02
7.2270e+03	2.4e+00	1.025084e+04	3.1e+01
7.2303e+03	2.4e+00	9.851850e+03	3.9e+01
7.2335e+03	2.4e+00	9.623165e+03	8.9e+01
7.2368e+03	2.4e+00	9.408301e+03	1.0e+02
7.2401e+03	2.4e+00	8.862376e+03	5.3e+01
7.2433e+03	2.4e+00	9.225411e+03	6.3e+01
7.2466e+03	2.4e+00	9.246040e+03	5.0e+01
7.2499e+03	2.4e+00	9.447098e+03	9.7e+01
7.2531e+03	2.4e+00	8.982605e+03	3.1e+01
7.2564e+03	2.4e+00	8.972699e+03	4.4e+01
7.2597e+03	2.4e+00	9.050850e+03	2.5e+01
7.2629e+03	2.4e+00	9.136053e+03	2.0e+01
7.2662e+03	2.4e+00	9.057669e+03	4.8e+01
7.2695e+03	2.4e+00	8.958647e+03	4.9e+01
7.2727e+03	2.4e+00	9.297267e+03	1.2e+02
7.2760e+03	2.4e+00	8.958882e+03	5.5e+01
7.2792e+03	2.4e+00	8.820163e+03	3.2e+00
7.2825e+03	2.4e+00	8.457473e+03	7.5e+01
7.2858e+03	2.4e+00	9.086895e+03	5.6e+01
7.2890e+03	2.4e+00	9.232098e+03	2.3e+01
7.2923e+03	2.4e+00	8.868809e+03	6.0e+01
7.2956e+03	2.4e+00	8.706918e+03	1.1e+02
7.2988e+03	2.4e+00	8.811128e+03	4.1e+01
7.3021e+03	2.4e+00	8.921517e+03	1.1e+02
7.3053e+03	2.4e+00	8.797520e+03	5.5e+01
7.3086e+03	2.4e+00	8.702444e+03	6.8e+01
7.3119e+03	2.4e+00	9.162488e+03	8.0e+01
7.3151e+03	2.4e+00	8.918387e+03	1.2e+02
7.3184e+03	2.4e+00	8.683672e+03	1.1e+02
7.3216e+03	2.4e+00	8.832820e+03	1.6e+02
7.3249e+03	2.4e+00	8.796031e+03	5.7e+01
7.3281e+03	2.4e+00	9.205402e+03	1.2e+02
7.3314e+03	2.4e+00	8.847001e+03	8.5e+01
7.3346e+03	2.4e+00	8.929816e+03	2.0e+01
7.3379e+03	2.4e+00	9.391764e+03	1.3e+02
7.3412e+03	2.4e+00	9.293526e+03	1.3e+02
7.3444e+03	2.4e+00	9.324231e+03	7.4e+01
7.3477e+03	2.4e+00	8.923901e+03	7.5e+01
7.3509e+03	2.4e+00	8.904985e+03	8.6e+01
7.3542e+03	2.4e+00	8.821159e+03	1.1e+02
7.3574e+03	2.4e+00	9.112788e+03	9.4e+01
7.3607e+03	2.4e+00	8.953116e+03	7.9e+01
7.3639e+03	2.4e+00	8.711786e+03	1.0e+02
7.3672e+03	2.4e+00	8.661033e+03	1.0e+02
7.3704e+03	2.4e+00	8.651302e+03	1.3e+02
7.3737e+03	2.4e+00	8.752509e+03	1.4e+02
7.3769e+03	2.4e+00	8.508773e+03	9.5e+01
7.3802e+03	2.4e+00	8.583445e+03	7.5e+01
7.3834e+03	2.4e+00	8.522704e+03	7.3e+01
7.3867e+03	2.4e+00	8.514696e+03	1.0e+02
7.3899e+03	2.4e+00	8.559155e+03	6.8e+01
7.3932e+03	2.4e+00	8.416398e+03	4.7e+01
7.3964e+03	2.4e+00	8.299892e+03	4.6e+01
7.3997e+03	2.4e+00	8.370096e+03	8.9e+01
7.4029e+03	2.4e+00	8.627217e+03	8.6e+01
7.4062e+03	2.4e+00	8.551076e+03	1.3e+02
7.4094e+03	2.4e+00	8.257319e+03	1.3e+02
7.4127e+03	2.4e+00	8.452036e+03	1.2e+02
7.4159e+03	2.4e+00	8.252734e+03	1.1e+02
7.4191e+03	2.4e+00	8.170744e+03	7.4e+01
7.4224e+03	2.4e+00	8.319396e+03	9.5e+01
7.4256e+03	2.4e+00	8.354031e+03	1.0e+02
7.4289e+03	2.4e+00	8.180569e+03	9.3e+01
7.4321e+03	2.4e+00	8.150926e+03	1.4e+02
7.4354e+03	2.4e+00	7.945399e+03	8.0e+01
7.4386e+03	2.4e+00	8.073964e+03	4.3e+01
7.4418e+03	2.4e+00	7.985017e+03	7.1e+01
7.4451e+03	2.4e+00	7.870382e+03	7.7e+01
7.4483e+03	2.4e+00	8.027801e+03	9.4e+01
7.4516e+03	2.4e+00	7.940512e+03	8.1e+01
7.4548e+03	2.4e+00	7.696928e+03	7.7e+01
7.4580e+03	2.4e+00	7.892491e+03	8.1e+01
7.4613e+03	2.4e+00	7.773239e+03	3.6e+01
7.4645e+03	2.4e+00	7.927762e+03	9.1e+01
7.4678e+03	2.4e+00	8.049967e+03	9.8e+01
7.4710e+03	2.4e+00	7.580524e+03	1.1e+02
7.4742e+03	2.4e+00	7.699053e+03	1.1e+02
7.4775e+03	2.4e+00	7.734010e+03	1.5e+02
7.4807e+03	2.4e+00	7.776242e+03	1.4e+02
7.4839e+03	2.4e+00	7.765149e+03	1.1e+02
7.4872e+03	2.4e+00	7.681719e+03	7.9e+01
7.4904e+03	2.4e+00	7.497346e+03	1.0e+02
7.4936e+03	2.4e+00	7.554817e+03	1.5e+02
7.4969e+03	2.4e+00	7.709928e+03	1.1e+02
7.5001e+03	2.4e+00	7.322137e+03	1.1e+02
7.5033e+03	2.4e+00	7.224145e+03	1.6e+02
7.5066e+03	2.4e+00	7.521087e+03	1.2e+02
7.5098e+03	2.4e+00	7.467753e+03	1.7e+02
7.5130e+03	2.4e+00	7.154559e+03	1.2e+02
7.5163e+03	2.4e+00	7.208261e+03	1.0e+02
7.5195e+03	2.4e+00	7.365223e+03	7.0e+01
7.5227e+03	2.4e+00	7.189140e+03	9.3e+01
7.5260e+03	2.4e+00	7.183690e+03	1.7e+02
7.5292e+03	2.4e+00	7.101703e+03	8.3e+01
7.5324e+03	2.4e+00	7.423403e+03	9.0e+01
7.5356e+03	2.4e+00	7.223802e+03	1.0e+02
7.5389e+03	2.4e+00	7.258731e+03	1.2e+02
7.5421e+03	2.4e+00	7.158305e+03	1.6e+02
7.5453e+03	2.4e+00	7.063946e+03	1.6e+02
7.5486e+03	2.4e+00	6.975228e+03	8.3e+01
7.5518e+03	2.4e+00	7.019905e+03	1.6e+02
7.5550e+03	2.4e+00	7.162685e+03	1.7e+02
7.5582e+03	2.4e+00	7.110950e+03	1.6e+02
7.5615e+03	2.4e+00	6.877948e+03	1.6e+02
7.5647e+03	2.4e+00	7.031489e+03	8.7e+01
7.5679e+03	2.4e+00	7.041590e+03	1.3e+02
7.5711e+03	2.4e+00	7.193121e+03	1.3e+02
7.5744e+03	2.4e+00	6.840161e+03	1.4e+02
7.5776e+03	2.4e+00	6.862569e+03	1.3e+02
7.5808e+03	2.4e+00	6.859399e+03	1.3e+02
7.5840e+03	2.4e+00	6.907362e+03	1.6e+02
7.5872e+03	2.4e+00	6.824537e+03	1.3e+02
7.5905e+03	2.4e+00	6.701321e+03	1.7e+02
7.5937e+03	2.4e+00	6.245939e+03	1.4e+02
7.5969e+03	2.4e+00	5.745427e+03	1.1e+02
7.6001e+03	2.4e+00	4.655659e+03	1.4e+02
7.6033e+03	2.4e+00	3.006718e+03	9.1e+01
7.6066e+03	2.4e+00	1.294400e+03	3.9e+01
7.6098e+03	2.4e+00	7.313232e+02	3.5e+01
7.6130e+03	2.4e+00	5.624097e+02	3.5e+01
7.6162e+03	2.4e+00	8.459684e+02	1.4e+01
7.6194e+03	2.4e+00	1.338716e+03	4.0e+01
7.6227e+03	2.4e+00	2.160753e+03	7.4e+01
7.6259e+03	2.4e+00	2.861120e+03	6.7e+01
7.6291e+03	2.4e+00	3.093632e+03	7.1e+01
7.6323e+03	2.4e+00	2.470790e+03	8.3e+01
7.6355e+03	2.4e+00	1.652354e+03	9.0e+01
7.6387e+03	2.4e+00	1.621107e+03	8.1e+01
7.6419e+03	2.4e+00	1.903886e+03	4.1e+01
7.6452e+03	2.4e+00	2.141882e+03	8.7e+01
7.6484e+03	2.4e+00	2.190653e+03	9.5e+01
7.6516e+03	2.4e+00	2.637930e+03	9.2e+01
7.6548e+03	2.4e+00	2.768602e+03	5.2e+01
7.6580e+03	2.4e+00	3.112164e+03	8.0e+01
7.6612e+03	2.4e+00	3.371692e+03	5.0e+01
7.6644e+03	2.4e+00	3.924856e+03	8.7e+01
7.6676e+03	2.4e+00	4.216608e+03	8.2e+01
7.6709e+03	2.4e+00	4.502674e+03	6.9e+01
7.6741e+03	2.4e+00	4.647778e+03	1.1e+02
7.6773e+03	2.4e+00	4.847694e+03	1.4e+02
7.6805e+03	2.4e+00	5.056650e+03	1.6e+02
7.6837e+03	2.4e+00	5.372034e+03	1.4e+02
7.6869e+03	2.4e+00	5.191354e+03	1.6e+02
