# lambda [A]	Dlambda [A]	specval [counts]	Dspecval [counts]
3.5979e+03	2.4e+00	4.10853e+03	7.0e+01
3.6016e+03	2.4e+00	3.38562e+03	2.4e+02
3.6053e+03	2.4e+00	3.74174e+03	1.7e+02
3.6091e+03	2.4e+00	5.39889e+03	4.6e+02
3.6128e+03	2.4e+00	4.83996e+03	2.8e+02
3.6165e+03	2.4e+00	4.48609e+03	9.8e+01
3.6202e+03	2.4e+00	5.31185e+03	2.3e+02
3.6239e+03	2.4e+00	5.53145e+03	1.3e+02
3.6277e+03	2.4e+00	5.78353e+03	2.6e+02
3.6314e+03	2.4e+00	5.77939e+03	3.9e+02
3.6351e+03	2.4e+00	6.39424e+03	1.5e+02
3.6388e+03	2.4e+00	5.54876e+03	1.8e+02
3.6425e+03	2.4e+00	5.60427e+03	2.6e+01
3.6462e+03	2.4e+00	6.42677e+03	1.3e+02
3.6500e+03	2.4e+00	6.85332e+03	7.7e+01
3.6537e+03	2.4e+00	6.80383e+03	1.5e+02
3.6574e+03	2.4e+00	6.89129e+03	1.4e+02
3.6611e+03	2.4e+00	7.42869e+03	5.2e+02
3.6648e+03	2.4e+00	8.91425e+03	4.0e+02
3.6685e+03	2.4e+00	9.71210e+03	2.6e+02
3.6723e+03	2.4e+00	1.09425e+04	3.0e+02
3.6760e+03	2.4e+00	1.19890e+04	3.1e+02
3.6797e+03	2.4e+00	1.15708e+04	2.4e+02
3.6834e+03	2.4e+00	1.29348e+04	2.0e+02
3.6871e+03	2.4e+00	1.40449e+04	1.0e+02
3.6908e+03	2.4e+00	1.43751e+04	1.9e+02
3.6945e+03	2.4e+00	1.45529e+04	2.6e+02
3.6982e+03	2.4e+00	1.68278e+04	1.5e+02
3.7019e+03	2.4e+00	1.96199e+04	1.3e+02
3.7057e+03	2.4e+00	2.05027e+04	4.3e+02
3.7094e+03	2.4e+00	1.95731e+04	1.0e+03
3.7131e+03	2.4e+00	2.05476e+04	4.5e+02
3.7168e+03	2.4e+00	2.36474e+04	2.6e+02
3.7205e+03	2.4e+00	2.89859e+04	4.1e+02
3.7242e+03	2.4e+00	3.34258e+04	1.7e+02
3.7279e+03	2.4e+00	3.30521e+04	5.9e+02
3.7316e+03	2.4e+00	3.19872e+04	4.4e+02
3.7353e+03	2.4e+00	3.12116e+04	4.8e+02
3.7390e+03	2.4e+00	3.72200e+04	1.0e+03
3.7427e+03	2.4e+00	4.58081e+04	2.5e+02
3.7464e+03	2.4e+00	5.85402e+04	3.2e+02
3.7501e+03	2.4e+00	6.47424e+04	7.6e+02
3.7539e+03	2.4e+00	6.24388e+04	6.2e+02
3.7576e+03	2.4e+00	5.56450e+04	4.2e+02
3.7613e+03	2.4e+00	4.72113e+04	3.7e+02
3.7650e+03	2.4e+00	4.80007e+04	1.1e+03
3.7687e+03	2.4e+00	5.97309e+04	8.5e+02
3.7724e+03	2.4e+00	7.81084e+04	4.1e+02
3.7761e+03	2.4e+00	9.55048e+04	3.2e+02
3.7798e+03	2.4e+00	1.10352e+05	1.5e+03
3.7835e+03	2.4e+00	1.24973e+05	1.9e+03
3.7872e+03	2.4e+00	1.26597e+05	9.0e+02
3.7909e+03	2.4e+00	1.25038e+05	1.3e+03
3.7946e+03	2.4e+00	1.11196e+05	7.5e+02
3.7983e+03	2.4e+00	9.26875e+04	1.2e+03
3.8020e+03	2.4e+00	7.96793e+04	9.0e+02
3.8057e+03	2.4e+00	8.15458e+04	6.7e+02
3.8094e+03	2.4e+00	1.00226e+05	9.4e+02
3.8131e+03	2.4e+00	1.32538e+05	2.1e+03
3.8168e+03	2.4e+00	1.67249e+05	2.3e+03
3.8205e+03	2.4e+00	1.97027e+05	2.9e+03
3.8242e+03	2.4e+00	2.14060e+05	2.5e+03
3.8279e+03	2.4e+00	2.28291e+05	2.9e+03
3.8315e+03	2.4e+00	2.43364e+05	4.4e+03
3.8352e+03	2.4e+00	2.50754e+05	4.6e+03
3.8389e+03	2.4e+00	2.53183e+05	4.6e+03
3.8426e+03	2.4e+00	2.51712e+05	5.3e+03
3.8463e+03	2.4e+00	2.47047e+05	3.8e+03
3.8500e+03	2.4e+00	2.24606e+05	2.9e+03
3.8537e+03	2.4e+00	1.87640e+05	3.5e+03
3.8574e+03	2.4e+00	1.47219e+05	3.8e+03
3.8611e+03	2.4e+00	1.30860e+05	3.3e+03
3.8648e+03	2.4e+00	1.50429e+05	2.6e+03
3.8685e+03	2.4e+00	1.91683e+05	4.2e+03
3.8722e+03	2.4e+00	2.42893e+05	3.4e+03
3.8759e+03	2.4e+00	2.90467e+05	5.5e+03
3.8795e+03	2.4e+00	3.23956e+05	5.0e+03
3.8832e+03	2.4e+00	3.55568e+05	5.3e+03
3.8869e+03	2.4e+00	3.71547e+05	7.1e+03
3.8906e+03	2.4e+00	3.92093e+05	3.9e+03
3.8943e+03	2.4e+00	4.08410e+05	4.5e+03
3.8980e+03	2.4e+00	4.11751e+05	8.5e+03
3.9017e+03	2.4e+00	4.00815e+05	7.4e+03
3.9054e+03	2.4e+00	3.96512e+05	6.0e+03
3.9090e+03	2.4e+00	3.91093e+05	4.5e+03
3.9127e+03	2.4e+00	4.00874e+05	4.0e+03
3.9164e+03	2.4e+00	4.13969e+05	6.8e+03
3.9201e+03	2.4e+00	4.19646e+05	6.1e+03
3.9238e+03	2.4e+00	4.08683e+05	3.9e+03
3.9275e+03	2.4e+00	3.96509e+05	5.1e+03
3.9312e+03	2.4e+00	3.68630e+05	5.4e+03
3.9348e+03	2.4e+00	3.30570e+05	2.1e+03
3.9385e+03	2.4e+00	2.78717e+05	3.3e+03
3.9422e+03	2.4e+00	2.18869e+05	2.7e+03
3.9459e+03	2.4e+00	1.76771e+05	1.9e+03
3.9496e+03	2.4e+00	1.78405e+05	2.5e+03
3.9532e+03	2.4e+00	2.33612e+05	1.5e+03
3.9569e+03	2.4e+00	2.99365e+05	3.5e+03
3.9606e+03	2.4e+00	3.57219e+05	4.4e+03
3.9643e+03	2.4e+00	3.95050e+05	5.3e+03
3.9680e+03	2.4e+00	4.17839e+05	5.2e+03
3.9716e+03	2.4e+00	4.36761e+05	3.7e+03
3.9753e+03	2.4e+00	4.53576e+05	4.5e+03
3.9790e+03	2.4e+00	4.61795e+05	5.6e+03
3.9827e+03	2.4e+00	4.69156e+05	6.7e+03
3.9864e+03	2.4e+00	4.73161e+05	5.1e+03
3.9900e+03	2.4e+00	4.80074e+05	4.5e+03
3.9937e+03	2.4e+00	4.71273e+05	5.2e+03
3.9974e+03	2.4e+00	4.75057e+05	7.0e+03
4.0011e+03	2.4e+00	4.77177e+05	3.9e+03
4.0047e+03	2.4e+00	4.74511e+05	5.2e+03
4.0084e+03	2.4e+00	4.72492e+05	4.0e+03
4.0121e+03	2.4e+00	4.72858e+05	4.2e+03
4.0158e+03	2.4e+00	4.64401e+05	5.4e+03
4.0194e+03	2.4e+00	4.62940e+05	4.8e+03
4.0231e+03	2.4e+00	4.64439e+05	4.4e+03
4.0268e+03	2.4e+00	4.67536e+05	4.6e+03
4.0304e+03	2.4e+00	4.63310e+05	6.3e+03
4.0341e+03	2.4e+00	4.58026e+05	4.7e+03
4.0378e+03	2.4e+00	4.54734e+05	4.5e+03
4.0415e+03	2.4e+00	4.44538e+05	5.1e+03
4.0451e+03	2.4e+00	4.39319e+05	4.7e+03
4.0488e+03	2.4e+00	4.33241e+05	5.2e+03
4.0525e+03	2.4e+00	4.28394e+05	5.1e+03
4.0561e+03	2.4e+00	4.17769e+05	6.1e+03
4.0598e+03	2.4e+00	4.02691e+05	5.2e+03
4.0635e+03	2.4e+00	3.86615e+05	4.7e+03
4.0671e+03	2.4e+00	3.65228e+05	4.2e+03
4.0708e+03	2.4e+00	3.32640e+05	4.2e+03
4.0745e+03	2.4e+00	2.87960e+05	3.0e+03
4.0781e+03	2.4e+00	2.37556e+05	2.6e+03
4.0818e+03	2.4e+00	1.84577e+05	2.5e+03
4.0855e+03	2.4e+00	1.58557e+05	2.1e+03
4.0891e+03	2.4e+00	1.77147e+05	2.8e+03
4.0928e+03	2.4e+00	2.28106e+05	4.1e+03
4.0965e+03	2.4e+00	2.74531e+05	4.2e+03
4.1001e+03	2.4e+00	3.14077e+05	4.8e+03
4.1038e+03	2.4e+00	3.44495e+05	4.7e+03
4.1075e+03	2.4e+00	3.56571e+05	4.1e+03
4.1111e+03	2.4e+00	3.68045e+05	6.2e+03
4.1148e+03	2.4e+00	3.71981e+05	4.8e+03
4.1184e+03	2.4e+00	3.79633e+05	4.8e+03
4.1221e+03	2.4e+00	3.88931e+05	6.2e+03
4.1258e+03	2.4e+00	3.87912e+05	5.4e+03
4.1294e+03	2.4e+00	3.91999e+05	6.2e+03
4.1331e+03	2.4e+00	3.91095e+05	6.9e+03
4.1367e+03	2.4e+00	3.90617e+05	6.2e+03
4.1404e+03	2.4e+00	3.97801e+05	6.0e+03
4.1441e+03	2.4e+00	3.91052e+05	5.8e+03
4.1477e+03	2.4e+00	3.92509e+05	5.0e+03
4.1514e+03	2.4e+00	3.90557e+05	5.5e+03
4.1550e+03	2.4e+00	3.88816e+05	7.6e+03
4.1587e+03	2.4e+00	3.84622e+05	6.5e+03
4.1623e+03	2.4e+00	3.82614e+05	7.2e+03
4.1660e+03	2.4e+00	3.81666e+05	8.2e+03
4.1697e+03	2.4e+00	3.82272e+05	6.2e+03
4.1733e+03	2.4e+00	3.84293e+05	7.1e+03
4.1770e+03	2.4e+00	3.82229e+05	8.0e+03
4.1806e+03	2.4e+00	3.84125e+05	7.4e+03
4.1843e+03	2.4e+00	3.81625e+05	6.7e+03
4.1879e+03	2.4e+00	3.81032e+05	7.8e+03
4.1916e+03	2.4e+00	3.79253e+05	6.6e+03
4.1952e+03	2.4e+00	3.81011e+05	7.1e+03
4.1989e+03	2.4e+00	3.81421e+05	7.6e+03
4.2025e+03	2.4e+00	3.80136e+05	5.4e+03
4.2062e+03	2.4e+00	3.79241e+05	6.8e+03
4.2098e+03	2.4e+00	3.78688e+05	7.1e+03
4.2135e+03	2.4e+00	3.74487e+05	6.3e+03
4.2171e+03	2.4e+00	3.71052e+05	7.0e+03
4.2208e+03	2.4e+00	3.68933e+05	7.6e+03
4.2244e+03	2.4e+00	3.68059e+05	5.8e+03
4.2281e+03	2.4e+00	3.65721e+05	7.2e+03
4.2317e+03	2.4e+00	3.65427e+05	6.7e+03
4.2354e+03	2.4e+00	3.62944e+05	7.6e+03
4.2390e+03	2.4e+00	3.62264e+05	6.4e+03
4.2427e+03	2.4e+00	3.62182e+05	6.8e+03
4.2463e+03	2.4e+00	3.60687e+05	7.4e+03
4.2500e+03	2.4e+00	3.61528e+05	7.4e+03
4.2536e+03	2.4e+00	3.61519e+05	6.7e+03
4.2572e+03	2.4e+00	3.59567e+05	6.6e+03
4.2609e+03	2.4e+00	3.52535e+05	7.4e+03
4.2645e+03	2.4e+00	3.49858e+05	6.7e+03
4.2682e+03	2.4e+00	3.46634e+05	6.1e+03
4.2718e+03	2.4e+00	3.45288e+05	6.0e+03
4.2755e+03	2.4e+00	3.46114e+05	6.3e+03
4.2791e+03	2.4e+00	3.41550e+05	6.8e+03
4.2827e+03	2.4e+00	3.41654e+05	5.7e+03
4.2864e+03	2.4e+00	3.36545e+05	6.9e+03
4.2900e+03	2.4e+00	3.30790e+05	6.0e+03
4.2937e+03	2.4e+00	3.24984e+05	4.7e+03
4.2973e+03	2.4e+00	3.23414e+05	5.5e+03
4.3010e+03	2.4e+00	3.19420e+05	6.2e+03
4.3046e+03	2.4e+00	3.12713e+05	6.4e+03
4.3082e+03	2.4e+00	3.02212e+05	5.7e+03
4.3119e+03	2.4e+00	2.90703e+05	6.2e+03
4.3155e+03	2.4e+00	2.73812e+05	6.2e+03
4.3191e+03	2.4e+00	2.49014e+05	5.8e+03
4.3228e+03	2.4e+00	2.18983e+05	4.2e+03
4.3264e+03	2.4e+00	1.79396e+05	3.6e+03
4.3301e+03	2.4e+00	1.42975e+05	2.7e+03
4.3337e+03	2.4e+00	1.31908e+05	2.5e+03
4.3373e+03	2.4e+00	1.50400e+05	3.2e+03
4.3410e+03	2.4e+00	1.86611e+05	3.9e+03
4.3446e+03	2.4e+00	2.19508e+05	5.1e+03
4.3482e+03	2.4e+00	2.47410e+05	5.0e+03
4.3519e+03	2.4e+00	2.66746e+05	6.1e+03
4.3555e+03	2.4e+00	2.80737e+05	5.5e+03
4.3591e+03	2.4e+00	2.86289e+05	5.7e+03
4.3628e+03	2.4e+00	2.93613e+05	6.1e+03
4.3664e+03	2.4e+00	2.96157e+05	6.0e+03
4.3700e+03	2.4e+00	2.98681e+05	5.5e+03
4.3737e+03	2.4e+00	2.97318e+05	5.7e+03
4.3773e+03	2.4e+00	2.96388e+05	5.7e+03
4.3809e+03	2.4e+00	2.95330e+05	6.2e+03
4.3845e+03	2.4e+00	2.93932e+05	6.3e+03
4.3882e+03	2.4e+00	2.94843e+05	5.6e+03
4.3918e+03	2.4e+00	2.91309e+05	5.8e+03
4.3954e+03	2.4e+00	2.91816e+05	5.7e+03
4.3991e+03	2.4e+00	2.92251e+05	5.5e+03
4.4027e+03	2.4e+00	2.88305e+05	5.3e+03
4.4063e+03	2.4e+00	2.88772e+05	5.2e+03
4.4099e+03	2.4e+00	2.86281e+05	5.3e+03
4.4136e+03	2.4e+00	2.85948e+05	5.4e+03
4.4172e+03	2.4e+00	2.84839e+05	5.7e+03
4.4208e+03	2.4e+00	2.83966e+05	5.2e+03
4.4244e+03	2.4e+00	2.80737e+05	5.5e+03
4.4281e+03	2.4e+00	2.78095e+05	5.3e+03
4.4317e+03	2.4e+00	2.77269e+05	5.5e+03
4.4353e+03	2.4e+00	2.74451e+05	6.0e+03
4.4389e+03	2.4e+00	2.70445e+05	5.5e+03
4.4426e+03	2.4e+00	2.67963e+05	5.6e+03
4.4462e+03	2.4e+00	2.69333e+05	5.2e+03
4.4498e+03	2.4e+00	2.69499e+05	6.5e+03
4.4534e+03	2.4e+00	2.66659e+05	5.0e+03
4.4570e+03	2.4e+00	2.63401e+05	6.0e+03
4.4607e+03	2.4e+00	2.59298e+05	5.9e+03
4.4643e+03	2.4e+00	2.58996e+05	5.6e+03
4.4679e+03	2.4e+00	2.56397e+05	5.4e+03
4.4715e+03	2.4e+00	2.52247e+05	5.2e+03
4.4751e+03	2.4e+00	2.47980e+05	5.2e+03
4.4788e+03	2.4e+00	2.47283e+05	5.2e+03
4.4824e+03	2.4e+00	2.47171e+05	5.4e+03
4.4860e+03	2.4e+00	2.50463e+05	5.8e+03
4.4896e+03	2.4e+00	2.48790e+05	5.8e+03
4.4932e+03	2.4e+00	2.46209e+05	5.1e+03
4.4968e+03	2.4e+00	2.45711e+05	5.6e+03
4.5005e+03	2.4e+00	2.46440e+05	5.6e+03
4.5041e+03	2.4e+00	2.43882e+05	5.5e+03
4.5077e+03	2.4e+00	2.41858e+05	5.1e+03
4.5113e+03	2.4e+00	2.40398e+05	5.3e+03
4.5149e+03	2.4e+00	2.37770e+05	5.5e+03
4.5185e+03	2.4e+00	2.36484e+05	5.4e+03
4.5221e+03	2.4e+00	2.34233e+05	5.4e+03
4.5258e+03	2.4e+00	2.33035e+05	4.8e+03
4.5294e+03	2.4e+00	2.30155e+05	5.1e+03
4.5330e+03	2.4e+00	2.27364e+05	5.2e+03
4.5366e+03	2.4e+00	2.26242e+05	4.9e+03
4.5402e+03	2.4e+00	2.25020e+05	5.1e+03
4.5438e+03	2.4e+00	2.21598e+05	5.1e+03
4.5474e+03	2.4e+00	2.18633e+05	4.9e+03
4.5510e+03	2.4e+00	2.14772e+05	5.3e+03
4.5546e+03	2.4e+00	2.16761e+05	5.5e+03
4.5582e+03	2.4e+00	2.15810e+05	5.5e+03
4.5619e+03	2.4e+00	2.14329e+05	4.5e+03
4.5655e+03	2.4e+00	2.14064e+05	4.5e+03
4.5691e+03	2.4e+00	2.12207e+05	5.4e+03
4.5727e+03	2.4e+00	2.07448e+05	4.5e+03
4.5763e+03	2.4e+00	2.06986e+05	4.9e+03
4.5799e+03	2.4e+00	2.04462e+05	4.9e+03
4.5835e+03	2.4e+00	2.01780e+05	4.8e+03
4.5871e+03	2.4e+00	2.02031e+05	4.9e+03
4.5907e+03	2.4e+00	2.02134e+05	4.6e+03
4.5943e+03	2.4e+00	2.02386e+05	4.8e+03
4.5979e+03	2.4e+00	2.01827e+05	4.8e+03
4.6015e+03	2.4e+00	1.99666e+05	4.6e+03
4.6051e+03	2.4e+00	1.97469e+05	5.0e+03
4.6087e+03	2.4e+00	1.95884e+05	4.6e+03
4.6123e+03	2.4e+00	1.94759e+05	4.5e+03
4.6159e+03	2.4e+00	1.91324e+05	4.4e+03
4.6195e+03	2.4e+00	1.92501e+05	4.6e+03
4.6231e+03	2.4e+00	1.89182e+05	4.7e+03
4.6267e+03	2.4e+00	1.86699e+05	4.6e+03
4.6303e+03	2.4e+00	1.85029e+05	4.4e+03
4.6339e+03	2.4e+00	1.84173e+05	4.6e+03
4.6375e+03	2.4e+00	1.84515e+05	4.3e+03
4.6411e+03	2.4e+00	1.82173e+05	4.4e+03
4.6447e+03	2.4e+00	1.81240e+05	4.5e+03
4.6483e+03	2.4e+00	1.81362e+05	4.6e+03
4.6519e+03	2.4e+00	1.80516e+05	4.2e+03
4.6555e+03	2.4e+00	1.79045e+05	4.9e+03
4.6591e+03	2.4e+00	1.76146e+05	4.4e+03
4.6627e+03	2.4e+00	1.76509e+05	4.2e+03
4.6663e+03	2.4e+00	1.74614e+05	4.3e+03
4.6699e+03	2.4e+00	1.72516e+05	4.5e+03
4.6735e+03	2.4e+00	1.71825e+05	4.2e+03
4.6771e+03	2.4e+00	1.71284e+05	4.3e+03
4.6807e+03	2.4e+00	1.69391e+05	4.2e+03
4.6843e+03	2.4e+00	1.68720e+05	4.1e+03
4.6879e+03	2.4e+00	1.67399e+05	4.3e+03
4.6915e+03	2.4e+00	1.66567e+05	4.2e+03
4.6950e+03	2.4e+00	1.66595e+05	4.6e+03
4.6986e+03	2.4e+00	1.64891e+05	4.4e+03
4.7022e+03	2.4e+00	1.63810e+05	4.4e+03
4.7058e+03	2.4e+00	1.62750e+05	4.4e+03
4.7094e+03	2.4e+00	1.62058e+05	4.3e+03
4.7130e+03	2.4e+00	1.61405e+05	4.1e+03
4.7166e+03	2.4e+00	1.60045e+05	4.2e+03
4.7202e+03	2.4e+00	1.59187e+05	4.3e+03
4.7238e+03	2.4e+00	1.57279e+05	4.5e+03
4.7274e+03	2.4e+00	1.55458e+05	4.3e+03
4.7309e+03	2.4e+00	1.54443e+05	4.3e+03
4.7345e+03	2.4e+00	1.52722e+05	4.0e+03
4.7381e+03	2.4e+00	1.52139e+05	4.3e+03
4.7417e+03	2.4e+00	1.49906e+05	3.8e+03
4.7453e+03	2.4e+00	1.48503e+05	4.3e+03
4.7489e+03	2.4e+00	1.47583e+05	4.3e+03
4.7525e+03	2.4e+00	1.46364e+05	4.1e+03
4.7560e+03	2.4e+00	1.44652e+05	4.3e+03
4.7596e+03	2.4e+00	1.42738e+05	4.1e+03
4.7632e+03	2.4e+00	1.41010e+05	3.8e+03
4.7668e+03	2.4e+00	1.39355e+05	3.8e+03
4.7704e+03	2.4e+00	1.37918e+05	3.7e+03
4.7740e+03	2.4e+00	1.36837e+05	3.8e+03
4.7775e+03	2.4e+00	1.36913e+05	4.5e+03
4.7811e+03	2.4e+00	1.35700e+05	4.1e+03
4.7847e+03	2.4e+00	1.32895e+05	3.8e+03
4.7883e+03	2.4e+00	1.33103e+05	3.9e+03
4.7919e+03	2.4e+00	1.33656e+05	4.5e+03
4.7954e+03	2.4e+00	1.32821e+05	4.3e+03
4.7990e+03	2.4e+00	1.30226e+05	3.9e+03
4.8026e+03	2.4e+00	1.30228e+05	3.8e+03
4.8062e+03	2.4e+00	1.28824e+05	3.8e+03
4.8098e+03	2.4e+00	1.27320e+05	3.8e+03
4.8133e+03	2.4e+00	1.26492e+05	3.9e+03
4.8169e+03	2.4e+00	1.24587e+05	3.5e+03
4.8205e+03	2.4e+00	1.23721e+05	3.7e+03
4.8241e+03	2.4e+00	1.21299e+05	3.8e+03
4.8276e+03	2.4e+00	1.19808e+05	3.9e+03
4.8312e+03	2.4e+00	1.16069e+05	3.5e+03
4.8348e+03	2.4e+00	1.13817e+05	3.4e+03
4.8384e+03	2.4e+00	1.11123e+05	3.3e+03
4.8419e+03	2.4e+00	1.06038e+05	3.2e+03
4.8455e+03	2.4e+00	9.98906e+04	3.1e+03
4.8491e+03	2.4e+00	9.11330e+04	2.6e+03
4.8527e+03	2.4e+00	8.27211e+04	2.2e+03
4.8562e+03	2.4e+00	7.05439e+04	1.8e+03
4.8598e+03	2.4e+00	5.84912e+04	1.7e+03
4.8634e+03	2.4e+00	5.21205e+04	1.7e+03
4.8669e+03	2.4e+00	5.74180e+04	1.8e+03
4.8705e+03	2.4e+00	6.99395e+04	2.3e+03
4.8741e+03	2.4e+00	8.19483e+04	2.6e+03
4.8777e+03	2.4e+00	8.91488e+04	2.9e+03
4.8812e+03	2.4e+00	9.44155e+04	3.1e+03
4.8848e+03	2.4e+00	9.73061e+04	3.1e+03
4.8884e+03	2.4e+00	1.00616e+05	3.1e+03
4.8919e+03	2.4e+00	1.02874e+05	3.2e+03
4.8955e+03	2.4e+00	1.03523e+05	3.2e+03
4.8991e+03	2.4e+00	1.03863e+05	3.4e+03
4.9026e+03	2.4e+00	1.04385e+05	3.3e+03
4.9062e+03	2.4e+00	1.04289e+05	3.1e+03
4.9098e+03	2.4e+00	1.03583e+05	3.2e+03
4.9133e+03	2.4e+00	1.03274e+05	3.4e+03
4.9169e+03	2.4e+00	1.04890e+05	3.2e+03
4.9205e+03	2.4e+00	1.02207e+05	3.1e+03
4.9240e+03	2.4e+00	1.01386e+05	3.1e+03
4.9276e+03	2.4e+00	1.01791e+05	3.2e+03
4.9312e+03	2.4e+00	1.01028e+05	3.3e+03
4.9347e+03	2.4e+00	1.00962e+05	3.1e+03
4.9383e+03	2.4e+00	1.00454e+05	3.2e+03
4.9418e+03	2.4e+00	1.00412e+05	3.0e+03
4.9454e+03	2.4e+00	9.97524e+04	2.9e+03
4.9490e+03	2.4e+00	9.95805e+04	3.1e+03
4.9525e+03	2.4e+00	9.87254e+04	3.1e+03
4.9561e+03	2.4e+00	9.82184e+04	3.0e+03
4.9596e+03	2.4e+00	9.71813e+04	3.1e+03
4.9632e+03	2.4e+00	9.62545e+04	3.0e+03
4.9668e+03	2.4e+00	9.51953e+04	3.0e+03
4.9703e+03	2.4e+00	9.50945e+04	3.0e+03
4.9739e+03	2.4e+00	9.49465e+04	2.9e+03
4.9774e+03	2.4e+00	9.48287e+04	3.0e+03
4.9810e+03	2.4e+00	9.31054e+04	3.0e+03
4.9845e+03	2.4e+00	9.15944e+04	2.9e+03
4.9881e+03	2.4e+00	9.16564e+04	2.9e+03
4.9917e+03	2.4e+00	9.13025e+04	2.8e+03
4.9952e+03	2.4e+00	9.02161e+04	3.1e+03
4.9988e+03	2.4e+00	8.92635e+04	2.8e+03
5.0023e+03	2.4e+00	8.83036e+04	2.8e+03
5.0059e+03	2.4e+00	8.71684e+04	2.8e+03
5.0094e+03	2.4e+00	8.62242e+04	2.8e+03
5.0130e+03	2.4e+00	8.54396e+04	2.8e+03
5.0165e+03	2.4e+00	8.56491e+04	2.8e+03
5.0201e+03	2.4e+00	8.44420e+04	2.5e+03
5.0236e+03	2.4e+00	8.30340e+04	2.7e+03
5.0272e+03	2.4e+00	8.29666e+04	2.6e+03
5.0307e+03	2.4e+00	8.31087e+04	2.7e+03
5.0343e+03	2.4e+00	8.26834e+04	2.7e+03
5.0378e+03	2.4e+00	8.04631e+04	2.7e+03
5.0414e+03	2.4e+00	7.98753e+04	2.6e+03
5.0449e+03	2.4e+00	7.98283e+04	2.7e+03
5.0485e+03	2.4e+00	7.91890e+04	2.7e+03
5.0520e+03	2.4e+00	7.85262e+04	2.5e+03
5.0556e+03	2.4e+00	7.74361e+04	2.5e+03
5.0591e+03	2.4e+00	7.79619e+04	2.6e+03
5.0627e+03	2.4e+00	7.71805e+04	2.6e+03
5.0662e+03	2.4e+00	7.72178e+04	2.6e+03
5.0698e+03	2.4e+00	7.66247e+04	2.7e+03
5.0733e+03	2.4e+00	7.61221e+04	2.7e+03
5.0769e+03	2.4e+00	7.64244e+04	2.6e+03
5.0804e+03	2.4e+00	7.43317e+04	2.6e+03
5.0840e+03	2.4e+00	7.34537e+04	2.4e+03
5.0875e+03	2.4e+00	7.32987e+04	2.4e+03
5.0910e+03	2.4e+00	7.40009e+04	2.3e+03
5.0946e+03	2.4e+00	7.36725e+04	2.5e+03
5.0981e+03	2.4e+00	7.33262e+04	2.5e+03
5.1017e+03	2.4e+00	7.25829e+04	2.4e+03
5.1052e+03	2.4e+00	7.15591e+04	2.3e+03
5.1088e+03	2.4e+00	7.05126e+04	2.3e+03
5.1123e+03	2.4e+00	7.02311e+04	2.3e+03
5.1158e+03	2.4e+00	7.01106e+04	2.3e+03
5.1194e+03	2.4e+00	7.00177e+04	2.2e+03
5.1229e+03	2.4e+00	6.96426e+04	2.1e+03
5.1265e+03	2.4e+00	6.89660e+04	2.3e+03
5.1300e+03	2.4e+00	6.84675e+04	2.2e+03
5.1335e+03	2.4e+00	6.68512e+04	2.0e+03
5.1371e+03	2.4e+00	6.69202e+04	2.0e+03
5.1406e+03	2.4e+00	6.63192e+04	2.0e+03
5.1441e+03	2.4e+00	6.52744e+04	2.0e+03
5.1477e+03	2.4e+00	6.50112e+04	2.1e+03
5.1512e+03	2.4e+00	6.53805e+04	2.1e+03
5.1548e+03	2.4e+00	6.47509e+04	2.0e+03
5.1583e+03	2.4e+00	6.40627e+04	2.0e+03
5.1618e+03	2.4e+00	6.37795e+04	2.0e+03
5.1654e+03	2.4e+00	6.31392e+04	1.9e+03
5.1689e+03	2.4e+00	6.21021e+04	1.8e+03
5.1724e+03	2.4e+00	6.09178e+04	1.8e+03
5.1760e+03	2.4e+00	6.09139e+04	1.8e+03
5.1795e+03	2.4e+00	6.11584e+04	1.8e+03
5.1830e+03	2.4e+00	6.06284e+04	1.8e+03
5.1866e+03	2.4e+00	6.00830e+04	1.6e+03
5.1901e+03	2.4e+00	5.97000e+04	1.7e+03
5.1936e+03	2.4e+00	5.96022e+04	1.6e+03
5.1971e+03	2.4e+00	5.90572e+04	1.7e+03
5.2007e+03	2.4e+00	5.87437e+04	1.6e+03
5.2042e+03	2.4e+00	5.88209e+04	1.6e+03
5.2077e+03	2.4e+00	5.83048e+04	1.7e+03
5.2113e+03	2.4e+00	5.78738e+04	1.7e+03
5.2148e+03	2.4e+00	5.70806e+04	1.5e+03
5.2183e+03	2.4e+00	5.73263e+04	1.7e+03
5.2219e+03	2.4e+00	5.70643e+04	1.7e+03
5.2254e+03	2.4e+00	5.73194e+04	1.6e+03
5.2289e+03	2.4e+00	5.56941e+04	1.6e+03
5.2324e+03	2.4e+00	5.49867e+04	1.4e+03
5.2360e+03	2.4e+00	5.46013e+04	1.5e+03
5.2395e+03	2.4e+00	5.39610e+04	1.5e+03
5.2430e+03	2.4e+00	5.44808e+04	1.5e+03
5.2465e+03	2.4e+00	5.40135e+04	1.4e+03
5.2501e+03	2.4e+00	5.31153e+04	1.4e+03
5.2536e+03	2.4e+00	5.24139e+04	1.5e+03
5.2571e+03	2.4e+00	5.24855e+04	1.4e+03
5.2606e+03	2.4e+00	5.15155e+04	1.4e+03
5.2641e+03	2.4e+00	5.19412e+04	1.5e+03
5.2677e+03	2.4e+00	5.13945e+04	1.3e+03
5.2712e+03	2.4e+00	5.07737e+04	1.3e+03
5.2747e+03	2.4e+00	5.02903e+04	1.3e+03
5.2782e+03	2.4e+00	4.98598e+04	1.4e+03
5.2817e+03	2.4e+00	4.96272e+04	1.4e+03
5.2853e+03	2.4e+00	4.93496e+04	1.3e+03
5.2888e+03	2.4e+00	4.96597e+04	1.3e+03
5.2923e+03	2.4e+00	4.93008e+04	1.3e+03
5.2958e+03	2.4e+00	4.85982e+04	1.2e+03
5.2993e+03	2.4e+00	4.90682e+04	1.3e+03
5.3029e+03	2.4e+00	4.82765e+04	1.1e+03
5.3064e+03	2.4e+00	4.78268e+04	1.3e+03
5.3099e+03	2.4e+00	4.77287e+04	1.1e+03
5.3134e+03	2.4e+00	4.77633e+04	1.3e+03
5.3169e+03	2.4e+00	4.68227e+04	1.3e+03
5.3204e+03	2.4e+00	4.58725e+04	1.2e+03
5.3240e+03	2.4e+00	4.59620e+04	1.2e+03
5.3275e+03	2.4e+00	4.62108e+04	1.4e+03
5.3310e+03	2.4e+00	4.55558e+04	1.3e+03
5.3345e+03	2.4e+00	4.57731e+04	1.2e+03
5.3380e+03	2.4e+00	4.58228e+04	1.1e+03
5.3415e+03	2.4e+00	4.48816e+04	1.0e+03
5.3450e+03	2.4e+00	4.46413e+04	1.1e+03
5.3485e+03	2.4e+00	4.43320e+04	1.2e+03
5.3521e+03	2.4e+00	4.40851e+04	1.1e+03
5.3556e+03	2.4e+00	4.37972e+04	1.1e+03
5.3591e+03	2.4e+00	4.39063e+04	1.1e+03
5.3626e+03	2.4e+00	4.38652e+04	1.2e+03
5.3661e+03	2.4e+00	4.33180e+04	1.2e+03
5.3696e+03	2.4e+00	4.31942e+04	1.0e+03
5.3731e+03	2.4e+00	4.31632e+04	1.1e+03
5.3766e+03	2.4e+00	4.26918e+04	1.0e+03
5.3801e+03	2.4e+00	4.23507e+04	1.0e+03
5.3836e+03	2.4e+00	4.25129e+04	9.6e+02
5.3871e+03	2.4e+00	4.23504e+04	1.1e+03
5.3907e+03	2.4e+00	4.18304e+04	1.1e+03
5.3942e+03	2.4e+00	4.16396e+04	1.1e+03
5.3977e+03	2.4e+00	4.14718e+04	1.0e+03
5.4012e+03	2.4e+00	4.07897e+04	1.1e+03
5.4047e+03	2.4e+00	4.11356e+04	1.0e+03
5.4082e+03	2.4e+00	4.07680e+04	1.0e+03
5.4117e+03	2.4e+00	4.03099e+04	1.0e+03
5.4152e+03	2.4e+00	3.99994e+04	1.0e+03
5.4187e+03	2.4e+00	3.94110e+04	1.0e+03
5.4222e+03	2.4e+00	3.96363e+04	9.5e+02
5.4257e+03	2.4e+00	3.94163e+04	1.0e+03
5.4292e+03	2.4e+00	3.87157e+04	9.5e+02
5.4327e+03	2.4e+00	3.91528e+04	9.1e+02
5.4362e+03	2.4e+00	3.87002e+04	9.0e+02
5.4397e+03	2.4e+00	3.85725e+04	9.3e+02
5.4432e+03	2.4e+00	3.77634e+04	9.9e+02
5.4467e+03	2.4e+00	3.80813e+04	9.4e+02
5.4502e+03	2.4e+00	3.81305e+04	9.1e+02
5.4537e+03	2.4e+00	3.77266e+04	8.3e+02
5.4572e+03	2.4e+00	3.72548e+04	9.7e+02
5.4607e+03	2.4e+00	3.71221e+04	8.3e+02
5.4642e+03	2.4e+00	3.66944e+04	8.6e+02
5.4677e+03	2.4e+00	3.62324e+04	8.7e+02
5.4712e+03	2.4e+00	3.61791e+04	8.5e+02
5.4747e+03	2.4e+00	3.60467e+04	8.2e+02
5.4782e+03	2.4e+00	3.62222e+04	8.1e+02
5.4817e+03	2.4e+00	3.61978e+04	8.3e+02
5.4852e+03	2.4e+00	3.62460e+04	8.1e+02
5.4887e+03	2.4e+00	3.57552e+04	8.7e+02
5.4922e+03	2.4e+00	3.53964e+04	8.6e+02
5.4956e+03	2.4e+00	3.53337e+04	9.2e+02
5.4991e+03	2.4e+00	3.47781e+04	7.7e+02
5.5026e+03	2.4e+00	3.51374e+04	9.3e+02
5.5061e+03	2.4e+00	3.48306e+04	8.3e+02
5.5096e+03	2.4e+00	3.45829e+04	7.7e+02
5.5131e+03	2.4e+00	3.40821e+04	8.4e+02
5.5166e+03	2.4e+00	3.43505e+04	8.2e+02
5.5201e+03	2.4e+00	3.38774e+04	7.7e+02
5.5236e+03	2.4e+00	3.41071e+04	7.6e+02
5.5271e+03	2.4e+00	3.37283e+04	8.3e+02
5.5306e+03	2.4e+00	3.31105e+04	7.8e+02
5.5340e+03	2.4e+00	3.27731e+04	7.5e+02
5.5375e+03	2.4e+00	3.26896e+04	7.4e+02
5.5410e+03	2.4e+00	3.27915e+04	6.9e+02
5.5445e+03	2.4e+00	3.27689e+04	7.3e+02
5.5480e+03	2.4e+00	3.24723e+04	7.1e+02
5.5515e+03	2.4e+00	3.23161e+04	7.2e+02
5.5550e+03	2.4e+00	3.21286e+04	6.9e+02
5.5585e+03	2.4e+00	3.18752e+04	7.4e+02
5.5619e+03	2.4e+00	3.15557e+04	6.9e+02
5.5654e+03	2.4e+00	3.15065e+04	6.9e+02
5.5689e+03	2.4e+00	3.17288e+04	6.7e+02
5.5724e+03	2.4e+00	3.11728e+04	7.4e+02
5.5759e+03	2.4e+00	3.16202e+04	6.8e+02
5.5794e+03	2.4e+00	3.04608e+04	6.4e+02
5.5828e+03	2.4e+00	3.03375e+04	7.5e+02
5.5863e+03	2.4e+00	3.04809e+04	6.4e+02
5.5898e+03	2.4e+00	3.02439e+04	5.8e+02
5.5933e+03	2.4e+00	3.02302e+04	5.8e+02
5.5968e+03	2.4e+00	3.01537e+04	6.0e+02
5.6002e+03	2.4e+00	2.96141e+04	7.0e+02
5.6037e+03	2.4e+00	2.95536e+04	6.5e+02
5.6072e+03	2.4e+00	2.91901e+04	6.4e+02
5.6107e+03	2.4e+00	2.88970e+04	5.6e+02
5.6142e+03	2.4e+00	2.87845e+04	6.3e+02
5.6176e+03	2.4e+00	2.86255e+04	6.1e+02
5.6211e+03	2.4e+00	2.88832e+04	5.4e+02
5.6246e+03	2.4e+00	2.84361e+04	5.5e+02
5.6281e+03	2.4e+00	2.85445e+04	5.4e+02
5.6315e+03	2.4e+00	2.85355e+04	5.4e+02
5.6350e+03	2.4e+00	2.81457e+04	5.4e+02
5.6385e+03	2.4e+00	2.80403e+04	5.2e+02
5.6420e+03	2.4e+00	2.75615e+04	5.0e+02
5.6454e+03	2.4e+00	2.77410e+04	6.3e+02
5.6489e+03	2.4e+00	2.77582e+04	5.9e+02
5.6524e+03	2.4e+00	2.76179e+04	5.3e+02
5.6559e+03	2.4e+00	2.72345e+04	4.2e+02
5.6593e+03	2.4e+00	2.72486e+04	4.7e+02
5.6628e+03	2.4e+00	2.68417e+04	5.1e+02
5.6663e+03	2.4e+00	2.65823e+04	5.1e+02
5.6698e+03	2.4e+00	2.68666e+04	5.1e+02
5.6732e+03	2.4e+00	2.66683e+04	4.6e+02
5.6767e+03	2.4e+00	2.63866e+04	4.7e+02
5.6802e+03	2.4e+00	2.64666e+04	4.3e+02
5.6836e+03	2.4e+00	2.61749e+04	5.3e+02
5.6871e+03	2.4e+00	2.59046e+04	4.7e+02
5.6906e+03	2.4e+00	2.53407e+04	5.3e+02
5.6940e+03	2.4e+00	2.54636e+04	4.6e+02
5.6975e+03	2.4e+00	2.51846e+04	4.6e+02
5.7010e+03	2.4e+00	2.51065e+04	4.3e+02
5.7045e+03	2.4e+00	2.51974e+04	3.9e+02
5.7079e+03	2.4e+00	2.46325e+04	4.6e+02
5.7114e+03	2.4e+00	2.44442e+04	4.5e+02
5.7149e+03	2.4e+00	2.44106e+04	5.0e+02
5.7183e+03	2.4e+00	2.43645e+04	4.1e+02
5.7218e+03	2.4e+00	2.42256e+04	4.2e+02
5.7252e+03	2.4e+00	2.41630e+04	4.6e+02
5.7287e+03	2.4e+00	2.37295e+04	4.5e+02
5.7322e+03	2.4e+00	2.37081e+04	4.9e+02
5.7356e+03	2.4e+00	2.38147e+04	4.7e+02
5.7391e+03	2.4e+00	2.38450e+04	4.3e+02
5.7426e+03	2.4e+00	2.35167e+04	4.4e+02
5.7460e+03	2.4e+00	2.33881e+04	4.5e+02
5.7495e+03	2.4e+00	2.33552e+04	4.2e+02
5.7529e+03	2.4e+00	2.32028e+04	4.0e+02
5.7564e+03	2.4e+00	2.30887e+04	4.2e+02
5.7599e+03	2.4e+00	2.30040e+04	3.6e+02
5.7633e+03	2.4e+00	2.28851e+04	4.2e+02
5.7668e+03	2.4e+00	2.28161e+04	4.0e+02
5.7702e+03	2.4e+00	2.26474e+04	4.1e+02
5.7737e+03	2.4e+00	2.23599e+04	4.3e+02
5.7772e+03	2.4e+00	2.23912e+04	3.5e+02
5.7806e+03	2.4e+00	2.24816e+04	3.5e+02
5.7841e+03	2.4e+00	2.23875e+04	3.6e+02
5.7875e+03	2.4e+00	2.24603e+04	3.8e+02
5.7910e+03	2.4e+00	2.18984e+04	4.6e+02
5.7944e+03	2.4e+00	2.19251e+04	4.1e+02
5.7979e+03	2.4e+00	2.18541e+04	3.3e+02
5.8014e+03	2.4e+00	2.21931e+04	4.1e+02
5.8048e+03	2.4e+00	2.20059e+04	3.4e+02
5.8083e+03	2.4e+00	2.19929e+04	4.2e+02
5.8117e+03	2.4e+00	2.19594e+04	3.9e+02
5.8152e+03	2.4e+00	2.19981e+04	4.1e+02
5.8186e+03	2.4e+00	2.19655e+04	3.1e+02
5.8221e+03	2.4e+00	2.18938e+04	2.9e+02
5.8255e+03	2.4e+00	2.21016e+04	3.6e+02
5.8290e+03	2.4e+00	2.20708e+04	3.7e+02
5.8324e+03	2.4e+00	2.17860e+04	3.6e+02
5.8359e+03	2.4e+00	2.14547e+04	3.7e+02
5.8393e+03	2.4e+00	2.16300e+04	3.2e+02
5.8428e+03	2.4e+00	2.15845e+04	3.3e+02
5.8462e+03	2.4e+00	2.14694e+04	3.5e+02
5.8497e+03	2.4e+00	2.15276e+04	3.9e+02
5.8531e+03	2.4e+00	2.14952e+04	2.5e+02
5.8566e+03	2.4e+00	2.13650e+04	3.1e+02
5.8600e+03	2.4e+00	2.12193e+04	3.3e+02
5.8635e+03	2.4e+00	2.14759e+04	3.4e+02
5.8669e+03	2.4e+00	2.10809e+04	2.8e+02
5.8704e+03	2.4e+00	2.08669e+04	3.5e+02
5.8738e+03	2.4e+00	2.08505e+04	3.4e+02
5.8773e+03	2.4e+00	2.05989e+04	3.1e+02
5.8807e+03	2.4e+00	2.06016e+04	2.9e+02
5.8841e+03	2.4e+00	2.02442e+04	2.8e+02
5.8876e+03	2.4e+00	2.01463e+04	3.7e+02
5.8910e+03	2.4e+00	2.00842e+04	3.0e+02
5.8945e+03	2.4e+00	1.96872e+04	3.0e+02
5.8979e+03	2.4e+00	1.98160e+04	2.8e+02
5.9014e+03	2.4e+00	1.96408e+04	2.8e+02
5.9048e+03	2.4e+00	1.98325e+04	2.6e+02
5.9082e+03	2.4e+00	1.96962e+04	3.0e+02
5.9117e+03	2.4e+00	1.95475e+04	2.8e+02
5.9151e+03	2.4e+00	1.94728e+04	3.6e+02
5.9186e+03	2.4e+00	1.93508e+04	2.7e+02
5.9220e+03	2.4e+00	1.94977e+04	3.0e+02
5.9254e+03	2.4e+00	1.90590e+04	2.5e+02
5.9289e+03	2.4e+00	1.92467e+04	2.7e+02
5.9323e+03	2.4e+00	1.91862e+04	3.3e+02
5.9358e+03	2.4e+00	1.91123e+04	3.2e+02
5.9392e+03	2.4e+00	1.90976e+04	2.5e+02
5.9426e+03	2.4e+00	1.89028e+04	3.0e+02
5.9461e+03	2.4e+00	1.86814e+04	2.5e+02
5.9495e+03	2.4e+00	1.83209e+04	2.7e+02
5.9529e+03	2.4e+00	1.83289e+04	3.0e+02
5.9564e+03	2.4e+00	1.84275e+04	2.9e+02
5.9598e+03	2.4e+00	1.86793e+04	3.1e+02
5.9633e+03	2.4e+00	1.83899e+04	3.5e+02
5.9667e+03	2.4e+00	1.84085e+04	3.1e+02
5.9701e+03	2.4e+00	1.84015e+04	2.8e+02
5.9736e+03	2.4e+00	1.82367e+04	2.5e+02
5.9770e+03	2.4e+00	1.81897e+04	3.4e+02
5.9804e+03	2.4e+00	1.80281e+04	2.6e+02
5.9838e+03	2.4e+00	1.81029e+04	2.7e+02
5.9873e+03	2.4e+00	1.77733e+04	2.8e+02
5.9907e+03	2.4e+00	1.76948e+04	3.1e+02
5.9941e+03	2.4e+00	1.75700e+04	2.4e+02
5.9976e+03	2.4e+00	1.74335e+04	2.8e+02
6.0010e+03	2.4e+00	1.77896e+04	2.2e+02
6.0044e+03	2.4e+00	1.75467e+04	2.3e+02
6.0079e+03	2.4e+00	1.73310e+04	2.6e+02
6.0113e+03	2.4e+00	1.70970e+04	2.8e+02
6.0147e+03	2.4e+00	1.71117e+04	2.0e+02
6.0181e+03	2.4e+00	1.72159e+04	2.6e+02
6.0216e+03	2.4e+00	1.72075e+04	2.4e+02
6.0250e+03	2.4e+00	1.70251e+04	1.9e+02
6.0284e+03	2.4e+00	1.71533e+04	3.0e+02
6.0318e+03	2.4e+00	1.71907e+04	2.3e+02
6.0353e+03	2.4e+00	1.68704e+04	2.5e+02
6.0387e+03	2.4e+00	1.66380e+04	2.4e+02
6.0421e+03	2.4e+00	1.66592e+04	2.3e+02
6.0455e+03	2.4e+00	1.67446e+04	1.6e+02
6.0490e+03	2.4e+00	1.67910e+04	2.5e+02
6.0524e+03	2.4e+00	1.67007e+04	2.2e+02
6.0558e+03	2.4e+00	1.67375e+04	2.4e+02
6.0592e+03	2.4e+00	1.67204e+04	3.1e+02
6.0627e+03	2.4e+00	1.64977e+04	2.3e+02
6.0661e+03	2.4e+00	1.65085e+04	2.3e+02
6.0695e+03	2.4e+00	1.63001e+04	2.7e+02
6.0729e+03	2.4e+00	1.61131e+04	2.4e+02
6.0763e+03	2.4e+00	1.63869e+04	2.6e+02
6.0798e+03	2.4e+00	1.61961e+04	2.5e+02
6.0832e+03	2.4e+00	1.58939e+04	2.0e+02
6.0866e+03	2.4e+00	1.61624e+04	1.5e+02
6.0900e+03	2.4e+00	1.60508e+04	1.9e+02
6.0934e+03	2.4e+00	1.62215e+04	2.0e+02
6.0969e+03	2.4e+00	1.59240e+04	2.4e+02
6.1003e+03	2.4e+00	1.58651e+04	2.9e+02
6.1037e+03	2.4e+00	1.59400e+04	2.4e+02
6.1071e+03	2.4e+00	1.61366e+04	1.7e+02
6.1105e+03	2.4e+00	1.59518e+04	1.9e+02
6.1139e+03	2.4e+00	1.60005e+04	1.8e+02
6.1174e+03	2.4e+00	1.56808e+04	2.0e+02
6.1208e+03	2.4e+00	1.57673e+04	2.2e+02
6.1242e+03	2.4e+00	1.57218e+04	2.2e+02
6.1276e+03	2.4e+00	1.58653e+04	1.9e+02
6.1310e+03	2.4e+00	1.56553e+04	1.6e+02
6.1344e+03	2.4e+00	1.54150e+04	1.2e+02
6.1378e+03	2.4e+00	1.54537e+04	2.8e+02
6.1412e+03	2.4e+00	1.54217e+04	2.6e+02
6.1447e+03	2.4e+00	1.54551e+04	1.1e+02
6.1481e+03	2.4e+00	1.52227e+04	1.3e+02
6.1515e+03	2.4e+00	1.52393e+04	1.7e+02
6.1549e+03	2.4e+00	1.46445e+04	9.4e+01
6.1583e+03	2.4e+00	1.47254e+04	2.5e+02
6.1617e+03	2.4e+00	1.47916e+04	2.0e+02
6.1651e+03	2.4e+00	1.47914e+04	1.8e+02
6.1685e+03	2.4e+00	1.46099e+04	1.8e+02
6.1719e+03	2.4e+00	1.46630e+04	2.5e+02
6.1753e+03	2.4e+00	1.46830e+04	2.9e+02
6.1787e+03	2.4e+00	1.48973e+04	1.5e+02
6.1822e+03	2.4e+00	1.45388e+04	1.9e+02
6.1856e+03	2.4e+00	1.45642e+04	2.0e+02
6.1890e+03	2.4e+00	1.44964e+04	3.2e+02
6.1924e+03	2.4e+00	1.44708e+04	2.9e+02
6.1958e+03	2.4e+00	1.43296e+04	1.7e+02
6.1992e+03	2.4e+00	1.45041e+04	8.1e+01
6.2026e+03	2.4e+00	1.41733e+04	1.8e+02
6.2060e+03	2.4e+00	1.42212e+04	3.1e+02
6.2094e+03	2.4e+00	1.43668e+04	3.5e+02
6.2128e+03	2.4e+00	1.40130e+04	2.2e+02
6.2162e+03	2.4e+00	1.40845e+04	1.7e+02
6.2196e+03	2.4e+00	1.40261e+04	1.7e+02
6.2230e+03	2.4e+00	1.37564e+04	1.8e+02
6.2264e+03	2.4e+00	1.39827e+04	1.2e+02
6.2298e+03	2.4e+00	1.38270e+04	1.5e+02
6.2332e+03	2.4e+00	1.37875e+04	2.4e+02
6.2366e+03	2.4e+00	1.35999e+04	1.4e+02
6.2400e+03	2.4e+00	1.37448e+04	2.6e+02
6.2434e+03	2.4e+00	1.36827e+04	2.1e+02
6.2468e+03	2.4e+00	1.34299e+04	1.6e+02
6.2502e+03	2.4e+00	1.33740e+04	1.1e+02
6.2536e+03	2.4e+00	1.34336e+04	2.0e+02
6.2570e+03	2.4e+00	1.33753e+04	1.6e+02
6.2604e+03	2.4e+00	1.31623e+04	5.7e+01
6.2638e+03	2.4e+00	1.30301e+04	1.9e+02
6.2672e+03	2.4e+00	1.31302e+04	1.9e+02
6.2706e+03	2.4e+00	1.32577e+04	1.3e+02
6.2740e+03	2.4e+00	1.27221e+04	1.1e+02
6.2774e+03	2.4e+00	1.23144e+04	1.2e+02
6.2808e+03	2.4e+00	1.19662e+04	1.4e+02
6.2841e+03	2.4e+00	1.21752e+04	2.0e+02
6.2875e+03	2.4e+00	1.26456e+04	1.6e+02
6.2909e+03	2.4e+00	1.24858e+04	2.0e+02
6.2943e+03	2.4e+00	1.24150e+04	2.1e+02
6.2977e+03	2.4e+00	1.23683e+04	1.2e+02
6.3011e+03	2.4e+00	1.23451e+04	1.6e+02
6.3045e+03	2.4e+00	1.24843e+04	1.2e+02
6.3079e+03	2.4e+00	1.25167e+04	9.3e+01
6.3113e+03	2.4e+00	1.24090e+04	1.2e+02
6.3147e+03	2.4e+00	1.25296e+04	1.7e+02
6.3181e+03	2.4e+00	1.24092e+04	1.3e+02
6.3214e+03	2.4e+00	1.24423e+04	1.4e+02
6.3248e+03	2.4e+00	1.25183e+04	1.1e+02
6.3282e+03	2.4e+00	1.24089e+04	1.7e+02
6.3316e+03	2.4e+00	1.24538e+04	1.1e+02
6.3350e+03	2.4e+00	1.24145e+04	1.4e+02
6.3384e+03	2.4e+00	1.25178e+04	8.2e+01
6.3418e+03	2.4e+00	1.23873e+04	1.1e+02
6.3452e+03	2.4e+00	1.23490e+04	1.1e+02
6.3485e+03	2.4e+00	1.22858e+04	7.6e+01
6.3519e+03	2.4e+00	1.21135e+04	1.6e+02
6.3553e+03	2.4e+00	1.23359e+04	1.5e+02
6.3587e+03	2.4e+00	1.23493e+04	1.3e+02
6.3621e+03	2.4e+00	1.23238e+04	1.7e+02
6.3655e+03	2.4e+00	1.22555e+04	2.1e+02
6.3688e+03	2.4e+00	1.21793e+04	1.4e+02
6.3722e+03	2.4e+00	1.23063e+04	2.2e+02
6.3756e+03	2.4e+00	1.19836e+04	1.5e+02
6.3790e+03	2.4e+00	1.21717e+04	1.4e+02
6.3824e+03	2.4e+00	1.21117e+04	1.2e+02
6.3857e+03	2.4e+00	1.20125e+04	1.0e+02
6.3891e+03	2.4e+00	1.19929e+04	1.4e+02
6.3925e+03	2.4e+00	1.19297e+04	1.5e+02
6.3959e+03	2.4e+00	1.19792e+04	1.5e+02
6.3993e+03	2.4e+00	1.16628e+04	8.2e+01
6.4026e+03	2.4e+00	1.18778e+04	1.0e+02
6.4060e+03	2.4e+00	1.21514e+04	1.4e+02
6.4094e+03	2.4e+00	1.17997e+04	1.4e+02
6.4128e+03	2.4e+00	1.18786e+04	2.1e+02
6.4162e+03	2.4e+00	1.17627e+04	1.6e+02
6.4195e+03	2.4e+00	1.14645e+04	2.2e+02
6.4229e+03	2.4e+00	1.16323e+04	1.4e+02
6.4263e+03	2.4e+00	1.15395e+04	1.5e+02
6.4297e+03	2.4e+00	1.16691e+04	1.1e+02
6.4330e+03	2.4e+00	1.15112e+04	1.5e+02
6.4364e+03	2.4e+00	1.14024e+04	1.2e+02
6.4398e+03	2.4e+00	1.15395e+04	1.2e+02
6.4432e+03	2.4e+00	1.13483e+04	9.7e+01
6.4465e+03	2.4e+00	1.15950e+04	1.3e+02
6.4499e+03	2.4e+00	1.11997e+04	1.8e+02
6.4533e+03	2.4e+00	1.12709e+04	1.1e+02
6.4566e+03	2.4e+00	1.13509e+04	7.7e+01
6.4600e+03	2.4e+00	1.12430e+04	1.0e+02
6.4634e+03	2.4e+00	1.12883e+04	2.1e+02
6.4667e+03	2.4e+00	1.11051e+04	1.8e+02
6.4701e+03	2.4e+00	1.09060e+04	1.5e+02
6.4735e+03	2.4e+00	1.07359e+04	1.1e+02
6.4769e+03	2.4e+00	1.09040e+04	1.2e+02
6.4802e+03	2.4e+00	1.06625e+04	6.3e+01
6.4836e+03	2.4e+00	1.10260e+04	1.4e+02
6.4870e+03	2.4e+00	1.09821e+04	1.3e+02
6.4903e+03	2.4e+00	1.10273e+04	8.6e+01
6.4937e+03	2.4e+00	1.08082e+04	2.1e+02
6.4971e+03	2.4e+00	1.08318e+04	2.5e+02
6.5004e+03	2.4e+00	1.04646e+04	6.9e+01
6.5038e+03	2.4e+00	1.09892e+04	2.1e+02
6.5072e+03	2.4e+00	1.07728e+04	5.5e+01
6.5105e+03	2.4e+00	1.06358e+04	8.6e+01
6.5139e+03	2.4e+00	1.04631e+04	1.1e+02
6.5172e+03	2.4e+00	1.03752e+04	9.6e+01
6.5206e+03	2.4e+00	1.01301e+04	1.0e+02
6.5240e+03	2.4e+00	1.00751e+04	5.8e+01
6.5273e+03	2.4e+00	1.00845e+04	7.4e+01
6.5307e+03	2.4e+00	1.00673e+04	4.9e+01
6.5341e+03	2.4e+00	9.74502e+03	5.8e+01
6.5374e+03	2.4e+00	9.76667e+03	7.8e+01
6.5408e+03	2.4e+00	9.51252e+03	1.9e+02
6.5441e+03	2.4e+00	9.19075e+03	1.4e+02
6.5475e+03	2.4e+00	8.71101e+03	5.1e+01
6.5509e+03	2.4e+00	8.27784e+03	5.2e+01
6.5542e+03	2.4e+00	7.55144e+03	7.6e+01
6.5576e+03	2.4e+00	6.70636e+03	1.2e+02
6.5609e+03	2.4e+00	6.10102e+03	8.7e+01
6.5643e+03	2.4e+00	6.05400e+03	9.1e+01
6.5676e+03	2.4e+00	6.44432e+03	8.3e+01
6.5710e+03	2.4e+00	7.22673e+03	8.1e+01
6.5744e+03	2.4e+00	7.88743e+03	7.8e+01
6.5777e+03	2.4e+00	8.51106e+03	1.2e+02
6.5811e+03	2.4e+00	8.73468e+03	1.0e+02
6.5844e+03	2.4e+00	9.01608e+03	1.1e+02
6.5878e+03	2.4e+00	9.34908e+03	1.0e+02
6.5911e+03	2.4e+00	9.30153e+03	8.8e+01
6.5945e+03	2.4e+00	9.32603e+03	8.4e+01
6.5978e+03	2.4e+00	9.58822e+03	9.7e+01
6.6012e+03	2.4e+00	9.60290e+03	1.3e+02
6.6045e+03	2.4e+00	9.65719e+03	9.8e+01
6.6079e+03	2.4e+00	9.51380e+03	1.2e+02
6.6112e+03	2.4e+00	9.48198e+03	1.1e+02
6.6146e+03	2.4e+00	9.43094e+03	8.5e+01
6.6179e+03	2.4e+00	9.62110e+03	9.7e+01
6.6213e+03	2.4e+00	9.60291e+03	1.0e+02
6.6246e+03	2.4e+00	9.47134e+03	9.7e+01
6.6280e+03	2.4e+00	9.44669e+03	9.5e+01
6.6313e+03	2.4e+00	9.39262e+03	1.2e+02
6.6347e+03	2.4e+00	9.26873e+03	1.2e+02
6.6380e+03	2.4e+00	9.55483e+03	1.1e+02
6.6414e+03	2.4e+00	9.42319e+03	1.5e+02
6.6447e+03	2.4e+00	9.27644e+03	1.1e+02
6.6481e+03	2.4e+00	9.40034e+03	1.1e+02
6.6514e+03	2.4e+00	9.41793e+03	1.2e+02
6.6548e+03	2.4e+00	9.50893e+03	1.2e+02
6.6581e+03	2.4e+00	9.30404e+03	1.7e+02
6.6615e+03	2.4e+00	9.33328e+03	1.0e+02
6.6648e+03	2.4e+00	9.20934e+03	1.2e+02
6.6681e+03	2.4e+00	9.25225e+03	1.0e+02
6.6715e+03	2.4e+00	9.25815e+03	1.3e+02
6.6748e+03	2.4e+00	9.14833e+03	1.3e+02
6.6782e+03	2.4e+00	9.05864e+03	1.3e+02
6.6815e+03	2.4e+00	9.05129e+03	1.2e+02
6.6849e+03	2.4e+00	9.16075e+03	1.1e+02
6.6882e+03	2.4e+00	9.16316e+03	1.3e+02
6.6915e+03	2.4e+00	9.26035e+03	1.2e+02
6.6949e+03	2.4e+00	9.08069e+03	1.4e+02
6.6982e+03	2.4e+00	9.16567e+03	1.2e+02
6.7016e+03	2.4e+00	9.05968e+03	1.7e+02
6.7049e+03	2.4e+00	9.04454e+03	8.9e+01
6.7082e+03	2.4e+00	9.03896e+03	1.3e+02
6.7116e+03	2.4e+00	8.85805e+03	8.3e+01
6.7149e+03	2.4e+00	8.96491e+03	1.2e+02
6.7183e+03	2.4e+00	8.84108e+03	1.0e+02
6.7216e+03	2.4e+00	8.94058e+03	1.7e+02
6.7249e+03	2.4e+00	9.10465e+03	1.5e+02
6.7283e+03	2.4e+00	8.99939e+03	1.1e+02
6.7316e+03	2.4e+00	8.95678e+03	1.0e+02
6.7349e+03	2.4e+00	8.93780e+03	1.5e+02
6.7383e+03	2.4e+00	8.89366e+03	1.2e+02
6.7416e+03	2.4e+00	8.75700e+03	1.4e+02
6.7449e+03	2.4e+00	8.81495e+03	1.5e+02
6.7483e+03	2.4e+00	8.76211e+03	1.6e+02
6.7516e+03	2.4e+00	8.56319e+03	1.5e+02
6.7549e+03	2.4e+00	8.62112e+03	1.2e+02
6.7583e+03	2.4e+00	8.69278e+03	1.4e+02
6.7616e+03	2.4e+00	8.60789e+03	1.4e+02
6.7649e+03	2.4e+00	8.76880e+03	1.1e+02
6.7683e+03	2.4e+00	8.52811e+03	1.6e+02
6.7716e+03	2.4e+00	8.32476e+03	1.4e+02
6.7749e+03	2.4e+00	8.47086e+03	1.3e+02
6.7782e+03	2.4e+00	8.34908e+03	1.5e+02
6.7816e+03	2.4e+00	8.30525e+03	1.3e+02
6.7849e+03	2.4e+00	8.52083e+03	1.3e+02
6.7882e+03	2.4e+00	8.37621e+03	1.4e+02
6.7916e+03	2.4e+00	8.37982e+03	1.5e+02
6.7949e+03	2.4e+00	8.24793e+03	1.7e+02
6.7982e+03	2.4e+00	8.33207e+03	1.1e+02
6.8015e+03	2.4e+00	8.23602e+03	1.8e+02
6.8049e+03	2.4e+00	7.98893e+03	1.4e+02
6.8082e+03	2.4e+00	7.99265e+03	1.0e+02
6.8115e+03	2.4e+00	7.97413e+03	1.3e+02
6.8148e+03	2.4e+00	8.11716e+03	1.6e+02
6.8182e+03	2.4e+00	8.13944e+03	1.5e+02
6.8215e+03	2.4e+00	8.04029e+03	1.2e+02
6.8248e+03	2.4e+00	7.93405e+03	9.5e+01
6.8281e+03	2.4e+00	7.71637e+03	1.3e+02
6.8315e+03	2.4e+00	8.01799e+03	1.4e+02
6.8348e+03	2.4e+00	8.04218e+03	1.3e+02
6.8381e+03	2.4e+00	7.99025e+03	2.0e+02
6.8414e+03	2.4e+00	7.78239e+03	1.2e+02
6.8447e+03	2.4e+00	7.87649e+03	1.3e+02
6.8481e+03	2.4e+00	7.79316e+03	1.3e+02
6.8514e+03	2.4e+00	7.69241e+03	1.4e+02
6.8547e+03	2.4e+00	7.54374e+03	1.3e+02
6.8580e+03	2.4e+00	7.64426e+03	1.2e+02
6.8613e+03	2.4e+00	7.40961e+03	1.2e+02
6.8647e+03	2.4e+00	6.57839e+03	9.7e+01
6.8680e+03	2.4e+00	5.62940e+03	7.7e+01
6.8713e+03	2.4e+00	4.30785e+03	7.5e+01
6.8746e+03	2.4e+00	4.16994e+03	6.6e+01
6.8779e+03	2.4e+00	5.00253e+03	1.0e+02
6.8812e+03	2.4e+00	5.86025e+03	9.8e+01
6.8846e+03	2.4e+00	6.18016e+03	1.2e+02
6.8879e+03	2.4e+00	5.91103e+03	1.0e+02
6.8912e+03	2.4e+00	5.44960e+03	1.1e+02
6.8945e+03	2.4e+00	5.59906e+03	1.0e+02
6.8978e+03	2.4e+00	5.70006e+03	8.1e+01
6.9011e+03	2.4e+00	5.82151e+03	1.0e+02
6.9044e+03	2.4e+00	6.18352e+03	1.3e+02
6.9078e+03	2.4e+00	6.18407e+03	1.1e+02
6.9111e+03	2.4e+00	6.40967e+03	1.0e+02
6.9144e+03	2.4e+00	6.44404e+03	1.1e+02
6.9177e+03	2.4e+00	6.34421e+03	1.2e+02
6.9210e+03	2.4e+00	6.49224e+03	1.7e+02
6.9243e+03	2.4e+00	6.56246e+03	1.7e+02
6.9276e+03	2.4e+00	6.74521e+03	1.5e+02
6.9309e+03	2.4e+00	6.69207e+03	1.4e+02
6.9342e+03	2.4e+00	6.57975e+03	1.4e+02
6.9375e+03	2.4e+00	6.60523e+03	1.3e+02
6.9409e+03	2.4e+00	6.59651e+03	1.3e+02
6.9442e+03	2.4e+00	6.40666e+03	9.9e+01
6.9475e+03	2.4e+00	6.49087e+03	1.3e+02
6.9508e+03	2.4e+00	6.45248e+03	1.4e+02
6.9541e+03	2.4e+00	6.57888e+03	1.2e+02
6.9574e+03	2.4e+00	6.54209e+03	1.5e+02
6.9607e+03	2.4e+00	6.63803e+03	1.2e+02
6.9640e+03	2.4e+00	6.57149e+03	1.1e+02
6.9673e+03	2.4e+00	6.88953e+03	1.4e+02
6.9706e+03	2.4e+00	6.78646e+03	1.7e+02
6.9739e+03	2.4e+00	6.74625e+03	1.4e+02
6.9772e+03	2.4e+00	6.65311e+03	1.6e+02
6.9805e+03	2.4e+00	6.41532e+03	1.7e+02
6.9838e+03	2.4e+00	6.43717e+03	1.9e+02
6.9871e+03	2.4e+00	6.24162e+03	1.1e+02
6.9904e+03	2.4e+00	6.49189e+03	1.2e+02
6.9937e+03	2.4e+00	6.32522e+03	9.6e+01
6.9970e+03	2.4e+00	6.39984e+03	1.1e+02
7.0003e+03	2.4e+00	6.25475e+03	1.4e+02
7.0036e+03	2.4e+00	6.28145e+03	1.5e+02
7.0069e+03	2.4e+00	6.19816e+03	1.3e+02
7.0102e+03	2.4e+00	6.12303e+03	1.6e+02
7.0135e+03	2.4e+00	6.12775e+03	1.5e+02
7.0168e+03	2.4e+00	6.11825e+03	1.1e+02
7.0201e+03	2.4e+00	6.06601e+03	1.2e+02
7.0234e+03	2.4e+00	6.21408e+03	1.3e+02
7.0267e+03	2.4e+00	6.12977e+03	1.4e+02
7.0300e+03	2.4e+00	6.07111e+03	1.3e+02
7.0333e+03	2.4e+00	6.22096e+03	1.5e+02
7.0366e+03	2.4e+00	6.13031e+03	1.5e+02
7.0399e+03	2.4e+00	6.14523e+03	1.1e+02
7.0432e+03	2.4e+00	6.03101e+03	1.7e+02
7.0465e+03	2.4e+00	6.06720e+03	2.0e+02
7.0498e+03	2.4e+00	5.79587e+03	1.4e+02
7.0531e+03	2.4e+00	5.86490e+03	1.5e+02
7.0564e+03	2.4e+00	5.80130e+03	1.8e+02
7.0597e+03	2.4e+00	5.95746e+03	1.3e+02
7.0629e+03	2.4e+00	5.90376e+03	1.3e+02
7.0662e+03	2.4e+00	5.91873e+03	8.4e+01
7.0695e+03	2.4e+00	5.97657e+03	1.3e+02
7.0728e+03	2.4e+00	5.86490e+03	1.8e+02
7.0761e+03	2.4e+00	5.66824e+03	1.0e+02
7.0794e+03	2.4e+00	5.63103e+03	9.8e+01
7.0827e+03	2.4e+00	5.73157e+03	1.1e+02
7.0860e+03	2.4e+00	5.83459e+03	1.3e+02
7.0893e+03	2.4e+00	5.67342e+03	1.0e+02
7.0926e+03	2.4e+00	5.65963e+03	1.4e+02
7.0958e+03	2.4e+00	5.59887e+03	1.1e+02
7.0991e+03	2.4e+00	5.62054e+03	1.3e+02
7.1024e+03	2.4e+00	5.41950e+03	1.4e+02
7.1057e+03	2.4e+00	5.48334e+03	1.2e+02
7.1090e+03	2.4e+00	5.68545e+03	1.5e+02
7.1123e+03	2.4e+00	5.47675e+03	1.5e+02
7.1156e+03	2.4e+00	5.41580e+03	1.4e+02
7.1188e+03	2.4e+00	5.06412e+03	1.0e+02
7.1221e+03	2.4e+00	5.01791e+03	1.0e+02
7.1254e+03	2.4e+00	5.04874e+03	1.4e+02
7.1287e+03	2.4e+00	5.33123e+03	1.2e+02
7.1320e+03	2.4e+00	5.24030e+03	1.1e+02
7.1353e+03	2.4e+00	5.37443e+03	1.4e+02
7.1385e+03	2.4e+00	5.26467e+03	1.4e+02
7.1418e+03	2.4e+00	5.14820e+03	1.3e+02
7.1451e+03	2.4e+00	5.12226e+03	1.5e+02
7.1484e+03	2.4e+00	5.10345e+03	1.3e+02
7.1517e+03	2.4e+00	5.11283e+03	1.3e+02
7.1549e+03	2.4e+00	4.95691e+03	1.1e+02
7.1582e+03	2.4e+00	5.05159e+03	1.1e+02
7.1615e+03	2.4e+00	5.00479e+03	1.0e+02
7.1648e+03	2.4e+00	4.88011e+03	1.5e+02
7.1681e+03	2.4e+00	4.67173e+03	1.2e+02
7.1713e+03	2.4e+00	4.45830e+03	1.2e+02
7.1746e+03	2.4e+00	4.39459e+03	1.0e+02
7.1779e+03	2.4e+00	4.27227e+03	1.2e+02
7.1812e+03	2.4e+00	4.08526e+03	8.5e+01
7.1844e+03	2.4e+00	4.12410e+03	1.1e+02
7.1877e+03	2.4e+00	4.19068e+03	9.1e+01
7.1910e+03	2.4e+00	3.68842e+03	6.7e+01
7.1943e+03	2.4e+00	4.08447e+03	1.0e+02
7.1975e+03	2.4e+00	4.00083e+03	8.5e+01
7.2008e+03	2.4e+00	3.86089e+03	1.3e+02
7.2041e+03	2.4e+00	3.80537e+03	6.3e+01
7.2074e+03	2.4e+00	3.92898e+03	1.1e+02
7.2106e+03	2.4e+00	4.17696e+03	1.1e+02
7.2139e+03	2.4e+00	4.37879e+03	8.2e+01
7.2172e+03	2.4e+00	4.20650e+03	9.6e+01
7.2204e+03	2.4e+00	4.34802e+03	1.2e+02
7.2237e+03	2.4e+00	4.37179e+03	1.6e+02
7.2270e+03	2.4e+00	4.24073e+03	1.2e+02
7.2303e+03	2.4e+00	4.19493e+03	6.5e+01
7.2335e+03	2.4e+00	3.94655e+03	8.2e+01
7.2368e+03	2.4e+00	3.99529e+03	9.4e+01
7.2401e+03	2.4e+00	3.83732e+03	8.4e+01
7.2433e+03	2.4e+00	3.82996e+03	9.8e+01
7.2466e+03	2.4e+00	3.82818e+03	1.3e+02
7.2499e+03	2.4e+00	3.71121e+03	1.0e+02
7.2531e+03	2.4e+00	3.77981e+03	8.2e+01
7.2564e+03	2.4e+00	3.65773e+03	9.1e+01
7.2597e+03	2.4e+00	3.89355e+03	1.0e+02
7.2629e+03	2.4e+00	3.88905e+03	8.9e+01
7.2662e+03	2.4e+00	3.97916e+03	5.5e+01
7.2695e+03	2.4e+00	3.75169e+03	1.2e+02
7.2727e+03	2.4e+00	3.77986e+03	9.3e+01
7.2760e+03	2.4e+00	3.70939e+03	1.2e+02
7.2792e+03	2.4e+00	3.63446e+03	8.2e+01
7.2825e+03	2.4e+00	3.73287e+03	9.5e+01
7.2858e+03	2.4e+00	3.84704e+03	1.3e+02
7.2890e+03	2.4e+00	3.86891e+03	1.0e+02
7.2923e+03	2.4e+00	3.73350e+03	1.1e+02
7.2956e+03	2.4e+00	3.53782e+03	9.3e+01
7.2988e+03	2.4e+00	3.61313e+03	7.7e+01
7.3021e+03	2.4e+00	3.81605e+03	1.2e+02
7.3053e+03	2.4e+00	3.73603e+03	1.1e+02
7.3086e+03	2.4e+00	3.77829e+03	8.8e+01
7.3119e+03	2.4e+00	3.78518e+03	1.3e+02
7.3151e+03	2.4e+00	3.73333e+03	1.3e+02
7.3184e+03	2.4e+00	3.71860e+03	1.1e+02
7.3216e+03	2.4e+00	3.56854e+03	1.1e+02
7.3249e+03	2.4e+00	3.64707e+03	8.7e+01
7.3281e+03	2.4e+00	3.75916e+03	6.3e+01
7.3314e+03	2.4e+00	3.84844e+03	9.2e+01
7.3346e+03	2.4e+00	3.78536e+03	8.4e+01
7.3379e+03	2.4e+00	3.91470e+03	1.4e+02
7.3412e+03	2.4e+00	3.82545e+03	1.2e+02
7.3444e+03	2.4e+00	3.85842e+03	1.7e+02
7.3477e+03	2.4e+00	3.71980e+03	1.1e+02
7.3509e+03	2.4e+00	3.69164e+03	1.1e+02
7.3542e+03	2.4e+00	3.59487e+03	1.3e+02
7.3574e+03	2.4e+00	3.78370e+03	1.0e+02
7.3607e+03	2.4e+00	3.56260e+03	9.1e+01
7.3639e+03	2.4e+00	3.51015e+03	8.6e+01
7.3672e+03	2.4e+00	3.63180e+03	8.5e+01
7.3704e+03	2.4e+00	3.41169e+03	1.0e+02
7.3737e+03	2.4e+00	3.62826e+03	1.4e+02
7.3769e+03	2.4e+00	3.60614e+03	1.4e+02
7.3802e+03	2.4e+00	3.45369e+03	1.2e+02
7.3834e+03	2.4e+00	3.59082e+03	1.1e+02
7.3867e+03	2.4e+00	3.52581e+03	1.2e+02
7.3899e+03	2.4e+00	3.42167e+03	1.1e+02
7.3932e+03	2.4e+00	3.50214e+03	1.1e+02
7.3964e+03	2.4e+00	3.59166e+03	1.3e+02
7.3997e+03	2.4e+00	3.47639e+03	1.2e+02
7.4029e+03	2.4e+00	3.48550e+03	8.1e+01
7.4062e+03	2.4e+00	3.37846e+03	1.0e+02
7.4094e+03	2.4e+00	3.23072e+03	9.6e+01
7.4127e+03	2.4e+00	3.32412e+03	1.1e+02
7.4159e+03	2.4e+00	3.36230e+03	1.1e+02
7.4191e+03	2.4e+00	3.41115e+03	9.2e+01
7.4224e+03	2.4e+00	3.30183e+03	9.1e+01
7.4256e+03	2.4e+00	3.35780e+03	1.1e+02
7.4289e+03	2.4e+00	3.44270e+03	1.1e+02
7.4321e+03	2.4e+00	3.47592e+03	1.3e+02
7.4354e+03	2.4e+00	3.41742e+03	1.1e+02
7.4386e+03	2.4e+00	3.27629e+03	9.4e+01
7.4418e+03	2.4e+00	3.16444e+03	1.0e+02
7.4451e+03	2.4e+00	3.28104e+03	1.5e+02
7.4483e+03	2.4e+00	3.29473e+03	1.1e+02
7.4516e+03	2.4e+00	3.32262e+03	1.3e+02
7.4548e+03	2.4e+00	3.25765e+03	1.1e+02
7.4580e+03	2.4e+00	3.37675e+03	1.2e+02
7.4613e+03	2.4e+00	3.23281e+03	7.4e+01
7.4645e+03	2.4e+00	3.07293e+03	9.3e+01
7.4678e+03	2.4e+00	3.05495e+03	1.2e+02
7.4710e+03	2.4e+00	3.21632e+03	1.2e+02
7.4742e+03	2.4e+00	3.07461e+03	7.3e+01
7.4775e+03	2.4e+00	3.15711e+03	8.9e+01
7.4807e+03	2.4e+00	3.09735e+03	8.9e+01
7.4839e+03	2.4e+00	3.10872e+03	8.9e+01
7.4872e+03	2.4e+00	3.11872e+03	1.3e+02
7.4904e+03	2.4e+00	3.02979e+03	1.4e+02
7.4936e+03	2.4e+00	2.91015e+03	1.2e+02
7.4969e+03	2.4e+00	2.96352e+03	1.2e+02
7.5001e+03	2.4e+00	3.00580e+03	5.9e+01
7.5033e+03	2.4e+00	3.02051e+03	1.1e+02
7.5066e+03	2.4e+00	2.94129e+03	1.1e+02
7.5098e+03	2.4e+00	2.92864e+03	9.7e+01
7.5130e+03	2.4e+00	2.88256e+03	1.1e+02
7.5163e+03	2.4e+00	2.83739e+03	7.8e+01
7.5195e+03	2.4e+00	2.99350e+03	1.1e+02
7.5227e+03	2.4e+00	2.78362e+03	1.0e+02
7.5260e+03	2.4e+00	2.92428e+03	1.1e+02
7.5292e+03	2.4e+00	2.98450e+03	1.1e+02
7.5324e+03	2.4e+00	2.84469e+03	1.6e+02
7.5356e+03	2.4e+00	2.83653e+03	1.1e+02
7.5389e+03	2.4e+00	2.80297e+03	1.3e+02
7.5421e+03	2.4e+00	2.92384e+03	9.8e+01
7.5453e+03	2.4e+00	2.86772e+03	1.2e+02
7.5486e+03	2.4e+00	2.69551e+03	8.4e+01
7.5518e+03	2.4e+00	2.75503e+03	7.8e+01
7.5550e+03	2.4e+00	2.76094e+03	8.8e+01
7.5582e+03	2.4e+00	2.80050e+03	1.2e+02
7.5615e+03	2.4e+00	2.76655e+03	8.5e+01
7.5647e+03	2.4e+00	2.70049e+03	1.1e+02
7.5679e+03	2.4e+00	2.69066e+03	9.6e+01
7.5711e+03	2.4e+00	2.79242e+03	1.2e+02
7.5744e+03	2.4e+00	2.60364e+03	1.2e+02
7.5776e+03	2.4e+00	2.50745e+03	8.8e+01
7.5808e+03	2.4e+00	2.75616e+03	1.1e+02
7.5840e+03	2.4e+00	2.65191e+03	1.3e+02
7.5872e+03	2.4e+00	2.63004e+03	1.1e+02
7.5905e+03	2.4e+00	2.65449e+03	1.1e+02
7.5937e+03	2.4e+00	2.38357e+03	8.3e+01
7.5969e+03	2.4e+00	2.14824e+03	1.0e+02
7.6001e+03	2.4e+00	1.91363e+03	1.1e+02
7.6033e+03	2.4e+00	1.18032e+03	6.8e+01
7.6066e+03	2.4e+00	5.39506e+02	3.4e+01
7.6098e+03	2.4e+00	2.42295e+02	2.0e+01
7.6130e+03	2.4e+00	2.34937e+02	2.0e+01
7.6162e+03	2.4e+00	3.65719e+02	3.2e+01
7.6194e+03	2.4e+00	4.41567e+02	3.3e+01
7.6227e+03	2.4e+00	7.95075e+02	3.8e+01
7.6259e+03	2.4e+00	1.11977e+03	5.4e+01
7.6291e+03	2.4e+00	1.21997e+03	7.0e+01
7.6323e+03	2.4e+00	8.97457e+02	4.6e+01
7.6355e+03	2.4e+00	7.04502e+02	3.8e+01
7.6387e+03	2.4e+00	6.97935e+02	4.3e+01
7.6419e+03	2.4e+00	7.62644e+02	3.2e+01
7.6452e+03	2.4e+00	8.24889e+02	4.4e+01
7.6484e+03	2.4e+00	8.01323e+02	4.3e+01
7.6516e+03	2.4e+00	9.04965e+02	4.7e+01
7.6548e+03	2.4e+00	1.05803e+03	4.8e+01
7.6580e+03	2.4e+00	1.19363e+03	6.0e+01
7.6612e+03	2.4e+00	1.40265e+03	7.1e+01
7.6644e+03	2.4e+00	1.57540e+03	6.1e+01
7.6676e+03	2.4e+00	1.44065e+03	4.3e+01
7.6709e+03	2.4e+00	1.68947e+03	7.3e+01
7.6741e+03	2.4e+00	1.77006e+03	7.2e+01
7.6773e+03	2.4e+00	1.87901e+03	6.2e+01
7.6805e+03	2.4e+00	1.90654e+03	7.8e+01
7.6837e+03	2.4e+00	1.88964e+03	7.9e+01
7.6869e+03	2.4e+00	2.03040e+03	1.2e+02
