# lambda [A]	Dlambda [A]	specval [counts]	Dspecval [counts]
3.7478e+03	4.0e+00	1.4870e+00	1.0e-01
3.7503e+03	4.0e+00	1.5048e+00	1.0e-01
3.7527e+03	4.0e+00	1.5068e+00	1.0e-01
3.7552e+03	4.0e+00	1.4832e+00	9.8e-02
3.7577e+03	4.0e+00	1.5043e+00	1.0e-01
3.7602e+03	4.0e+00	1.5127e+00	1.0e-01
3.7627e+03	4.0e+00	1.5108e+00	1.0e-01
3.7652e+03	4.0e+00	1.5350e+00	1.0e-01
3.7677e+03	3.9e+00	1.5406e+00	1.0e-01
3.7702e+03	3.9e+00	1.5490e+00	1.0e-01
3.7726e+03	3.9e+00	1.5326e+00	9.7e-02
3.7751e+03	3.9e+00	1.5551e+00	9.9e-02
3.7776e+03	3.9e+00	1.5774e+00	9.9e-02
3.7801e+03	3.9e+00	1.5649e+00	9.9e-02
3.7826e+03	3.9e+00	1.5334e+00	9.6e-02
3.7851e+03	3.9e+00	1.5888e+00	1.0e-01
3.7876e+03	3.9e+00	1.5516e+00	9.8e-02
3.7901e+03	3.9e+00	1.5529e+00	1.0e-01
3.7925e+03	3.8e+00	1.5459e+00	9.8e-02
3.7950e+03	3.8e+00	1.5596e+00	9.7e-02
3.7975e+03	3.8e+00	1.5672e+00	9.9e-02
3.8000e+03	3.8e+00	1.6066e+00	1.0e-01
3.8025e+03	3.8e+00	1.6092e+00	1.0e-01
3.8050e+03	3.8e+00	1.6098e+00	1.0e-01
3.8075e+03	3.8e+00	1.6402e+00	1.0e-01
3.8100e+03	3.8e+00	1.5953e+00	1.0e-01
3.8124e+03	3.8e+00	1.5696e+00	1.0e-01
3.8149e+03	3.8e+00	1.5813e+00	9.8e-02
3.8174e+03	3.7e+00	1.5634e+00	9.6e-02
3.8199e+03	3.7e+00	1.5463e+00	9.5e-02
3.8224e+03	3.7e+00	1.5587e+00	9.7e-02
3.8249e+03	3.7e+00	1.5322e+00	9.8e-02
3.8274e+03	3.7e+00	1.5486e+00	9.9e-02
3.8298e+03	3.7e+00	1.5447e+00	9.6e-02
3.8323e+03	3.7e+00	1.5339e+00	9.7e-02
3.8348e+03	3.7e+00	1.5510e+00	9.8e-02
3.8373e+03	3.7e+00	1.5882e+00	9.9e-02
3.8398e+03	3.7e+00	1.6046e+00	9.3e-02
3.8423e+03	3.6e+00	1.6452e+00	9.5e-02
3.8448e+03	3.6e+00	1.6588e+00	9.6e-02
3.8473e+03	3.6e+00	1.6757e+00	9.7e-02
3.8497e+03	3.6e+00	1.6500e+00	9.2e-02
3.8522e+03	3.6e+00	1.6263e+00	9.0e-02
3.8547e+03	3.6e+00	1.6306e+00	9.4e-02
3.8572e+03	3.6e+00	1.6366e+00	9.2e-02
3.8597e+03	3.6e+00	1.6837e+00	9.9e-02
3.8622e+03	3.6e+00	1.6992e+00	9.3e-02
3.8647e+03	3.6e+00	1.6558e+00	9.1e-02
3.8671e+03	3.6e+00	1.6701e+00	9.6e-02
3.8696e+03	3.5e+00	1.6605e+00	9.2e-02
3.8721e+03	3.5e+00	1.6622e+00	9.2e-02
3.8746e+03	3.5e+00	1.6467e+00	9.1e-02
3.8771e+03	3.5e+00	1.6658e+00	9.1e-02
3.8796e+03	3.5e+00	1.6594e+00	9.0e-02
3.8821e+03	3.5e+00	1.6449e+00	8.8e-02
3.8845e+03	3.5e+00	1.6788e+00	9.2e-02
3.8870e+03	3.5e+00	1.6844e+00	9.0e-02
3.8895e+03	3.5e+00	1.7150e+00	8.7e-02
3.8920e+03	3.5e+00	1.7377e+00	8.8e-02
3.8945e+03	3.5e+00	1.7789e+00	8.8e-02
3.8970e+03	3.4e+00	1.7847e+00	9.0e-02
3.8995e+03	3.4e+00	1.7618e+00	8.9e-02
3.9019e+03	3.4e+00	1.7967e+00	9.1e-02
3.9044e+03	3.4e+00	1.7796e+00	8.5e-02
3.9069e+03	3.4e+00	1.8070e+00	8.2e-02
3.9094e+03	3.4e+00	1.8487e+00	8.6e-02
3.9119e+03	3.4e+00	1.8673e+00	8.7e-02
3.9144e+03	3.4e+00	1.8389e+00	8.5e-02
3.9169e+03	3.4e+00	1.8164e+00	8.5e-02
3.9193e+03	3.4e+00	1.7805e+00	8.6e-02
3.9218e+03	3.4e+00	1.6742e+00	7.9e-02
3.9243e+03	3.3e+00	1.6367e+00	8.2e-02
3.9268e+03	3.3e+00	1.5374e+00	8.2e-02
3.9293e+03	3.3e+00	1.4508e+00	8.1e-02
3.9318e+03	3.3e+00	1.3940e+00	7.6e-02
3.9343e+03	3.3e+00	1.4376e+00	7.6e-02
3.9367e+03	3.3e+00	1.4701e+00	7.6e-02
3.9392e+03	3.3e+00	1.5757e+00	7.6e-02
3.9417e+03	3.3e+00	1.6190e+00	7.4e-02
3.9442e+03	3.3e+00	1.6673e+00	7.4e-02
3.9467e+03	3.3e+00	1.7255e+00	7.5e-02
3.9492e+03	3.3e+00	1.7875e+00	7.9e-02
3.9517e+03	3.3e+00	1.7863e+00	7.4e-02
3.9541e+03	3.2e+00	1.7763e+00	7.8e-02
3.9566e+03	3.2e+00	1.7283e+00	7.3e-02
3.9591e+03	3.2e+00	1.6723e+00	7.6e-02
3.9616e+03	3.2e+00	1.5325e+00	6.9e-02
3.9641e+03	3.2e+00	1.4076e+00	6.7e-02
3.9666e+03	3.2e+00	1.3624e+00	6.9e-02
3.9691e+03	3.2e+00	1.3569e+00	6.6e-02
3.9715e+03	3.2e+00	1.4403e+00	6.5e-02
3.9740e+03	3.2e+00	1.5613e+00	6.7e-02
3.9765e+03	3.2e+00	1.6707e+00	6.7e-02
3.9790e+03	3.2e+00	1.7470e+00	6.6e-02
3.9815e+03	3.2e+00	1.8025e+00	6.9e-02
3.9840e+03	3.1e+00	1.8193e+00	6.9e-02
3.9864e+03	3.1e+00	1.8212e+00	6.7e-02
3.9889e+03	3.1e+00	1.8497e+00	6.6e-02
3.9914e+03	3.1e+00	1.8434e+00	6.5e-02
3.9939e+03	3.1e+00	1.8568e+00	6.6e-02
3.9964e+03	3.1e+00	1.8857e+00	6.6e-02
3.9989e+03	3.1e+00	1.8678e+00	6.6e-02
4.0014e+03	3.1e+00	1.8475e+00	6.4e-02
4.0038e+03	3.1e+00	1.8739e+00	6.6e-02
4.0063e+03	3.1e+00	1.8646e+00	6.5e-02
4.0088e+03	3.1e+00	1.8560e+00	6.1e-02
4.0113e+03	3.1e+00	1.8682e+00	6.3e-02
4.0138e+03	3.1e+00	1.8947e+00	6.3e-02
4.0163e+03	3.0e+00	1.8764e+00	6.1e-02
4.0187e+03	3.0e+00	1.8640e+00	6.1e-02
4.0212e+03	3.0e+00	1.8421e+00	5.9e-02
4.0237e+03	3.0e+00	1.8273e+00	5.9e-02
4.0262e+03	3.0e+00	1.8047e+00	5.8e-02
4.0287e+03	3.0e+00	1.7895e+00	6.1e-02
4.0312e+03	3.0e+00	1.7353e+00	5.4e-02
4.0336e+03	3.0e+00	1.7419e+00	5.9e-02
4.0361e+03	3.0e+00	1.7370e+00	5.5e-02
4.0386e+03	3.0e+00	1.7331e+00	5.7e-02
4.0411e+03	3.0e+00	1.6946e+00	5.6e-02
4.0436e+03	3.0e+00	1.6731e+00	5.7e-02
4.0461e+03	3.0e+00	1.6329e+00	5.2e-02
4.0486e+03	2.9e+00	1.6500e+00	5.3e-02
4.0510e+03	2.9e+00	1.6625e+00	5.2e-02
4.0535e+03	2.9e+00	1.6512e+00	5.1e-02
4.0560e+03	2.9e+00	1.6199e+00	5.3e-02
4.0585e+03	2.9e+00	1.5887e+00	5.2e-02
4.0610e+03	2.9e+00	1.5505e+00	4.9e-02
4.0635e+03	2.9e+00	1.5631e+00	4.9e-02
4.0659e+03	2.9e+00	1.5376e+00	4.7e-02
4.0684e+03	2.9e+00	1.5482e+00	4.7e-02
4.0709e+03	2.9e+00	1.5675e+00	4.9e-02
4.0734e+03	2.9e+00	1.5350e+00	4.6e-02
4.0759e+03	2.9e+00	1.5325e+00	4.4e-02
4.0784e+03	2.9e+00	1.5524e+00	4.6e-02
4.0808e+03	2.9e+00	1.5364e+00	4.5e-02
4.0833e+03	2.8e+00	1.5801e+00	4.5e-02
4.0858e+03	2.8e+00	1.6055e+00	4.6e-02
4.0883e+03	2.8e+00	1.6061e+00	4.4e-02
4.0908e+03	2.8e+00	1.6225e+00	4.6e-02
4.0933e+03	2.8e+00	1.5806e+00	4.6e-02
4.0957e+03	2.8e+00	1.5232e+00	4.5e-02
4.0982e+03	2.8e+00	1.4509e+00	4.4e-02
4.1007e+03	2.8e+00	1.4088e+00	4.1e-02
4.1032e+03	2.8e+00	1.3939e+00	4.1e-02
4.1057e+03	2.8e+00	1.4463e+00	4.0e-02
4.1082e+03	2.8e+00	1.4901e+00	4.2e-02
4.1106e+03	2.8e+00	1.5153e+00	4.0e-02
4.1131e+03	2.8e+00	1.5259e+00	4.2e-02
4.1156e+03	2.8e+00	1.5485e+00	4.2e-02
4.1181e+03	2.8e+00	1.5452e+00	4.3e-02
4.1206e+03	2.7e+00	1.5303e+00	4.0e-02
4.1231e+03	2.7e+00	1.5217e+00	4.1e-02
4.1255e+03	2.7e+00	1.4910e+00	4.0e-02
4.1280e+03	2.7e+00	1.4752e+00	4.0e-02
4.1305e+03	2.7e+00	1.4521e+00	3.9e-02
4.1330e+03	2.7e+00	1.4428e+00	3.9e-02
4.1355e+03	2.7e+00	1.4764e+00	3.9e-02
4.1380e+03	2.7e+00	1.4783e+00	3.8e-02
4.1404e+03	2.7e+00	1.4554e+00	3.8e-02
4.1429e+03	2.7e+00	1.4585e+00	3.9e-02
4.1454e+03	2.7e+00	1.4415e+00	3.8e-02
4.1479e+03	2.7e+00	1.4397e+00	3.7e-02
4.1504e+03	2.7e+00	1.4556e+00	3.8e-02
4.1529e+03	2.7e+00	1.4427e+00	3.8e-02
4.1553e+03	2.7e+00	1.4252e+00	3.6e-02
4.1578e+03	2.7e+00	1.4418e+00	3.7e-02
4.1603e+03	2.6e+00	1.4527e+00	3.6e-02
4.1628e+03	2.6e+00	1.4879e+00	3.9e-02
4.1653e+03	2.6e+00	1.4835e+00	3.7e-02
4.1677e+03	2.6e+00	1.4638e+00	3.8e-02
4.1702e+03	2.6e+00	1.4303e+00	3.7e-02
4.1727e+03	2.6e+00	1.4052e+00	3.6e-02
4.1752e+03	2.6e+00	1.4011e+00	3.6e-02
4.1777e+03	2.6e+00	1.3941e+00	3.5e-02
4.1802e+03	2.6e+00	1.4144e+00	3.5e-02
4.1826e+03	2.6e+00	1.4081e+00	3.4e-02
4.1851e+03	2.6e+00	1.4252e+00	3.6e-02
4.1876e+03	2.6e+00	1.4167e+00	3.4e-02
4.1901e+03	2.6e+00	1.4352e+00	3.7e-02
4.1926e+03	2.6e+00	1.4256e+00	3.5e-02
4.1951e+03	2.6e+00	1.4157e+00	3.5e-02
4.1975e+03	2.6e+00	1.4022e+00	3.6e-02
4.2000e+03	2.6e+00	1.3828e+00	3.4e-02
4.2025e+03	2.5e+00	1.4016e+00	3.3e-02
4.2050e+03	2.5e+00	1.4170e+00	3.4e-02
4.2075e+03	2.5e+00	1.4597e+00	3.4e-02
4.2099e+03	2.5e+00	1.4941e+00	3.7e-02
4.2124e+03	2.5e+00	1.4926e+00	3.7e-02
4.2149e+03	2.5e+00	1.4780e+00	3.5e-02
4.2174e+03	2.5e+00	1.4598e+00	3.4e-02
4.2199e+03	2.5e+00	1.4503e+00	3.5e-02
4.2224e+03	2.5e+00	1.4015e+00	3.4e-02
4.2248e+03	2.5e+00	1.3662e+00	3.3e-02
4.2273e+03	2.5e+00	1.3427e+00	3.1e-02
4.2298e+03	2.5e+00	1.3498e+00	3.0e-02
4.2323e+03	2.5e+00	1.3964e+00	3.2e-02
4.2348e+03	2.5e+00	1.4122e+00	3.4e-02
4.2372e+03	2.5e+00	1.3946e+00	3.3e-02
4.2397e+03	2.5e+00	1.3964e+00	3.2e-02
4.2422e+03	2.5e+00	1.4212e+00	3.3e-02
4.2447e+03	2.5e+00	1.4104e+00	3.2e-02
4.2472e+03	2.4e+00	1.4055e+00	3.3e-02
4.2496e+03	2.4e+00	1.3841e+00	3.2e-02
4.2521e+03	2.4e+00	1.3649e+00	3.1e-02
4.2546e+03	2.4e+00	1.3787e+00	3.1e-02
4.2571e+03	2.4e+00	1.3932e+00	3.2e-02
4.2596e+03	2.4e+00	1.3882e+00	3.2e-02
4.2621e+03	2.4e+00	1.4115e+00	3.1e-02
4.2645e+03	2.4e+00	1.4112e+00	3.1e-02
4.2670e+03	2.4e+00	1.4075e+00	3.3e-02
4.2695e+03	2.4e+00	1.3705e+00	3.1e-02
4.2720e+03	2.4e+00	1.3296e+00	3.0e-02
4.2745e+03	2.4e+00	1.3160e+00	2.8e-02
4.2769e+03	2.4e+00	1.3514e+00	2.8e-02
4.2794e+03	2.4e+00	1.3907e+00	2.9e-02
4.2819e+03	2.4e+00	1.4028e+00	3.2e-02
4.2844e+03	2.4e+00	1.3687e+00	3.1e-02
4.2869e+03	2.4e+00	1.3451e+00	2.9e-02
4.2893e+03	2.4e+00	1.3297e+00	3.0e-02
4.2918e+03	2.4e+00	1.3264e+00	2.9e-02
4.2943e+03	2.4e+00	1.2935e+00	2.8e-02
4.2968e+03	2.4e+00	1.2509e+00	2.8e-02
4.2993e+03	2.3e+00	1.2044e+00	2.8e-02
4.3017e+03	2.3e+00	1.1392e+00	2.6e-02
4.3042e+03	2.3e+00	1.0981e+00	2.4e-02
4.3067e+03	2.3e+00	1.0910e+00	2.4e-02
4.3092e+03	2.3e+00	1.1227e+00	2.4e-02
4.3117e+03	2.3e+00	1.2069e+00	2.3e-02
4.3141e+03	2.3e+00	1.3236e+00	2.5e-02
4.3166e+03	2.3e+00	1.4436e+00	2.8e-02
4.3191e+03	2.3e+00	1.4732e+00	3.1e-02
4.3216e+03	2.3e+00	1.4430e+00	3.1e-02
4.3241e+03	2.3e+00	1.4041e+00	3.0e-02
4.3265e+03	2.3e+00	1.3780e+00	2.8e-02
4.3290e+03	2.3e+00	1.4256e+00	2.9e-02
4.3315e+03	2.3e+00	1.4940e+00	3.1e-02
4.3340e+03	2.3e+00	1.4555e+00	3.2e-02
4.3365e+03	2.3e+00	1.3928e+00	3.1e-02
4.3389e+03	2.3e+00	1.3186e+00	2.7e-02
4.3414e+03	2.3e+00	1.3170e+00	2.6e-02
4.3439e+03	2.3e+00	1.3550e+00	2.6e-02
4.3464e+03	2.3e+00	1.4159e+00	2.8e-02
4.3489e+03	2.3e+00	1.4389e+00	2.8e-02
4.3513e+03	2.3e+00	1.4416e+00	2.9e-02
4.3538e+03	2.3e+00	1.4433e+00	2.8e-02
4.3563e+03	2.3e+00	1.4450e+00	2.8e-02
4.3588e+03	2.2e+00	1.4934e+00	2.9e-02
4.3613e+03	2.2e+00	1.5246e+00	3.1e-02
4.3637e+03	2.2e+00	1.5325e+00	3.1e-02
4.3662e+03	2.2e+00	1.5307e+00	3.0e-02
4.3687e+03	2.2e+00	1.5160e+00	3.1e-02
4.3712e+03	2.2e+00	1.4832e+00	3.0e-02
4.3737e+03	2.2e+00	1.4705e+00	2.9e-02
4.3761e+03	2.2e+00	1.4641e+00	2.9e-02
4.3786e+03	2.2e+00	1.4243e+00	2.8e-02
4.3811e+03	2.2e+00	1.3982e+00	2.7e-02
4.3836e+03	2.2e+00	1.3713e+00	2.6e-02
4.3861e+03	2.2e+00	1.3462e+00	2.5e-02
4.3885e+03	2.2e+00	1.3885e+00	2.7e-02
4.3910e+03	2.2e+00	1.4544e+00	2.7e-02
4.3935e+03	2.2e+00	1.4696e+00	2.7e-02
4.3960e+03	2.2e+00	1.4906e+00	2.8e-02
4.3985e+03	2.2e+00	1.4937e+00	2.9e-02
4.4009e+03	2.2e+00	1.4770e+00	2.8e-02
4.4034e+03	2.2e+00	1.4567e+00	2.7e-02
4.4059e+03	2.2e+00	1.4677e+00	2.7e-02
4.4084e+03	2.2e+00	1.4981e+00	2.8e-02
4.4109e+03	2.2e+00	1.5168e+00	2.9e-02
4.4133e+03	2.2e+00	1.5494e+00	3.0e-02
4.4158e+03	2.2e+00	1.5596e+00	2.9e-02
4.4183e+03	2.2e+00	1.5507e+00	2.9e-02
4.4208e+03	2.2e+00	1.5771e+00	3.0e-02
4.4232e+03	2.2e+00	1.5817e+00	3.1e-02
4.4257e+03	2.2e+00	1.5579e+00	3.0e-02
4.4282e+03	2.2e+00	1.5694e+00	3.1e-02
4.4307e+03	2.1e+00	1.5517e+00	2.9e-02
4.4332e+03	2.1e+00	1.5500e+00	2.9e-02
4.4356e+03	2.1e+00	1.5471e+00	2.9e-02
4.4381e+03	2.1e+00	1.5523e+00	2.9e-02
4.4406e+03	2.1e+00	1.5693e+00	3.0e-02
4.4431e+03	2.1e+00	1.5734e+00	2.9e-02
4.4456e+03	2.1e+00	1.5681e+00	3.0e-02
4.4480e+03	2.1e+00	1.5802e+00	2.9e-02
4.4505e+03	2.1e+00	1.5431e+00	3.0e-02
4.4530e+03	2.1e+00	1.5205e+00	2.9e-02
4.4555e+03	2.1e+00	1.4764e+00	2.8e-02
4.4579e+03	2.1e+00	1.4710e+00	2.7e-02
4.4604e+03	2.1e+00	1.4937e+00	2.6e-02
4.4629e+03	2.1e+00	1.5151e+00	2.7e-02
4.4654e+03	2.1e+00	1.5383e+00	2.8e-02
4.4679e+03	2.1e+00	1.5676e+00	2.8e-02
4.4703e+03	2.1e+00	1.5941e+00	3.0e-02
4.4728e+03	2.1e+00	1.6368e+00	3.0e-02
4.4753e+03	2.1e+00	1.6331e+00	3.1e-02
4.4778e+03	2.1e+00	1.6416e+00	3.1e-02
4.4802e+03	2.1e+00	1.6382e+00	3.0e-02
4.4827e+03	2.1e+00	1.6155e+00	2.9e-02
4.4852e+03	2.1e+00	1.6257e+00	3.0e-02
4.4877e+03	2.1e+00	1.6425e+00	3.0e-02
4.4902e+03	2.1e+00	1.6396e+00	3.0e-02
4.4926e+03	2.1e+00	1.6446e+00	3.1e-02
4.4951e+03	2.1e+00	1.6589e+00	3.0e-02
4.4976e+03	2.1e+00	1.6575e+00	3.0e-02
4.5001e+03	2.1e+00	1.6985e+00	3.2e-02
4.5025e+03	2.1e+00	1.7329e+00	3.3e-02
4.5050e+03	2.1e+00	1.7406e+00	3.2e-02
4.5075e+03	2.1e+00	1.7411e+00	3.4e-02
4.5100e+03	2.1e+00	1.7378e+00	3.3e-02
4.5125e+03	2.1e+00	1.7114e+00	3.2e-02
4.5149e+03	2.1e+00	1.7144e+00	3.2e-02
4.5174e+03	2.1e+00	1.6876e+00	3.1e-02
4.5199e+03	2.1e+00	1.6804e+00	3.2e-02
4.5224e+03	2.1e+00	1.6478e+00	3.1e-02
4.5248e+03	2.1e+00	1.5952e+00	2.9e-02
4.5273e+03	2.1e+00	1.5538e+00	2.8e-02
4.5298e+03	2.0e+00	1.5307e+00	2.7e-02
4.5323e+03	2.0e+00	1.5550e+00	2.7e-02
4.5348e+03	2.0e+00	1.5811e+00	2.8e-02
4.5372e+03	2.0e+00	1.6154e+00	2.9e-02
4.5397e+03	2.0e+00	1.6448e+00	2.9e-02
4.5422e+03	2.0e+00	1.6361e+00	3.0e-02
4.5447e+03	2.0e+00	1.6058e+00	2.9e-02
4.5471e+03	2.0e+00	1.5916e+00	2.8e-02
4.5496e+03	2.0e+00	1.5770e+00	2.9e-02
4.5521e+03	2.0e+00	1.5911e+00	2.8e-02
4.5546e+03	2.0e+00	1.6129e+00	2.8e-02
4.5570e+03	2.0e+00	1.6293e+00	2.8e-02
4.5595e+03	2.0e+00	1.6449e+00	3.0e-02
4.5620e+03	2.0e+00	1.6504e+00	2.9e-02
4.5645e+03	2.0e+00	1.6437e+00	3.0e-02
4.5669e+03	2.0e+00	1.6493e+00	2.9e-02
4.5694e+03	2.0e+00	1.6568e+00	2.9e-02
4.5719e+03	2.0e+00	1.6581e+00	2.9e-02
4.5744e+03	2.0e+00	1.6477e+00	2.9e-02
4.5769e+03	2.0e+00	1.6416e+00	2.9e-02
4.5793e+03	2.0e+00	1.6098e+00	2.9e-02
4.5818e+03	2.0e+00	1.5897e+00	2.8e-02
4.5843e+03	2.0e+00	1.5973e+00	2.8e-02
4.5868e+03	2.0e+00	1.6075e+00	2.9e-02
4.5892e+03	2.0e+00	1.6170e+00	2.8e-02
4.5917e+03	2.0e+00	1.6225e+00	2.9e-02
4.5942e+03	2.0e+00	1.6049e+00	2.8e-02
4.5967e+03	2.0e+00	1.6063e+00	2.7e-02
4.5991e+03	2.0e+00	1.6187e+00	2.8e-02
4.6016e+03	2.0e+00	1.6315e+00	3.0e-02
4.6041e+03	2.0e+00	1.6466e+00	2.9e-02
4.6066e+03	2.0e+00	1.6725e+00	2.9e-02
4.6090e+03	2.0e+00	1.6802e+00	3.0e-02
4.6115e+03	2.0e+00	1.6776e+00	3.0e-02
4.6140e+03	2.0e+00	1.6756e+00	2.9e-02
4.6165e+03	2.0e+00	1.6714e+00	3.1e-02
4.6189e+03	2.0e+00	1.6827e+00	3.0e-02
4.6214e+03	2.0e+00	1.6798e+00	3.0e-02
4.6239e+03	2.0e+00	1.6890e+00	3.0e-02
4.6264e+03	2.0e+00	1.6821e+00	3.0e-02
4.6288e+03	2.0e+00	1.6822e+00	3.0e-02
4.6313e+03	2.0e+00	1.6607e+00	2.9e-02
4.6338e+03	2.0e+00	1.6453e+00	2.9e-02
4.6363e+03	2.0e+00	1.6501e+00	3.0e-02
4.6387e+03	2.0e+00	1.6311e+00	2.9e-02
4.6412e+03	2.0e+00	1.6158e+00	2.7e-02
4.6437e+03	2.0e+00	1.6076e+00	2.8e-02
4.6462e+03	2.0e+00	1.5895e+00	2.8e-02
4.6487e+03	2.0e+00	1.5915e+00	2.7e-02
4.6511e+03	2.0e+00	1.6051e+00	2.8e-02
4.6536e+03	2.0e+00	1.6249e+00	2.8e-02
4.6561e+03	2.0e+00	1.6217e+00	2.8e-02
4.6586e+03	2.0e+00	1.6219e+00	2.8e-02
4.6610e+03	2.0e+00	1.5827e+00	2.8e-02
4.6635e+03	2.0e+00	1.5541e+00	2.6e-02
4.6660e+03	2.0e+00	1.5300e+00	2.5e-02
4.6684e+03	2.0e+00	1.5338e+00	2.4e-02
4.6709e+03	2.0e+00	1.5581e+00	2.6e-02
4.6734e+03	2.0e+00	1.5729e+00	2.6e-02
4.6759e+03	2.0e+00	1.5688e+00	2.6e-02
4.6783e+03	2.0e+00	1.5659e+00	2.6e-02
4.6808e+03	2.0e+00	1.5724e+00	2.6e-02
4.6833e+03	2.0e+00	1.5760e+00	2.6e-02
4.6858e+03	2.0e+00	1.5853e+00	2.7e-02
4.6882e+03	2.0e+00	1.5739e+00	2.7e-02
4.6907e+03	2.0e+00	1.5836e+00	2.7e-02
4.6932e+03	2.0e+00	1.5852e+00	2.6e-02
4.6957e+03	2.0e+00	1.5537e+00	2.6e-02
4.6981e+03	2.0e+00	1.5336e+00	2.5e-02
4.7006e+03	2.0e+00	1.5162e+00	2.6e-02
4.7031e+03	2.0e+00	1.5178e+00	2.5e-02
4.7056e+03	2.0e+00	1.5343e+00	2.5e-02
4.7080e+03	2.0e+00	1.5544e+00	2.5e-02
4.7105e+03	2.0e+00	1.5693e+00	2.6e-02
4.7130e+03	2.0e+00	1.5939e+00	2.7e-02
4.7155e+03	2.0e+00	1.6194e+00	2.7e-02
4.7179e+03	2.0e+00	1.6422e+00	2.9e-02
4.7204e+03	2.0e+00	1.6489e+00	2.9e-02
4.7229e+03	2.0e+00	1.6300e+00	2.9e-02
4.7254e+03	2.0e+00	1.6190e+00	2.8e-02
4.7278e+03	2.0e+00	1.5965e+00	2.8e-02
4.7303e+03	2.0e+00	1.5939e+00	2.6e-02
4.7328e+03	2.0e+00	1.6058e+00	2.7e-02
4.7353e+03	2.0e+00	1.6140e+00	2.7e-02
4.7377e+03	2.0e+00	1.6133e+00	2.8e-02
4.7402e+03	2.0e+00	1.6277e+00	2.8e-02
4.7427e+03	2.0e+00	1.6358e+00	2.8e-02
4.7451e+03	2.0e+00	1.6396e+00	2.8e-02
4.7476e+03	2.0e+00	1.6276e+00	2.8e-02
4.7501e+03	2.0e+00	1.6020e+00	2.8e-02
4.7526e+03	2.0e+00	1.5963e+00	2.7e-02
4.7550e+03	2.0e+00	1.5842e+00	2.7e-02
4.7575e+03	2.0e+00	1.5713e+00	2.7e-02
4.7600e+03	2.0e+00	1.5727e+00	2.6e-02
4.7625e+03	2.0e+00	1.5619e+00	2.6e-02
4.7649e+03	2.0e+00	1.5637e+00	2.7e-02
4.7674e+03	2.0e+00	1.5831e+00	2.7e-02
4.7699e+03	2.0e+00	1.6146e+00	2.7e-02
4.7724e+03	2.0e+00	1.6246e+00	2.8e-02
4.7748e+03	2.0e+00	1.6268e+00	2.8e-02
4.7773e+03	2.0e+00	1.6196e+00	2.8e-02
4.7798e+03	2.0e+00	1.5972e+00	2.7e-02
4.7822e+03	2.0e+00	1.5767e+00	2.7e-02
4.7847e+03	2.0e+00	1.5723e+00	2.7e-02
4.7872e+03	2.0e+00	1.5847e+00	2.8e-02
4.7897e+03	2.0e+00	1.6026e+00	2.7e-02
4.7921e+03	2.0e+00	1.5988e+00	2.8e-02
4.7946e+03	2.0e+00	1.6059e+00	2.8e-02
4.7971e+03	2.0e+00	1.5970e+00	2.8e-02
4.7996e+03	2.0e+00	1.5869e+00	2.7e-02
4.8020e+03	2.0e+00	1.5853e+00	2.7e-02
4.8045e+03	2.0e+00	1.5852e+00	2.7e-02
4.8070e+03	2.0e+00	1.5805e+00	2.7e-02
4.8094e+03	2.0e+00	1.5971e+00	2.7e-02
4.8119e+03	2.0e+00	1.6085e+00	2.8e-02
4.8144e+03	2.0e+00	1.6181e+00	2.9e-02
4.8169e+03	2.0e+00	1.6051e+00	2.8e-02
4.8193e+03	2.0e+00	1.5881e+00	2.7e-02
4.8218e+03	2.0e+00	1.5813e+00	2.7e-02
4.8243e+03	2.0e+00	1.5869e+00	2.7e-02
4.8268e+03	2.0e+00	1.5920e+00	2.7e-02
4.8292e+03	2.0e+00	1.5798e+00	2.7e-02
4.8317e+03	2.0e+00	1.5720e+00	2.6e-02
4.8342e+03	2.0e+00	1.5653e+00	2.7e-02
4.8366e+03	2.0e+00	1.5581e+00	2.6e-02
4.8391e+03	2.0e+00	1.5531e+00	2.6e-02
4.8416e+03	2.0e+00	1.5544e+00	2.6e-02
4.8441e+03	2.0e+00	1.5641e+00	2.6e-02
4.8465e+03	2.0e+00	1.5437e+00	2.6e-02
4.8490e+03	2.0e+00	1.5104e+00	2.5e-02
4.8515e+03	2.0e+00	1.4400e+00	2.4e-02
4.8539e+03	2.0e+00	1.3754e+00	2.2e-02
4.8564e+03	2.0e+00	1.3201e+00	2.0e-02
4.8589e+03	2.0e+00	1.3173e+00	2.0e-02
4.8614e+03	2.0e+00	1.3541e+00	2.0e-02
4.8638e+03	2.0e+00	1.4240e+00	2.2e-02
4.8663e+03	2.0e+00	1.4605e+00	2.4e-02
4.8688e+03	2.0e+00	1.4838e+00	2.5e-02
4.8712e+03	2.0e+00	1.5111e+00	2.5e-02
4.8737e+03	2.0e+00	1.5567e+00	2.6e-02
4.8762e+03	2.0e+00	1.5780e+00	2.7e-02
4.8787e+03	2.0e+00	1.5613e+00	2.7e-02
4.8811e+03	2.0e+00	1.5392e+00	2.6e-02
4.8836e+03	2.0e+00	1.5219e+00	2.5e-02
4.8861e+03	2.0e+00	1.5186e+00	2.5e-02
4.8885e+03	2.0e+00	1.5451e+00	2.6e-02
4.8910e+03	2.0e+00	1.5882e+00	2.6e-02
4.8935e+03	2.0e+00	1.6193e+00	2.8e-02
4.8960e+03	2.0e+00	1.6253e+00	2.8e-02
4.8984e+03	2.0e+00	1.6073e+00	2.8e-02
4.9009e+03	2.0e+00	1.5884e+00	2.8e-02
4.9034e+03	2.0e+00	1.5807e+00	2.8e-02
4.9058e+03	2.0e+00	1.5783e+00	2.7e-02
4.9083e+03	2.0e+00	1.5630e+00	2.7e-02
4.9108e+03	2.0e+00	1.5312e+00	2.6e-02
4.9132e+03	2.0e+00	1.4978e+00	2.6e-02
4.9157e+03	2.0e+00	1.4652e+00	2.5e-02
4.9182e+03	2.0e+00	1.4666e+00	2.4e-02
4.9207e+03	2.0e+00	1.5005e+00	2.5e-02
4.9231e+03	2.0e+00	1.5372e+00	2.6e-02
4.9256e+03	2.0e+00	1.5479e+00	2.6e-02
4.9281e+03	2.0e+00	1.5386e+00	2.6e-02
4.9305e+03	2.0e+00	1.5125e+00	2.5e-02
4.9330e+03	2.0e+00	1.5020e+00	2.5e-02
4.9355e+03	2.0e+00	1.5071e+00	2.6e-02
4.9380e+03	2.0e+00	1.5202e+00	2.5e-02
4.9404e+03	2.0e+00	1.5524e+00	2.6e-02
4.9429e+03	2.0e+00	1.5640e+00	2.7e-02
4.9454e+03	2.0e+00	1.5600e+00	2.7e-02
4.9478e+03	2.0e+00	1.5337e+00	2.7e-02
4.9503e+03	2.0e+00	1.5147e+00	2.6e-02
4.9528e+03	2.0e+00	1.5126e+00	2.5e-02
4.9552e+03	2.0e+00	1.5152e+00	2.5e-02
4.9577e+03	2.0e+00	1.5322e+00	2.6e-02
4.9602e+03	2.0e+00	1.5530e+00	2.6e-02
4.9627e+03	2.0e+00	1.5379e+00	2.7e-02
4.9651e+03	2.0e+00	1.5413e+00	2.7e-02
4.9676e+03	2.0e+00	1.5560e+00	2.7e-02
4.9701e+03	2.0e+00	1.5597e+00	2.8e-02
4.9725e+03	2.0e+00	1.5368e+00	2.6e-02
4.9750e+03	2.0e+00	1.5039e+00	2.6e-02
4.9775e+03	2.0e+00	1.4795e+00	2.5e-02
4.9799e+03	2.0e+00	1.4741e+00	2.5e-02
4.9824e+03	2.0e+00	1.5003e+00	2.5e-02
4.9849e+03	2.0e+00	1.5329e+00	2.6e-02
4.9873e+03	2.0e+00	1.5510e+00	2.7e-02
4.9898e+03	2.0e+00	1.5508e+00	2.6e-02
4.9923e+03	2.0e+00	1.5427e+00	2.7e-02
4.9948e+03	2.0e+00	1.5285e+00	2.6e-02
4.9972e+03	2.0e+00	1.4920e+00	2.6e-02
4.9997e+03	2.0e+00	1.4825e+00	2.6e-02
5.0022e+03	2.0e+00	1.4743e+00	2.5e-02
5.0046e+03	2.0e+00	1.4614e+00	2.5e-02
5.0071e+03	2.0e+00	1.4601e+00	2.5e-02
5.0096e+03	2.0e+00	1.4492e+00	2.5e-02
5.0120e+03	2.0e+00	1.4397e+00	2.4e-02
5.0145e+03	2.0e+00	1.4528e+00	2.5e-02
5.0170e+03	2.0e+00	1.4689e+00	2.5e-02
5.0194e+03	2.0e+00	1.4782e+00	2.6e-02
5.0219e+03	2.0e+00	1.4934e+00	2.6e-02
5.0244e+03	2.0e+00	1.4911e+00	2.6e-02
5.0268e+03	2.0e+00	1.4775e+00	2.6e-02
5.0293e+03	2.0e+00	1.4613e+00	2.5e-02
5.0318e+03	2.0e+00	1.4183e+00	2.4e-02
5.0343e+03	2.0e+00	1.4022e+00	2.4e-02
5.0367e+03	2.0e+00	1.4055e+00	2.4e-02
5.0392e+03	2.0e+00	1.4224e+00	2.3e-02
5.0417e+03	2.0e+00	1.4538e+00	2.5e-02
5.0441e+03	2.0e+00	1.4663e+00	2.5e-02
5.0466e+03	2.0e+00	1.4727e+00	2.5e-02
5.0491e+03	2.0e+00	1.4848e+00	2.5e-02
5.0515e+03	2.0e+00	1.5044e+00	2.6e-02
5.0540e+03	2.0e+00	1.4953e+00	2.6e-02
5.0565e+03	2.0e+00	1.4855e+00	2.6e-02
5.0589e+03	2.0e+00	1.4773e+00	2.5e-02
5.0614e+03	2.0e+00	1.4462e+00	2.5e-02
5.0639e+03	2.0e+00	1.4292e+00	2.4e-02
5.0663e+03	2.0e+00	1.4240e+00	2.4e-02
5.0688e+03	2.0e+00	1.4175e+00	2.4e-02
5.0713e+03	2.0e+00	1.4107e+00	2.3e-02
5.0737e+03	2.0e+00	1.3941e+00	2.3e-02
5.0762e+03	2.0e+00	1.3928e+00	2.3e-02
5.0787e+03	2.0e+00	1.4094e+00	2.4e-02
5.0811e+03	2.0e+00	1.4340e+00	2.4e-02
5.0836e+03	2.0e+00	1.4497e+00	2.5e-02
5.0861e+03	2.0e+00	1.4529e+00	2.6e-02
5.0885e+03	2.0e+00	1.4341e+00	2.5e-02
5.0910e+03	2.0e+00	1.4312e+00	2.4e-02
5.0935e+03	2.0e+00	1.4209e+00	2.5e-02
5.0959e+03	2.0e+00	1.4173e+00	2.4e-02
5.0984e+03	2.0e+00	1.4288e+00	2.5e-02
5.1009e+03	2.0e+00	1.4333e+00	2.5e-02
5.1033e+03	2.0e+00	1.4335e+00	2.5e-02
5.1058e+03	2.0e+00	1.4508e+00	2.5e-02
5.1083e+03	2.0e+00	1.4675e+00	2.5e-02
5.1107e+03	2.0e+00	1.4818e+00	2.6e-02
5.1132e+03	2.0e+00	1.4722e+00	2.6e-02
5.1157e+03	2.0e+00	1.4561e+00	2.6e-02
5.1181e+03	2.0e+00	1.4383e+00	2.5e-02
5.1206e+03	2.0e+00	1.4227e+00	2.5e-02
5.1231e+03	2.1e+00	1.4303e+00	2.5e-02
5.1255e+03	2.1e+00	1.4350e+00	2.5e-02
5.1280e+03	2.1e+00	1.4351e+00	2.5e-02
5.1305e+03	2.1e+00	1.4221e+00	2.6e-02
5.1329e+03	2.1e+00	1.4141e+00	2.5e-02
5.1354e+03	2.1e+00	1.4121e+00	2.5e-02
5.1379e+03	2.1e+00	1.4160e+00	2.5e-02
5.1403e+03	2.1e+00	1.4256e+00	2.5e-02
5.1428e+03	2.1e+00	1.4341e+00	2.5e-02
5.1453e+03	2.1e+00	1.4394e+00	2.5e-02
5.1477e+03	2.1e+00	1.4558e+00	2.6e-02
5.1502e+03	2.1e+00	1.4620e+00	2.6e-02
5.1527e+03	2.1e+00	1.4475e+00	2.6e-02
5.1551e+03	2.1e+00	1.4151e+00	2.5e-02
5.1576e+03	2.1e+00	1.3519e+00	2.3e-02
5.1601e+03	2.1e+00	1.2783e+00	2.1e-02
5.1625e+03	2.1e+00	1.2367e+00	2.0e-02
5.1650e+03	2.1e+00	1.2360e+00	2.0e-02
5.1675e+03	2.1e+00	1.2970e+00	2.2e-02
5.1699e+03	2.1e+00	1.3182e+00	2.3e-02
5.1724e+03	2.1e+00	1.3423e+00	2.3e-02
5.1749e+03	2.1e+00	1.3228e+00	2.3e-02
5.1773e+03	2.1e+00	1.2922e+00	2.1e-02
5.1798e+03	2.1e+00	1.2907e+00	2.2e-02
5.1823e+03	2.1e+00	1.3320e+00	2.3e-02
5.1847e+03	2.1e+00	1.3563e+00	2.4e-02
5.1872e+03	2.1e+00	1.3644e+00	2.3e-02
5.1897e+03	2.1e+00	1.3774e+00	2.5e-02
5.1921e+03	2.1e+00	1.3889e+00	2.5e-02
5.1946e+03	2.1e+00	1.3925e+00	2.4e-02
5.1971e+03	2.1e+00	1.3807e+00	2.4e-02
5.1995e+03	2.1e+00	1.3725e+00	2.4e-02
5.2020e+03	2.1e+00	1.3686e+00	2.5e-02
5.2045e+03	2.1e+00	1.3769e+00	2.4e-02
5.2069e+03	2.1e+00	1.3916e+00	2.5e-02
5.2094e+03	2.1e+00	1.3910e+00	2.5e-02
5.2119e+03	2.1e+00	1.3864e+00	2.5e-02
5.2143e+03	2.1e+00	1.3755e+00	2.4e-02
5.2168e+03	2.1e+00	1.3652e+00	2.4e-02
5.2192e+03	2.1e+00	1.3349e+00	2.4e-02
5.2217e+03	2.1e+00	1.3074e+00	2.3e-02
5.2242e+03	2.1e+00	1.3223e+00	2.3e-02
5.2266e+03	2.1e+00	1.3547e+00	2.4e-02
5.2291e+03	2.1e+00	1.3683e+00	2.5e-02
5.2316e+03	2.1e+00	1.3900e+00	2.4e-02
5.2340e+03	2.1e+00	1.3978e+00	2.5e-02
5.2365e+03	2.1e+00	1.3918e+00	2.5e-02
5.2390e+03	2.1e+00	1.3795e+00	2.4e-02
5.2414e+03	2.1e+00	1.3696e+00	2.5e-02
5.2439e+03	2.1e+00	1.3637e+00	2.5e-02
5.2464e+03	2.1e+00	1.3678e+00	2.5e-02
5.2488e+03	2.1e+00	1.3786e+00	2.5e-02
5.2513e+03	2.1e+00	1.3476e+00	2.4e-02
5.2537e+03	2.1e+00	1.3229e+00	2.3e-02
5.2562e+03	2.1e+00	1.2730e+00	2.2e-02
5.2587e+03	2.1e+00	1.2290e+00	2.1e-02
5.2611e+03	2.1e+00	1.2231e+00	2.1e-02
5.2636e+03	2.1e+00	1.2440e+00	2.1e-02
5.2661e+03	2.1e+00	1.2796e+00	2.3e-02
5.2685e+03	2.1e+00	1.3116e+00	2.3e-02
5.2710e+03	2.1e+00	1.3307e+00	2.3e-02
5.2735e+03	2.1e+00	1.3517e+00	2.5e-02
5.2759e+03	2.1e+00	1.3618e+00	2.4e-02
5.2784e+03	2.1e+00	1.3753e+00	2.5e-02
5.2808e+03	2.1e+00	1.4024e+00	2.6e-02
5.2833e+03	2.1e+00	1.4149e+00	2.6e-02
5.2858e+03	2.1e+00	1.3901e+00	2.6e-02
5.2882e+03	2.1e+00	1.3761e+00	2.5e-02
5.2907e+03	2.1e+00	1.3626e+00	2.5e-02
5.2932e+03	2.1e+00	1.3585e+00	2.5e-02
5.2956e+03	2.1e+00	1.3706e+00	2.6e-02
5.2981e+03	2.1e+00	1.3973e+00	2.6e-02
5.3006e+03	2.1e+00	1.4083e+00	2.7e-02
5.3030e+03	2.1e+00	1.4057e+00	2.7e-02
5.3055e+03	2.1e+00	1.4070e+00	2.6e-02
5.3079e+03	2.1e+00	1.3921e+00	2.6e-02
5.3104e+03	2.1e+00	1.3761e+00	2.6e-02
5.3129e+03	2.1e+00	1.3593e+00	2.5e-02
5.3153e+03	2.1e+00	1.3217e+00	2.4e-02
5.3178e+03	2.1e+00	1.2979e+00	2.3e-02
5.3203e+03	2.1e+00	1.2883e+00	2.3e-02
5.3227e+03	2.1e+00	1.2968e+00	2.4e-02
5.3252e+03	2.1e+00	1.3184e+00	2.5e-02
5.3276e+03	2.1e+00	1.3383e+00	2.5e-02
5.3301e+03	2.1e+00	1.3444e+00	2.5e-02
5.3326e+03	2.1e+00	1.3313e+00	2.4e-02
5.3350e+03	2.1e+00	1.3286e+00	2.5e-02
5.3375e+03	2.1e+00	1.3308e+00	2.5e-02
5.3400e+03	2.1e+00	1.3482e+00	2.5e-02
5.3424e+03	2.1e+00	1.3491e+00	2.5e-02
5.3449e+03	2.1e+00	1.3682e+00	2.6e-02
5.3473e+03	2.1e+00	1.3756e+00	2.6e-02
5.3498e+03	2.1e+00	1.3704e+00	2.6e-02
5.3523e+03	2.1e+00	1.3648e+00	2.5e-02
5.3547e+03	2.1e+00	1.3319e+00	2.4e-02
5.3572e+03	2.1e+00	1.2997e+00	2.4e-02
5.3597e+03	2.1e+00	1.2865e+00	2.3e-02
5.3621e+03	2.1e+00	1.2726e+00	2.3e-02
5.3646e+03	2.1e+00	1.2765e+00	2.4e-02
5.3670e+03	2.1e+00	1.2898e+00	2.4e-02
5.3695e+03	2.1e+00	1.3089e+00	2.4e-02
5.3720e+03	2.1e+00	1.3031e+00	2.4e-02
5.3744e+03	2.1e+00	1.2997e+00	2.3e-02
5.3769e+03	2.1e+00	1.2926e+00	2.4e-02
5.3793e+03	2.1e+00	1.2858e+00	2.3e-02
5.3818e+03	2.1e+00	1.2686e+00	2.2e-02
5.3843e+03	2.1e+00	1.2487e+00	2.2e-02
5.3867e+03	2.1e+00	1.2350e+00	2.2e-02
5.3892e+03	2.2e+00	1.2218e+00	2.1e-02
5.3917e+03	2.2e+00	1.2087e+00	2.2e-02
5.3941e+03	2.2e+00	1.2014e+00	2.1e-02
5.3966e+03	2.2e+00	1.1825e+00	2.1e-02
5.3990e+03	2.2e+00	1.1703e+00	2.0e-02
5.4015e+03	2.2e+00	1.1766e+00	2.0e-02
5.4040e+03	2.2e+00	1.1925e+00	2.0e-02
5.4064e+03	2.2e+00	1.1985e+00	2.1e-02
5.4089e+03	2.2e+00	1.2059e+00	2.1e-02
5.4113e+03	2.2e+00	1.2050e+00	2.1e-02
5.4138e+03	2.2e+00	1.2000e+00	2.2e-02
5.4163e+03	2.2e+00	1.1910e+00	2.1e-02
5.4187e+03	2.2e+00	1.1977e+00	2.1e-02
5.4212e+03	2.2e+00	1.1871e+00	2.1e-02
5.4236e+03	2.2e+00	1.1831e+00	2.1e-02
5.4261e+03	2.2e+00	1.1974e+00	2.1e-02
5.4286e+03	2.2e+00	1.2128e+00	2.2e-02
5.4310e+03	2.2e+00	1.2277e+00	2.2e-02
5.4335e+03	2.2e+00	1.2380e+00	2.2e-02
5.4359e+03	2.2e+00	1.2366e+00	2.2e-02
5.4384e+03	2.2e+00	1.2300e+00	2.2e-02
5.4409e+03	2.2e+00	1.2357e+00	2.3e-02
5.4433e+03	2.2e+00	1.2504e+00	2.3e-02
5.4458e+03	2.2e+00	1.2656e+00	2.3e-02
5.4482e+03	2.2e+00	1.2526e+00	2.3e-02
5.4507e+03	2.2e+00	1.2565e+00	2.3e-02
5.4532e+03	2.2e+00	1.2633e+00	2.4e-02
5.4556e+03	2.2e+00	1.2625e+00	2.3e-02
5.4581e+03	2.2e+00	1.2674e+00	2.4e-02
5.4605e+03	2.2e+00	1.2791e+00	2.4e-02
5.4630e+03	2.2e+00	1.2676e+00	2.4e-02
5.4655e+03	2.2e+00	1.2580e+00	2.4e-02
5.4679e+03	2.2e+00	1.2514e+00	2.3e-02
5.4704e+03	2.2e+00	1.2466e+00	2.4e-02
5.4728e+03	2.2e+00	1.2605e+00	2.4e-02
5.4753e+03	2.2e+00	1.2737e+00	2.4e-02
5.4778e+03	2.2e+00	1.2777e+00	2.5e-02
5.4802e+03	2.2e+00	1.2873e+00	2.4e-02
5.4827e+03	2.2e+00	1.2750e+00	2.4e-02
5.4851e+03	2.2e+00	1.2780e+00	2.4e-02
5.4876e+03	2.2e+00	1.2702e+00	2.4e-02
5.4901e+03	2.2e+00	1.2605e+00	2.4e-02
5.4925e+03	2.2e+00	1.2525e+00	2.4e-02
5.4950e+03	2.2e+00	1.2455e+00	2.4e-02
5.4974e+03	2.2e+00	1.2365e+00	2.4e-02
5.4999e+03	2.2e+00	1.2396e+00	2.3e-02
5.5024e+03	2.2e+00	1.2461e+00	2.4e-02
5.5048e+03	2.2e+00	1.2501e+00	2.4e-02
5.5073e+03	2.2e+00	1.2518e+00	2.4e-02
5.5097e+03	2.2e+00	1.2584e+00	2.4e-02
5.5122e+03	2.2e+00	1.2458e+00	2.3e-02
5.5146e+03	2.2e+00	1.2318e+00	2.3e-02
5.5171e+03	2.2e+00	1.2214e+00	2.3e-02
5.5196e+03	2.2e+00	1.2084e+00	2.3e-02
5.5220e+03	2.2e+00	1.2094e+00	2.3e-02
5.5245e+03	2.2e+00	1.2185e+00	2.3e-02
5.5269e+03	2.2e+00	1.2266e+00	2.3e-02
5.5294e+03	2.2e+00	1.2293e+00	2.3e-02
5.5319e+03	2.2e+00	1.2278e+00	2.4e-02
5.5343e+03	2.2e+00	1.2310e+00	2.3e-02
5.5368e+03	2.2e+00	1.2366e+00	2.3e-02
5.5392e+03	2.2e+00	1.2298e+00	2.4e-02
5.5417e+03	2.2e+00	1.2375e+00	2.3e-02
5.5441e+03	2.2e+00	1.2308e+00	2.4e-02
5.5466e+03	2.2e+00	1.2217e+00	2.3e-02
5.5491e+03	2.2e+00	1.2154e+00	2.3e-02
5.5515e+03	2.2e+00	1.2075e+00	2.3e-02
5.5540e+03	2.2e+00	1.1988e+00	2.2e-02
5.5564e+03	2.2e+00	1.1866e+00	2.3e-02
5.5589e+03	2.2e+00	1.1844e+00	2.2e-02
5.5614e+03	2.2e+00	1.1828e+00	2.2e-02
5.5638e+03	2.2e+00	1.1783e+00	2.2e-02
5.5663e+03	2.2e+00	1.1898e+00	2.2e-02
5.5687e+03	2.2e+00	1.1918e+00	2.3e-02
5.5712e+03	2.2e+00	1.1865e+00	2.3e-02
5.5736e+03	2.2e+00	1.1765e+00	2.2e-02
5.5761e+03	2.2e+00	1.1623e+00	2.2e-02
5.5786e+03	2.2e+00	1.1460e+00	2.2e-02
5.5810e+03	2.2e+00	1.1424e+00	2.1e-02
5.5835e+03	2.2e+00	1.1543e+00	2.1e-02
5.5859e+03	2.2e+00	1.1593e+00	2.2e-02
5.5884e+03	2.2e+00	1.1586e+00	2.2e-02
5.5908e+03	2.2e+00	1.1621e+00	2.2e-02
5.5933e+03	2.2e+00	1.1671e+00	2.2e-02
5.5958e+03	2.2e+00	1.1853e+00	2.3e-02
5.5982e+03	2.2e+00	1.2056e+00	2.3e-02
5.6007e+03	2.2e+00	1.2032e+00	2.3e-02
5.6031e+03	2.2e+00	1.1990e+00	2.2e-02
5.6056e+03	2.2e+00	1.1875e+00	2.3e-02
5.6080e+03	2.2e+00	1.1692e+00	2.3e-02
5.6105e+03	2.2e+00	1.1705e+00	2.3e-02
5.6129e+03	2.2e+00	1.1852e+00	2.3e-02
5.6154e+03	2.2e+00	1.1879e+00	2.3e-02
5.6179e+03	2.2e+00	1.1859e+00	2.3e-02
5.6203e+03	2.2e+00	1.1992e+00	2.3e-02
5.6228e+03	2.2e+00	1.2034e+00	2.3e-02
5.6252e+03	2.2e+00	1.1866e+00	2.3e-02
5.6277e+03	2.2e+00	1.1833e+00	2.3e-02
5.6301e+03	2.2e+00	1.1805e+00	2.3e-02
5.6326e+03	2.2e+00	1.1869e+00	2.4e-02
5.6351e+03	2.2e+00	1.1931e+00	2.4e-02
5.6375e+03	2.2e+00	1.1932e+00	2.4e-02
5.6400e+03	2.2e+00	1.1892e+00	2.4e-02
5.6424e+03	2.2e+00	1.1767e+00	2.4e-02
5.6449e+03	2.2e+00	1.1684e+00	2.3e-02
5.6473e+03	2.2e+00	1.1540e+00	2.3e-02
5.6498e+03	2.2e+00	1.1459e+00	2.2e-02
5.6522e+03	2.2e+00	1.1425e+00	2.3e-02
5.6547e+03	2.2e+00	1.1526e+00	2.3e-02
5.6572e+03	2.2e+00	1.1666e+00	2.3e-02
5.6596e+03	2.2e+00	1.1773e+00	2.4e-02
5.6621e+03	2.2e+00	1.1768e+00	2.3e-02
5.6645e+03	2.2e+00	1.1724e+00	2.3e-02
5.6670e+03	2.2e+00	1.1646e+00	2.3e-02
5.6694e+03	2.2e+00	1.1469e+00	2.3e-02
5.6719e+03	2.2e+00	1.1362e+00	2.2e-02
5.6743e+03	2.2e+00	1.1187e+00	2.2e-02
5.6768e+03	2.2e+00	1.1064e+00	2.1e-02
5.6793e+03	2.2e+00	1.1043e+00	2.1e-02
5.6817e+03	2.2e+00	1.1018e+00	2.1e-02
5.6842e+03	2.2e+00	1.1016e+00	2.2e-02
5.6866e+03	2.2e+00	1.1029e+00	2.2e-02
5.6891e+03	2.2e+00	1.0995e+00	2.1e-02
5.6915e+03	2.2e+00	1.0897e+00	2.1e-02
5.6940e+03	2.2e+00	1.0859e+00	2.0e-02
5.6964e+03	2.2e+00	1.0730e+00	2.1e-02
5.6989e+03	2.2e+00	1.0675e+00	2.0e-02
5.7013e+03	2.2e+00	1.0656e+00	2.0e-02
5.7038e+03	2.2e+00	1.0646e+00	2.0e-02
5.7063e+03	2.2e+00	1.0774e+00	2.1e-02
5.7087e+03	2.2e+00	1.0882e+00	2.1e-02
5.7112e+03	2.2e+00	1.0908e+00	2.1e-02
5.7136e+03	2.2e+00	1.0945e+00	2.1e-02
5.7161e+03	2.2e+00	1.0913e+00	2.1e-02
5.7185e+03	2.2e+00	1.0884e+00	2.1e-02
5.7210e+03	2.2e+00	1.0866e+00	2.1e-02
5.7234e+03	2.2e+00	1.0799e+00	2.1e-02
5.7259e+03	2.2e+00	1.0769e+00	2.1e-02
5.7283e+03	2.2e+00	1.0775e+00	2.0e-02
5.7308e+03	2.2e+00	1.0716e+00	2.0e-02
5.7332e+03	2.2e+00	1.0682e+00	2.0e-02
5.7357e+03	2.2e+00	1.0592e+00	2.0e-02
5.7382e+03	2.2e+00	1.0484e+00	2.0e-02
5.7406e+03	2.2e+00	1.0414e+00	2.0e-02
5.7431e+03	2.2e+00	1.0424e+00	1.9e-02
5.7455e+03	2.2e+00	1.0400e+00	1.9e-02
5.7480e+03	2.2e+00	1.0356e+00	1.9e-02
5.7504e+03	2.2e+00	1.0423e+00	1.9e-02
5.7529e+03	2.2e+00	1.0483e+00	2.0e-02
5.7553e+03	2.2e+00	1.0446e+00	2.0e-02
5.7578e+03	2.2e+00	1.0489e+00	2.1e-02
5.7602e+03	2.2e+00	1.0571e+00	2.0e-02
5.7627e+03	2.2e+00	1.0499e+00	2.0e-02
5.7651e+03	2.2e+00	1.0424e+00	2.0e-02
5.7676e+03	2.2e+00	1.0440e+00	2.0e-02
5.7700e+03	2.2e+00	1.0378e+00	2.0e-02
5.7725e+03	2.2e+00	1.0304e+00	2.0e-02
5.7749e+03	2.2e+00	1.0368e+00	2.0e-02
5.7774e+03	2.2e+00	1.0362e+00	2.0e-02
5.7799e+03	2.2e+00	1.0367e+00	2.1e-02
5.7823e+03	2.2e+00	1.0516e+00	2.0e-02
5.7848e+03	2.2e+00	1.0631e+00	2.1e-02
5.7872e+03	2.2e+00	1.0693e+00	2.1e-02
5.7897e+03	2.2e+00	1.0761e+00	2.2e-02
5.7921e+03	2.2e+00	1.0811e+00	2.1e-02
5.7946e+03	2.2e+00	1.0842e+00	2.2e-02
5.7970e+03	2.2e+00	1.0821e+00	2.2e-02
5.7995e+03	2.2e+00	1.0867e+00	2.2e-02
5.8019e+03	2.2e+00	1.0931e+00	2.2e-02
5.8044e+03	2.2e+00	1.1008e+00	2.2e-02
5.8068e+03	2.2e+00	1.1076e+00	2.2e-02
5.8093e+03	2.2e+00	1.1119e+00	2.3e-02
5.8117e+03	2.3e+00	1.1187e+00	2.3e-02
5.8142e+03	2.3e+00	1.1246e+00	2.3e-02
5.8166e+03	2.3e+00	1.1260e+00	2.3e-02
5.8191e+03	2.3e+00	1.1240e+00	2.3e-02
5.8215e+03	2.3e+00	1.1222e+00	2.3e-02
5.8240e+03	2.3e+00	1.1243e+00	2.4e-02
5.8264e+03	2.3e+00	1.1260e+00	2.4e-02
5.8289e+03	2.3e+00	1.1340e+00	2.3e-02
5.8313e+03	2.3e+00	1.1282e+00	2.3e-02
5.8338e+03	2.3e+00	1.1269e+00	2.3e-02
5.8362e+03	2.3e+00	1.1301e+00	2.4e-02
5.8387e+03	2.3e+00	1.1238e+00	2.3e-02
5.8412e+03	2.3e+00	1.1154e+00	2.3e-02
5.8436e+03	2.3e+00	1.1043e+00	2.3e-02
5.8461e+03	2.3e+00	1.0961e+00	2.2e-02
5.8485e+03	2.3e+00	1.0857e+00	2.2e-02
5.8510e+03	2.3e+00	1.0839e+00	2.3e-02
5.8534e+03	2.3e+00	1.0904e+00	2.2e-02
5.8559e+03	2.3e+00	1.0974e+00	2.2e-02
5.8583e+03	2.3e+00	1.1020e+00	2.3e-02
5.8608e+03	2.3e+00	1.0907e+00	2.3e-02
5.8632e+03	2.3e+00	1.0897e+00	2.2e-02
5.8657e+03	2.3e+00	1.0707e+00	2.2e-02
5.8681e+03	2.3e+00	1.0500e+00	2.2e-02
5.8706e+03	2.3e+00	1.0286e+00	2.1e-02
5.8730e+03	2.3e+00	9.9957e-01	1.9e-02
5.8755e+03	2.3e+00	9.5387e-01	1.8e-02
5.8779e+03	2.3e+00	9.1104e-01	1.7e-02
5.8804e+03	2.3e+00	8.7567e-01	1.6e-02
5.8828e+03	2.3e+00	8.5166e-01	1.5e-02
5.8853e+03	2.3e+00	8.5751e-01	1.6e-02
5.8877e+03	2.3e+00	8.7382e-01	1.6e-02
5.8902e+03	2.3e+00	8.9676e-01	1.7e-02
5.8926e+03	2.3e+00	9.2850e-01	1.8e-02
5.8951e+03	2.3e+00	9.5436e-01	1.9e-02
5.8975e+03	2.3e+00	9.6771e-01	1.9e-02
5.9000e+03	2.3e+00	9.7068e-01	1.9e-02
5.9024e+03	2.3e+00	9.6016e-01	1.9e-02
5.9049e+03	2.3e+00	9.5056e-01	1.9e-02
5.9073e+03	2.3e+00	9.4161e-01	1.9e-02
5.9098e+03	2.3e+00	9.3890e-01	1.8e-02
5.9122e+03	2.3e+00	9.3934e-01	1.9e-02
5.9147e+03	2.3e+00	9.4706e-01	1.9e-02
5.9171e+03	2.3e+00	9.5641e-01	1.9e-02
5.9196e+03	2.3e+00	9.6865e-01	2.0e-02
5.9220e+03	2.3e+00	9.7998e-01	1.9e-02
5.9245e+03	2.3e+00	9.8145e-01	2.0e-02
5.9269e+03	2.3e+00	9.8053e-01	2.0e-02
5.9294e+03	2.3e+00	9.6860e-01	1.9e-02
5.9318e+03	2.3e+00	9.4247e-01	1.8e-02
5.9343e+03	2.3e+00	9.1510e-01	1.7e-02
5.9367e+03	2.3e+00	8.9793e-01	1.7e-02
5.9391e+03	2.3e+00	8.9772e-01	1.7e-02
5.9416e+03	2.3e+00	9.2065e-01	1.8e-02
5.9440e+03	2.3e+00	9.3833e-01	1.8e-02
5.9465e+03	2.3e+00	9.5145e-01	1.9e-02
5.9489e+03	2.3e+00	9.6771e-01	1.9e-02
5.9514e+03	2.3e+00	9.6977e-01	2.0e-02
5.9538e+03	2.3e+00	9.7330e-01	1.9e-02
5.9563e+03	2.3e+00	9.7314e-01	1.9e-02
5.9587e+03	2.3e+00	9.6590e-01	2.0e-02
5.9612e+03	2.3e+00	9.6038e-01	1.9e-02
5.9636e+03	2.3e+00	9.5911e-01	1.9e-02
5.9661e+03	2.3e+00	9.6362e-01	1.9e-02
5.9685e+03	2.3e+00	9.7241e-01	2.0e-02
5.9710e+03	2.3e+00	9.6240e-01	1.9e-02
5.9734e+03	2.3e+00	9.7194e-01	2.0e-02
5.9759e+03	2.3e+00	9.7923e-01	2.0e-02
5.9783e+03	2.3e+00	9.7545e-01	2.0e-02
5.9808e+03	2.3e+00	9.8554e-01	2.0e-02
5.9832e+03	2.3e+00	9.8831e-01	2.0e-02
5.9857e+03	2.3e+00	9.9138e-01	2.1e-02
5.9881e+03	2.3e+00	9.9767e-01	2.1e-02
5.9906e+03	2.3e+00	1.0019e+00	2.1e-02
5.9930e+03	2.3e+00	1.0000e+00	2.1e-02
5.9955e+03	2.3e+00	1.0055e+00	2.1e-02
5.9979e+03	2.3e+00	1.0100e+00	2.1e-02
6.0003e+03	2.3e+00	1.0034e+00	2.1e-02
6.0028e+03	2.3e+00	1.0095e+00	2.1e-02
6.0052e+03	2.3e+00	1.0086e+00	2.2e-02
6.0077e+03	2.3e+00	1.0038e+00	2.1e-02
6.0101e+03	2.3e+00	1.0000e+00	2.1e-02
6.0126e+03	2.3e+00	1.0008e+00	2.1e-02
6.0150e+03	2.3e+00	1.0019e+00	2.1e-02
6.0175e+03	2.3e+00	1.0140e+00	2.2e-02
6.0199e+03	2.3e+00	1.0212e+00	2.2e-02
6.0224e+03	2.3e+00	1.0248e+00	2.2e-02
6.0248e+03	2.3e+00	1.0347e+00	2.2e-02
6.0273e+03	2.3e+00	1.0370e+00	2.3e-02
6.0297e+03	2.3e+00	1.0310e+00	2.3e-02
6.0322e+03	2.3e+00	1.0367e+00	2.2e-02
6.0346e+03	2.3e+00	1.0469e+00	2.2e-02
6.0371e+03	2.3e+00	1.0421e+00	2.3e-02
6.0395e+03	2.3e+00	1.0412e+00	2.3e-02
6.0419e+03	2.3e+00	1.0355e+00	2.2e-02
6.0444e+03	2.3e+00	1.0344e+00	2.3e-02
6.0468e+03	2.3e+00	1.0329e+00	2.3e-02
6.0493e+03	2.3e+00	1.0257e+00	2.3e-02
6.0517e+03	2.3e+00	1.0235e+00	2.2e-02
6.0542e+03	2.3e+00	1.0289e+00	2.2e-02
6.0566e+03	2.3e+00	1.0284e+00	2.2e-02
6.0591e+03	2.3e+00	1.0271e+00	2.2e-02
6.0615e+03	2.3e+00	1.0269e+00	2.3e-02
6.0640e+03	2.3e+00	1.0332e+00	2.3e-02
6.0664e+03	2.3e+00	1.0242e+00	2.2e-02
6.0688e+03	2.3e+00	1.0187e+00	2.2e-02
6.0713e+03	2.3e+00	1.0157e+00	2.2e-02
6.0737e+03	2.3e+00	1.0048e+00	2.2e-02
6.0762e+03	2.3e+00	1.0076e+00	2.2e-02
6.0786e+03	2.3e+00	1.0066e+00	2.2e-02
6.0811e+03	2.3e+00	1.0061e+00	2.2e-02
6.0835e+03	2.3e+00	1.0036e+00	2.2e-02
6.0860e+03	2.3e+00	1.0070e+00	2.2e-02
6.0884e+03	2.3e+00	1.0017e+00	2.2e-02
6.0909e+03	2.3e+00	9.8936e-01	2.1e-02
6.0933e+03	2.3e+00	9.8839e-01	2.1e-02
6.0957e+03	2.3e+00	9.8987e-01	2.1e-02
6.0982e+03	2.3e+00	9.8726e-01	2.1e-02
6.1006e+03	2.3e+00	9.9578e-01	2.1e-02
6.1031e+03	2.3e+00	9.9723e-01	2.2e-02
6.1055e+03	2.3e+00	9.9389e-01	2.2e-02
6.1080e+03	2.3e+00	9.8589e-01	2.1e-02
6.1104e+03	2.3e+00	9.7918e-01	2.1e-02
6.1129e+03	2.3e+00	9.7178e-01	2.1e-02
6.1153e+03	2.3e+00	9.6684e-01	2.1e-02
6.1177e+03	2.3e+00	9.6268e-01	2.1e-02
6.1202e+03	2.3e+00	9.5918e-01	2.1e-02
6.1226e+03	2.3e+00	9.4920e-01	2.0e-02
6.1251e+03	2.3e+00	9.3681e-01	2.0e-02
6.1275e+03	2.3e+00	9.2015e-01	2.0e-02
6.1300e+03	2.3e+00	9.1176e-01	1.9e-02
6.1324e+03	2.3e+00	9.0885e-01	1.9e-02
6.1349e+03	2.3e+00	9.1357e-01	1.9e-02
6.1373e+03	2.3e+00	9.1545e-01	1.9e-02
6.1397e+03	2.3e+00	9.1768e-01	2.0e-02
6.1422e+03	2.3e+00	9.1473e-01	1.9e-02
6.1446e+03	2.3e+00	9.0401e-01	2.0e-02
6.1471e+03	2.3e+00	8.9692e-01	1.9e-02
6.1495e+03	2.3e+00	8.8008e-01	1.8e-02
6.1520e+03	2.3e+00	8.6856e-01	1.8e-02
6.1544e+03	2.3e+00	8.6146e-01	1.8e-02
6.1568e+03	2.3e+00	8.4768e-01	1.7e-02
6.1593e+03	2.3e+00	8.4806e-01	1.8e-02
6.1617e+03	2.3e+00	8.5444e-01	1.8e-02
6.1642e+03	2.3e+00	8.4861e-01	1.7e-02
6.1666e+03	2.3e+00	8.4653e-01	1.7e-02
6.1691e+03	2.3e+00	8.4499e-01	1.7e-02
6.1715e+03	2.3e+00	8.4277e-01	1.7e-02
6.1740e+03	2.3e+00	8.3351e-01	1.7e-02
6.1764e+03	2.3e+00	8.3018e-01	1.7e-02
6.1788e+03	2.3e+00	8.2741e-01	1.7e-02
6.1813e+03	2.3e+00	8.1959e-01	1.7e-02
6.1837e+03	2.3e+00	8.2151e-01	1.6e-02
6.1862e+03	2.3e+00	8.2230e-01	1.6e-02
6.1886e+03	2.3e+00	8.2342e-01	1.7e-02
6.1910e+03	2.3e+00	8.3390e-01	1.7e-02
6.1935e+03	2.3e+00	8.4065e-01	1.8e-02
6.1959e+03	2.3e+00	8.4587e-01	1.7e-02
6.1984e+03	2.3e+00	8.5068e-01	1.8e-02
6.2008e+03	2.3e+00	8.4962e-01	1.8e-02
6.2033e+03	2.3e+00	8.5284e-01	1.8e-02
6.2057e+03	2.3e+00	8.4912e-01	1.8e-02
6.2081e+03	2.3e+00	8.5214e-01	1.8e-02
6.2106e+03	2.3e+00	8.5516e-01	1.8e-02
6.2130e+03	2.3e+00	8.6679e-01	1.8e-02
6.2155e+03	2.3e+00	8.7822e-01	1.9e-02
6.2179e+03	2.3e+00	8.7865e-01	1.9e-02
6.2204e+03	2.4e+00	8.8044e-01	1.9e-02
6.2228e+03	2.4e+00	8.8471e-01	1.9e-02
6.2252e+03	2.4e+00	8.7965e-01	1.9e-02
6.2277e+03	2.4e+00	8.9242e-01	1.9e-02
6.2301e+03	2.4e+00	9.0278e-01	2.0e-02
6.2326e+03	2.4e+00	9.0854e-01	2.0e-02
6.2350e+03	2.4e+00	9.0425e-01	1.9e-02
6.2374e+03	2.4e+00	9.1023e-01	1.9e-02
6.2399e+03	2.4e+00	9.0899e-01	2.0e-02
6.2423e+03	2.4e+00	9.1365e-01	2.0e-02
6.2448e+03	2.4e+00	9.1141e-01	2.0e-02
6.2472e+03	2.4e+00	9.0821e-01	2.0e-02
6.2497e+03	2.4e+00	9.1287e-01	2.0e-02
6.2521e+03	2.4e+00	9.2054e-01	2.0e-02
6.2545e+03	2.4e+00	9.3007e-01	2.0e-02
6.2570e+03	2.4e+00	9.4101e-01	2.1e-02
6.2594e+03	2.4e+00	9.4105e-01	2.1e-02
6.2619e+03	2.4e+00	9.4247e-01	2.1e-02
6.2643e+03	2.4e+00	9.3481e-01	2.1e-02
6.2667e+03	2.4e+00	9.1783e-01	2.0e-02
6.2692e+03	2.4e+00	8.8978e-01	1.9e-02
6.2716e+03	2.4e+00	8.6882e-01	1.8e-02
6.2741e+03	2.4e+00	8.5919e-01	1.8e-02
6.2765e+03	2.4e+00	8.7232e-01	1.9e-02
6.2789e+03	2.4e+00	9.0093e-01	2.0e-02
6.2814e+03	2.4e+00	9.1305e-01	2.0e-02
6.2838e+03	2.4e+00	9.1856e-01	2.0e-02
6.2863e+03	2.4e+00	9.1748e-01	2.1e-02
6.2887e+03	2.4e+00	9.0390e-01	2.0e-02
6.2911e+03	2.4e+00	9.0173e-01	2.0e-02
6.2936e+03	2.4e+00	9.0646e-01	2.0e-02
6.2960e+03	2.4e+00	9.1118e-01	2.0e-02
6.2985e+03	2.4e+00	9.2348e-01	2.1e-02
6.3009e+03	2.4e+00	9.3286e-01	2.1e-02
6.3033e+03	2.4e+00	9.3991e-01	2.1e-02
6.3058e+03	2.4e+00	9.3062e-01	2.1e-02
6.3082e+03	2.4e+00	9.1384e-01	2.0e-02
6.3107e+03	2.4e+00	9.1387e-01	2.1e-02
6.3131e+03	2.4e+00	9.1039e-01	2.0e-02
6.3155e+03	2.4e+00	9.0684e-01	2.1e-02
6.3180e+03	2.4e+00	9.2415e-01	2.1e-02
6.3204e+03	2.4e+00	9.3904e-01	2.1e-02
6.3228e+03	2.4e+00	9.3884e-01	2.1e-02
6.3253e+03	2.4e+00	9.3900e-01	2.1e-02
6.3277e+03	2.4e+00	9.3662e-01	2.1e-02
6.3302e+03	2.4e+00	9.3617e-01	2.1e-02
6.3326e+03	2.4e+00	9.2885e-01	2.1e-02
6.3350e+03	2.4e+00	9.2748e-01	2.1e-02
6.3375e+03	2.4e+00	9.3399e-01	2.1e-02
6.3399e+03	2.4e+00	9.3581e-01	2.2e-02
6.3424e+03	2.4e+00	9.4223e-01	2.2e-02
6.3448e+03	2.4e+00	9.4633e-01	2.1e-02
6.3472e+03	2.4e+00	9.4414e-01	2.2e-02
6.3497e+03	2.4e+00	9.4366e-01	2.1e-02
6.3521e+03	2.4e+00	9.3552e-01	2.1e-02
6.3545e+03	2.4e+00	9.3092e-01	2.1e-02
6.3570e+03	2.4e+00	9.3453e-01	2.1e-02
6.3594e+03	2.4e+00	9.3143e-01	2.1e-02
6.3619e+03	2.4e+00	9.4001e-01	2.1e-02
6.3643e+03	2.4e+00	9.4520e-01	2.2e-02
6.3667e+03	2.4e+00	9.5655e-01	2.2e-02
6.3692e+03	2.4e+00	9.5165e-01	2.2e-02
6.3716e+03	2.4e+00	9.5162e-01	2.2e-02
6.3741e+03	2.4e+00	9.5140e-01	2.3e-02
6.3765e+03	2.4e+00	9.4962e-01	2.2e-02
6.3789e+03	2.4e+00	9.5455e-01	2.2e-02
6.3814e+03	2.4e+00	9.5218e-01	2.1e-02
6.3838e+03	2.4e+00	9.4415e-01	2.2e-02
6.3862e+03	2.4e+00	9.4395e-01	2.2e-02
6.3887e+03	2.5e+00	9.3803e-01	2.1e-02
6.3911e+03	2.5e+00	9.3280e-01	2.1e-02
6.3936e+03	2.5e+00	9.2822e-01	2.1e-02
6.3960e+03	2.5e+00	9.3075e-01	2.1e-02
6.3984e+03	2.5e+00	9.2570e-01	2.1e-02
6.4009e+03	2.5e+00	9.2379e-01	2.1e-02
6.4033e+03	2.5e+00	9.3259e-01	2.1e-02
6.4057e+03	2.5e+00	9.2636e-01	2.0e-02
6.4082e+03	2.5e+00	9.2075e-01	2.1e-02
6.4106e+03	2.5e+00	9.2633e-01	2.1e-02
6.4130e+03	2.5e+00	9.2548e-01	2.1e-02
6.4155e+03	2.5e+00	9.2196e-01	2.1e-02
6.4179e+03	2.5e+00	9.1925e-01	2.1e-02
6.4204e+03	2.5e+00	9.2456e-01	2.1e-02
6.4228e+03	2.5e+00	9.2349e-01	2.1e-02
6.4252e+03	2.5e+00	9.1345e-01	2.0e-02
6.4277e+03	2.5e+00	9.1187e-01	2.0e-02
6.4301e+03	2.5e+00	8.9766e-01	2.0e-02
6.4325e+03	2.5e+00	8.8723e-01	2.0e-02
6.4350e+03	2.5e+00	8.8598e-01	2.0e-02
6.4374e+03	2.5e+00	8.8148e-01	2.0e-02
6.4398e+03	2.5e+00	8.7726e-01	2.0e-02
6.4423e+03	2.5e+00	8.7602e-01	1.9e-02
6.4447e+03	2.5e+00	8.6877e-01	1.9e-02
6.4472e+03	2.5e+00	8.6346e-01	1.9e-02
6.4496e+03	2.5e+00	8.6563e-01	1.9e-02
6.4520e+03	2.5e+00	8.7472e-01	2.0e-02
6.4545e+03	2.5e+00	8.7048e-01	1.9e-02
6.4569e+03	2.5e+00	8.6935e-01	1.9e-02
6.4593e+03	2.5e+00	8.6476e-01	1.9e-02
6.4618e+03	2.5e+00	8.4553e-01	1.9e-02
6.4642e+03	2.5e+00	8.3469e-01	1.8e-02
6.4666e+03	2.5e+00	8.1188e-01	1.7e-02
6.4691e+03	2.5e+00	7.9652e-01	1.7e-02
6.4715e+03	2.5e+00	7.9144e-01	1.7e-02
6.4739e+03	2.5e+00	7.9252e-01	1.7e-02
6.4764e+03	2.5e+00	7.9664e-01	1.7e-02
6.4788e+03	2.5e+00	8.0752e-01	1.7e-02
6.4812e+03	2.5e+00	8.2015e-01	1.8e-02
6.4837e+03	2.5e+00	8.1656e-01	1.8e-02
6.4861e+03	2.5e+00	8.1833e-01	1.8e-02
6.4885e+03	2.5e+00	8.1513e-01	1.7e-02
6.4910e+03	2.5e+00	8.1549e-01	1.8e-02
6.4934e+03	2.5e+00	8.2154e-01	1.8e-02
6.4958e+03	2.5e+00	8.4217e-01	1.9e-02
6.4983e+03	2.6e+00	8.6179e-01	2.0e-02
6.5007e+03	2.6e+00	8.9001e-01	2.0e-02
6.5032e+03	2.6e+00	8.9707e-01	2.1e-02
6.5056e+03	2.6e+00	8.9680e-01	2.0e-02
6.5080e+03	2.6e+00	8.8209e-01	2.0e-02
6.5105e+03	2.6e+00	8.4889e-01	1.8e-02
6.5129e+03	2.6e+00	8.3359e-01	1.8e-02
6.5153e+03	2.6e+00	8.2707e-01	1.8e-02
6.5178e+03	2.6e+00	8.2659e-01	1.9e-02
6.5202e+03	2.6e+00	8.5876e-01	2.0e-02
6.5226e+03	2.6e+00	8.9112e-01	2.1e-02
6.5251e+03	2.6e+00	9.0225e-01	2.1e-02
6.5275e+03	2.6e+00	9.0110e-01	2.0e-02
6.5299e+03	2.6e+00	9.0225e-01	2.1e-02
6.5324e+03	2.6e+00	9.0164e-01	2.0e-02
6.5348e+03	2.6e+00	8.9740e-01	2.0e-02
6.5372e+03	2.6e+00	8.9514e-01	2.0e-02
6.5397e+03	2.6e+00	8.9259e-01	2.0e-02
6.5421e+03	2.6e+00	8.8071e-01	1.9e-02
6.5445e+03	2.6e+00	8.6964e-01	1.9e-02
6.5470e+03	2.6e+00	8.5448e-01	1.9e-02
6.5494e+03	2.6e+00	8.4499e-01	1.8e-02
6.5518e+03	2.6e+00	8.3796e-01	1.8e-02
6.5543e+03	2.6e+00	8.1280e-01	1.7e-02
6.5567e+03	2.6e+00	7.5918e-01	1.5e-02
6.5591e+03	2.6e+00	7.3222e-01	1.5e-02
6.5615e+03	2.6e+00	7.2880e-01	1.4e-02
6.5640e+03	2.6e+00	7.3771e-01	1.5e-02
6.5664e+03	2.6e+00	7.7722e-01	1.7e-02
6.5688e+03	2.6e+00	8.2305e-01	1.8e-02
6.5713e+03	2.6e+00	8.3771e-01	1.9e-02
6.5737e+03	2.6e+00	8.5715e-01	1.9e-02
6.5761e+03	2.6e+00	8.7155e-01	1.9e-02
6.5786e+03	2.6e+00	8.8168e-01	2.0e-02
6.5810e+03	2.7e+00	8.8504e-01	2.0e-02
6.5834e+03	2.7e+00	8.8465e-01	2.0e-02
6.5859e+03	2.7e+00	8.8667e-01	2.0e-02
6.5883e+03	2.7e+00	8.7930e-01	2.0e-02
6.5907e+03	2.7e+00	8.8036e-01	2.0e-02
6.5932e+03	2.7e+00	8.8681e-01	2.0e-02
6.5956e+03	2.7e+00	8.8598e-01	2.0e-02
6.5980e+03	2.7e+00	8.9017e-01	2.0e-02
6.6005e+03	2.7e+00	8.9339e-01	2.1e-02
6.6029e+03	2.7e+00	8.9496e-01	2.0e-02
6.6053e+03	2.7e+00	9.0147e-01	2.1e-02
6.6078e+03	2.7e+00	8.9851e-01	2.1e-02
6.6102e+03	2.7e+00	9.0240e-01	2.1e-02
6.6126e+03	2.7e+00	9.0675e-01	2.1e-02
6.6150e+03	2.7e+00	9.0827e-01	2.1e-02
6.6175e+03	2.7e+00	9.1726e-01	2.1e-02
6.6199e+03	2.7e+00	9.0979e-01	2.0e-02
6.6223e+03	2.7e+00	9.0892e-01	2.1e-02
6.6248e+03	2.7e+00	9.0478e-01	2.1e-02
6.6272e+03	2.7e+00	9.0426e-01	2.1e-02
6.6296e+03	2.7e+00	8.9861e-01	2.1e-02
6.6321e+03	2.7e+00	8.9441e-01	2.0e-02
6.6345e+03	2.7e+00	8.9812e-01	2.1e-02
6.6369e+03	2.7e+00	8.9079e-01	2.0e-02
6.6394e+03	2.7e+00	9.0125e-01	2.1e-02
6.6418e+03	2.7e+00	9.0129e-01	2.0e-02
6.6442e+03	2.7e+00	9.0069e-01	2.0e-02
6.6466e+03	2.7e+00	8.9941e-01	2.1e-02
6.6491e+03	2.7e+00	9.0444e-01	2.1e-02
6.6515e+03	2.8e+00	9.1006e-01	2.1e-02
6.6539e+03	2.8e+00	9.0931e-01	2.1e-02
6.6564e+03	2.8e+00	9.1165e-01	2.1e-02
6.6588e+03	2.8e+00	8.9742e-01	2.1e-02
6.6612e+03	2.8e+00	8.9320e-01	2.0e-02
6.6637e+03	2.8e+00	8.9062e-01	2.0e-02
6.6661e+03	2.8e+00	8.8566e-01	2.0e-02
6.6685e+03	2.8e+00	8.9107e-01	2.1e-02
6.6709e+03	2.8e+00	8.9705e-01	2.1e-02
6.6734e+03	2.8e+00	8.9312e-01	2.0e-02
6.6758e+03	2.8e+00	8.9105e-01	2.1e-02
6.6782e+03	2.8e+00	8.9916e-01	2.0e-02
6.6807e+03	2.8e+00	8.9951e-01	2.1e-02
6.6831e+03	2.8e+00	8.9466e-01	2.1e-02
6.6855e+03	2.8e+00	9.0286e-01	2.1e-02
6.6879e+03	2.8e+00	9.0674e-01	2.1e-02
6.6904e+03	2.8e+00	9.0491e-01	2.1e-02
6.6928e+03	2.8e+00	9.0489e-01	2.1e-02
6.6952e+03	2.8e+00	9.0438e-01	2.1e-02
6.6977e+03	2.8e+00	9.0736e-01	2.1e-02
6.7001e+03	2.8e+00	9.0482e-01	2.1e-02
6.7025e+03	2.8e+00	9.0299e-01	2.1e-02
6.7049e+03	2.8e+00	9.1151e-01	2.1e-02
6.7074e+03	2.8e+00	9.0858e-01	2.1e-02
6.7098e+03	2.8e+00	9.0981e-01	2.1e-02
6.7122e+03	2.9e+00	9.1365e-01	2.1e-02
6.7147e+03	2.9e+00	9.0286e-01	2.1e-02
6.7171e+03	2.9e+00	9.0329e-01	2.1e-02
6.7195e+03	2.9e+00	9.0806e-01	2.1e-02
6.7219e+03	2.9e+00	9.0986e-01	2.1e-02
6.7244e+03	2.9e+00	9.1203e-01	2.1e-02
6.7268e+03	2.9e+00	9.2117e-01	2.2e-02
6.7292e+03	2.9e+00	9.2350e-01	2.2e-02
6.7316e+03	2.9e+00	9.2631e-01	2.2e-02
6.7341e+03	2.9e+00	9.2380e-01	2.2e-02
6.7365e+03	2.9e+00	9.2607e-01	2.2e-02
6.7389e+03	2.9e+00	9.2541e-01	2.2e-02
6.7414e+03	2.9e+00	9.3042e-01	2.2e-02
6.7438e+03	2.9e+00	9.2831e-01	2.1e-02
6.7462e+03	2.9e+00	9.2290e-01	2.1e-02
6.7486e+03	2.9e+00	9.2148e-01	2.1e-02
6.7511e+03	2.9e+00	9.2266e-01	2.2e-02
6.7535e+03	2.9e+00	9.3030e-01	2.1e-02
6.7559e+03	2.9e+00	9.2364e-01	2.1e-02
6.7583e+03	2.9e+00	9.2982e-01	2.2e-02
6.7608e+03	2.9e+00	9.3712e-01	2.2e-02
6.7632e+03	2.9e+00	9.3806e-01	2.2e-02
6.7656e+03	3.0e+00	9.3272e-01	2.2e-02
6.7681e+03	3.0e+00	9.3793e-01	2.1e-02
6.7705e+03	3.0e+00	9.2982e-01	2.2e-02
6.7729e+03	3.0e+00	9.2950e-01	2.2e-02
6.7753e+03	3.0e+00	9.3584e-01	2.2e-02
6.7778e+03	3.0e+00	9.3483e-01	2.2e-02
6.7802e+03	3.0e+00	9.3900e-01	2.2e-02
6.7826e+03	3.0e+00	9.3851e-01	2.2e-02
6.7850e+03	3.0e+00	9.3321e-01	2.2e-02
6.7875e+03	3.0e+00	9.3372e-01	2.2e-02
6.7899e+03	3.0e+00	9.3131e-01	2.2e-02
6.7923e+03	3.0e+00	9.2406e-01	2.1e-02
6.7947e+03	3.0e+00	9.2949e-01	2.2e-02
6.7972e+03	3.0e+00	9.2629e-01	2.2e-02
6.7996e+03	3.0e+00	9.2708e-01	2.2e-02
6.8020e+03	3.0e+00	9.2066e-01	2.2e-02
6.8044e+03	3.0e+00	9.1969e-01	2.2e-02
6.8069e+03	3.0e+00	9.1962e-01	2.2e-02
6.8093e+03	3.0e+00	9.1460e-01	2.2e-02
6.8117e+03	3.0e+00	9.1648e-01	2.1e-02
6.8141e+03	3.1e+00	9.1184e-01	2.2e-02
6.8166e+03	3.1e+00	9.1912e-01	2.1e-02
6.8190e+03	3.1e+00	9.1190e-01	2.1e-02
6.8214e+03	3.1e+00	9.1095e-01	2.1e-02
6.8238e+03	3.1e+00	9.0403e-01	2.1e-02
6.8263e+03	3.1e+00	9.0565e-01	2.1e-02
6.8287e+03	3.1e+00	8.9831e-01	2.1e-02
6.8311e+03	3.1e+00	9.0129e-01	2.1e-02
6.8335e+03	3.1e+00	8.9411e-01	2.1e-02
6.8360e+03	3.1e+00	8.8889e-01	2.1e-02
6.8384e+03	3.1e+00	8.8757e-01	2.1e-02
6.8408e+03	3.1e+00	8.9670e-01	2.0e-02
6.8432e+03	3.1e+00	8.8371e-01	2.0e-02
6.8457e+03	3.1e+00	8.7647e-01	2.0e-02
6.8481e+03	3.1e+00	8.7992e-01	2.0e-02
6.8505e+03	3.1e+00	8.7506e-01	2.1e-02
6.8529e+03	3.1e+00	8.8309e-01	2.1e-02
6.8554e+03	3.1e+00	8.9319e-01	2.1e-02
6.8578e+03	3.1e+00	8.8698e-01	2.0e-02
6.8602e+03	3.2e+00	8.7864e-01	2.0e-02
6.8626e+03	3.2e+00	8.7784e-01	2.0e-02
6.8651e+03	3.2e+00	8.7247e-01	2.0e-02
6.8675e+03	3.2e+00	8.6601e-01	2.0e-02
6.8699e+03	3.2e+00	8.0847e-01	1.6e-02
6.8723e+03	3.2e+00	7.1476e-01	1.3e-02
6.8747e+03	3.2e+00	6.3644e-01	1.1e-02
6.8772e+03	3.2e+00	5.6396e-01	8.5e-03
6.8796e+03	3.2e+00	5.1643e-01	8.7e-03
6.8820e+03	3.2e+00	5.5000e-01	1.1e-02
6.8844e+03	3.2e+00	6.2299e-01	1.3e-02
6.8869e+03	3.2e+00	6.8534e-01	1.4e-02
6.8893e+03	3.2e+00	7.1618e-01	1.5e-02
6.8917e+03	3.2e+00	7.2801e-01	1.5e-02
6.8941e+03	3.2e+00	7.1707e-01	1.4e-02
6.8966e+03	3.2e+00	6.9458e-01	1.3e-02
6.8990e+03	3.2e+00	6.8349e-01	1.3e-02
6.9014e+03	3.3e+00	6.9215e-01	1.4e-02
6.9038e+03	3.3e+00	6.9341e-01	1.4e-02
6.9062e+03	3.3e+00	7.0851e-01	1.5e-02
6.9087e+03	3.3e+00	7.1631e-01	1.5e-02
6.9111e+03	3.3e+00	7.2788e-01	1.5e-02
6.9135e+03	3.3e+00	7.3043e-01	1.5e-02
6.9159e+03	3.3e+00	7.4600e-01	1.6e-02
6.9184e+03	3.3e+00	7.4697e-01	1.6e-02
6.9208e+03	3.3e+00	7.5488e-01	1.6e-02
6.9232e+03	3.3e+00	7.5768e-01	1.7e-02
6.9256e+03	3.3e+00	7.5636e-01	1.6e-02
6.9280e+03	3.3e+00	7.5202e-01	1.6e-02
6.9305e+03	3.3e+00	7.5582e-01	1.6e-02
6.9329e+03	3.3e+00	7.4204e-01	1.5e-02
6.9353e+03	3.3e+00	7.2458e-01	1.4e-02
6.9377e+03	3.3e+00	7.0353e-01	1.4e-02
6.9402e+03	3.4e+00	7.0855e-01	1.4e-02
6.9426e+03	3.4e+00	6.9867e-01	1.4e-02
6.9450e+03	3.4e+00	6.8521e-01	1.3e-02
6.9474e+03	3.4e+00	6.8187e-01	1.4e-02
6.9498e+03	3.4e+00	6.8505e-01	1.4e-02
6.9523e+03	3.4e+00	6.8029e-01	1.3e-02
6.9547e+03	3.4e+00	6.8286e-01	1.4e-02
6.9571e+03	3.4e+00	7.0288e-01	1.5e-02
6.9595e+03	3.4e+00	7.2233e-01	1.5e-02
6.9619e+03	3.4e+00	7.1142e-01	1.4e-02
6.9644e+03	3.4e+00	7.1514e-01	1.5e-02
6.9668e+03	3.4e+00	7.1453e-01	1.5e-02
6.9692e+03	3.4e+00	7.2531e-01	1.5e-02
6.9716e+03	3.4e+00	7.3396e-01	1.6e-02
6.9740e+03	3.4e+00	7.5619e-01	1.6e-02
6.9765e+03	3.4e+00	7.7023e-01	1.7e-02
6.9789e+03	3.5e+00	7.7723e-01	1.8e-02
6.9813e+03	3.5e+00	7.8333e-01	1.7e-02
6.9837e+03	3.5e+00	7.7617e-01	1.6e-02
6.9861e+03	3.5e+00	7.6052e-01	1.6e-02
6.9886e+03	3.5e+00	7.6293e-01	1.6e-02
6.9910e+03	3.5e+00	7.5208e-01	1.6e-02
6.9934e+03	3.5e+00	7.3316e-01	1.6e-02
6.9958e+03	3.5e+00	7.1982e-01	1.5e-02
6.9982e+03	3.5e+00	7.0530e-01	1.4e-02
7.0007e+03	3.5e+00	6.7969e-01	1.4e-02
7.0031e+03	3.5e+00	6.8109e-01	1.4e-02
7.0055e+03	3.5e+00	6.7691e-01	1.4e-02
7.0079e+03	3.5e+00	6.7934e-01	1.4e-02
7.0103e+03	3.5e+00	6.8006e-01	1.4e-02
7.0128e+03	3.6e+00	6.5980e-01	1.3e-02
7.0152e+03	3.6e+00	6.5456e-01	1.3e-02
7.0176e+03	3.6e+00	6.5896e-01	1.4e-02
7.0200e+03	3.6e+00	6.4612e-01	1.3e-02
7.0224e+03	3.6e+00	6.4859e-01	1.3e-02
7.0249e+03	3.6e+00	6.4920e-01	1.3e-02
7.0273e+03	3.6e+00	6.4564e-01	1.3e-02
7.0297e+03	3.6e+00	6.4907e-01	1.2e-02
7.0321e+03	3.6e+00	6.3882e-01	1.2e-02
7.0345e+03	3.6e+00	6.3603e-01	1.3e-02
7.0369e+03	3.6e+00	6.4190e-01	1.3e-02
7.0394e+03	3.6e+00	6.5120e-01	1.4e-02
7.0418e+03	3.6e+00	6.7262e-01	1.4e-02
7.0442e+03	3.6e+00	6.8630e-01	1.4e-02
7.0466e+03	3.7e+00	6.9064e-01	1.5e-02
7.0490e+03	3.7e+00	6.9355e-01	1.5e-02
7.0515e+03	3.7e+00	6.9563e-01	1.4e-02
7.0539e+03	3.7e+00	6.8518e-01	1.4e-02
7.0563e+03	3.7e+00	6.8078e-01	1.4e-02
7.0587e+03	3.7e+00	6.8802e-01	1.4e-02
7.0611e+03	3.7e+00	6.8636e-01	1.4e-02
7.0635e+03	3.7e+00	6.8158e-01	1.4e-02
7.0660e+03	3.7e+00	6.8015e-01	1.4e-02
7.0684e+03	3.7e+00	6.7601e-01	1.3e-02
7.0708e+03	3.7e+00	6.7486e-01	1.4e-02
7.0732e+03	3.7e+00	6.9054e-01	1.5e-02
7.0756e+03	3.7e+00	6.8482e-01	1.4e-02
7.0780e+03	3.7e+00	6.9344e-01	1.4e-02
7.0805e+03	3.8e+00	7.0063e-01	1.5e-02
7.0829e+03	3.8e+00	6.9672e-01	1.5e-02
7.0853e+03	3.8e+00	7.0899e-01	1.5e-02
7.0877e+03	3.8e+00	7.0430e-01	1.4e-02
7.0901e+03	3.8e+00	7.0198e-01	1.5e-02
7.0925e+03	3.8e+00	7.0675e-01	1.4e-02
7.0950e+03	3.8e+00	7.0691e-01	1.5e-02
7.0974e+03	3.8e+00	7.0374e-01	1.5e-02
7.0998e+03	3.8e+00	7.0976e-01	1.5e-02
7.1022e+03	3.8e+00	7.1287e-01	1.5e-02
7.1046e+03	3.8e+00	7.1113e-01	1.5e-02
7.1070e+03	3.8e+00	7.1245e-01	1.5e-02
7.1095e+03	3.8e+00	7.1137e-01	1.5e-02
7.1119e+03	3.9e+00	7.1644e-01	1.5e-02
7.1143e+03	3.9e+00	7.1380e-01	1.5e-02
7.1167e+03	3.9e+00	7.1341e-01	1.5e-02
7.1191e+03	3.9e+00	7.1654e-01	1.5e-02
7.1215e+03	3.9e+00	7.1376e-01	1.5e-02
7.1240e+03	3.9e+00	7.1741e-01	1.5e-02
7.1264e+03	3.9e+00	7.1754e-01	1.5e-02
7.1288e+03	3.9e+00	7.2023e-01	1.5e-02
7.1312e+03	3.9e+00	7.2020e-01	1.5e-02
7.1336e+03	3.9e+00	7.2037e-01	1.5e-02
7.1360e+03	3.9e+00	7.1780e-01	1.5e-02
7.1384e+03	3.9e+00	7.1674e-01	1.5e-02
7.1409e+03	3.9e+00	7.0830e-01	1.5e-02
7.1433e+03	4.0e+00	7.0259e-01	1.5e-02
7.1457e+03	4.0e+00	7.0757e-01	1.6e-02
7.1481e+03	4.0e+00	7.0931e-01	1.5e-02
7.1505e+03	4.0e+00	7.0130e-01	1.5e-02
7.1529e+03	4.0e+00	7.0201e-01	1.5e-02
7.1554e+03	4.0e+00	7.0403e-01	1.5e-02
7.1578e+03	4.0e+00	6.9720e-01	1.4e-02
7.1602e+03	4.0e+00	6.8145e-01	1.4e-02
7.1626e+03	4.0e+00	6.7607e-01	1.4e-02
7.1650e+03	4.0e+00	6.6153e-01	1.3e-02
7.1674e+03	4.0e+00	6.5728e-01	1.3e-02
7.1698e+03	4.0e+00	6.4738e-01	1.3e-02
7.1723e+03	4.1e+00	6.4262e-01	1.3e-02
7.1747e+03	4.1e+00	6.3804e-01	1.3e-02
7.1771e+03	4.1e+00	6.1610e-01	1.1e-02
7.1795e+03	4.1e+00	5.8039e-01	1.1e-02
7.1819e+03	4.1e+00	5.3794e-01	8.7e-03
7.1843e+03	4.1e+00	5.0061e-01	7.9e-03
7.1867e+03	4.1e+00	4.5405e-01	7.5e-03
7.1891e+03	4.1e+00	4.2763e-01	7.2e-03
7.1916e+03	4.1e+00	4.0743e-01	7.3e-03
7.1940e+03	4.1e+00	4.0615e-01	7.7e-03
7.1964e+03	4.1e+00	4.0417e-01	7.1e-03
7.1988e+03	4.1e+00	4.0294e-01	7.5e-03
7.2012e+03	4.2e+00	3.8625e-01	7.1e-03
7.2036e+03	4.2e+00	3.9038e-01	7.5e-03
7.2060e+03	4.2e+00	3.7898e-01	7.2e-03
7.2085e+03	4.2e+00	3.5811e-01	6.9e-03
7.2109e+03	4.2e+00	3.5633e-01	7.2e-03
7.2133e+03	4.2e+00	3.6752e-01	7.1e-03
7.2157e+03	4.2e+00	3.4543e-01	7.0e-03
7.2181e+03	4.2e+00	3.4166e-01	7.5e-03
7.2205e+03	4.2e+00	3.4388e-01	7.6e-03
7.2229e+03	4.2e+00	3.4795e-01	7.5e-03
7.2253e+03	4.2e+00	3.5855e-01	7.6e-03
7.2278e+03	4.3e+00	3.8939e-01	8.1e-03
7.2302e+03	4.3e+00	4.1121e-01	7.9e-03
7.2326e+03	4.3e+00	4.2634e-01	8.1e-03
7.2350e+03	4.3e+00	4.3327e-01	7.9e-03
7.2374e+03	4.3e+00	4.4620e-01	7.9e-03
7.2398e+03	4.3e+00	4.4037e-01	8.0e-03
7.2422e+03	4.3e+00	4.3677e-01	8.2e-03
7.2446e+03	4.3e+00	4.3020e-01	7.4e-03
7.2471e+03	4.3e+00	4.2650e-01	7.4e-03
7.2495e+03	4.3e+00	4.0009e-01	7.1e-03
7.2519e+03	4.3e+00	3.7035e-01	7.1e-03
7.2543e+03	4.4e+00	3.5095e-01	7.0e-03
7.2567e+03	4.4e+00	3.4177e-01	7.2e-03
7.2591e+03	4.4e+00	3.2447e-01	7.2e-03
7.2615e+03	4.4e+00	3.2044e-01	7.4e-03
7.2639e+03	4.4e+00	3.2134e-01	7.4e-03
7.2663e+03	4.4e+00	3.1906e-01	7.3e-03
7.2688e+03	4.4e+00	3.1138e-01	7.5e-03
7.2712e+03	4.4e+00	2.9507e-01	7.4e-03
7.2736e+03	4.4e+00	2.9561e-01	7.8e-03
7.2760e+03	4.4e+00	2.9389e-01	7.9e-03
7.2784e+03	4.4e+00	2.8907e-01	7.8e-03
7.2808e+03	4.5e+00	2.9073e-01	7.9e-03
7.2832e+03	4.5e+00	2.9524e-01	7.7e-03
7.2856e+03	4.5e+00	2.9642e-01	8.0e-03
7.2880e+03	4.5e+00	2.9934e-01	7.8e-03
7.2904e+03	4.5e+00	2.9380e-01	7.5e-03
7.2929e+03	4.5e+00	2.8904e-01	7.7e-03
7.2953e+03	4.5e+00	2.8619e-01	8.1e-03
7.2977e+03	4.5e+00	2.7544e-01	8.1e-03
7.3001e+03	4.5e+00	2.8193e-01	8.6e-03
7.3025e+03	4.5e+00	2.8893e-01	8.1e-03
7.3049e+03	4.5e+00	3.0906e-01	8.6e-03
7.3073e+03	4.6e+00	3.2177e-01	8.3e-03
7.3097e+03	4.6e+00	3.2319e-01	7.7e-03
7.3121e+03	4.6e+00	3.1908e-01	7.7e-03
7.3145e+03	4.6e+00	3.1303e-01	8.0e-03
7.3170e+03	4.6e+00	3.0954e-01	7.7e-03
7.3194e+03	4.6e+00	3.1343e-01	8.0e-03
7.3218e+03	4.6e+00	3.2073e-01	7.8e-03
7.3242e+03	4.6e+00	3.2390e-01	7.8e-03
7.3266e+03	4.6e+00	3.3067e-01	7.7e-03
7.3290e+03	4.6e+00	3.3720e-01	7.8e-03
7.3314e+03	4.6e+00	3.3253e-01	7.8e-03
7.3338e+03	4.7e+00	3.4249e-01	7.6e-03
7.3362e+03	4.7e+00	3.5809e-01	8.0e-03
7.3386e+03	4.7e+00	3.5544e-01	7.8e-03
7.3410e+03	4.7e+00	3.5871e-01	7.7e-03
7.3435e+03	4.7e+00	3.7898e-01	8.0e-03
7.3459e+03	4.7e+00	3.9167e-01	7.9e-03
7.3483e+03	4.7e+00	4.0646e-01	8.3e-03
7.3507e+03	4.7e+00	4.2220e-01	8.5e-03
7.3531e+03	4.7e+00	4.2255e-01	8.1e-03
7.3555e+03	4.7e+00	4.2367e-01	8.3e-03
7.3579e+03	4.8e+00	4.3106e-01	9.1e-03
7.3603e+03	4.8e+00	4.3937e-01	8.6e-03
7.3627e+03	4.8e+00	4.5348e-01	8.7e-03
7.3651e+03	4.8e+00	4.6534e-01	9.2e-03
7.3675e+03	4.8e+00	4.7293e-01	8.9e-03
7.3699e+03	4.8e+00	4.8440e-01	9.2e-03
7.3724e+03	4.8e+00	4.7380e-01	8.9e-03
7.3748e+03	4.8e+00	4.7217e-01	9.3e-03
7.3772e+03	4.8e+00	4.7545e-01	8.9e-03
7.3796e+03	4.8e+00	4.8060e-01	9.2e-03
7.3820e+03	4.9e+00	4.8525e-01	9.2e-03
7.3844e+03	4.9e+00	4.8618e-01	9.5e-03
7.3868e+03	4.9e+00	4.8681e-01	8.9e-03
7.3892e+03	4.9e+00	4.8780e-01	9.1e-03
7.3916e+03	4.9e+00	4.9249e-01	9.3e-03
7.3940e+03	4.9e+00	4.9348e-01	9.6e-03
7.3964e+03	4.9e+00	5.0173e-01	9.8e-03
7.3988e+03	4.9e+00	5.1037e-01	1.0e-02
7.4012e+03	4.9e+00	5.2141e-01	1.0e-02
7.4036e+03	4.9e+00	5.2898e-01	1.0e-02
7.4060e+03	5.0e+00	5.3361e-01	1.0e-02
7.4085e+03	5.0e+00	5.2824e-01	1.0e-02
7.4109e+03	5.0e+00	5.2779e-01	1.1e-02
7.4133e+03	5.0e+00	5.2824e-01	1.1e-02
7.4157e+03	5.0e+00	5.2486e-01	1.1e-02
7.4181e+03	5.0e+00	5.3590e-01	1.1e-02
7.4205e+03	5.0e+00	5.3765e-01	1.1e-02
7.4229e+03	5.0e+00	5.4045e-01	1.1e-02
7.4253e+03	5.0e+00	5.4843e-01	1.1e-02
7.4277e+03	5.1e+00	5.5713e-01	1.1e-02
7.4301e+03	5.1e+00	5.6342e-01	1.1e-02
7.4325e+03	5.1e+00	5.6211e-01	1.1e-02
7.4349e+03	5.1e+00	5.6851e-01	1.2e-02
7.4373e+03	5.1e+00	5.6711e-01	1.1e-02
7.4397e+03	5.1e+00	5.7066e-01	1.2e-02
7.4421e+03	5.1e+00	5.6312e-01	1.1e-02
7.4445e+03	5.1e+00	5.6759e-01	1.1e-02
7.4469e+03	5.1e+00	5.6921e-01	1.1e-02
7.4494e+03	5.1e+00	5.6926e-01	1.1e-02
7.4518e+03	5.2e+00	5.7331e-01	1.2e-02
7.4542e+03	5.2e+00	5.7759e-01	1.2e-02
7.4566e+03	5.2e+00	5.8548e-01	1.2e-02
7.4590e+03	5.2e+00	5.8683e-01	1.2e-02
7.4614e+03	5.2e+00	5.8410e-01	1.2e-02
7.4638e+03	5.2e+00	5.9433e-01	1.2e-02
7.4662e+03	5.2e+00	5.9159e-01	1.2e-02
7.4686e+03	5.2e+00	5.9039e-01	1.1e-02
7.4710e+03	5.2e+00	5.8726e-01	1.2e-02
7.4734e+03	5.3e+00	5.8866e-01	1.2e-02
7.4758e+03	5.3e+00	5.8350e-01	1.2e-02
7.4782e+03	5.3e+00	5.8585e-01	1.2e-02
7.4806e+03	5.3e+00	5.8932e-01	1.2e-02
7.4830e+03	5.3e+00	5.9288e-01	1.2e-02
7.4854e+03	5.3e+00	5.8786e-01	1.2e-02
7.4878e+03	5.3e+00	5.8793e-01	1.2e-02
7.4902e+03	5.3e+00	5.8853e-01	1.2e-02
7.4926e+03	5.3e+00	5.8908e-01	1.2e-02
7.4950e+03	5.3e+00	5.8869e-01	1.2e-02
7.4974e+03	5.4e+00	5.8621e-01	1.2e-02
7.4998e+03	5.4e+00	5.8230e-01	1.2e-02
7.5022e+03	5.4e+00	5.8501e-01	1.2e-02
7.5046e+03	5.4e+00	5.9146e-01	1.2e-02
7.5070e+03	5.4e+00	5.8448e-01	1.2e-02
7.5095e+03	5.4e+00	5.7953e-01	1.2e-02
7.5119e+03	5.4e+00	5.8261e-01	1.2e-02
7.5143e+03	5.4e+00	5.8090e-01	1.1e-02
7.5167e+03	5.4e+00	5.8206e-01	1.2e-02
7.5191e+03	5.5e+00	5.7988e-01	1.2e-02
7.5215e+03	5.5e+00	5.8053e-01	1.2e-02
7.5239e+03	5.5e+00	5.6966e-01	1.1e-02
7.5263e+03	5.5e+00	5.7094e-01	1.1e-02
7.5287e+03	5.5e+00	5.7382e-01	1.2e-02
7.5311e+03	5.5e+00	5.6496e-01	1.1e-02
7.5335e+03	5.5e+00	5.7006e-01	1.1e-02
7.5359e+03	5.5e+00	5.7281e-01	1.2e-02
7.5383e+03	5.5e+00	5.6942e-01	1.1e-02
7.5407e+03	5.6e+00	5.7224e-01	1.1e-02
7.5431e+03	5.6e+00	5.6742e-01	1.2e-02
7.5455e+03	5.6e+00	5.6739e-01	1.1e-02
7.5479e+03	5.6e+00	5.6520e-01	1.1e-02
7.5503e+03	5.6e+00	5.6381e-01	1.1e-02
7.5527e+03	5.6e+00	5.6912e-01	1.1e-02
7.5551e+03	5.6e+00	5.6512e-01	1.1e-02
7.5575e+03	5.6e+00	5.6575e-01	1.2e-02
7.5599e+03	5.7e+00	5.6458e-01	1.2e-02
7.5623e+03	5.7e+00	5.6169e-01	1.1e-02
7.5647e+03	5.7e+00	5.6012e-01	1.1e-02
7.5671e+03	5.7e+00	5.6496e-01	1.1e-02
7.5695e+03	5.7e+00	5.5929e-01	1.1e-02
7.5719e+03	5.7e+00	5.6052e-01	1.1e-02
7.5743e+03	5.7e+00	5.5696e-01	1.1e-02
7.5767e+03	5.7e+00	5.6155e-01	1.1e-02
7.5791e+03	5.7e+00	5.6244e-01	1.1e-02
7.5815e+03	5.8e+00	5.5985e-01	1.1e-02
7.5839e+03	5.8e+00	5.5839e-01	1.1e-02
7.5863e+03	5.8e+00	5.5106e-01	1.0e-02
7.5887e+03	5.8e+00	5.5409e-01	1.1e-02
7.5911e+03	5.8e+00	5.5278e-01	1.1e-02
7.5935e+03	5.8e+00	5.4695e-01	1.1e-02
7.5959e+03	5.8e+00	5.4911e-01	1.1e-02
7.5983e+03	5.8e+00	5.4846e-01	1.1e-02
7.6007e+03	5.8e+00	5.4485e-01	1.1e-02
7.6031e+03	5.9e+00	5.4928e-01	1.1e-02
7.6055e+03	5.9e+00	5.4434e-01	1.1e-02
7.6079e+03	5.9e+00	5.4308e-01	1.1e-02
7.6103e+03	5.9e+00	5.3926e-01	1.1e-02
7.6127e+03	5.9e+00	5.3855e-01	1.1e-02
7.6151e+03	5.9e+00	5.3334e-01	1.0e-02
7.6175e+03	5.9e+00	5.3182e-01	1.0e-02
7.6199e+03	5.9e+00	5.3206e-01	1.1e-02
7.6223e+03	6.0e+00	5.2860e-01	1.0e-02
7.6247e+03	6.0e+00	5.2520e-01	1.1e-02
7.6271e+03	6.0e+00	5.1281e-01	1.0e-02
7.6295e+03	6.0e+00	4.8800e-01	9.1e-03
7.6319e+03	6.0e+00	4.4890e-01	8.6e-03
7.6343e+03	6.0e+00	3.8680e-01	8.3e-03
7.6367e+03	6.0e+00	3.2643e-01	8.9e-03
7.6391e+03	6.0e+00	2.6567e-01	1.0e-02
7.6415e+03	6.0e+00	2.2623e-01	1.1e-02
7.6439e+03	6.1e+00	2.0055e-01	1.2e-02
7.6463e+03	6.1e+00	1.9203e-01	1.2e-02
7.6487e+03	6.1e+00	1.9090e-01	1.2e-02
7.6511e+03	6.1e+00	1.9598e-01	1.2e-02
7.6535e+03	6.1e+00	2.1689e-01	1.1e-02
7.6559e+03	6.1e+00	2.4093e-01	1.1e-02
7.6583e+03	6.1e+00	2.7387e-01	1.0e-02
7.6607e+03	6.1e+00	2.9420e-01	1.0e-02
7.6631e+03	6.2e+00	3.0290e-01	1.1e-02
7.6655e+03	6.2e+00	2.9671e-01	1.0e-02
7.6679e+03	6.2e+00	2.7689e-01	1.1e-02
7.6703e+03	6.2e+00	2.4980e-01	9.9e-03
7.6727e+03	6.2e+00	2.4929e-01	1.1e-02
7.6751e+03	6.2e+00	2.4531e-01	1.1e-02
7.6775e+03	6.2e+00	2.5256e-01	1.2e-02
7.6799e+03	6.2e+00	2.5638e-01	1.1e-02
7.6822e+03	6.3e+00	2.6574e-01	1.1e-02
7.6846e+03	6.3e+00	2.7677e-01	1.1e-02
7.6870e+03	6.3e+00	2.8151e-01	1.1e-02
7.6894e+03	6.3e+00	2.9837e-01	1.1e-02
7.6918e+03	6.3e+00	3.0380e-01	1.0e-02
7.6942e+03	6.3e+00	3.2071e-01	1.0e-02
7.6966e+03	6.3e+00	3.2912e-01	1.0e-02
7.6990e+03	6.3e+00	3.4208e-01	1.0e-02
7.7014e+03	6.4e+00	3.5696e-01	9.8e-03
7.7038e+03	6.4e+00	3.6723e-01	1.0e-02
7.7062e+03	6.4e+00	3.8008e-01	9.5e-03
7.7086e+03	6.4e+00	3.8781e-01	9.6e-03
7.7110e+03	6.4e+00	3.9933e-01	9.5e-03
7.7134e+03	6.4e+00	4.1542e-01	1.0e-02
7.7158e+03	6.4e+00	4.2406e-01	1.0e-02
7.7182e+03	6.4e+00	4.4102e-01	1.0e-02
7.7206e+03	6.5e+00	4.4871e-01	1.0e-02
7.7230e+03	6.5e+00	4.5633e-01	1.1e-02
7.7254e+03	6.5e+00	4.6245e-01	1.0e-02
7.7278e+03	6.5e+00	4.6306e-01	1.0e-02
7.7302e+03	6.5e+00	4.6973e-01	1.0e-02
7.7326e+03	6.5e+00	4.6776e-01	1.0e-02
7.7350e+03	6.5e+00	4.6924e-01	1.0e-02
7.7374e+03	6.5e+00	4.7700e-01	1.1e-02
7.7398e+03	6.6e+00	4.7873e-01	1.1e-02
7.7421e+03	6.6e+00	4.8175e-01	1.0e-02
7.7445e+03	6.6e+00	4.8000e-01	1.1e-02
7.7469e+03	6.6e+00	4.8250e-01	1.0e-02
7.7493e+03	6.6e+00	4.8531e-01	1.0e-02
7.7517e+03	6.6e+00	4.9593e-01	1.1e-02
7.7541e+03	6.6e+00	4.8941e-01	1.0e-02
7.7565e+03	6.6e+00	4.9256e-01	1.1e-02
7.7589e+03	6.7e+00	4.8885e-01	1.1e-02
7.7613e+03	6.7e+00	4.8935e-01	1.0e-02
7.7637e+03	6.7e+00	4.8839e-01	1.1e-02
7.7661e+03	6.7e+00	4.8884e-01	1.1e-02
7.7685e+03	6.7e+00	4.8713e-01	1.1e-02
7.7709e+03	6.7e+00	4.9306e-01	1.1e-02
7.7733e+03	6.7e+00	4.8867e-01	1.0e-02
7.7757e+03	6.8e+00	4.9043e-01	1.1e-02
7.7781e+03	6.8e+00	4.8814e-01	1.1e-02
7.7805e+03	6.8e+00	4.9181e-01	1.1e-02
7.7828e+03	6.8e+00	4.9187e-01	1.1e-02
7.7852e+03	6.8e+00	4.8573e-01	1.1e-02
7.7876e+03	6.8e+00	4.9145e-01	1.1e-02
7.7900e+03	6.8e+00	4.9176e-01	1.1e-02
7.7924e+03	6.8e+00	4.8983e-01	1.1e-02
7.7948e+03	6.9e+00	4.8756e-01	1.1e-02
7.7972e+03	6.9e+00	4.8237e-01	1.1e-02
7.7996e+03	6.9e+00	4.8321e-01	1.1e-02
7.8020e+03	6.9e+00	4.8424e-01	1.1e-02
7.8044e+03	6.9e+00	4.8597e-01	1.1e-02
7.8068e+03	6.9e+00	4.8898e-01	1.1e-02
7.8092e+03	6.9e+00	4.8696e-01	1.0e-02
7.8116e+03	6.9e+00	4.8607e-01	1.1e-02
7.8140e+03	7.0e+00	4.8972e-01	1.1e-02
7.8163e+03	7.0e+00	4.8875e-01	1.1e-02
7.8187e+03	7.0e+00	4.9052e-01	1.2e-02
7.8211e+03	7.0e+00	4.8864e-01	1.1e-02
7.8235e+03	7.0e+00	4.8398e-01	1.1e-02
7.8259e+03	7.0e+00	4.7779e-01	1.1e-02
7.8283e+03	7.0e+00	4.7585e-01	1.1e-02
7.8307e+03	7.1e+00	4.7940e-01	1.1e-02
7.8331e+03	7.1e+00	4.8089e-01	1.2e-02
7.8355e+03	7.1e+00	4.7948e-01	1.2e-02
7.8379e+03	7.1e+00	4.7860e-01	1.1e-02
7.8403e+03	7.1e+00	4.7731e-01	1.1e-02
7.8427e+03	7.1e+00	4.7386e-01	1.1e-02
7.8450e+03	7.1e+00	4.7461e-01	1.2e-02
7.8474e+03	7.1e+00	4.7125e-01	1.1e-02
7.8498e+03	7.2e+00	4.6836e-01	1.1e-02
7.8522e+03	7.2e+00	4.6345e-01	1.1e-02
7.8546e+03	7.2e+00	4.5991e-01	1.1e-02
7.8570e+03	7.2e+00	4.5494e-01	1.1e-02
7.8594e+03	7.2e+00	4.5153e-01	1.1e-02
7.8618e+03	7.2e+00	4.5039e-01	1.1e-02
7.8642e+03	7.2e+00	4.5467e-01	1.2e-02
7.8666e+03	7.3e+00	4.4589e-01	1.1e-02
7.8690e+03	7.3e+00	4.5330e-01	1.2e-02
7.8713e+03	7.3e+00	4.5009e-01	1.2e-02
7.8737e+03	7.3e+00	4.5209e-01	1.2e-02
7.8761e+03	7.3e+00	4.4685e-01	1.1e-02
7.8785e+03	7.3e+00	4.4971e-01	1.2e-02
7.8809e+03	7.3e+00	4.4763e-01	1.2e-02
7.8833e+03	7.4e+00	4.3959e-01	1.1e-02
7.8857e+03	7.4e+00	4.3550e-01	1.1e-02
7.8881e+03	7.4e+00	4.3897e-01	1.2e-02
7.8905e+03	7.4e+00	4.2630e-01	1.2e-02
7.8929e+03	7.4e+00	4.2233e-01	1.2e-02
7.8952e+03	7.4e+00	4.2441e-01	1.2e-02
7.8976e+03	7.4e+00	4.1872e-01	1.2e-02
7.9000e+03	7.4e+00	4.2869e-01	1.4e-02
7.9024e+03	7.5e+00	4.2690e-01	1.3e-02
7.9048e+03	7.5e+00	4.2347e-01	1.2e-02
7.9072e+03	7.5e+00	4.2375e-01	1.2e-02
7.9096e+03	7.5e+00	4.2704e-01	1.2e-02
7.9120e+03	7.5e+00	4.2515e-01	1.2e-02
7.9144e+03	7.5e+00	4.2552e-01	1.2e-02
7.9167e+03	7.5e+00	4.2060e-01	1.2e-02
7.9191e+03	7.6e+00	4.2016e-01	1.3e-02
7.9215e+03	7.6e+00	4.1407e-01	1.2e-02
7.9239e+03	7.6e+00	4.0511e-01	1.2e-02
7.9263e+03	7.6e+00	4.0898e-01	1.3e-02
7.9287e+03	7.6e+00	4.0592e-01	1.2e-02
7.9311e+03	7.6e+00	4.0889e-01	1.3e-02
7.9335e+03	7.6e+00	4.0848e-01	1.3e-02
7.9358e+03	7.7e+00	4.1269e-01	1.3e-02
7.9382e+03	7.7e+00	4.1092e-01	1.3e-02
7.9406e+03	7.7e+00	4.0885e-01	1.2e-02
7.9430e+03	7.7e+00	4.1266e-01	1.3e-02
7.9454e+03	7.7e+00	4.1561e-01	1.4e-02
7.9478e+03	7.7e+00	4.1223e-01	1.3e-02
7.9502e+03	7.7e+00	4.0931e-01	1.3e-02
7.9526e+03	7.8e+00	4.1052e-01	1.3e-02
7.9549e+03	7.8e+00	4.0192e-01	1.3e-02
7.9573e+03	7.8e+00	4.0468e-01	1.3e-02
7.9597e+03	7.8e+00	4.0610e-01	1.3e-02
7.9621e+03	7.8e+00	4.1240e-01	1.4e-02
7.9645e+03	7.8e+00	4.0856e-01	1.3e-02
7.9669e+03	7.8e+00	4.1021e-01	1.4e-02
7.9693e+03	7.9e+00	4.1041e-01	1.4e-02
7.9717e+03	7.9e+00	4.0823e-01	1.3e-02
7.9740e+03	7.9e+00	4.0776e-01	1.4e-02
7.9764e+03	7.9e+00	4.0332e-01	1.3e-02
7.9788e+03	7.9e+00	4.0751e-01	1.4e-02
7.9812e+03	7.9e+00	4.0566e-01	1.3e-02
7.9836e+03	7.9e+00	4.0910e-01	1.4e-02
7.9860e+03	8.0e+00	4.0291e-01	1.3e-02
7.9884e+03	8.0e+00	4.0627e-01	1.4e-02
7.9907e+03	8.0e+00	4.0590e-01	1.3e-02
7.9931e+03	8.0e+00	4.0625e-01	1.3e-02
7.9955e+03	8.0e+00	4.1619e-01	1.4e-02
7.9979e+03	8.0e+00	4.1705e-01	1.4e-02
8.0003e+03	8.0e+00	4.2590e-01	1.4e-02
8.0027e+03	8.1e+00	4.1783e-01	1.3e-02
8.0051e+03	8.1e+00	4.2620e-01	1.4e-02
8.0074e+03	8.1e+00	4.3380e-01	1.5e-02
8.0098e+03	8.1e+00	4.2188e-01	1.4e-02
8.0122e+03	8.1e+00	4.1885e-01	1.4e-02
8.0146e+03	8.1e+00	4.2297e-01	1.4e-02
8.0170e+03	8.1e+00	4.2311e-01	1.4e-02
8.0194e+03	8.2e+00	4.2264e-01	1.4e-02
8.0218e+03	8.2e+00	4.1770e-01	1.4e-02
8.0241e+03	8.2e+00	4.1364e-01	1.4e-02
8.0265e+03	8.2e+00	4.1364e-01	1.4e-02
8.0289e+03	8.2e+00	4.1112e-01	1.5e-02
8.0313e+03	8.2e+00	4.1024e-01	1.5e-02
8.0337e+03	8.3e+00	4.1557e-01	1.5e-02
8.0361e+03	8.3e+00	4.1396e-01	1.5e-02
8.0384e+03	8.3e+00	4.2031e-01	1.5e-02
8.0408e+03	8.3e+00	4.2902e-01	1.6e-02
8.0432e+03	8.3e+00	4.3192e-01	1.6e-02
8.0456e+03	8.3e+00	4.3248e-01	1.5e-02
8.0480e+03	8.3e+00	4.3087e-01	1.5e-02
8.0504e+03	8.4e+00	4.3545e-01	1.5e-02
8.0527e+03	8.4e+00	4.3944e-01	1.5e-02
8.0551e+03	8.4e+00	4.3184e-01	1.5e-02
8.0575e+03	8.4e+00	4.3633e-01	1.5e-02
8.0599e+03	8.4e+00	4.4070e-01	1.6e-02
8.0623e+03	8.4e+00	4.3420e-01	1.5e-02
8.0647e+03	8.4e+00	4.4249e-01	1.6e-02
8.0670e+03	8.5e+00	4.4086e-01	1.6e-02
8.0694e+03	8.5e+00	4.3775e-01	1.6e-02
8.0718e+03	8.5e+00	4.3972e-01	1.5e-02
8.0742e+03	8.5e+00	4.4210e-01	1.6e-02
8.0766e+03	8.5e+00	4.4452e-01	1.6e-02
8.0790e+03	8.5e+00	4.4406e-01	1.6e-02
8.0813e+03	8.6e+00	4.4450e-01	1.6e-02
8.0837e+03	8.6e+00	4.4861e-01	1.6e-02
8.0861e+03	8.6e+00	4.4616e-01	1.5e-02
8.0885e+03	8.6e+00	4.4787e-01	1.6e-02
8.0909e+03	8.6e+00	4.4388e-01	1.6e-02
8.0933e+03	8.6e+00	4.4597e-01	1.6e-02
8.0956e+03	8.6e+00	4.5494e-01	1.7e-02
8.0980e+03	8.7e+00	4.5393e-01	1.7e-02
8.1004e+03	8.7e+00	4.4602e-01	1.6e-02
8.1028e+03	8.7e+00	4.5169e-01	1.6e-02
8.1052e+03	8.7e+00	4.5802e-01	1.7e-02
8.1075e+03	8.7e+00	4.5812e-01	1.6e-02
8.1099e+03	8.7e+00	4.5916e-01	1.7e-02
8.1123e+03	8.7e+00	4.5748e-01	1.6e-02
8.1147e+03	8.8e+00	4.6683e-01	1.7e-02
8.1171e+03	8.8e+00	4.6383e-01	1.6e-02
8.1194e+03	8.8e+00	4.6609e-01	1.6e-02
8.1218e+03	8.8e+00	4.6725e-01	1.6e-02
8.1242e+03	8.8e+00	4.7099e-01	1.6e-02
8.1266e+03	8.8e+00	4.7087e-01	1.6e-02
8.1290e+03	8.9e+00	4.8337e-01	1.7e-02
8.1314e+03	8.9e+00	4.8434e-01	1.7e-02
8.1337e+03	8.9e+00	4.9141e-01	1.7e-02
8.1361e+03	8.9e+00	4.8892e-01	1.7e-02
8.1385e+03	8.9e+00	4.9148e-01	1.7e-02
8.1409e+03	8.9e+00	4.8482e-01	1.6e-02
8.1433e+03	8.9e+00	4.8281e-01	1.6e-02
8.1456e+03	9.0e+00	4.9465e-01	1.7e-02
8.1480e+03	9.0e+00	4.9539e-01	1.7e-02
8.1504e+03	9.0e+00	5.0035e-01	1.8e-02
8.1528e+03	9.0e+00	4.9523e-01	1.7e-02
8.1552e+03	9.0e+00	4.8333e-01	1.6e-02
8.1575e+03	9.0e+00	4.9527e-01	1.7e-02
8.1599e+03	9.1e+00	4.9556e-01	1.7e-02
8.1623e+03	9.1e+00	4.9218e-01	1.7e-02
8.1647e+03	9.1e+00	4.9348e-01	1.8e-02
8.1671e+03	9.1e+00	4.8555e-01	1.7e-02
8.1694e+03	9.1e+00	4.8651e-01	1.7e-02
8.1718e+03	9.1e+00	4.8877e-01	1.8e-02
8.1742e+03	9.2e+00	4.8311e-01	1.7e-02
8.1766e+03	9.2e+00	4.7895e-01	1.7e-02
8.1789e+03	9.2e+00	4.8632e-01	1.8e-02
8.1813e+03	9.2e+00	4.8067e-01	1.7e-02
8.1837e+03	9.2e+00	4.7661e-01	1.7e-02
8.1861e+03	9.2e+00	4.8667e-01	1.8e-02
8.1885e+03	9.2e+00	4.8723e-01	1.8e-02
8.1908e+03	9.3e+00	4.8401e-01	1.9e-02
8.1932e+03	9.3e+00	4.8099e-01	1.8e-02
8.1956e+03	9.3e+00	4.8148e-01	1.9e-02
8.1980e+03	9.3e+00	4.7221e-01	1.8e-02
8.2004e+03	9.3e+00	4.8568e-01	1.9e-02
8.2027e+03	9.3e+00	4.8640e-01	1.9e-02
8.2051e+03	9.4e+00	4.7907e-01	1.9e-02
8.2075e+03	9.4e+00	4.7255e-01	1.9e-02
8.2099e+03	9.4e+00	4.7037e-01	1.9e-02
8.2122e+03	9.4e+00	4.7280e-01	1.9e-02
8.2146e+03	9.4e+00	4.5411e-01	1.8e-02
8.2170e+03	9.4e+00	4.5247e-01	1.9e-02
8.2194e+03	9.5e+00	4.5529e-01	2.1e-02
8.2217e+03	9.5e+00	4.4922e-01	1.8e-02
8.2241e+03	9.5e+00	4.5388e-01	2.0e-02
8.2265e+03	9.5e+00	4.4743e-01	1.9e-02
8.2289e+03	9.5e+00	4.4916e-01	2.0e-02
8.2313e+03	9.5e+00	4.4352e-01	1.9e-02
8.2336e+03	9.5e+00	4.4469e-01	2.0e-02
8.2360e+03	9.6e+00	4.4426e-01	2.0e-02
8.2384e+03	9.6e+00	4.4232e-01	2.0e-02
8.2408e+03	9.6e+00	4.3747e-01	2.0e-02
8.2431e+03	9.6e+00	4.4043e-01	2.0e-02
8.2455e+03	9.6e+00	4.4253e-01	2.0e-02
8.2479e+03	9.6e+00	4.3769e-01	2.0e-02
8.2503e+03	9.7e+00	4.4002e-01	2.1e-02
8.2526e+03	9.7e+00	4.4051e-01	2.1e-02
8.2550e+03	9.7e+00	4.4062e-01	2.1e-02
8.2574e+03	9.7e+00	4.4798e-01	2.1e-02
8.2598e+03	9.7e+00	4.5071e-01	2.0e-02
8.2621e+03	9.7e+00	4.5756e-01	2.1e-02
8.2645e+03	9.8e+00	4.5538e-01	2.1e-02
8.2669e+03	9.8e+00	4.5235e-01	2.1e-02
8.2693e+03	9.8e+00	4.5448e-01	2.2e-02
8.2716e+03	9.8e+00	4.5807e-01	2.1e-02
8.2740e+03	9.8e+00	4.6446e-01	2.2e-02
8.2764e+03	9.8e+00	4.7002e-01	2.1e-02
8.2788e+03	9.9e+00	4.6843e-01	2.1e-02
8.2811e+03	9.9e+00	4.7298e-01	2.1e-02
8.2835e+03	9.9e+00	4.6736e-01	2.0e-02
8.2859e+03	9.9e+00	4.8109e-01	2.2e-02
8.2883e+03	9.9e+00	4.9141e-01	2.1e-02
8.2906e+03	9.9e+00	4.8717e-01	2.1e-02
8.2930e+03	1.0e+01	5.0050e-01	2.1e-02
8.2954e+03	1.0e+01	5.1775e-01	2.2e-02
8.2978e+03	1.0e+01	5.1584e-01	2.1e-02
8.3001e+03	1.0e+01	5.1564e-01	2.1e-02
8.3025e+03	1.0e+01	5.1424e-01	2.1e-02
8.3049e+03	1.0e+01	5.1209e-01	2.1e-02
8.3073e+03	1.0e+01	5.1817e-01	2.1e-02
8.3096e+03	1.0e+01	5.1520e-01	2.2e-02
8.3120e+03	1.0e+01	4.9814e-01	2.2e-02
8.3144e+03	1.0e+01	4.8621e-01	2.3e-02
8.3168e+03	1.0e+01	4.7041e-01	2.2e-02
8.3191e+03	1.0e+01	4.6652e-01	2.3e-02
8.3215e+03	1.0e+01	4.6148e-01	2.3e-02
8.3239e+03	1.0e+01	4.6268e-01	2.4e-02
8.3263e+03	1.0e+01	4.7146e-01	2.3e-02
8.3286e+03	1.0e+01	4.8192e-01	2.4e-02
8.3310e+03	1.0e+01	4.9708e-01	2.3e-02
8.3334e+03	1.0e+01	5.0783e-01	2.3e-02
8.3357e+03	1.0e+01	5.2328e-01	2.3e-02
8.3381e+03	1.0e+01	5.3363e-01	2.2e-02
8.3405e+03	1.0e+01	5.3801e-01	2.3e-02
8.3429e+03	1.0e+01	5.4444e-01	2.3e-02
8.3452e+03	1.0e+01	5.5553e-01	2.4e-02
8.3476e+03	1.0e+01	5.4771e-01	2.3e-02
8.3500e+03	1.0e+01	5.4725e-01	2.4e-02
8.3524e+03	1.0e+01	5.4527e-01	2.4e-02
8.3547e+03	1.0e+01	5.3724e-01	2.3e-02
8.3571e+03	1.0e+01	5.4347e-01	2.3e-02
8.3595e+03	1.0e+01	5.4607e-01	2.3e-02
8.3618e+03	1.0e+01	5.4833e-01	2.4e-02
8.3642e+03	1.0e+01	5.4884e-01	2.4e-02
8.3666e+03	1.0e+01	5.4764e-01	2.4e-02
8.3690e+03	1.0e+01	5.3808e-01	2.4e-02
8.3713e+03	1.1e+01	5.3166e-01	2.4e-02
8.3737e+03	1.1e+01	5.2738e-01	2.5e-02
8.3761e+03	1.1e+01	5.2391e-01	2.4e-02
8.3784e+03	1.1e+01	5.3533e-01	2.5e-02
8.3808e+03	1.1e+01	5.2682e-01	2.4e-02
8.3832e+03	1.1e+01	5.2832e-01	2.4e-02
8.3855e+03	1.1e+01	5.4566e-01	2.6e-02
8.3879e+03	1.1e+01	5.3984e-01	2.5e-02
8.3903e+03	1.1e+01	5.4437e-01	2.5e-02
8.3927e+03	1.1e+01	5.5129e-01	2.6e-02
8.3950e+03	1.1e+01	5.5461e-01	2.5e-02
8.3974e+03	1.1e+01	5.5986e-01	2.6e-02
8.3998e+03	1.1e+01	5.5521e-01	2.6e-02
8.4021e+03	1.1e+01	5.5229e-01	2.4e-02
8.4045e+03	1.1e+01	5.6040e-01	2.6e-02
8.4069e+03	1.1e+01	5.5891e-01	2.5e-02
8.4093e+03	1.1e+01	5.6567e-01	2.6e-02
8.4116e+03	1.1e+01	5.6320e-01	2.5e-02
8.4140e+03	1.1e+01	5.6633e-01	2.7e-02
8.4164e+03	1.1e+01	5.6592e-01	2.7e-02
8.4187e+03	1.1e+01	5.5542e-01	2.5e-02
8.4211e+03	1.1e+01	5.7127e-01	2.7e-02
8.4235e+03	1.1e+01	5.7526e-01	2.8e-02
8.4258e+03	1.1e+01	5.7547e-01	2.7e-02
8.4282e+03	1.1e+01	5.6702e-01	2.6e-02
8.4306e+03	1.1e+01	5.7244e-01	2.7e-02
8.4329e+03	1.1e+01	5.7403e-01	2.7e-02
8.4353e+03	1.1e+01	5.7388e-01	2.7e-02
8.4377e+03	1.1e+01	5.6972e-01	2.7e-02
8.4401e+03	1.1e+01	5.6887e-01	2.6e-02
8.4424e+03	1.1e+01	5.7313e-01	2.6e-02
8.4448e+03	1.1e+01	5.7716e-01	2.7e-02
8.4472e+03	1.1e+01	5.7560e-01	2.7e-02
8.4495e+03	1.1e+01	5.9137e-01	2.7e-02
8.4519e+03	1.1e+01	5.9629e-01	2.7e-02
8.4543e+03	1.1e+01	5.9563e-01	2.7e-02
8.4566e+03	1.1e+01	5.9390e-01	2.8e-02
8.4590e+03	1.1e+01	5.9402e-01	2.8e-02
8.4614e+03	1.1e+01	5.8581e-01	2.7e-02
8.4637e+03	1.1e+01	5.8580e-01	2.7e-02
8.4661e+03	1.1e+01	5.9622e-01	2.9e-02
8.4685e+03	1.1e+01	6.0709e-01	3.0e-02
8.4708e+03	1.1e+01	5.8622e-01	2.8e-02
8.4732e+03	1.1e+01	6.0056e-01	2.9e-02
8.4756e+03	1.1e+01	6.0010e-01	2.9e-02
8.4779e+03	1.1e+01	5.9058e-01	2.9e-02
8.4803e+03	1.1e+01	6.0392e-01	3.0e-02
8.4827e+03	1.1e+01	5.9332e-01	2.8e-02
8.4850e+03	1.1e+01	5.9523e-01	2.9e-02
8.4874e+03	1.1e+01	5.8706e-01	2.9e-02
8.4898e+03	1.1e+01	5.8539e-01	2.8e-02
8.4921e+03	1.1e+01	5.9957e-01	3.0e-02
8.4945e+03	1.1e+01	5.9668e-01	2.9e-02
8.4969e+03	1.1e+01	6.0323e-01	3.0e-02
8.4992e+03	1.1e+01	6.0182e-01	3.0e-02
8.5016e+03	1.1e+01	6.1121e-01	3.0e-02
8.5040e+03	1.1e+01	6.0835e-01	2.9e-02
8.5063e+03	1.2e+01	6.8950e-01	7.8e-02
8.5087e+03	1.2e+01	6.1757e-01	3.0e-02
8.5111e+03	1.2e+01	6.1309e-01	2.9e-02
8.5134e+03	1.2e+01	6.1469e-01	2.9e-02
8.5158e+03	1.2e+01	6.1502e-01	3.0e-02
8.5182e+03	1.2e+01	6.1826e-01	3.0e-02
8.5205e+03	1.2e+01	6.1318e-01	3.0e-02
8.5229e+03	1.2e+01	6.0720e-01	3.0e-02
8.5253e+03	1.2e+01	6.0623e-01	3.0e-02
8.5276e+03	1.2e+01	6.2050e-01	3.2e-02
8.5300e+03	1.2e+01	6.2660e-01	3.3e-02
