# lambda [A]	Dlambda [A]	specval [counts]	Dspecval [counts]
3.9964e+03	3.1e+00	6.25634e+02	2.6e+01
3.9989e+03	3.1e+00	6.42184e+02	1.1e+01
4.0014e+03	3.1e+00	5.93821e+02	1.7e+01
4.0038e+03	3.1e+00	5.96211e+02	1.0e+01
4.0063e+03	3.1e+00	5.87649e+02	1.3e+01
4.0088e+03	3.1e+00	6.09714e+02	1.5e+01
4.0113e+03	3.1e+00	6.07178e+02	1.4e+01
4.0138e+03	3.1e+00	5.94504e+02	1.2e+01
4.0163e+03	3.0e+00	5.72932e+02	2.5e+01
4.0187e+03	3.0e+00	5.55316e+02	1.9e+01
4.0212e+03	3.0e+00	6.10335e+02	2.2e+01
4.0237e+03	3.0e+00	5.66938e+02	2.0e+01
4.0262e+03	3.0e+00	5.27893e+02	1.5e+01
4.0287e+03	3.0e+00	5.38531e+02	1.1e+01
4.0312e+03	3.0e+00	5.79014e+02	2.6e+01
4.0336e+03	3.0e+00	5.35777e+02	2.0e+01
4.0361e+03	3.0e+00	5.40134e+02	2.5e+01
4.0386e+03	3.0e+00	5.56505e+02	2.1e+01
4.0411e+03	3.0e+00	5.68670e+02	1.8e+01
4.0436e+03	3.0e+00	6.25650e+02	2.1e+01
4.0461e+03	3.0e+00	5.76846e+02	2.7e+01
4.0486e+03	2.9e+00	5.95718e+02	2.2e+01
4.0510e+03	2.9e+00	5.80282e+02	1.3e+01
4.0535e+03	2.9e+00	5.40013e+02	6.1e+00
4.0560e+03	2.9e+00	5.43485e+02	1.9e+01
4.0585e+03	2.9e+00	5.05394e+02	1.4e+01
4.0610e+03	2.9e+00	4.90241e+02	1.5e+01
4.0635e+03	2.9e+00	4.97870e+02	5.4e+00
4.0659e+03	2.9e+00	4.61979e+02	1.0e+01
4.0684e+03	2.9e+00	4.88738e+02	8.7e+00
4.0709e+03	2.9e+00	5.18271e+02	1.7e+01
4.0734e+03	2.9e+00	5.22137e+02	1.3e+01
4.0759e+03	2.9e+00	5.44858e+02	1.1e+01
4.0784e+03	2.9e+00	5.49819e+02	1.9e+01
4.0808e+03	2.9e+00	4.65765e+02	1.6e+01
4.0833e+03	2.8e+00	4.76691e+02	1.4e+01
4.0858e+03	2.8e+00	4.55031e+02	1.1e+01
4.0883e+03	2.8e+00	4.39814e+02	1.6e+01
4.0908e+03	2.8e+00	4.64981e+02	1.3e+01
4.0933e+03	2.8e+00	4.49003e+02	1.1e+01
4.0957e+03	2.8e+00	4.22174e+02	1.6e+01
4.0982e+03	2.8e+00	4.10813e+02	4.6e+00
4.1007e+03	2.8e+00	4.28047e+02	1.1e+01
4.1032e+03	2.8e+00	4.36936e+02	8.8e+00
4.1057e+03	2.8e+00	4.51471e+02	1.4e+01
4.1082e+03	2.8e+00	4.51459e+02	1.7e+01
4.1106e+03	2.8e+00	4.27939e+02	1.2e+01
4.1131e+03	2.8e+00	4.10128e+02	6.0e+00
4.1156e+03	2.8e+00	4.31561e+02	6.2e+00
4.1181e+03	2.8e+00	4.20644e+02	7.0e+00
4.1206e+03	2.7e+00	4.11710e+02	9.8e+00
4.1231e+03	2.7e+00	4.14604e+02	4.1e+00
4.1255e+03	2.7e+00	4.22062e+02	5.1e+00
4.1280e+03	2.7e+00	4.10697e+02	1.1e+01
4.1305e+03	2.7e+00	4.09331e+02	1.5e+01
4.1330e+03	2.7e+00	4.15264e+02	6.6e+00
4.1355e+03	2.7e+00	4.18720e+02	1.2e+01
4.1380e+03	2.7e+00	3.85067e+02	1.5e+01
4.1404e+03	2.7e+00	3.61791e+02	6.4e+00
4.1429e+03	2.7e+00	3.57385e+02	1.0e+01
4.1454e+03	2.7e+00	3.42110e+02	8.2e+00
4.1479e+03	2.7e+00	3.54066e+02	8.2e+00
4.1504e+03	2.7e+00	3.31424e+02	7.9e+00
4.1529e+03	2.7e+00	3.41075e+02	1.1e+01
4.1553e+03	2.7e+00	3.91503e+02	8.6e+00
4.1578e+03	2.7e+00	4.23252e+02	1.1e+01
4.1603e+03	2.6e+00	4.68747e+02	1.1e+01
4.1628e+03	2.6e+00	5.02599e+02	1.9e+01
4.1653e+03	2.6e+00	4.54682e+02	1.1e+01
4.1677e+03	2.6e+00	4.05491e+02	9.4e+00
4.1702e+03	2.6e+00	3.74310e+02	9.8e+00
4.1727e+03	2.6e+00	3.47667e+02	5.1e+00
4.1752e+03	2.6e+00	3.47022e+02	8.7e+00
4.1777e+03	2.6e+00	3.43688e+02	6.0e+00
4.1802e+03	2.6e+00	3.53294e+02	5.5e+00
4.1826e+03	2.6e+00	3.65734e+02	4.0e+00
4.1851e+03	2.6e+00	3.85079e+02	3.0e+00
4.1876e+03	2.6e+00	3.86359e+02	7.6e+00
4.1901e+03	2.6e+00	4.13201e+02	8.8e+00
4.1926e+03	2.6e+00	4.05731e+02	1.5e+01
4.1951e+03	2.6e+00	4.72330e+02	1.3e+01
4.1975e+03	2.6e+00	5.47545e+02	1.1e+01
4.2000e+03	2.6e+00	6.09272e+02	1.1e+01
4.2025e+03	2.5e+00	6.30477e+02	1.6e+01
4.2050e+03	2.5e+00	5.93279e+02	4.3e+00
4.2075e+03	2.5e+00	4.93107e+02	1.0e+01
4.2099e+03	2.5e+00	4.05298e+02	1.6e+01
4.2124e+03	2.5e+00	3.40187e+02	1.1e+01
4.2149e+03	2.5e+00	3.20033e+02	7.6e+00
4.2174e+03	2.5e+00	3.31371e+02	4.9e+00
4.2199e+03	2.5e+00	3.22099e+02	8.9e+00
4.2224e+03	2.5e+00	3.22251e+02	1.3e+01
4.2248e+03	2.5e+00	3.22234e+02	1.2e+01
4.2273e+03	2.5e+00	3.38462e+02	6.2e+00
4.2298e+03	2.5e+00	3.36167e+02	6.1e+00
4.2323e+03	2.5e+00	3.28992e+02	8.5e+00
4.2348e+03	2.5e+00	3.17892e+02	5.0e+00
4.2372e+03	2.5e+00	3.12823e+02	1.0e+01
4.2397e+03	2.5e+00	3.18983e+02	7.0e+00
4.2422e+03	2.5e+00	3.20261e+02	8.8e+00
4.2447e+03	2.5e+00	2.90286e+02	6.8e+00
4.2472e+03	2.4e+00	2.90444e+02	5.5e+00
4.2496e+03	2.4e+00	2.88583e+02	7.0e+00
4.2521e+03	2.4e+00	2.81089e+02	7.2e+00
4.2546e+03	2.4e+00	3.12199e+02	7.9e+00
4.2571e+03	2.4e+00	3.64098e+02	1.1e+01
4.2596e+03	2.4e+00	3.87362e+02	1.5e+01
4.2621e+03	2.4e+00	4.47298e+02	9.8e+00
4.2645e+03	2.4e+00	4.37639e+02	1.2e+01
4.2670e+03	2.4e+00	4.13107e+02	1.1e+01
4.2695e+03	2.4e+00	3.77971e+02	7.9e+00
4.2720e+03	2.4e+00	3.52500e+02	1.2e+01
4.2745e+03	2.4e+00	3.98315e+02	5.1e+00
4.2769e+03	2.4e+00	3.91509e+02	5.6e+00
4.2794e+03	2.4e+00	3.97026e+02	1.3e+01
4.2819e+03	2.4e+00	3.95880e+02	5.5e+00
4.2844e+03	2.4e+00	3.42790e+02	3.4e+00
4.2869e+03	2.4e+00	3.12659e+02	1.1e+01
4.2893e+03	2.4e+00	2.78925e+02	4.5e+00
4.2918e+03	2.4e+00	2.60069e+02	3.6e+00
4.2943e+03	2.4e+00	2.64028e+02	7.2e+00
4.2968e+03	2.4e+00	2.83324e+02	6.1e+00
4.2993e+03	2.3e+00	2.77785e+02	5.8e+00
4.3017e+03	2.3e+00	2.88211e+02	1.0e+01
4.3042e+03	2.3e+00	3.04784e+02	8.6e+00
4.3067e+03	2.3e+00	3.04814e+02	9.0e+00
4.3092e+03	2.3e+00	2.80098e+02	9.0e+00
4.3117e+03	2.3e+00	2.55299e+02	6.2e+00
4.3141e+03	2.3e+00	2.81973e+02	1.8e+01
4.3166e+03	2.3e+00	2.79047e+02	8.7e+00
4.3191e+03	2.3e+00	2.56684e+02	4.5e+00
4.3216e+03	2.3e+00	2.70441e+02	5.7e+00
4.3241e+03	2.3e+00	2.71785e+02	3.8e+00
4.3265e+03	2.3e+00	2.58050e+02	5.6e+00
4.3290e+03	2.3e+00	2.67517e+02	8.7e+00
4.3315e+03	2.3e+00	2.92975e+02	6.4e+00
4.3340e+03	2.3e+00	3.35612e+02	7.9e+00
4.3365e+03	2.3e+00	3.55869e+02	1.2e+01
4.3389e+03	2.3e+00	3.55113e+02	1.2e+01
4.3414e+03	2.3e+00	3.38983e+02	1.1e+01
4.3439e+03	2.3e+00	3.39065e+02	1.1e+01
4.3464e+03	2.3e+00	3.28077e+02	7.4e+00
4.3489e+03	2.3e+00	3.40482e+02	4.5e+00
4.3513e+03	2.3e+00	3.46807e+02	1.2e+01
4.3538e+03	2.3e+00	3.31036e+02	9.4e+00
4.3563e+03	2.3e+00	3.08350e+02	7.7e+00
4.3588e+03	2.2e+00	2.83945e+02	1.4e+01
4.3613e+03	2.2e+00	2.58770e+02	2.7e+00
4.3637e+03	2.2e+00	2.66331e+02	6.5e+00
4.3662e+03	2.2e+00	2.76179e+02	4.4e+00
4.3687e+03	2.2e+00	2.87577e+02	7.8e+00
4.3712e+03	2.2e+00	3.14045e+02	6.2e+00
4.3737e+03	2.2e+00	3.07802e+02	5.3e+00
4.3761e+03	2.2e+00	3.15467e+02	6.7e+00
4.3786e+03	2.2e+00	3.15636e+02	6.0e+00
4.3811e+03	2.2e+00	3.09545e+02	6.0e+00
4.3836e+03	2.2e+00	3.03952e+02	1.1e+01
4.3861e+03	2.2e+00	2.65096e+02	7.5e+00
4.3885e+03	2.2e+00	2.68256e+02	1.2e+01
4.3910e+03	2.2e+00	2.62807e+02	8.6e+00
4.3935e+03	2.2e+00	2.47618e+02	1.0e+01
4.3960e+03	2.2e+00	2.43917e+02	4.4e+00
4.3985e+03	2.2e+00	2.57460e+02	6.0e+00
4.4009e+03	2.2e+00	2.51614e+02	6.7e+00
4.4034e+03	2.2e+00	2.47767e+02	4.6e+00
4.4059e+03	2.2e+00	2.52458e+02	5.1e+00
4.4084e+03	2.2e+00	2.38261e+02	3.0e+00
4.4109e+03	2.2e+00	2.23820e+02	9.1e+00
4.4133e+03	2.2e+00	2.25720e+02	5.0e+00
4.4158e+03	2.2e+00	2.22694e+02	3.5e+00
4.4183e+03	2.2e+00	2.18972e+02	7.6e+00
4.4208e+03	2.2e+00	2.42342e+02	1.7e+01
4.4232e+03	2.2e+00	2.44006e+02	7.9e+00
4.4257e+03	2.2e+00	2.47723e+02	7.2e+00
4.4282e+03	2.2e+00	2.57185e+02	9.6e+00
4.4307e+03	2.1e+00	2.86000e+02	9.7e+00
4.4332e+03	2.1e+00	2.74530e+02	1.0e+01
4.4356e+03	2.1e+00	2.47391e+02	8.0e+00
4.4381e+03	2.1e+00	2.43895e+02	6.0e+00
4.4406e+03	2.1e+00	2.33506e+02	6.3e+00
4.4431e+03	2.1e+00	2.25667e+02	7.6e+00
4.4456e+03	2.1e+00	2.23120e+02	1.0e+01
4.4480e+03	2.1e+00	2.14355e+02	7.7e+00
4.4505e+03	2.1e+00	2.25615e+02	5.9e+00
4.4530e+03	2.1e+00	2.30704e+02	6.7e+00
4.4555e+03	2.1e+00	2.21745e+02	7.0e+00
4.4579e+03	2.1e+00	2.20807e+02	6.0e+00
4.4604e+03	2.1e+00	2.02239e+02	5.5e+00
4.4629e+03	2.1e+00	2.15388e+02	5.7e+00
4.4654e+03	2.1e+00	2.16715e+02	6.0e+00
4.4679e+03	2.1e+00	2.20563e+02	4.3e+00
4.4703e+03	2.1e+00	2.33973e+02	6.1e+00
4.4728e+03	2.1e+00	2.38164e+02	7.1e+00
4.4753e+03	2.1e+00	2.32697e+02	4.2e+00
4.4778e+03	2.1e+00	2.31329e+02	3.0e+00
4.4802e+03	2.1e+00	2.39266e+02	6.3e+00
4.4827e+03	2.1e+00	2.44162e+02	5.4e+00
4.4852e+03	2.1e+00	2.47627e+02	7.2e+00
4.4877e+03	2.1e+00	2.31742e+02	3.1e+00
4.4902e+03	2.1e+00	2.32150e+02	4.9e+00
4.4926e+03	2.1e+00	2.27431e+02	7.1e+00
4.4951e+03	2.1e+00	2.29716e+02	1.5e+00
4.4976e+03	2.1e+00	2.38459e+02	7.6e+00
4.5001e+03	2.1e+00	2.35376e+02	7.4e+00
4.5025e+03	2.1e+00	2.53032e+02	4.5e+00
4.5050e+03	2.1e+00	2.62264e+02	6.9e+00
4.5075e+03	2.1e+00	2.80769e+02	6.0e+00
4.5100e+03	2.1e+00	2.97686e+02	2.7e+00
4.5125e+03	2.1e+00	2.98205e+02	6.1e+00
4.5149e+03	2.1e+00	2.76481e+02	8.9e+00
4.5174e+03	2.1e+00	2.37788e+02	8.1e+00
4.5199e+03	2.1e+00	2.35020e+02	5.2e+00
4.5224e+03	2.1e+00	2.16926e+02	2.7e+00
4.5248e+03	2.1e+00	1.99340e+02	5.8e+00
4.5273e+03	2.1e+00	2.03412e+02	6.6e+00
4.5298e+03	2.0e+00	2.16897e+02	6.8e+00
4.5323e+03	2.0e+00	2.02466e+02	1.1e+01
4.5348e+03	2.0e+00	2.03176e+02	3.6e+00
4.5372e+03	2.0e+00	2.09126e+02	8.0e+00
4.5397e+03	2.0e+00	2.18481e+02	4.3e+00
4.5422e+03	2.0e+00	2.32164e+02	3.7e+00
4.5447e+03	2.0e+00	2.47076e+02	5.3e+00
4.5471e+03	2.0e+00	2.63613e+02	4.6e+00
4.5496e+03	2.0e+00	2.54329e+02	3.8e+00
4.5521e+03	2.0e+00	2.34191e+02	4.2e+00
4.5546e+03	2.0e+00	2.18283e+02	4.2e+00
4.5570e+03	2.0e+00	2.04616e+02	8.7e+00
4.5595e+03	2.0e+00	1.88978e+02	4.0e+00
4.5620e+03	2.0e+00	1.82255e+02	3.5e+00
4.5645e+03	2.0e+00	1.88692e+02	2.7e+00
4.5669e+03	2.0e+00	1.87892e+02	5.7e+00
4.5694e+03	2.0e+00	1.86632e+02	6.7e+00
4.5719e+03	2.0e+00	1.89228e+02	2.1e+00
4.5744e+03	2.0e+00	1.90880e+02	2.5e+00
4.5769e+03	2.0e+00	2.04480e+02	5.2e+00
4.5793e+03	2.0e+00	2.10903e+02	6.1e+00
4.5818e+03	2.0e+00	2.15711e+02	5.8e+00
4.5843e+03	2.0e+00	2.19864e+02	9.2e+00
4.5868e+03	2.0e+00	2.17334e+02	2.7e+00
4.5892e+03	2.0e+00	2.21879e+02	5.9e+00
4.5917e+03	2.0e+00	2.13475e+02	4.4e+00
4.5942e+03	2.0e+00	2.19015e+02	6.6e+00
4.5967e+03	2.0e+00	2.08784e+02	6.9e+00
4.5991e+03	2.0e+00	2.04212e+02	3.9e+00
4.6016e+03	2.0e+00	1.92853e+02	6.3e+00
4.6041e+03	2.0e+00	2.08453e+02	4.8e+00
4.6066e+03	2.0e+00	2.18563e+02	6.9e+00
4.6090e+03	2.0e+00	2.30477e+02	5.2e+00
4.6115e+03	2.0e+00	2.34156e+02	3.8e+00
4.6140e+03	2.0e+00	2.24641e+02	5.2e+00
4.6165e+03	2.0e+00	2.09562e+02	6.4e+00
4.6189e+03	2.0e+00	1.85498e+02	4.9e+00
4.6214e+03	2.0e+00	1.74472e+02	5.6e+00
4.6239e+03	2.0e+00	1.68988e+02	4.9e+00
4.6264e+03	2.0e+00	1.76036e+02	3.2e+00
4.6288e+03	2.0e+00	1.73714e+02	2.9e+00
4.6313e+03	2.0e+00	1.75407e+02	3.8e+00
4.6338e+03	2.0e+00	1.64226e+02	3.9e+00
4.6363e+03	2.0e+00	1.67133e+02	3.6e+00
4.6387e+03	2.0e+00	1.66858e+02	2.0e+00
4.6412e+03	2.0e+00	1.74782e+02	6.7e+00
4.6437e+03	2.0e+00	1.73898e+02	3.4e+00
4.6462e+03	2.0e+00	1.72917e+02	2.6e+00
4.6487e+03	2.0e+00	1.58954e+02	3.9e+00
4.6511e+03	2.0e+00	1.67349e+02	2.8e+00
4.6536e+03	2.0e+00	1.87520e+02	4.2e+00
4.6561e+03	2.0e+00	1.99872e+02	3.0e+00
4.6586e+03	2.0e+00	2.11686e+02	4.3e+00
4.6610e+03	2.0e+00	2.05022e+02	2.9e+00
4.6635e+03	2.0e+00	1.84643e+02	5.9e+00
4.6660e+03	2.0e+00	1.84764e+02	5.2e+00
4.6684e+03	2.0e+00	1.79054e+02	3.5e+00
4.6709e+03	2.0e+00	1.66934e+02	3.7e+00
4.6734e+03	2.0e+00	1.71362e+02	3.7e+00
4.6759e+03	2.0e+00	1.71213e+02	2.9e+00
4.6783e+03	2.0e+00	1.69416e+02	3.2e+00
4.6808e+03	2.0e+00	1.74085e+02	5.3e+00
4.6833e+03	2.0e+00	1.69508e+02	1.8e+00
4.6858e+03	2.0e+00	1.72281e+02	3.4e+00
4.6882e+03	2.0e+00	1.70050e+02	7.3e+00
4.6907e+03	2.0e+00	1.69384e+02	6.0e+00
4.6932e+03	2.0e+00	1.57806e+02	8.0e+00
4.6957e+03	2.0e+00	1.62958e+02	4.5e+00
4.6981e+03	2.0e+00	1.66298e+02	4.6e+00
4.7006e+03	2.0e+00	1.68023e+02	5.7e+00
4.7031e+03	2.0e+00	1.67380e+02	3.2e+00
4.7056e+03	2.0e+00	1.70225e+02	3.7e+00
4.7080e+03	2.0e+00	1.64530e+02	5.8e+00
4.7105e+03	2.0e+00	1.55754e+02	7.5e+00
4.7130e+03	2.0e+00	1.71273e+02	2.9e+00
4.7155e+03	2.0e+00	1.63134e+02	4.1e+00
4.7179e+03	2.0e+00	1.59083e+02	6.3e+00
4.7204e+03	2.0e+00	1.62589e+02	3.2e+00
4.7229e+03	2.0e+00	1.69936e+02	5.2e+00
4.7254e+03	2.0e+00	1.79356e+02	3.8e+00
4.7278e+03	2.0e+00	1.87818e+02	1.7e+00
4.7303e+03	2.0e+00	1.77242e+02	4.3e+00
4.7328e+03	2.0e+00	1.87233e+02	1.8e+00
4.7353e+03	2.0e+00	1.76634e+02	1.8e+00
4.7377e+03	2.0e+00	1.68889e+02	4.2e+00
4.7402e+03	2.0e+00	1.71285e+02	4.9e+00
4.7427e+03	2.0e+00	1.58123e+02	3.7e+00
4.7451e+03	2.0e+00	1.51446e+02	4.5e+00
4.7476e+03	2.0e+00	1.46686e+02	3.7e+00
4.7501e+03	2.0e+00	1.49994e+02	7.3e+00
4.7526e+03	2.0e+00	1.41132e+02	5.2e+00
4.7550e+03	2.0e+00	1.45357e+02	4.5e+00
4.7575e+03	2.0e+00	1.61463e+02	2.4e+00
4.7600e+03	2.0e+00	1.80213e+02	6.1e+00
4.7625e+03	2.0e+00	2.00264e+02	3.8e+00
4.7649e+03	2.0e+00	2.17971e+02	7.5e+00
4.7674e+03	2.0e+00	2.07338e+02	5.3e+00
4.7699e+03	2.0e+00	1.89854e+02	6.5e+00
4.7724e+03	2.0e+00	1.69645e+02	7.0e+00
4.7748e+03	2.0e+00	1.54412e+02	2.3e+00
4.7773e+03	2.0e+00	1.46800e+02	4.2e+00
4.7798e+03	2.0e+00	1.45536e+02	4.3e+00
4.7822e+03	2.0e+00	1.45401e+02	3.6e+00
4.7847e+03	2.0e+00	1.46615e+02	4.3e+00
4.7872e+03	2.0e+00	1.47212e+02	6.6e+00
4.7897e+03	2.0e+00	1.41404e+02	4.1e+00
4.7921e+03	2.0e+00	1.47526e+02	3.4e+00
4.7946e+03	2.0e+00	1.48757e+02	3.5e+00
4.7971e+03	2.0e+00	1.56135e+02	3.7e+00
4.7996e+03	2.0e+00	1.55558e+02	5.9e+00
4.8020e+03	2.0e+00	1.70499e+02	4.3e+00
4.8045e+03	2.0e+00	1.76494e+02	4.9e+00
4.8070e+03	2.0e+00	1.72097e+02	3.5e+00
4.8094e+03	2.0e+00	1.74006e+02	4.4e+00
4.8119e+03	2.0e+00	1.83379e+02	5.2e+00
4.8144e+03	2.0e+00	1.82005e+02	4.9e+00
4.8169e+03	2.0e+00	1.74387e+02	6.1e+00
4.8193e+03	2.0e+00	1.82038e+02	5.2e+00
4.8218e+03	2.0e+00	1.91938e+02	7.8e+00
4.8243e+03	2.0e+00	1.95527e+02	5.7e+00
4.8268e+03	2.0e+00	2.03704e+02	5.1e+00
4.8292e+03	2.0e+00	2.11430e+02	7.6e+00
4.8317e+03	2.0e+00	1.96260e+02	4.5e+00
4.8342e+03	2.0e+00	1.89082e+02	5.3e+00
4.8366e+03	2.0e+00	1.68145e+02	4.2e+00
4.8391e+03	2.0e+00	1.52696e+02	3.3e+00
4.8416e+03	2.0e+00	1.47367e+02	4.0e+00
4.8441e+03	2.0e+00	1.39488e+02	3.5e+00
4.8465e+03	2.0e+00	1.46153e+02	5.4e+00
4.8490e+03	2.0e+00	1.50004e+02	4.2e+00
4.8515e+03	2.0e+00	1.44686e+02	3.3e+00
4.8539e+03	2.0e+00	1.51827e+02	3.3e+00
4.8564e+03	2.0e+00	1.67226e+02	5.8e+00
4.8589e+03	2.0e+00	1.80123e+02	6.8e+00
4.8614e+03	2.0e+00	1.85990e+02	2.9e+00
4.8638e+03	2.0e+00	1.84657e+02	6.6e+00
4.8663e+03	2.0e+00	1.65719e+02	2.6e+00
4.8688e+03	2.0e+00	1.56539e+02	2.7e+00
4.8712e+03	2.0e+00	1.54105e+02	3.5e+00
4.8737e+03	2.0e+00	1.56930e+02	3.2e+00
4.8762e+03	2.0e+00	1.65978e+02	4.9e+00
4.8787e+03	2.0e+00	1.78782e+02	4.2e+00
4.8811e+03	2.0e+00	1.88206e+02	5.2e+00
4.8836e+03	2.0e+00	1.68963e+02	5.8e+00
4.8861e+03	2.0e+00	1.62992e+02	1.9e+00
4.8885e+03	2.0e+00	1.53690e+02	4.1e+00
4.8910e+03	2.0e+00	1.42785e+02	4.9e+00
4.8935e+03	2.0e+00	1.41756e+02	3.8e+00
4.8960e+03	2.0e+00	1.39893e+02	1.8e+00
4.8984e+03	2.0e+00	1.33860e+02	2.6e+00
4.9009e+03	2.0e+00	1.30302e+02	4.1e+00
4.9034e+03	2.0e+00	1.34825e+02	3.6e+00
4.9058e+03	2.0e+00	1.35124e+02	3.1e+00
4.9083e+03	2.0e+00	1.28529e+02	3.8e+00
4.9108e+03	2.0e+00	1.30876e+02	2.8e+00
4.9132e+03	2.0e+00	1.27456e+02	3.2e+00
4.9157e+03	2.0e+00	1.29705e+02	3.7e+00
4.9182e+03	2.0e+00	1.30208e+02	4.1e+00
4.9207e+03	2.0e+00	1.30681e+02	1.9e+00
4.9231e+03	2.0e+00	1.36585e+02	2.8e+00
4.9256e+03	2.0e+00	1.29689e+02	4.3e+00
4.9281e+03	2.0e+00	1.33787e+02	2.1e+00
4.9305e+03	2.0e+00	1.31856e+02	4.0e+00
4.9330e+03	2.0e+00	1.28043e+02	2.0e+00
4.9355e+03	2.0e+00	1.30602e+02	3.5e+00
4.9380e+03	2.0e+00	1.25669e+02	3.2e+00
4.9404e+03	2.0e+00	1.29626e+02	3.6e+00
4.9429e+03	2.0e+00	1.28008e+02	4.1e+00
4.9454e+03	2.0e+00	1.22329e+02	2.6e+00
4.9478e+03	2.0e+00	1.25475e+02	2.4e+00
4.9503e+03	2.0e+00	1.21889e+02	4.4e+00
4.9528e+03	2.0e+00	1.17013e+02	3.4e+00
4.9552e+03	2.0e+00	1.28775e+02	3.4e+00
4.9577e+03	2.0e+00	1.24414e+02	3.0e+00
4.9602e+03	2.0e+00	1.38349e+02	2.8e+00
4.9627e+03	2.0e+00	1.36792e+02	3.5e+00
4.9651e+03	2.0e+00	1.38558e+02	2.7e+00
4.9676e+03	2.0e+00	1.33145e+02	3.4e+00
4.9701e+03	2.0e+00	1.34620e+02	3.5e+00
4.9725e+03	2.0e+00	1.30047e+02	3.9e+00
4.9750e+03	2.0e+00	1.18999e+02	3.3e+00
4.9775e+03	2.0e+00	1.21810e+02	2.3e+00
4.9799e+03	2.0e+00	1.22706e+02	2.6e+00
4.9824e+03	2.0e+00	1.16883e+02	3.8e+00
4.9849e+03	2.0e+00	1.16186e+02	1.9e+00
4.9873e+03	2.0e+00	1.16712e+02	3.7e+00
4.9898e+03	2.0e+00	1.21295e+02	2.1e+00
4.9923e+03	2.0e+00	1.19484e+02	2.4e+00
4.9948e+03	2.0e+00	1.20611e+02	4.8e+00
4.9972e+03	2.0e+00	1.18003e+02	2.8e+00
4.9997e+03	2.0e+00	1.18220e+02	2.8e+00
5.0022e+03	2.0e+00	1.16473e+02	4.2e+00
5.0046e+03	2.0e+00	1.22096e+02	3.8e+00
5.0071e+03	2.0e+00	1.24571e+02	1.8e+00
5.0096e+03	2.0e+00	1.29077e+02	1.7e+00
5.0120e+03	2.0e+00	1.28946e+02	2.8e+00
5.0145e+03	2.0e+00	1.33291e+02	3.6e+00
5.0170e+03	2.0e+00	1.26355e+02	3.2e+00
5.0194e+03	2.0e+00	1.17509e+02	2.8e+00
5.0219e+03	2.0e+00	1.13479e+02	3.2e+00
5.0244e+03	2.0e+00	1.17650e+02	2.9e+00
5.0268e+03	2.0e+00	1.12771e+02	4.7e+00
5.0293e+03	2.0e+00	1.10802e+02	4.3e+00
5.0318e+03	2.0e+00	1.17935e+02	1.7e+00
5.0343e+03	2.0e+00	1.20702e+02	1.8e+00
5.0367e+03	2.0e+00	1.17931e+02	3.0e+00
5.0392e+03	2.0e+00	1.20007e+02	3.2e+00
5.0417e+03	2.0e+00	1.20651e+02	1.9e+00
5.0441e+03	2.0e+00	1.13080e+02	2.1e+00
5.0466e+03	2.0e+00	1.19720e+02	3.4e+00
5.0491e+03	2.0e+00	1.21852e+02	4.1e+00
5.0515e+03	2.0e+00	1.19405e+02	1.5e+00
5.0540e+03	2.0e+00	1.16854e+02	3.5e+00
5.0565e+03	2.0e+00	1.17722e+02	2.7e+00
5.0589e+03	2.0e+00	1.24164e+02	3.5e+00
5.0614e+03	2.0e+00	1.23430e+02	3.2e+00
5.0639e+03	2.0e+00	1.19444e+02	2.4e+00
5.0663e+03	2.0e+00	1.17960e+02	2.3e+00
5.0688e+03	2.0e+00	1.16212e+02	2.8e+00
5.0713e+03	2.0e+00	1.14744e+02	4.5e+00
5.0737e+03	2.0e+00	1.15840e+02	3.3e+00
5.0762e+03	2.0e+00	1.16914e+02	1.9e+00
5.0787e+03	2.0e+00	1.16740e+02	1.7e+00
5.0811e+03	2.0e+00	1.11993e+02	1.7e+00
5.0836e+03	2.0e+00	1.12501e+02	3.6e+00
5.0861e+03	2.0e+00	1.17762e+02	1.8e+00
5.0885e+03	2.0e+00	1.12340e+02	4.1e+00
5.0910e+03	2.0e+00	1.13442e+02	4.7e+00
5.0935e+03	2.0e+00	1.06075e+02	6.2e+00
5.0959e+03	2.0e+00	1.05561e+02	2.0e+00
5.0984e+03	2.0e+00	9.97599e+01	2.9e+00
5.1009e+03	2.0e+00	1.05764e+02	9.8e-01
5.1033e+03	2.0e+00	1.03704e+02	3.7e+00
5.1058e+03	2.0e+00	1.05339e+02	2.8e+00
5.1083e+03	2.0e+00	1.07187e+02	2.3e+00
5.1107e+03	2.0e+00	1.05698e+02	2.3e+00
5.1132e+03	2.0e+00	1.04739e+02	2.2e+00
5.1157e+03	2.0e+00	1.06879e+02	1.8e+00
5.1181e+03	2.0e+00	1.12095e+02	4.1e+00
5.1206e+03	2.0e+00	1.08538e+02	4.2e+00
5.1231e+03	2.1e+00	1.05176e+02	2.1e+00
5.1255e+03	2.1e+00	1.07219e+02	3.5e+00
5.1280e+03	2.1e+00	1.07801e+02	2.2e+00
5.1305e+03	2.1e+00	1.07653e+02	4.2e+00
5.1329e+03	2.1e+00	1.14494e+02	2.5e+00
5.1354e+03	2.1e+00	1.18532e+02	2.4e+00
5.1379e+03	2.1e+00	1.17715e+02	2.3e+00
5.1403e+03	2.1e+00	1.17407e+02	3.1e+00
5.1428e+03	2.1e+00	1.16773e+02	2.7e+00
5.1453e+03	2.1e+00	1.17372e+02	3.7e+00
5.1477e+03	2.1e+00	1.15912e+02	2.6e+00
5.1502e+03	2.1e+00	1.18872e+02	4.3e+00
5.1527e+03	2.1e+00	1.19571e+02	4.8e+00
5.1551e+03	2.1e+00	1.20021e+02	3.1e+00
5.1576e+03	2.1e+00	1.19670e+02	2.0e+00
5.1601e+03	2.1e+00	1.26565e+02	2.8e+00
5.1625e+03	2.1e+00	1.21389e+02	2.4e+00
5.1650e+03	2.1e+00	1.14697e+02	2.9e+00
5.1675e+03	2.1e+00	1.22601e+02	2.8e+00
5.1699e+03	2.1e+00	1.19985e+02	3.1e+00
5.1724e+03	2.1e+00	1.20144e+02	2.1e+00
5.1749e+03	2.1e+00	1.29554e+02	4.2e+00
5.1773e+03	2.1e+00	1.32079e+02	1.8e+00
5.1798e+03	2.1e+00	1.36193e+02	2.2e+00
5.1823e+03	2.1e+00	1.48259e+02	2.8e+00
5.1847e+03	2.1e+00	1.53174e+02	4.3e+00
5.1872e+03	2.1e+00	1.55417e+02	4.1e+00
5.1897e+03	2.1e+00	1.58046e+02	2.9e+00
5.1921e+03	2.1e+00	1.44427e+02	2.4e+00
5.1946e+03	2.1e+00	1.28820e+02	3.1e+00
5.1971e+03	2.1e+00	1.17775e+02	3.3e+00
5.1995e+03	2.1e+00	1.09785e+02	3.1e+00
5.2020e+03	2.1e+00	1.00677e+02	2.7e+00
5.2045e+03	2.1e+00	1.00099e+02	1.8e+00
5.2069e+03	2.1e+00	1.00896e+02	1.7e+00
5.2094e+03	2.1e+00	1.00096e+02	1.8e+00
5.2119e+03	2.1e+00	9.87483e+01	3.6e+00
5.2143e+03	2.1e+00	1.01878e+02	1.5e+00
5.2168e+03	2.1e+00	9.58973e+01	2.3e+00
5.2192e+03	2.1e+00	1.00486e+02	3.1e+00
5.2217e+03	2.1e+00	1.02075e+02	4.4e+00
5.2242e+03	2.1e+00	9.68575e+01	2.5e+00
5.2266e+03	2.1e+00	9.44604e+01	3.3e+00
5.2291e+03	2.1e+00	9.67658e+01	4.1e+00
5.2316e+03	2.1e+00	9.32079e+01	2.5e+00
5.2340e+03	2.1e+00	9.47625e+01	2.6e+00
5.2365e+03	2.1e+00	9.94167e+01	2.7e+00
5.2390e+03	2.1e+00	9.90684e+01	3.7e+00
5.2414e+03	2.1e+00	1.01032e+02	3.0e+00
5.2439e+03	2.1e+00	9.98616e+01	4.3e+00
5.2464e+03	2.1e+00	9.41539e+01	2.9e+00
5.2488e+03	2.1e+00	1.00971e+02	3.2e+00
5.2513e+03	2.1e+00	9.97921e+01	2.4e+00
5.2537e+03	2.1e+00	9.97296e+01	1.9e+00
5.2562e+03	2.1e+00	1.01638e+02	1.6e+00
5.2587e+03	2.1e+00	9.85047e+01	1.6e+00
5.2611e+03	2.1e+00	9.44142e+01	3.7e+00
5.2636e+03	2.1e+00	1.01728e+02	5.1e+00
5.2661e+03	2.1e+00	9.96624e+01	7.8e+00
5.2685e+03	2.1e+00	9.25499e+01	3.3e+00
5.2710e+03	2.1e+00	9.22654e+01	2.5e+00
5.2735e+03	2.1e+00	9.58236e+01	4.3e+00
5.2759e+03	2.1e+00	9.29827e+01	4.6e+00
5.2784e+03	2.1e+00	9.34230e+01	2.8e+00
5.2808e+03	2.1e+00	9.09790e+01	2.6e+00
5.2833e+03	2.1e+00	8.99179e+01	3.4e+00
5.2858e+03	2.1e+00	9.28533e+01	1.6e+00
5.2882e+03	2.1e+00	9.26947e+01	2.3e+00
5.2907e+03	2.1e+00	9.21688e+01	1.4e+00
5.2932e+03	2.1e+00	8.95014e+01	3.3e+00
5.2956e+03	2.1e+00	9.11061e+01	1.5e+00
5.2981e+03	2.1e+00	9.18381e+01	1.9e+00
5.3006e+03	2.1e+00	8.94397e+01	2.3e+00
5.3030e+03	2.1e+00	9.07513e+01	1.5e+00
5.3055e+03	2.1e+00	9.38629e+01	1.8e+00
5.3079e+03	2.1e+00	9.43310e+01	3.6e+00
5.3104e+03	2.1e+00	9.01808e+01	1.5e+00
5.3129e+03	2.1e+00	9.23471e+01	2.1e+00
5.3153e+03	2.1e+00	8.87562e+01	2.8e+00
5.3178e+03	2.1e+00	8.95906e+01	2.4e+00
5.3203e+03	2.1e+00	9.20301e+01	2.6e+00
5.3227e+03	2.1e+00	9.21229e+01	1.7e+00
5.3252e+03	2.1e+00	9.10248e+01	2.3e+00
5.3276e+03	2.1e+00	9.44792e+01	2.5e+00
5.3301e+03	2.1e+00	9.22839e+01	2.2e+00
5.3326e+03	2.1e+00	9.23692e+01	1.5e+00
5.3350e+03	2.1e+00	8.94998e+01	2.9e+00
5.3375e+03	2.1e+00	8.76546e+01	1.5e+00
5.3400e+03	2.1e+00	9.20659e+01	1.6e+00
5.3424e+03	2.1e+00	9.66515e+01	3.5e+00
5.3449e+03	2.1e+00	9.35102e+01	1.2e+00
5.3473e+03	2.1e+00	9.03215e+01	2.5e+00
5.3498e+03	2.1e+00	9.15072e+01	1.6e+00
5.3523e+03	2.1e+00	9.18171e+01	2.4e+00
5.3547e+03	2.1e+00	9.04869e+01	2.0e+00
5.3572e+03	2.1e+00	8.98442e+01	2.6e+00
5.3597e+03	2.1e+00	8.65259e+01	1.7e+00
5.3621e+03	2.1e+00	8.30622e+01	1.9e+00
5.3646e+03	2.1e+00	8.72403e+01	1.8e+00
5.3670e+03	2.1e+00	8.80599e+01	1.9e+00
5.3695e+03	2.1e+00	9.09292e+01	2.9e+00
5.3720e+03	2.1e+00	8.93022e+01	3.4e+00
5.3744e+03	2.1e+00	8.57688e+01	2.8e+00
5.3769e+03	2.1e+00	8.55448e+01	2.7e+00
5.3793e+03	2.1e+00	8.51043e+01	3.4e+00
5.3818e+03	2.1e+00	8.49991e+01	1.8e+00
5.3843e+03	2.1e+00	8.55486e+01	1.9e+00
5.3867e+03	2.1e+00	8.74724e+01	2.4e+00
5.3892e+03	2.2e+00	8.53692e+01	3.7e+00
5.3917e+03	2.2e+00	9.24667e+01	1.8e+00
5.3941e+03	2.2e+00	9.60975e+01	1.9e+00
5.3966e+03	2.2e+00	9.70308e+01	2.2e+00
5.3990e+03	2.2e+00	9.69604e+01	2.1e+00
5.4015e+03	2.2e+00	8.98816e+01	2.5e+00
5.4040e+03	2.2e+00	8.76029e+01	3.3e+00
5.4064e+03	2.2e+00	8.67706e+01	1.8e+00
5.4089e+03	2.2e+00	8.78488e+01	2.8e+00
5.4113e+03	2.2e+00	8.57591e+01	3.9e+00
5.4138e+03	2.2e+00	8.57113e+01	2.5e+00
5.4163e+03	2.2e+00	8.66366e+01	2.1e+00
5.4187e+03	2.2e+00	8.61250e+01	2.4e+00
5.4212e+03	2.2e+00	8.47084e+01	2.2e+00
5.4236e+03	2.2e+00	8.65526e+01	2.4e+00
5.4261e+03	2.2e+00	8.56129e+01	3.1e+00
5.4286e+03	2.2e+00	8.54533e+01	3.2e+00
5.4310e+03	2.2e+00	8.37765e+01	1.6e+00
5.4335e+03	2.2e+00	8.24176e+01	1.4e+00
5.4359e+03	2.2e+00	8.55229e+01	2.1e+00
5.4384e+03	2.2e+00	8.87878e+01	2.1e+00
5.4409e+03	2.2e+00	8.31411e+01	2.0e+00
5.4433e+03	2.2e+00	8.41079e+01	1.6e+00
5.4458e+03	2.2e+00	8.46100e+01	2.6e+00
5.4482e+03	2.2e+00	8.66207e+01	7.9e-01
5.4507e+03	2.2e+00	8.52735e+01	2.1e+00
5.4532e+03	2.2e+00	8.51196e+01	1.2e+00
5.4556e+03	2.2e+00	8.57639e+01	1.2e+00
5.4581e+03	2.2e+00	8.30645e+01	1.7e+00
5.4605e+03	2.2e+00	8.37135e+01	2.4e+00
5.4630e+03	2.2e+00	8.26428e+01	2.3e+00
5.4655e+03	2.2e+00	8.11140e+01	1.6e+00
5.4679e+03	2.2e+00	7.65953e+01	2.5e+00
5.4704e+03	2.2e+00	8.40230e+01	1.9e+00
5.4728e+03	2.2e+00	8.25885e+01	2.2e+00
5.4753e+03	2.2e+00	8.10984e+01	2.0e+00
5.4778e+03	2.2e+00	7.96923e+01	1.4e+00
5.4802e+03	2.2e+00	7.94783e+01	1.5e+00
5.4827e+03	2.2e+00	8.25052e+01	2.6e+00
5.4851e+03	2.2e+00	8.34142e+01	1.7e+00
5.4876e+03	2.2e+00	9.20776e+01	3.5e+00
5.4901e+03	2.2e+00	9.31594e+01	1.9e+00
5.4925e+03	2.2e+00	9.11226e+01	2.6e+00
5.4950e+03	2.2e+00	8.42964e+01	1.9e+00
5.4974e+03	2.2e+00	8.59008e+01	2.5e+00
5.4999e+03	2.2e+00	8.06880e+01	2.4e+00
5.5024e+03	2.2e+00	8.25077e+01	3.2e+00
5.5048e+03	2.2e+00	8.16093e+01	6.0e-01
5.5073e+03	2.2e+00	8.26453e+01	3.8e+00
5.5097e+03	2.2e+00	8.08421e+01	1.2e+00
5.5122e+03	2.2e+00	8.48228e+01	3.8e+00
5.5146e+03	2.2e+00	8.00558e+01	2.0e+00
5.5171e+03	2.2e+00	8.07728e+01	1.4e+00
5.5196e+03	2.2e+00	8.18695e+01	2.0e+00
5.5220e+03	2.2e+00	7.90995e+01	2.4e+00
5.5245e+03	2.2e+00	7.52750e+01	7.8e-01
5.5269e+03	2.2e+00	7.97455e+01	2.7e+00
5.5294e+03	2.2e+00	8.31523e+01	3.8e+00
5.5319e+03	2.2e+00	8.29081e+01	2.5e+00
5.5343e+03	2.2e+00	7.90843e+01	2.0e+00
5.5368e+03	2.2e+00	7.99240e+01	3.3e+00
5.5392e+03	2.2e+00	8.22630e+01	2.6e+00
5.5417e+03	2.2e+00	8.12565e+01	2.1e+00
5.5441e+03	2.2e+00	8.43827e+01	1.8e+00
5.5466e+03	2.2e+00	8.95665e+01	1.9e+00
5.5491e+03	2.2e+00	8.77850e+01	2.8e+00
5.5515e+03	2.2e+00	9.13213e+01	2.2e+00
5.5540e+03	2.2e+00	9.88697e+01	1.6e+00
5.5564e+03	2.2e+00	9.00954e+01	3.0e+00
5.5589e+03	2.2e+00	9.34172e+01	2.5e+00
5.5614e+03	2.2e+00	9.13415e+01	1.7e+00
5.5638e+03	2.2e+00	8.66458e+01	4.0e+00
5.5663e+03	2.2e+00	8.84452e+01	1.0e+00
5.5687e+03	2.2e+00	9.12728e+01	3.1e+00
5.5712e+03	2.2e+00	9.00653e+01	2.8e+00
5.5736e+03	2.2e+00	8.86218e+01	2.5e+00
5.5761e+03	2.2e+00	8.56403e+01	1.8e+00
5.5786e+03	2.2e+00	9.05239e+01	3.0e+00
5.5810e+03	2.2e+00	9.31994e+01	2.0e+00
5.5835e+03	2.2e+00	9.24514e+01	3.6e+00
5.5859e+03	2.2e+00	9.42402e+01	4.0e+00
5.5884e+03	2.2e+00	9.77060e+01	3.3e+00
5.5908e+03	2.2e+00	1.04822e+02	3.7e+00
5.5933e+03	2.2e+00	1.04746e+02	2.8e+00
5.5958e+03	2.2e+00	1.02020e+02	1.8e+00
5.5982e+03	2.2e+00	1.03874e+02	2.1e+00
5.6007e+03	2.2e+00	1.04628e+02	3.2e+00
5.6031e+03	2.2e+00	1.04768e+02	2.7e+00
5.6056e+03	2.2e+00	9.17025e+01	3.0e+00
5.6080e+03	2.2e+00	8.97922e+01	2.5e+00
5.6105e+03	2.2e+00	8.59029e+01	2.3e+00
5.6129e+03	2.2e+00	7.74351e+01	2.5e+00
5.6154e+03	2.2e+00	7.55212e+01	2.7e+00
5.6179e+03	2.2e+00	8.34269e+01	6.4e+00
5.6203e+03	2.2e+00	8.25676e+01	3.8e+00
5.6228e+03	2.2e+00	7.80897e+01	3.3e+00
5.6252e+03	2.2e+00	7.99876e+01	2.6e+00
5.6277e+03	2.2e+00	7.60939e+01	1.8e+00
5.6301e+03	2.2e+00	8.00590e+01	4.1e+00
5.6326e+03	2.2e+00	7.97582e+01	1.5e+00
5.6351e+03	2.2e+00	8.11076e+01	2.1e+00
5.6375e+03	2.2e+00	8.28767e+01	2.5e+00
5.6400e+03	2.2e+00	7.77435e+01	2.6e+00
5.6424e+03	2.2e+00	7.72767e+01	1.8e+00
5.6449e+03	2.2e+00	8.44516e+01	2.4e+00
5.6473e+03	2.2e+00	8.27851e+01	2.9e+00
5.6498e+03	2.2e+00	8.25397e+01	2.7e+00
5.6522e+03	2.2e+00	8.43454e+01	2.6e+00
5.6547e+03	2.2e+00	8.22692e+01	1.6e+00
5.6572e+03	2.2e+00	8.18814e+01	1.9e+00
5.6596e+03	2.2e+00	8.33221e+01	1.6e+00
5.6621e+03	2.2e+00	8.45655e+01	1.4e+00
5.6645e+03	2.2e+00	7.30744e+01	6.6e+00
5.6670e+03	2.2e+00	7.91622e+01	3.8e+00
5.6694e+03	2.2e+00	8.44133e+01	1.1e+00
5.6719e+03	2.2e+00	8.60822e+01	3.6e+00
5.6743e+03	2.2e+00	8.42265e+01	1.5e+00
5.6768e+03	2.2e+00	8.34646e+01	1.1e+00
5.6793e+03	2.2e+00	8.35811e+01	2.7e+00
5.6817e+03	2.2e+00	8.27448e+01	1.9e+00
5.6842e+03	2.2e+00	8.61761e+01	3.6e+00
5.6866e+03	2.2e+00	8.49767e+01	2.1e+00
5.6891e+03	2.2e+00	8.48446e+01	2.7e+00
5.6915e+03	2.2e+00	8.18856e+01	2.9e+00
5.6940e+03	2.2e+00	7.81603e+01	1.6e+00
5.6964e+03	2.2e+00	8.06816e+01	1.9e+00
5.6989e+03	2.2e+00	8.18339e+01	1.4e+00
5.7013e+03	2.2e+00	7.98391e+01	1.7e+00
5.7038e+03	2.2e+00	7.65132e+01	1.4e+00
5.7063e+03	2.2e+00	7.94116e+01	1.8e+00
5.7087e+03	2.2e+00	7.98170e+01	1.4e+00
5.7112e+03	2.2e+00	7.84294e+01	2.9e+00
5.7136e+03	2.2e+00	7.65013e+01	1.5e+00
5.7161e+03	2.2e+00	7.19639e+01	1.2e+00
5.7185e+03	2.2e+00	7.32992e+01	2.1e+00
5.7210e+03	2.2e+00	7.45895e+01	1.2e+00
5.7234e+03	2.2e+00	7.88789e+01	2.8e+00
5.7259e+03	2.2e+00	7.91146e+01	2.4e+00
5.7283e+03	2.2e+00	7.55026e+01	3.4e+00
5.7308e+03	2.2e+00	8.03769e+01	3.4e+00
5.7332e+03	2.2e+00	8.10012e+01	1.5e+00
5.7357e+03	2.2e+00	7.92403e+01	2.0e+00
5.7382e+03	2.2e+00	7.79338e+01	2.1e+00
5.7406e+03	2.2e+00	7.90806e+01	1.4e+00
5.7431e+03	2.2e+00	7.68424e+01	9.3e-01
5.7455e+03	2.2e+00	7.74016e+01	2.5e+00
5.7480e+03	2.2e+00	8.14444e+01	2.6e+00
5.7504e+03	2.2e+00	7.85241e+01	1.7e+00
5.7529e+03	2.2e+00	7.46262e+01	2.8e+00
5.7553e+03	2.2e+00	9.05000e+01	3.6e+00
5.7578e+03	2.2e+00	9.01517e+01	3.7e+00
5.7602e+03	2.2e+00	8.33182e+01	3.0e+00
5.7627e+03	2.2e+00	8.26084e+01	1.8e+00
5.7651e+03	2.2e+00	8.07337e+01	1.5e+00
5.7676e+03	2.2e+00	7.72330e+01	9.6e-01
5.7700e+03	2.2e+00	7.28544e+01	1.9e+00
5.7725e+03	2.2e+00	7.43545e+01	1.5e+00
5.7749e+03	2.2e+00	8.11464e+01	1.1e+00
5.7774e+03	2.2e+00	7.61120e+01	1.0e+00
5.7799e+03	2.2e+00	7.69933e+01	1.6e+00
5.7823e+03	2.2e+00	7.46099e+01	1.3e+00
5.7848e+03	2.2e+00	7.88149e+01	3.8e+00
5.7872e+03	2.2e+00	8.13981e+01	1.5e+00
5.7897e+03	2.2e+00	7.43009e+01	1.6e+00
5.7921e+03	2.2e+00	7.75613e+01	1.6e+00
5.7946e+03	2.2e+00	7.60470e+01	1.8e+00
5.7970e+03	2.2e+00	7.78996e+01	2.1e+00
5.7995e+03	2.2e+00	7.65669e+01	1.4e+00
5.8019e+03	2.2e+00	7.83203e+01	1.3e+00
5.8044e+03	2.2e+00	7.92406e+01	1.8e+00
5.8068e+03	2.2e+00	8.00997e+01	2.0e+00
5.8093e+03	2.2e+00	8.17712e+01	3.3e+00
5.8117e+03	2.3e+00	8.08083e+01	2.7e+00
5.8142e+03	2.3e+00	8.44308e+01	2.8e+00
5.8166e+03	2.3e+00	8.01661e+01	1.8e+00
5.8191e+03	2.3e+00	7.49393e+01	1.7e+00
5.8215e+03	2.3e+00	7.45119e+01	1.3e+00
5.8240e+03	2.3e+00	7.50875e+01	2.8e+00
5.8264e+03	2.3e+00	7.79815e+01	2.2e+00
5.8289e+03	2.3e+00	7.84209e+01	1.5e+00
5.8313e+03	2.3e+00	8.28537e+01	1.8e+00
5.8338e+03	2.3e+00	7.80223e+01	2.3e+00
5.8362e+03	2.3e+00	1.23819e+02	8.6e+00
5.8387e+03	2.3e+00	2.37462e+02	1.4e+01
5.8412e+03	2.3e+00	4.10128e+02	1.4e+01
5.8436e+03	2.3e+00	6.28014e+02	1.9e+01
5.8461e+03	2.3e+00	7.52334e+02	1.1e+01
5.8485e+03	2.3e+00	6.68470e+02	1.4e+01
5.8510e+03	2.3e+00	4.86045e+02	1.4e+01
5.8534e+03	2.3e+00	2.90031e+02	1.4e+01
5.8559e+03	2.3e+00	1.27158e+02	6.5e+00
5.8583e+03	2.3e+00	8.73927e+01	1.3e+00
5.8608e+03	2.3e+00	8.83041e+01	1.5e+00
5.8632e+03	2.3e+00	8.15549e+01	1.7e+00
5.8657e+03	2.3e+00	8.84587e+01	3.2e+00
5.8681e+03	2.3e+00	1.01320e+02	9.9e-01
5.8706e+03	2.3e+00	1.01416e+02	2.2e+00
5.8730e+03	2.3e+00	1.11600e+02	2.5e+00
5.8755e+03	2.3e+00	1.12528e+02	2.3e+00
5.8779e+03	2.3e+00	1.05764e+02	2.0e+00
5.8804e+03	2.3e+00	9.97217e+01	2.1e+00
5.8828e+03	2.3e+00	9.00918e+01	2.1e+00
5.8853e+03	2.3e+00	8.46476e+01	1.9e+00
5.8877e+03	2.3e+00	7.83657e+01	7.1e-01
5.8902e+03	2.3e+00	7.70244e+01	1.8e+00
5.8926e+03	2.3e+00	7.82110e+01	1.6e+00
5.8951e+03	2.3e+00	7.60255e+01	1.8e+00
5.8975e+03	2.3e+00	8.14526e+01	2.4e+00
5.9000e+03	2.3e+00	7.93694e+01	3.9e+00
5.9024e+03	2.3e+00	8.35192e+01	2.1e+00
5.9049e+03	2.3e+00	8.22585e+01	2.2e+00
5.9073e+03	2.3e+00	8.16830e+01	2.3e+00
5.9098e+03	2.3e+00	8.02376e+01	2.5e+00
5.9122e+03	2.3e+00	7.61701e+01	1.1e+00
5.9147e+03	2.3e+00	7.57442e+01	2.0e+00
5.9171e+03	2.3e+00	7.65539e+01	7.7e-01
5.9196e+03	2.3e+00	7.72502e+01	1.8e+00
5.9220e+03	2.3e+00	7.98163e+01	1.9e+00
5.9245e+03	2.3e+00	8.00500e+01	1.4e+00
5.9269e+03	2.3e+00	7.67104e+01	2.6e+00
5.9294e+03	2.3e+00	8.47189e+01	1.7e+00
5.9318e+03	2.3e+00	8.52648e+01	1.9e+00
5.9343e+03	2.3e+00	9.75726e+01	3.5e+00
5.9367e+03	2.3e+00	1.20720e+02	3.2e+00
5.9391e+03	2.3e+00	1.23433e+02	3.7e+00
5.9416e+03	2.3e+00	1.11429e+02	3.7e+00
5.9440e+03	2.3e+00	9.91267e+01	2.3e+00
5.9465e+03	2.3e+00	8.52598e+01	2.1e+00
5.9489e+03	2.3e+00	7.46920e+01	2.1e+00
5.9514e+03	2.3e+00	7.42320e+01	2.2e+00
5.9538e+03	2.3e+00	7.23245e+01	3.5e+00
5.9563e+03	2.3e+00	7.13314e+01	1.3e+00
5.9587e+03	2.3e+00	7.79920e+01	3.0e+00
5.9612e+03	2.3e+00	8.04145e+01	2.1e+00
5.9636e+03	2.3e+00	8.28374e+01	1.3e+00
5.9661e+03	2.3e+00	8.34868e+01	1.5e+00
5.9685e+03	2.3e+00	8.26733e+01	1.6e+00
5.9710e+03	2.3e+00	8.43667e+01	1.9e+00
5.9734e+03	2.3e+00	8.12242e+01	1.8e+00
5.9759e+03	2.3e+00	7.99282e+01	1.6e+00
5.9783e+03	2.3e+00	7.81098e+01	2.5e+00
5.9808e+03	2.3e+00	7.60296e+01	1.6e+00
5.9832e+03	2.3e+00	7.84012e+01	2.7e+00
5.9857e+03	2.3e+00	7.64676e+01	2.0e+00
5.9881e+03	2.3e+00	7.47213e+01	2.2e+00
5.9906e+03	2.3e+00	7.80368e+01	3.2e+00
5.9930e+03	2.3e+00	7.56615e+01	1.7e+00
5.9955e+03	2.3e+00	7.80812e+01	1.1e+00
5.9979e+03	2.3e+00	7.76378e+01	1.4e+00
6.0003e+03	2.3e+00	7.98692e+01	1.6e+00
6.0028e+03	2.3e+00	7.87202e+01	1.4e+00
6.0052e+03	2.3e+00	7.89297e+01	2.8e+00
6.0077e+03	2.3e+00	7.62464e+01	2.9e+00
6.0101e+03	2.3e+00	7.84244e+01	2.2e+00
6.0126e+03	2.3e+00	7.72387e+01	2.7e+00
6.0150e+03	2.3e+00	7.43032e+01	1.8e+00
6.0175e+03	2.3e+00	8.07351e+01	1.7e+00
6.0199e+03	2.3e+00	9.34089e+01	2.1e+00
6.0224e+03	2.3e+00	1.04297e+02	1.4e+00
6.0248e+03	2.3e+00	1.12770e+02	9.0e-01
6.0273e+03	2.3e+00	1.11975e+02	3.7e+00
6.0297e+03	2.3e+00	1.06162e+02	3.3e+00
6.0322e+03	2.3e+00	9.54763e+01	1.8e+00
6.0346e+03	2.3e+00	8.83915e+01	1.7e+00
6.0371e+03	2.3e+00	8.75394e+01	2.4e+00
6.0395e+03	2.3e+00	8.58595e+01	3.6e+00
6.0419e+03	2.3e+00	8.58104e+01	2.2e+00
6.0444e+03	2.3e+00	8.62286e+01	2.7e+00
6.0468e+03	2.3e+00	8.36792e+01	2.9e+00
6.0493e+03	2.3e+00	8.09436e+01	1.9e+00
6.0517e+03	2.3e+00	8.25437e+01	2.1e+00
6.0542e+03	2.3e+00	8.38875e+01	2.3e+00
6.0566e+03	2.3e+00	8.38139e+01	2.2e+00
6.0591e+03	2.3e+00	7.98519e+01	2.7e+00
6.0615e+03	2.3e+00	9.32617e+01	5.3e+00
6.0640e+03	2.3e+00	1.09372e+02	2.3e+00
6.0664e+03	2.3e+00	1.25101e+02	4.1e+00
6.0688e+03	2.3e+00	1.28755e+02	1.3e+00
6.0713e+03	2.3e+00	1.21914e+02	2.4e+00
6.0737e+03	2.3e+00	1.08703e+02	4.0e+00
6.0762e+03	2.3e+00	8.73558e+01	2.3e+00
6.0786e+03	2.3e+00	7.60524e+01	1.9e+00
6.0811e+03	2.3e+00	8.02494e+01	1.4e+00
6.0835e+03	2.3e+00	8.94779e+01	3.3e+00
6.0860e+03	2.3e+00	1.12882e+02	2.1e+00
6.0884e+03	2.3e+00	1.32635e+02	2.0e+00
6.0909e+03	2.3e+00	1.45677e+02	2.6e+00
6.0933e+03	2.3e+00	1.37003e+02	3.1e+00
6.0957e+03	2.3e+00	1.15420e+02	1.9e+00
6.0982e+03	2.3e+00	9.30917e+01	1.3e+00
6.1006e+03	2.3e+00	7.76537e+01	3.2e+00
6.1031e+03	2.3e+00	7.55300e+01	1.7e+00
6.1055e+03	2.3e+00	7.43690e+01	2.1e+00
6.1080e+03	2.3e+00	7.68234e+01	1.2e+00
6.1104e+03	2.3e+00	7.79830e+01	3.4e+00
6.1129e+03	2.3e+00	7.44320e+01	4.0e+00
6.1153e+03	2.3e+00	7.30982e+01	2.5e+00
6.1177e+03	2.3e+00	6.98798e+01	3.6e+00
6.1202e+03	2.3e+00	7.18716e+01	2.2e+00
6.1226e+03	2.3e+00	6.97263e+01	1.7e+00
6.1251e+03	2.3e+00	7.25584e+01	2.2e+00
6.1275e+03	2.3e+00	7.13784e+01	2.1e+00
6.1300e+03	2.3e+00	8.19711e+01	2.6e+00
6.1324e+03	2.3e+00	1.07883e+02	4.3e+00
6.1349e+03	2.3e+00	1.41597e+02	3.7e+00
6.1373e+03	2.3e+00	1.58722e+02	4.2e+00
6.1397e+03	2.3e+00	1.62394e+02	4.2e+00
6.1422e+03	2.3e+00	1.40820e+02	2.6e+00
6.1446e+03	2.3e+00	1.02304e+02	2.4e+00
6.1471e+03	2.3e+00	7.68335e+01	2.6e+00
6.1495e+03	2.3e+00	7.21965e+01	2.4e+00
6.1520e+03	2.3e+00	7.57115e+01	2.5e+00
6.1544e+03	2.3e+00	8.99263e+01	1.9e+00
6.1568e+03	2.3e+00	9.70868e+01	2.5e+00
6.1593e+03	2.3e+00	1.01036e+02	2.6e+00
6.1617e+03	2.3e+00	1.01964e+02	2.4e+00
6.1642e+03	2.3e+00	9.45213e+01	2.0e+00
6.1666e+03	2.3e+00	8.29581e+01	7.5e-01
6.1691e+03	2.3e+00	7.63409e+01	1.7e+00
6.1715e+03	2.3e+00	7.72084e+01	1.8e+00
6.1740e+03	2.3e+00	7.41043e+01	1.7e+00
6.1764e+03	2.3e+00	6.87962e+01	1.9e+00
6.1788e+03	2.3e+00	7.13066e+01	1.7e+00
6.1813e+03	2.3e+00	6.93024e+01	1.8e+00
6.1837e+03	2.3e+00	6.63057e+01	1.4e+00
6.1862e+03	2.3e+00	6.66613e+01	3.2e+00
6.1886e+03	2.3e+00	6.75262e+01	2.2e+00
6.1910e+03	2.3e+00	6.98372e+01	2.1e+00
6.1935e+03	2.3e+00	6.69043e+01	2.4e+00
6.1959e+03	2.3e+00	6.61100e+01	2.3e+00
6.1984e+03	2.3e+00	6.63171e+01	1.6e+00
6.2008e+03	2.3e+00	6.52261e+01	1.2e+00
6.2033e+03	2.3e+00	7.10835e+01	1.5e+00
6.2057e+03	2.3e+00	7.45548e+01	2.2e+00
6.2081e+03	2.3e+00	7.90392e+01	1.8e+00
6.2106e+03	2.3e+00	8.42432e+01	2.0e+00
6.2130e+03	2.3e+00	8.69893e+01	1.1e+00
6.2155e+03	2.3e+00	8.45048e+01	2.8e+00
6.2179e+03	2.3e+00	7.82134e+01	1.5e+00
6.2204e+03	2.4e+00	7.03943e+01	1.9e+00
6.2228e+03	2.4e+00	6.56970e+01	1.7e+00
6.2252e+03	2.4e+00	6.36025e+01	1.3e+00
6.2277e+03	2.4e+00	6.57637e+01	2.4e+00
6.2301e+03	2.4e+00	7.02512e+01	1.6e+00
6.2326e+03	2.4e+00	6.74809e+01	1.4e+00
6.2350e+03	2.4e+00	7.02618e+01	1.2e+00
6.2374e+03	2.4e+00	7.35582e+01	1.4e+00
6.2399e+03	2.4e+00	7.23631e+01	2.1e+00
6.2423e+03	2.4e+00	6.86470e+01	2.4e+00
6.2448e+03	2.4e+00	6.70246e+01	8.0e-01
6.2472e+03	2.4e+00	7.11436e+01	1.5e+00
6.2497e+03	2.4e+00	6.89763e+01	1.5e+00
6.2521e+03	2.4e+00	6.84516e+01	1.6e+00
6.2545e+03	2.4e+00	7.98818e+01	1.4e+00
6.2570e+03	2.4e+00	9.19964e+01	1.4e+00
6.2594e+03	2.4e+00	1.16284e+02	2.6e+00
6.2619e+03	2.4e+00	1.25454e+02	3.3e+00
6.2643e+03	2.4e+00	1.23834e+02	3.0e+00
6.2667e+03	2.4e+00	1.11612e+02	2.5e+00
6.2692e+03	2.4e+00	8.76027e+01	2.4e+00
6.2716e+03	2.4e+00	7.17305e+01	1.6e+00
6.2741e+03	2.4e+00	6.91671e+01	2.2e+00
6.2765e+03	2.4e+00	7.29574e+01	1.7e+00
6.2789e+03	2.4e+00	7.15855e+01	1.8e+00
6.2814e+03	2.4e+00	7.01418e+01	1.4e+00
6.2838e+03	2.4e+00	6.83561e+01	1.6e+00
6.2863e+03	2.4e+00	6.89593e+01	1.5e+00
6.2887e+03	2.4e+00	6.89944e+01	1.7e+00
6.2911e+03	2.4e+00	7.00413e+01	2.3e+00
6.2936e+03	2.4e+00	7.09764e+01	2.0e+00
6.2960e+03	2.4e+00	7.27530e+01	1.5e+00
6.2985e+03	2.4e+00	8.19076e+01	3.1e+00
6.3009e+03	2.4e+00	8.62300e+01	1.7e+00
6.3033e+03	2.4e+00	8.70055e+01	2.5e+00
6.3058e+03	2.4e+00	7.89062e+01	2.2e+00
6.3082e+03	2.4e+00	7.33662e+01	2.0e+00
6.3107e+03	2.4e+00	6.83201e+01	7.1e-01
6.3131e+03	2.4e+00	6.91254e+01	2.3e+00
6.3155e+03	2.4e+00	6.87572e+01	2.5e+00
6.3180e+03	2.4e+00	6.81407e+01	2.1e+00
6.3204e+03	2.4e+00	6.96042e+01	1.5e+00
6.3228e+03	2.4e+00	7.49988e+01	3.3e+00
6.3253e+03	2.4e+00	8.59615e+01	3.5e+00
6.3277e+03	2.4e+00	9.68189e+01	3.0e+00
6.3302e+03	2.4e+00	1.07644e+02	3.8e+00
6.3326e+03	2.4e+00	1.01224e+02	3.1e+00
6.3350e+03	2.4e+00	9.57008e+01	3.2e+00
6.3375e+03	2.4e+00	8.88747e+01	4.4e+00
6.3399e+03	2.4e+00	7.13496e+01	2.9e+00
6.3424e+03	2.4e+00	6.69777e+01	2.8e+00
6.3448e+03	2.4e+00	6.97567e+01	1.2e+00
6.3472e+03	2.4e+00	6.81327e+01	1.5e+00
6.3497e+03	2.4e+00	6.62465e+01	1.5e+00
6.3521e+03	2.4e+00	6.91943e+01	3.2e+00
6.3545e+03	2.4e+00	6.83343e+01	2.5e+00
6.3570e+03	2.4e+00	6.91229e+01	1.3e+00
6.3594e+03	2.4e+00	7.22750e+01	1.3e+00
6.3619e+03	2.4e+00	6.99768e+01	2.4e+00
6.3643e+03	2.4e+00	7.13567e+01	2.0e+00
6.3667e+03	2.4e+00	6.98699e+01	2.8e+00
6.3692e+03	2.4e+00	7.05474e+01	1.8e+00
6.3716e+03	2.4e+00	7.75864e+01	2.4e+00
6.3741e+03	2.4e+00	9.47640e+01	3.1e+00
6.3765e+03	2.4e+00	1.10587e+02	4.5e+00
6.3789e+03	2.4e+00	1.31008e+02	4.3e+00
6.3814e+03	2.4e+00	1.31907e+02	4.0e+00
6.3838e+03	2.4e+00	1.25571e+02	6.3e+00
6.3862e+03	2.4e+00	1.04331e+02	3.6e+00
6.3887e+03	2.5e+00	8.16423e+01	1.9e+00
6.3911e+03	2.5e+00	8.02247e+01	1.7e+00
6.3936e+03	2.5e+00	1.09109e+02	3.3e+00
6.3960e+03	2.5e+00	1.69857e+02	6.6e+00
6.3984e+03	2.5e+00	2.04630e+02	4.1e+00
6.4009e+03	2.5e+00	2.03580e+02	5.5e+00
6.4033e+03	2.5e+00	1.93441e+02	4.7e+00
6.4057e+03	2.5e+00	1.49313e+02	4.7e+00
6.4082e+03	2.5e+00	9.73158e+01	1.2e+00
6.4106e+03	2.5e+00	9.13911e+01	2.0e+00
6.4130e+03	2.5e+00	8.94479e+01	2.5e+00
6.4155e+03	2.5e+00	8.75615e+01	2.3e+00
6.4179e+03	2.5e+00	8.35725e+01	9.3e-01
6.4204e+03	2.5e+00	8.34001e+01	3.1e+00
6.4228e+03	2.5e+00	7.77727e+01	2.6e+00
6.4252e+03	2.5e+00	7.41950e+01	1.8e+00
6.4277e+03	2.5e+00	7.35588e+01	1.1e+00
6.4301e+03	2.5e+00	7.30161e+01	1.8e+00
6.4325e+03	2.5e+00	7.37003e+01	2.3e+00
6.4350e+03	2.5e+00	7.46878e+01	2.6e+00
6.4374e+03	2.5e+00	7.46375e+01	1.6e+00
6.4398e+03	2.5e+00	7.55415e+01	1.8e+00
6.4423e+03	2.5e+00	7.23651e+01	2.4e+00
6.4447e+03	2.5e+00	7.75680e+01	2.3e+00
6.4472e+03	2.5e+00	7.62354e+01	1.9e+00
6.4496e+03	2.5e+00	7.49612e+01	1.3e+00
6.4520e+03	2.5e+00	7.33938e+01	2.7e+00
6.4545e+03	2.5e+00	7.15696e+01	2.5e+00
6.4569e+03	2.5e+00	7.34815e+01	1.6e+00
6.4593e+03	2.5e+00	7.28543e+01	2.2e+00
6.4618e+03	2.5e+00	7.71462e+01	2.0e+00
6.4642e+03	2.5e+00	7.48895e+01	2.1e+00
6.4666e+03	2.5e+00	7.51008e+01	2.7e+00
6.4691e+03	2.5e+00	7.24618e+01	1.1e+00
6.4715e+03	2.5e+00	7.96801e+01	2.8e+00
6.4739e+03	2.5e+00	7.77793e+01	2.3e+00
6.4764e+03	2.5e+00	6.82251e+01	2.9e+00
6.4788e+03	2.5e+00	7.12310e+01	1.8e+00
6.4812e+03	2.5e+00	7.61468e+01	1.6e+00
6.4837e+03	2.5e+00	7.47292e+01	2.0e+00
6.4861e+03	2.5e+00	7.67944e+01	2.2e+00
6.4885e+03	2.5e+00	7.68177e+01	2.5e+00
6.4910e+03	2.5e+00	7.05819e+01	1.3e+00
6.4934e+03	2.5e+00	7.40410e+01	1.4e+00
6.4958e+03	2.5e+00	7.56265e+01	2.1e+00
6.4983e+03	2.6e+00	7.58957e+01	2.4e+00
6.5007e+03	2.6e+00	1.00893e+02	4.1e+00
6.5032e+03	2.6e+00	1.25598e+02	2.9e+00
6.5056e+03	2.6e+00	1.33470e+02	3.2e+00
6.5080e+03	2.6e+00	1.32032e+02	2.8e+00
6.5105e+03	2.6e+00	1.24988e+02	3.2e+00
6.5129e+03	2.6e+00	9.35581e+01	3.4e+00
6.5153e+03	2.6e+00	7.57116e+01	1.8e+00
6.5178e+03	2.6e+00	7.79054e+01	2.3e+00
6.5202e+03	2.6e+00	7.40939e+01	2.1e+00
6.5226e+03	2.6e+00	7.43981e+01	3.2e+00
6.5251e+03	2.6e+00	8.31219e+01	2.5e+00
6.5275e+03	2.6e+00	8.65724e+01	2.4e+00
6.5299e+03	2.6e+00	8.85843e+01	1.8e+00
6.5324e+03	2.6e+00	9.58933e+01	2.6e+00
6.5348e+03	2.6e+00	9.93667e+01	2.0e+00
6.5372e+03	2.6e+00	9.21070e+01	2.6e+00
6.5397e+03	2.6e+00	8.45711e+01	1.6e+00
6.5421e+03	2.6e+00	7.94903e+01	1.1e+00
6.5445e+03	2.6e+00	8.02912e+01	1.9e+00
6.5470e+03	2.6e+00	8.15873e+01	1.2e+00
6.5494e+03	2.6e+00	8.03045e+01	2.2e+00
6.5518e+03	2.6e+00	7.98805e+01	2.6e+00
6.5543e+03	2.6e+00	8.52579e+01	2.3e+00
6.5567e+03	2.6e+00	1.26273e+02	5.5e+00
6.5591e+03	2.6e+00	2.05896e+02	8.3e+00
6.5615e+03	2.6e+00	2.48274e+02	6.0e+00
6.5640e+03	2.6e+00	2.83546e+02	3.4e+00
6.5664e+03	2.6e+00	2.67939e+02	3.4e+00
6.5688e+03	2.6e+00	1.86125e+02	6.4e+00
6.5713e+03	2.6e+00	1.07125e+02	2.0e+00
6.5737e+03	2.6e+00	8.43934e+01	1.8e+00
6.5761e+03	2.6e+00	8.01251e+01	2.6e+00
6.5786e+03	2.6e+00	7.76172e+01	2.3e+00
6.5810e+03	2.7e+00	8.42834e+01	1.6e+00
6.5834e+03	2.7e+00	7.97676e+01	2.1e+00
6.5859e+03	2.7e+00	7.96722e+01	1.6e+00
6.5883e+03	2.7e+00	8.18967e+01	3.2e+00
6.5907e+03	2.7e+00	8.41918e+01	3.1e+00
6.5932e+03	2.7e+00	9.05949e+01	1.9e+00
6.5956e+03	2.7e+00	1.05621e+02	2.2e+00
6.5980e+03	2.7e+00	1.23412e+02	2.5e+00
6.6005e+03	2.7e+00	1.25948e+02	2.5e+00
6.6029e+03	2.7e+00	1.23452e+02	2.5e+00
6.6053e+03	2.7e+00	1.15683e+02	1.9e+00
6.6078e+03	2.7e+00	9.26616e+01	1.7e+00
6.6102e+03	2.7e+00	8.72161e+01	3.2e+00
6.6126e+03	2.7e+00	8.42205e+01	2.2e+00
6.6150e+03	2.7e+00	8.28532e+01	2.0e+00
6.6175e+03	2.7e+00	8.31157e+01	3.0e+00
6.6199e+03	2.7e+00	8.44800e+01	2.4e+00
6.6223e+03	2.7e+00	8.37118e+01	1.3e+00
6.6248e+03	2.7e+00	8.01232e+01	1.5e+00
6.6272e+03	2.7e+00	7.74129e+01	3.6e+00
6.6296e+03	2.7e+00	7.73397e+01	2.6e+00
6.6321e+03	2.7e+00	7.70870e+01	2.5e+00
6.6345e+03	2.7e+00	7.34786e+01	3.9e+00
6.6369e+03	2.7e+00	7.66090e+01	4.0e+00
6.6394e+03	2.7e+00	8.20648e+01	2.6e+00
6.6418e+03	2.7e+00	8.49244e+01	2.5e+00
6.6442e+03	2.7e+00	8.11868e+01	2.4e+00
6.6466e+03	2.7e+00	8.06299e+01	1.0e+00
6.6491e+03	2.7e+00	7.83307e+01	1.9e+00
6.6515e+03	2.8e+00	7.72279e+01	8.3e-01
6.6539e+03	2.8e+00	8.30046e+01	2.8e+00
6.6564e+03	2.8e+00	7.92107e+01	2.0e+00
6.6588e+03	2.8e+00	7.71300e+01	1.4e+00
6.6612e+03	2.8e+00	7.98249e+01	1.7e+00
6.6637e+03	2.8e+00	8.11702e+01	1.3e+00
6.6661e+03	2.8e+00	8.50033e+01	6.4e+00
6.6685e+03	2.8e+00	1.00543e+02	1.4e+01
6.6709e+03	2.8e+00	9.55119e+01	1.4e+01
6.6734e+03	2.8e+00	8.43066e+01	3.4e+00
6.6758e+03	2.8e+00	1.48864e+02	1.0e+01
6.6782e+03	2.8e+00	2.07568e+02	6.1e+00
6.6807e+03	2.8e+00	2.24417e+02	3.9e+00
6.6831e+03	2.8e+00	2.24107e+02	4.5e+00
6.6855e+03	2.8e+00	2.04194e+02	8.9e+00
6.6879e+03	2.8e+00	1.23888e+02	5.6e+00
6.6904e+03	2.8e+00	8.42985e+01	2.4e+00
6.6928e+03	2.8e+00	8.49182e+01	1.3e+00
6.6952e+03	2.8e+00	8.07776e+01	2.7e+00
6.6977e+03	2.8e+00	8.23894e+01	2.4e+00
6.7001e+03	2.8e+00	8.33235e+01	3.3e+00
6.7025e+03	2.8e+00	8.39111e+01	1.6e+00
6.7049e+03	2.8e+00	8.16078e+01	1.8e+00
6.7074e+03	2.8e+00	7.97321e+01	1.4e+00
6.7098e+03	2.8e+00	8.00533e+01	2.5e+00
6.7122e+03	2.9e+00	8.24175e+01	1.3e+00
6.7147e+03	2.9e+00	8.67277e+01	7.3e+00
6.7171e+03	2.9e+00	1.09821e+02	3.8e+00
6.7195e+03	2.9e+00	1.27081e+02	1.6e+00
6.7219e+03	2.9e+00	1.30929e+02	3.0e+00
6.7244e+03	2.9e+00	1.31188e+02	4.3e+00
6.7268e+03	2.9e+00	1.08452e+02	3.5e+00
6.7292e+03	2.9e+00	8.58770e+01	2.6e+00
6.7316e+03	2.9e+00	8.49587e+01	2.0e+00
6.7341e+03	2.9e+00	8.61131e+01	2.1e+00
6.7365e+03	2.9e+00	8.51039e+01	2.0e+00
6.7389e+03	2.9e+00	8.50130e+01	2.4e+00
6.7414e+03	2.9e+00	7.78668e+01	2.8e+00
6.7438e+03	2.9e+00	8.65792e+01	2.5e+00
6.7462e+03	2.9e+00	8.22130e+01	2.3e+00
6.7486e+03	2.9e+00	7.91087e+01	2.2e+00
6.7511e+03	2.9e+00	8.78958e+01	3.2e+00
6.7535e+03	2.9e+00	1.08929e+02	2.2e+00
6.7559e+03	2.9e+00	1.21080e+02	4.5e+00
6.7583e+03	2.9e+00	1.19623e+02	3.1e+00
6.7608e+03	2.9e+00	1.16541e+02	3.0e+00
6.7632e+03	2.9e+00	1.09890e+02	3.1e+00
6.7656e+03	3.0e+00	9.04865e+01	3.1e+00
6.7681e+03	3.0e+00	9.10224e+01	1.9e+00
6.7705e+03	3.0e+00	8.83453e+01	1.5e+00
6.7729e+03	3.0e+00	9.00883e+01	3.3e+00
6.7753e+03	3.0e+00	8.81067e+01	3.1e+00
6.7778e+03	3.0e+00	8.79642e+01	1.2e+00
6.7802e+03	3.0e+00	8.63000e+01	1.5e+00
6.7826e+03	3.0e+00	8.12945e+01	4.1e+00
6.7850e+03	3.0e+00	8.39924e+01	2.7e+00
6.7875e+03	3.0e+00	8.59659e+01	2.5e+00
6.7899e+03	3.0e+00	8.52248e+01	2.3e+00
6.7923e+03	3.0e+00	8.48640e+01	2.7e+00
6.7947e+03	3.0e+00	8.37834e+01	3.3e+00
6.7972e+03	3.0e+00	8.34768e+01	2.8e+00
6.7996e+03	3.0e+00	8.49565e+01	2.0e+00
6.8020e+03	3.0e+00	8.60237e+01	2.7e+00
6.8044e+03	3.0e+00	8.66053e+01	5.5e-01
6.8069e+03	3.0e+00	8.77206e+01	1.6e+00
6.8093e+03	3.0e+00	8.86185e+01	2.3e+00
6.8117e+03	3.0e+00	8.54495e+01	1.6e+00
6.8141e+03	3.1e+00	8.06091e+01	1.6e+00
6.8166e+03	3.1e+00	8.38667e+01	1.4e+00
6.8190e+03	3.1e+00	8.00228e+01	3.0e+00
6.8214e+03	3.1e+00	8.42055e+01	2.6e+00
6.8238e+03	3.1e+00	8.45036e+01	1.1e+00
6.8263e+03	3.1e+00	8.86901e+01	1.2e+00
6.8287e+03	3.1e+00	8.66659e+01	2.5e+00
6.8311e+03	3.1e+00	8.46139e+01	3.1e+00
6.8335e+03	3.1e+00	8.45935e+01	2.0e+00
6.8360e+03	3.1e+00	8.75730e+01	4.9e+00
6.8384e+03	3.1e+00	9.38009e+01	3.2e+00
6.8408e+03	3.1e+00	8.46391e+01	3.7e+00
6.8432e+03	3.1e+00	8.73158e+01	2.0e+00
6.8457e+03	3.1e+00	8.84411e+01	1.6e+00
6.8481e+03	3.1e+00	8.64787e+01	2.3e+00
6.8505e+03	3.1e+00	9.31286e+01	2.1e+00
6.8529e+03	3.1e+00	8.80059e+01	3.7e+00
6.8554e+03	3.1e+00	7.98739e+01	5.8e+00
6.8578e+03	3.1e+00	8.55589e+01	2.0e+00
6.8602e+03	3.2e+00	8.36304e+01	4.3e+00
6.8626e+03	3.2e+00	8.63244e+01	2.4e+00
6.8651e+03	3.2e+00	8.60378e+01	3.6e+00
6.8675e+03	3.2e+00	8.97135e+01	2.0e+00
6.8699e+03	3.2e+00	8.97522e+01	3.7e+00
6.8723e+03	3.2e+00	8.87185e+01	2.8e+00
6.8747e+03	3.2e+00	1.07839e+02	3.1e+00
6.8772e+03	3.2e+00	1.18392e+02	2.5e+00
6.8796e+03	3.2e+00	1.17426e+02	4.1e+00
6.8820e+03	3.2e+00	1.18634e+02	4.1e+00
6.8844e+03	3.2e+00	1.11455e+02	3.2e+00
6.8869e+03	3.2e+00	9.02969e+01	2.8e+00
6.8893e+03	3.2e+00	9.32925e+01	2.2e+00
6.8917e+03	3.2e+00	8.92023e+01	2.6e+00
6.8941e+03	3.2e+00	8.93482e+01	4.1e+00
6.8966e+03	3.2e+00	9.00523e+01	3.8e+00
6.8990e+03	3.2e+00	9.23145e+01	7.3e-01
6.9014e+03	3.3e+00	9.39787e+01	2.7e+00
6.9038e+03	3.3e+00	9.17280e+01	1.3e+00
6.9062e+03	3.3e+00	9.38793e+01	2.6e+00
6.9087e+03	3.3e+00	9.59128e+01	1.4e+00
6.9111e+03	3.3e+00	9.17929e+01	2.6e+00
6.9135e+03	3.3e+00	8.98246e+01	3.4e+00
6.9159e+03	3.3e+00	9.25129e+01	3.1e+00
6.9184e+03	3.3e+00	9.23737e+01	1.6e+00
6.9208e+03	3.3e+00	8.85648e+01	3.0e+00
6.9232e+03	3.3e+00	9.15304e+01	3.1e+00
6.9256e+03	3.3e+00	9.51507e+01	3.3e+00
6.9280e+03	3.3e+00	9.29208e+01	2.3e+00
6.9305e+03	3.3e+00	8.79689e+01	2.3e+00
6.9329e+03	3.3e+00	9.92278e+01	4.7e+00
6.9353e+03	3.3e+00	1.25869e+02	3.7e+00
6.9377e+03	3.3e+00	1.36153e+02	3.8e+00
6.9402e+03	3.4e+00	1.37914e+02	3.8e+00
6.9426e+03	3.4e+00	1.40714e+02	4.4e+00
6.9450e+03	3.4e+00	1.31802e+02	3.6e+00
6.9474e+03	3.4e+00	1.07998e+02	3.4e+00
6.9498e+03	3.4e+00	1.09434e+02	3.4e+00
6.9523e+03	3.4e+00	1.06427e+02	2.1e+00
6.9547e+03	3.4e+00	1.02896e+02	2.3e+00
6.9571e+03	3.4e+00	1.01950e+02	4.3e+00
6.9595e+03	3.4e+00	9.52227e+01	3.1e+00
6.9619e+03	3.4e+00	9.91166e+01	1.4e+00
6.9644e+03	3.4e+00	1.07955e+02	4.6e+00
6.9668e+03	3.4e+00	1.10774e+02	5.8e+00
6.9692e+03	3.4e+00	1.14532e+02	1.4e+01
6.9716e+03	3.4e+00	4.76350e+02	3.5e+01
6.9740e+03	3.4e+00	7.66606e+02	2.3e+01
6.9765e+03	3.4e+00	7.51393e+02	1.4e+01
6.9789e+03	3.5e+00	7.59839e+02	1.2e+01
6.9813e+03	3.5e+00	7.33086e+02	2.4e+01
6.9837e+03	3.5e+00	3.17936e+02	1.5e+01
6.9861e+03	3.5e+00	8.86327e+01	6.5e+00
6.9886e+03	3.5e+00	1.06979e+02	1.9e+00
6.9910e+03	3.5e+00	9.66105e+01	4.6e+00
6.9934e+03	3.5e+00	9.66557e+01	1.9e+00
6.9958e+03	3.5e+00	9.48178e+01	2.4e+00
6.9982e+03	3.5e+00	9.11359e+01	2.9e+00
7.0007e+03	3.5e+00	9.35482e+01	2.5e+00
7.0031e+03	3.5e+00	9.23799e+01	1.8e+00
7.0055e+03	3.5e+00	9.82218e+01	3.5e+00
7.0079e+03	3.5e+00	9.60706e+01	2.2e+00
7.0103e+03	3.5e+00	9.78264e+01	2.0e+00
7.0128e+03	3.6e+00	9.84896e+01	3.4e+00
7.0152e+03	3.6e+00	9.50326e+01	2.0e+00
7.0176e+03	3.6e+00	9.30808e+01	2.3e+00
7.0200e+03	3.6e+00	9.48025e+01	1.5e+00
7.0224e+03	3.6e+00	8.73533e+01	6.5e+00
7.0249e+03	3.6e+00	9.08274e+01	3.7e+00
7.0273e+03	3.6e+00	9.52916e+01	2.9e+00
7.0297e+03	3.6e+00	9.93727e+01	3.3e+00
7.0321e+03	3.6e+00	9.55401e+01	1.4e+00
7.0345e+03	3.6e+00	9.73219e+01	3.4e+00
7.0369e+03	3.6e+00	9.98011e+01	2.0e+00
7.0394e+03	3.6e+00	1.19118e+02	3.5e+00
7.0418e+03	3.6e+00	1.61422e+02	4.4e+00
7.0442e+03	3.6e+00	1.70402e+02	4.3e+00
7.0466e+03	3.7e+00	1.63276e+02	1.7e+00
7.0490e+03	3.7e+00	1.72968e+02	3.6e+00
7.0515e+03	3.7e+00	1.43953e+02	6.1e+00
7.0539e+03	3.7e+00	1.03283e+02	2.2e+00
7.0563e+03	3.7e+00	9.65485e+01	3.7e+00
7.0587e+03	3.7e+00	9.74020e+01	2.1e+00
7.0611e+03	3.7e+00	9.94571e+01	1.9e+00
7.0635e+03	3.7e+00	9.96944e+01	1.4e+00
7.0660e+03	3.7e+00	1.03241e+02	4.0e+00
7.0684e+03	3.7e+00	9.91243e+01	3.8e+00
7.0708e+03	3.7e+00	1.04260e+02	3.8e+00
7.0732e+03	3.7e+00	9.52344e+01	5.7e+00
7.0756e+03	3.7e+00	1.81075e+02	2.0e+01
7.0780e+03	3.7e+00	4.36050e+02	2.6e+01
7.0805e+03	3.8e+00	5.44536e+02	6.4e+00
7.0829e+03	3.8e+00	5.31933e+02	4.5e+00
7.0853e+03	3.8e+00	5.38166e+02	1.0e+01
7.0877e+03	3.8e+00	4.14804e+02	2.0e+01
7.0901e+03	3.8e+00	1.60106e+02	9.6e+00
7.0925e+03	3.8e+00	9.58822e+01	5.0e+00
7.0950e+03	3.8e+00	1.03769e+02	2.6e+00
7.0974e+03	3.8e+00	9.73847e+01	2.5e+00
7.0998e+03	3.8e+00	9.72839e+01	3.3e+00
7.1022e+03	3.8e+00	9.87571e+01	2.1e+00
7.1046e+03	3.8e+00	9.69823e+01	2.5e+00
7.1070e+03	3.8e+00	9.78826e+01	3.6e+00
7.1095e+03	3.8e+00	9.32273e+01	3.1e+00
7.1119e+03	3.9e+00	9.80424e+01	8.9e-01
7.1143e+03	3.9e+00	1.02784e+02	2.2e+00
7.1167e+03	3.9e+00	9.82244e+01	3.1e+00
7.1191e+03	3.9e+00	1.01379e+02	1.7e+00
7.1215e+03	3.9e+00	1.00402e+02	2.6e+00
7.1240e+03	3.9e+00	9.95322e+01	2.4e+00
7.1264e+03	3.9e+00	9.83548e+01	4.0e+00
7.1288e+03	3.9e+00	1.01675e+02	7.1e+00
7.1312e+03	3.9e+00	1.05118e+02	3.2e+00
7.1336e+03	3.9e+00	1.00282e+02	2.7e+00
7.1360e+03	3.9e+00	9.91148e+01	4.1e+00
7.1384e+03	3.9e+00	9.20997e+01	3.8e+00
7.1409e+03	3.9e+00	9.88272e+01	2.4e+00
7.1433e+03	4.0e+00	1.01073e+02	2.3e+00
7.1457e+03	4.0e+00	9.83067e+01	2.8e+00
7.1481e+03	4.0e+00	9.74987e+01	2.4e+00
7.1505e+03	4.0e+00	1.08005e+02	3.7e+00
7.1529e+03	4.0e+00	1.01327e+02	2.0e+00
7.1554e+03	4.0e+00	9.99866e+01	2.6e+00
7.1578e+03	4.0e+00	1.03158e+02	1.8e+00
7.1602e+03	4.0e+00	1.21861e+02	4.0e+00
7.1626e+03	4.0e+00	1.41570e+02	1.6e+00
7.1650e+03	4.0e+00	1.43806e+02	3.9e+00
7.1674e+03	4.0e+00	1.46856e+02	3.9e+00
7.1698e+03	4.0e+00	1.43496e+02	3.8e+00
7.1723e+03	4.1e+00	1.18873e+02	1.4e+00
7.1747e+03	4.1e+00	1.04189e+02	2.7e+00
7.1771e+03	4.1e+00	9.91522e+01	3.7e+00
7.1795e+03	4.1e+00	9.88659e+01	4.5e+00
7.1819e+03	4.1e+00	9.95468e+01	3.1e+00
7.1843e+03	4.1e+00	1.03725e+02	4.0e+00
7.1867e+03	4.1e+00	1.02490e+02	3.0e+00
7.1891e+03	4.1e+00	1.04442e+02	4.0e+00
7.1916e+03	4.1e+00	1.05927e+02	2.8e+00
7.1940e+03	4.1e+00	1.03597e+02	2.6e+00
7.1964e+03	4.1e+00	1.02703e+02	3.8e+00
7.1988e+03	4.1e+00	1.04077e+02	4.3e+00
7.2012e+03	4.2e+00	9.78172e+01	1.9e+00
7.2036e+03	4.2e+00	1.01231e+02	2.1e+00
7.2060e+03	4.2e+00	9.76643e+01	3.8e+00
7.2085e+03	4.2e+00	9.87016e+01	2.8e+00
7.2109e+03	4.2e+00	1.02508e+02	2.1e+00
7.2133e+03	4.2e+00	1.00704e+02	2.1e+00
7.2157e+03	4.2e+00	1.02874e+02	2.7e+00
7.2181e+03	4.2e+00	1.07886e+02	2.9e+00
7.2205e+03	4.2e+00	1.09541e+02	2.8e+00
7.2229e+03	4.2e+00	1.07762e+02	2.2e+00
7.2253e+03	4.2e+00	1.14031e+02	4.2e+00
7.2278e+03	4.3e+00	1.12696e+02	2.7e+00
7.2302e+03	4.3e+00	1.06034e+02	1.8e+00
7.2326e+03	4.3e+00	1.12447e+02	2.7e+00
7.2350e+03	4.3e+00	1.05916e+02	4.2e+00
7.2374e+03	4.3e+00	9.80318e+01	3.6e+00
7.2398e+03	4.3e+00	1.04899e+02	3.4e+00
7.2422e+03	4.3e+00	1.02035e+02	3.5e+00
7.2446e+03	4.3e+00	9.91297e+01	2.9e+00
7.2471e+03	4.3e+00	1.03488e+02	4.0e+00
7.2495e+03	4.3e+00	1.00894e+02	2.9e+00
7.2519e+03	4.3e+00	1.06487e+02	2.0e+00
7.2543e+03	4.4e+00	1.05836e+02	4.1e+00
7.2567e+03	4.4e+00	1.12906e+02	2.4e+00
7.2591e+03	4.4e+00	1.07360e+02	4.3e+00
7.2615e+03	4.4e+00	1.09852e+02	4.0e+00
7.2639e+03	4.4e+00	1.15758e+02	2.2e+00
7.2663e+03	4.4e+00	1.19732e+02	1.6e+00
7.2688e+03	4.4e+00	1.22186e+02	2.4e+00
7.2712e+03	4.4e+00	1.20092e+02	3.4e+00
7.2736e+03	4.4e+00	1.14930e+02	3.4e+00
7.2760e+03	4.4e+00	1.12941e+02	4.1e+00
7.2784e+03	4.4e+00	1.06023e+02	5.1e+00
7.2808e+03	4.5e+00	1.04764e+02	2.5e+00
7.2832e+03	4.5e+00	1.01965e+02	4.1e+00
7.2856e+03	4.5e+00	1.02937e+02	2.3e+00
7.2880e+03	4.5e+00	1.04804e+02	8.4e+00
7.2904e+03	4.5e+00	1.49843e+02	8.2e+00
7.2929e+03	4.5e+00	2.19565e+02	7.4e+00
7.2953e+03	4.5e+00	2.40405e+02	6.4e+00
7.2977e+03	4.5e+00	2.47809e+02	3.7e+00
7.3001e+03	4.5e+00	2.47732e+02	5.2e+00
7.3025e+03	4.5e+00	2.17602e+02	6.4e+00
7.3049e+03	4.5e+00	1.37873e+02	2.9e+00
7.3073e+03	4.6e+00	1.13543e+02	1.6e+00
7.3097e+03	4.6e+00	1.10466e+02	4.2e+00
7.3121e+03	4.6e+00	1.07743e+02	2.7e+00
7.3145e+03	4.6e+00	1.05381e+02	2.7e+00
7.3170e+03	4.6e+00	1.09071e+02	2.4e+00
7.3194e+03	4.6e+00	1.04369e+02	3.9e+00
7.3218e+03	4.6e+00	1.02675e+02	4.1e+00
7.3242e+03	4.6e+00	1.02527e+02	1.7e+00
7.3266e+03	4.6e+00	1.05114e+02	1.9e+00
7.3290e+03	4.6e+00	1.07862e+02	1.5e+00
7.3314e+03	4.6e+00	1.11191e+02	3.4e+00
7.3338e+03	4.7e+00	1.19315e+02	3.9e+00
7.3362e+03	4.7e+00	1.14819e+02	7.5e+00
7.3386e+03	4.7e+00	1.21640e+02	6.3e+00
7.3410e+03	4.7e+00	1.11570e+02	7.0e+00
7.3435e+03	4.7e+00	1.11160e+02	5.9e+00
7.3459e+03	4.7e+00	1.17400e+02	3.3e+00
7.3483e+03	4.7e+00	1.05638e+02	7.7e+00
7.3507e+03	4.7e+00	1.09455e+02	2.3e+00
7.3531e+03	4.7e+00	1.08110e+02	3.6e+00
7.3555e+03	4.7e+00	1.02936e+02	3.3e+00
7.3579e+03	4.8e+00	1.08640e+02	3.2e+00
7.3603e+03	4.8e+00	1.10839e+02	4.0e+00
7.3627e+03	4.8e+00	1.05019e+02	3.3e+00
7.3651e+03	4.8e+00	1.10152e+02	2.7e+00
7.3675e+03	4.8e+00	1.13406e+02	2.7e+00
7.3699e+03	4.8e+00	1.12557e+02	3.1e+00
7.3724e+03	4.8e+00	1.09689e+02	2.6e+00
7.3748e+03	4.8e+00	1.10054e+02	2.9e+00
7.3772e+03	4.8e+00	1.17068e+02	4.7e+00
7.3796e+03	4.8e+00	1.18724e+02	2.6e+00
7.3820e+03	4.9e+00	1.21473e+02	2.7e+00
7.3844e+03	4.9e+00	1.22177e+02	2.0e+00
7.3868e+03	4.9e+00	1.14656e+02	3.4e+00
7.3892e+03	4.9e+00	1.12484e+02	3.7e+00
7.3916e+03	4.9e+00	1.11958e+02	4.3e+00
7.3940e+03	4.9e+00	1.20140e+02	3.7e+00
7.3964e+03	4.9e+00	1.39587e+02	2.9e+00
7.3988e+03	4.9e+00	1.52804e+02	3.8e+00
7.4012e+03	4.9e+00	1.52237e+02	2.7e+00
7.4036e+03	4.9e+00	1.54679e+02	3.3e+00
7.4060e+03	5.0e+00	2.63248e+02	1.2e+01
7.4085e+03	5.0e+00	5.66627e+02	2.7e+01
7.4109e+03	5.0e+00	8.02487e+02	1.7e+01
7.4133e+03	5.0e+00	8.44370e+02	1.6e+01
7.4157e+03	5.0e+00	8.38616e+02	1.3e+01
7.4181e+03	5.0e+00	6.91381e+02	2.3e+01
7.4205e+03	5.0e+00	3.96897e+02	2.4e+01
7.4229e+03	5.0e+00	1.79504e+02	7.9e+00
7.4253e+03	5.0e+00	1.20868e+02	2.3e+00
7.4277e+03	5.1e+00	1.21555e+02	3.0e+00
7.4301e+03	5.1e+00	1.13852e+02	2.9e+00
7.4325e+03	5.1e+00	1.06617e+02	2.5e+00
7.4349e+03	5.1e+00	1.11354e+02	3.2e+00
7.4373e+03	5.1e+00	1.14725e+02	3.7e+00
7.4397e+03	5.1e+00	1.12560e+02	2.0e+00
7.4421e+03	5.1e+00	1.15822e+02	1.6e+00
7.4445e+03	5.1e+00	1.15414e+02	3.5e+00
7.4469e+03	5.1e+00	1.14810e+02	4.6e+00
7.4494e+03	5.1e+00	1.11728e+02	3.0e+00
7.4518e+03	5.2e+00	1.12027e+02	2.1e+00
7.4542e+03	5.2e+00	1.18179e+02	2.5e+00
7.4566e+03	5.2e+00	1.15287e+02	1.8e+00
7.4590e+03	5.2e+00	1.11283e+02	2.0e+00
7.4614e+03	5.2e+00	1.17650e+02	2.9e+00
7.4638e+03	5.2e+00	1.21635e+02	2.8e+00
7.4662e+03	5.2e+00	1.17298e+02	2.7e+00
7.4686e+03	5.2e+00	1.21582e+02	2.7e+00
7.4710e+03	5.2e+00	1.17188e+02	3.1e+00
7.4734e+03	5.3e+00	1.22625e+02	3.0e+00
7.4758e+03	5.3e+00	1.22096e+02	3.5e+00
7.4782e+03	5.3e+00	1.17102e+02	2.4e+00
7.4806e+03	5.3e+00	1.12703e+02	3.9e+00
7.4830e+03	5.3e+00	1.16937e+02	4.8e+00
7.4854e+03	5.3e+00	1.19999e+02	2.3e+00
7.4878e+03	5.3e+00	1.08334e+02	2.2e+00
7.4902e+03	5.3e+00	1.11145e+02	2.8e+00
7.4926e+03	5.3e+00	1.15163e+02	1.4e+00
7.4950e+03	5.3e+00	1.18269e+02	2.6e+00
7.4974e+03	5.4e+00	1.16802e+02	1.4e+00
7.4998e+03	5.4e+00	1.19502e+02	3.5e+00
7.5022e+03	5.4e+00	1.19989e+02	2.8e+00
7.5046e+03	5.4e+00	1.24046e+02	2.6e+00
7.5070e+03	5.4e+00	1.19439e+02	2.4e+00
7.5095e+03	5.4e+00	1.21397e+02	2.0e+00
7.5119e+03	5.4e+00	1.25341e+02	3.1e+00
7.5143e+03	5.4e+00	1.29108e+02	3.0e+00
7.5167e+03	5.4e+00	1.27095e+02	4.5e+00
7.5191e+03	5.5e+00	1.38936e+02	5.9e+00
7.5215e+03	5.5e+00	1.41050e+02	2.3e+00
7.5239e+03	5.5e+00	1.42429e+02	3.6e+00
7.5263e+03	5.5e+00	1.67449e+02	6.1e+00
7.5287e+03	5.5e+00	1.75633e+02	2.5e+00
7.5311e+03	5.5e+00	4.67858e+02	6.3e+01
7.5335e+03	5.5e+00	1.83466e+03	1.4e+02
7.5359e+03	5.5e+00	3.85778e+03	1.2e+02
7.5383e+03	5.5e+00	4.84192e+03	4.4e+01
7.5407e+03	5.6e+00	4.99936e+03	2.3e+01
7.5431e+03	5.6e+00	4.92204e+03	6.6e+01
7.5455e+03	5.6e+00	3.78234e+03	6.1e+01
7.5479e+03	5.6e+00	2.63286e+03	7.9e+01
7.5503e+03	5.6e+00	1.78830e+03	3.8e+01
7.5527e+03	5.6e+00	1.47348e+03	9.1e+00
7.5551e+03	5.6e+00	1.32238e+03	2.6e+01
7.5575e+03	5.6e+00	8.27761e+02	2.8e+01
7.5599e+03	5.7e+00	4.32374e+02	2.3e+01
7.5623e+03	5.7e+00	2.11991e+02	1.1e+01
7.5647e+03	5.7e+00	1.34948e+02	4.0e+00
7.5671e+03	5.7e+00	1.35369e+02	2.0e+00
7.5695e+03	5.7e+00	1.40031e+02	2.5e+00
7.5719e+03	5.7e+00	1.35526e+02	4.0e+00
7.5743e+03	5.7e+00	1.37033e+02	4.1e+00
7.5767e+03	5.7e+00	1.34426e+02	4.2e+00
7.5791e+03	5.7e+00	1.31267e+02	4.0e+00
7.5815e+03	5.8e+00	1.38428e+02	5.1e+00
7.5839e+03	5.8e+00	1.35363e+02	3.5e+00
7.5863e+03	5.8e+00	1.29626e+02	4.1e+00
7.5887e+03	5.8e+00	1.27382e+02	3.7e+00
7.5911e+03	5.8e+00	1.25722e+02	4.6e+00
7.5935e+03	5.8e+00	1.27159e+02	5.4e+00
7.5959e+03	5.8e+00	1.32075e+02	3.1e+00
7.5983e+03	5.8e+00	1.30249e+02	3.3e+00
7.6007e+03	5.8e+00	1.26378e+02	4.4e+00
7.6031e+03	5.9e+00	1.28543e+02	4.1e+00
7.6055e+03	5.9e+00	1.26261e+02	4.2e+00
7.6079e+03	5.9e+00	1.22231e+02	1.7e+00
7.6103e+03	5.9e+00	1.22346e+02	7.6e+00
7.6127e+03	5.9e+00	1.31016e+02	3.4e+00
7.6151e+03	5.9e+00	1.23468e+02	3.9e+00
7.6175e+03	5.9e+00	1.22036e+02	2.8e+00
7.6199e+03	5.9e+00	1.26466e+02	2.7e+00
7.6223e+03	6.0e+00	1.25860e+02	7.9e+00
7.6247e+03	6.0e+00	1.28347e+02	7.7e+00
7.6271e+03	6.0e+00	1.30203e+02	4.1e+00
7.6295e+03	6.0e+00	1.27468e+02	4.4e+00
7.6319e+03	6.0e+00	1.32039e+02	3.7e+00
7.6343e+03	6.0e+00	1.33325e+02	4.8e+00
7.6367e+03	6.0e+00	1.33195e+02	3.6e+00
7.6391e+03	6.0e+00	1.31998e+02	3.3e+00
7.6415e+03	6.0e+00	1.27932e+02	4.7e+00
7.6439e+03	6.1e+00	1.27107e+02	2.7e+00
7.6463e+03	6.1e+00	1.25574e+02	2.8e+00
7.6487e+03	6.1e+00	1.23955e+02	2.5e+00
7.6511e+03	6.1e+00	1.27313e+02	2.6e+00
7.6535e+03	6.1e+00	1.30572e+02	3.5e+00
7.6559e+03	6.1e+00	1.31539e+02	4.9e+00
7.6583e+03	6.1e+00	1.32311e+02	3.4e+00
7.6607e+03	6.1e+00	1.32944e+02	3.5e+00
7.6631e+03	6.2e+00	1.31220e+02	3.8e+00
7.6655e+03	6.2e+00	1.53274e+02	4.0e+00
7.6679e+03	6.2e+00	1.53340e+02	5.8e+00
7.6703e+03	6.2e+00	3.35862e+02	3.2e+01
7.6727e+03	6.2e+00	1.06375e+03	5.9e+01
7.6751e+03	6.2e+00	1.87401e+03	6.7e+01
7.6775e+03	6.2e+00	2.35304e+03	3.6e+01
7.6799e+03	6.2e+00	2.50068e+03	2.4e+01
7.6822e+03	6.3e+00	2.36698e+03	4.7e+01
7.6846e+03	6.3e+00	1.59211e+03	5.3e+01
7.6870e+03	6.3e+00	9.15352e+02	4.4e+01
7.6894e+03	6.3e+00	4.86759e+02	2.2e+01
7.6918e+03	6.3e+00	1.88881e+02	9.7e+00
7.6942e+03	6.3e+00	1.37269e+02	5.7e+00
7.6966e+03	6.3e+00	1.36495e+02	4.4e+00
7.6990e+03	6.3e+00	1.32807e+02	2.4e+00
7.7014e+03	6.4e+00	1.33595e+02	3.5e+00
7.7038e+03	6.4e+00	1.36942e+02	4.8e+00
7.7062e+03	6.4e+00	1.36792e+02	4.8e+00
7.7086e+03	6.4e+00	1.35028e+02	4.2e+00
7.7110e+03	6.4e+00	1.35718e+02	3.0e+00
7.7134e+03	6.4e+00	1.36068e+02	3.3e+00
7.7158e+03	6.4e+00	1.34871e+02	2.6e+00
7.7182e+03	6.4e+00	1.26979e+02	2.3e+00
7.7206e+03	6.5e+00	1.31424e+02	4.4e+00
7.7230e+03	6.5e+00	1.33297e+02	2.4e+00
7.7254e+03	6.5e+00	1.37316e+02	3.5e+00
7.7278e+03	6.5e+00	1.37478e+02	3.9e+00
7.7302e+03	6.5e+00	1.26709e+02	3.4e+00
7.7326e+03	6.5e+00	1.40951e+02	4.4e+00
7.7350e+03	6.5e+00	1.40635e+02	4.8e+00
7.7374e+03	6.5e+00	1.36211e+02	4.5e+00
7.7398e+03	6.6e+00	1.37548e+02	3.1e+00
7.7421e+03	6.6e+00	1.31578e+02	2.4e+00
7.7445e+03	6.6e+00	1.35504e+02	3.5e+00
7.7469e+03	6.6e+00	1.40440e+02	3.1e+00
7.7493e+03	6.6e+00	1.39255e+02	4.1e+00
7.7517e+03	6.6e+00	1.38464e+02	4.4e+00
7.7541e+03	6.6e+00	1.41910e+02	6.0e+00
7.7565e+03	6.6e+00	1.39097e+02	5.1e+00
7.7589e+03	6.7e+00	1.35380e+02	3.5e+00
7.7613e+03	6.7e+00	1.42953e+02	3.7e+00
7.7637e+03	6.7e+00	1.52630e+02	3.6e+00
7.7661e+03	6.7e+00	3.26646e+02	2.5e+01
7.7685e+03	6.7e+00	6.33627e+02	2.6e+01
7.7709e+03	6.7e+00	8.80257e+02	2.2e+01
7.7733e+03	6.7e+00	9.89220e+02	2.8e+01
7.7757e+03	6.8e+00	1.04261e+03	1.6e+01
7.7781e+03	6.8e+00	8.77013e+02	1.8e+01
7.7805e+03	6.8e+00	5.76050e+02	2.6e+01
7.7828e+03	6.8e+00	4.02805e+02	1.2e+01
7.7852e+03	6.8e+00	2.61211e+02	1.2e+01
7.7876e+03	6.8e+00	1.56190e+02	1.1e+01
7.7900e+03	6.8e+00	1.36438e+02	5.9e+00
7.7924e+03	6.8e+00	1.42975e+02	8.8e+00
7.7948e+03	6.9e+00	1.44919e+02	5.6e+00
7.7972e+03	6.9e+00	1.46901e+02	4.6e+00
7.7996e+03	6.9e+00	1.43120e+02	3.4e+00
7.8020e+03	6.9e+00	1.40573e+02	4.5e+00
7.8044e+03	6.9e+00	1.39003e+02	3.4e+00
7.8068e+03	6.9e+00	1.44557e+02	4.2e+00
7.8092e+03	6.9e+00	1.40578e+02	3.3e+00
7.8116e+03	6.9e+00	1.44082e+02	4.1e+00
7.8140e+03	7.0e+00	1.40992e+02	4.6e+00
7.8163e+03	7.0e+00	1.37806e+02	3.4e+00
7.8187e+03	7.0e+00	1.39673e+02	4.4e+00
7.8211e+03	7.0e+00	1.42743e+02	4.1e+00
7.8235e+03	7.0e+00	1.44287e+02	5.7e+00
7.8259e+03	7.0e+00	1.42771e+02	3.2e+00
7.8283e+03	7.0e+00	1.51407e+02	5.2e+00
7.8307e+03	7.1e+00	1.50676e+02	2.5e+00
7.8331e+03	7.1e+00	1.39588e+02	4.5e+00
7.8355e+03	7.1e+00	1.43460e+02	5.7e+00
7.8379e+03	7.1e+00	1.51877e+02	5.6e+00
7.8403e+03	7.1e+00	1.38715e+02	4.4e+00
7.8427e+03	7.1e+00	1.37666e+02	2.9e+00
7.8450e+03	7.1e+00	1.47815e+02	4.3e+00
7.8474e+03	7.1e+00	1.51051e+02	5.4e+00
7.8498e+03	7.2e+00	1.45670e+02	4.3e+00
7.8522e+03	7.2e+00	1.45642e+02	2.3e+00
7.8546e+03	7.2e+00	1.53743e+02	2.3e+00
7.8570e+03	7.2e+00	1.50758e+02	1.7e+00
7.8594e+03	7.2e+00	1.47907e+02	4.0e+00
7.8618e+03	7.2e+00	1.44754e+02	3.8e+00
7.8642e+03	7.2e+00	1.43458e+02	3.7e+00
7.8666e+03	7.3e+00	1.43647e+02	2.4e+00
7.8690e+03	7.3e+00	1.45744e+02	5.2e+00
7.8713e+03	7.3e+00	1.46659e+02	3.1e+00
7.8737e+03	7.3e+00	1.50254e+02	2.2e+00
7.8761e+03	7.3e+00	1.52158e+02	2.4e+00
7.8785e+03	7.3e+00	1.47660e+02	3.6e+00
7.8809e+03	7.3e+00	1.45640e+02	3.4e+00
7.8833e+03	7.4e+00	1.50246e+02	3.3e+00
7.8857e+03	7.4e+00	1.48904e+02	3.8e+00
7.8881e+03	7.4e+00	1.54640e+02	4.7e+00
7.8905e+03	7.4e+00	1.48782e+02	4.7e+00
7.8929e+03	7.4e+00	1.45732e+02	5.1e+00
7.8952e+03	7.4e+00	1.42764e+02	4.7e+00
7.8976e+03	7.4e+00	1.57210e+02	3.5e+00
7.9000e+03	7.4e+00	1.41910e+02	1.5e+01
7.9024e+03	7.5e+00	1.43703e+02	8.3e+00
7.9048e+03	7.5e+00	1.52446e+02	4.4e+00
7.9072e+03	7.5e+00	1.55418e+02	3.3e+00
7.9096e+03	7.5e+00	1.58827e+02	3.7e+00
7.9120e+03	7.5e+00	1.55437e+02	2.8e+00
7.9144e+03	7.5e+00	1.56929e+02	3.4e+00
7.9167e+03	7.5e+00	1.55880e+02	3.9e+00
7.9191e+03	7.6e+00	1.47606e+02	3.0e+00
7.9215e+03	7.6e+00	1.57443e+02	6.2e+00
7.9239e+03	7.6e+00	1.60399e+02	4.7e+00
7.9263e+03	7.6e+00	1.65884e+02	4.6e+00
7.9287e+03	7.6e+00	1.52735e+02	2.7e+00
7.9311e+03	7.6e+00	1.51880e+02	4.6e+00
7.9335e+03	7.6e+00	1.50840e+02	1.9e+00
7.9358e+03	7.7e+00	1.56538e+02	3.2e+00
7.9382e+03	7.7e+00	1.54387e+02	3.9e+00
7.9406e+03	7.7e+00	1.54859e+02	3.7e+00
7.9430e+03	7.7e+00	1.50293e+02	2.2e+00
7.9454e+03	7.7e+00	1.55728e+02	2.4e+00
7.9478e+03	7.7e+00	1.55960e+02	4.0e+00
7.9502e+03	7.7e+00	1.58856e+02	8.5e+00
7.9526e+03	7.8e+00	1.61234e+02	4.6e+00
7.9549e+03	7.8e+00	1.65487e+02	3.5e+00
7.9573e+03	7.8e+00	1.61928e+02	6.7e+00
7.9597e+03	7.8e+00	1.64976e+02	3.4e+00
7.9621e+03	7.8e+00	1.62296e+02	2.4e+00
7.9645e+03	7.8e+00	1.67364e+02	5.5e+00
7.9669e+03	7.8e+00	1.64256e+02	2.9e+00
7.9693e+03	7.9e+00	1.48781e+02	6.9e+00
7.9717e+03	7.9e+00	1.72996e+02	1.0e+01
7.9740e+03	7.9e+00	1.65803e+02	7.2e+00
7.9764e+03	7.9e+00	1.51447e+02	7.2e+00
7.9788e+03	7.9e+00	1.69130e+02	6.7e+00
7.9812e+03	7.9e+00	1.70590e+02	4.5e+00
7.9836e+03	7.9e+00	1.57522e+02	5.8e+00
7.9860e+03	8.0e+00	1.60798e+02	5.6e+00
7.9884e+03	8.0e+00	1.70274e+02	4.8e+00
7.9907e+03	8.0e+00	1.67491e+02	4.9e+00
7.9931e+03	8.0e+00	1.61942e+02	3.4e+00
7.9955e+03	8.0e+00	1.64790e+02	4.0e+00
7.9979e+03	8.0e+00	1.64668e+02	5.9e+00
8.0003e+03	8.0e+00	1.76108e+02	5.4e+00
8.0027e+03	8.1e+00	1.80108e+02	8.6e+00
8.0051e+03	8.1e+00	2.28421e+02	1.4e+01
8.0074e+03	8.1e+00	4.15112e+02	1.5e+01
8.0098e+03	8.1e+00	6.58170e+02	2.0e+01
8.0122e+03	8.1e+00	7.97986e+02	1.8e+01
8.0146e+03	8.1e+00	9.27033e+02	6.5e+00
8.0170e+03	8.1e+00	9.26980e+02	1.1e+01
8.0194e+03	8.2e+00	7.76755e+02	1.8e+01
8.0218e+03	8.2e+00	5.31931e+02	1.5e+01
8.0241e+03	8.2e+00	4.01668e+02	1.4e+01
8.0265e+03	8.2e+00	3.23019e+02	1.1e+01
8.0289e+03	8.2e+00	2.30979e+02	8.4e+00
8.0313e+03	8.2e+00	1.79885e+02	5.4e+00
8.0337e+03	8.3e+00	1.76176e+02	7.0e+00
8.0361e+03	8.3e+00	1.80440e+02	5.7e+00
8.0384e+03	8.3e+00	1.74188e+02	4.1e+00
8.0408e+03	8.3e+00	1.85861e+02	4.9e+00
8.0432e+03	8.3e+00	1.73676e+02	7.3e+00
8.0456e+03	8.3e+00	1.71820e+02	5.3e+00
8.0480e+03	8.3e+00	1.81117e+02	6.2e+00
8.0504e+03	8.4e+00	1.85267e+02	5.7e+00
8.0527e+03	8.4e+00	1.87577e+02	3.0e+00
8.0551e+03	8.4e+00	1.77921e+02	5.2e+00
8.0575e+03	8.4e+00	1.80998e+02	8.5e+00
8.0599e+03	8.4e+00	1.87774e+02	4.1e+00
8.0623e+03	8.4e+00	1.77519e+02	6.4e+00
8.0647e+03	8.4e+00	2.01124e+02	5.4e+00
8.0670e+03	8.5e+00	2.06549e+02	6.7e+00
8.0694e+03	8.5e+00	2.48897e+02	1.1e+01
8.0718e+03	8.5e+00	3.67777e+02	9.7e+00
8.0742e+03	8.5e+00	4.26941e+02	1.4e+01
8.0766e+03	8.5e+00	4.93253e+02	8.9e+00
8.0790e+03	8.5e+00	6.09692e+02	1.4e+01
8.0813e+03	8.6e+00	7.34613e+02	1.7e+01
8.0837e+03	8.6e+00	7.29418e+02	1.2e+01
8.0861e+03	8.6e+00	7.62203e+02	1.1e+01
8.0885e+03	8.6e+00	7.55571e+02	1.3e+01
8.0909e+03	8.6e+00	6.54105e+02	1.8e+01
8.0933e+03	8.6e+00	4.74388e+02	1.7e+01
8.0956e+03	8.6e+00	3.78309e+02	7.9e+00
8.0980e+03	8.7e+00	3.22586e+02	9.0e+00
8.1004e+03	8.7e+00	2.56516e+02	8.6e+00
8.1028e+03	8.7e+00	2.08691e+02	6.6e+00
8.1052e+03	8.7e+00	1.89036e+02	6.3e+00
8.1075e+03	8.7e+00	1.87934e+02	8.6e+00
8.1099e+03	8.7e+00	2.00370e+02	6.5e+00
8.1123e+03	8.7e+00	1.90975e+02	9.1e+00
8.1147e+03	8.8e+00	1.95358e+02	6.9e+00
8.1171e+03	8.8e+00	1.90711e+02	3.6e+00
8.1194e+03	8.8e+00	1.92668e+02	6.4e+00
8.1218e+03	8.8e+00	1.93153e+02	5.6e+00
8.1242e+03	8.8e+00	2.03782e+02	6.5e+00
8.1266e+03	8.8e+00	2.01042e+02	3.6e+00
8.1290e+03	8.9e+00	2.00472e+02	5.3e+00
8.1314e+03	8.9e+00	1.96977e+02	4.9e+00
8.1337e+03	8.9e+00	2.07014e+02	3.6e+00
8.1361e+03	8.9e+00	2.09139e+02	6.2e+00
8.1385e+03	8.9e+00	1.90455e+02	7.9e+00
8.1409e+03	8.9e+00	2.05367e+02	8.0e+00
8.1433e+03	8.9e+00	2.03436e+02	4.0e+00
8.1456e+03	9.0e+00	2.01196e+02	5.6e+00
8.1480e+03	9.0e+00	1.98209e+02	5.6e+00
8.1504e+03	9.0e+00	2.04716e+02	4.5e+00
8.1528e+03	9.0e+00	2.06341e+02	7.1e+00
8.1552e+03	9.0e+00	2.02831e+02	5.2e+00
8.1575e+03	9.0e+00	1.87707e+02	3.1e+00
8.1599e+03	9.1e+00	1.98150e+02	5.2e+00
8.1623e+03	9.1e+00	2.17087e+02	7.6e+00
8.1647e+03	9.1e+00	2.14730e+02	4.7e+00
8.1671e+03	9.1e+00	2.04696e+02	4.5e+00
8.1694e+03	9.1e+00	2.24967e+02	6.2e+00
8.1718e+03	9.1e+00	2.22434e+02	7.1e+00
8.1742e+03	9.2e+00	3.27283e+02	7.9e+00
8.1766e+03	9.2e+00	5.28256e+02	1.9e+01
8.1789e+03	9.2e+00	7.39781e+02	2.2e+01
8.1813e+03	9.2e+00	8.78503e+02	2.4e+01
8.1837e+03	9.2e+00	1.02150e+03	1.5e+01
8.1861e+03	9.2e+00	1.16555e+03	2.4e+01
8.1885e+03	9.2e+00	1.44533e+03	4.8e+01
8.1908e+03	9.3e+00	1.83115e+03	4.1e+01
8.1932e+03	9.3e+00	2.11051e+03	2.3e+01
8.1956e+03	9.3e+00	2.36350e+03	3.5e+01
8.1980e+03	9.3e+00	2.52517e+03	3.0e+01
8.2004e+03	9.3e+00	2.09525e+03	3.7e+01
8.2027e+03	9.3e+00	1.41850e+03	4.3e+01
8.2051e+03	9.4e+00	1.02478e+03	2.6e+01
8.2075e+03	9.4e+00	8.15147e+02	2.1e+01
8.2099e+03	9.4e+00	5.81507e+02	1.7e+01
8.2122e+03	9.4e+00	3.47075e+02	1.7e+01
8.2146e+03	9.4e+00	2.34739e+02	8.2e+00
8.2170e+03	9.4e+00	2.32202e+02	7.2e+00
8.2194e+03	9.5e+00	2.30063e+02	6.1e+00
8.2217e+03	9.5e+00	2.27423e+02	7.1e+00
8.2241e+03	9.5e+00	2.33707e+02	7.1e+00
8.2265e+03	9.5e+00	2.25679e+02	9.3e+00
8.2289e+03	9.5e+00	2.21007e+02	6.4e+00
8.2313e+03	9.5e+00	2.28195e+02	7.0e+00
8.2336e+03	9.5e+00	2.26806e+02	5.3e+00
8.2360e+03	9.6e+00	2.24503e+02	4.1e+00
8.2384e+03	9.6e+00	2.25292e+02	5.2e+00
8.2408e+03	9.6e+00	2.29888e+02	5.9e+00
8.2431e+03	9.6e+00	2.27275e+02	6.5e+00
8.2455e+03	9.6e+00	2.31442e+02	3.3e+00
8.2479e+03	9.6e+00	2.32809e+02	5.6e+00
8.2503e+03	9.7e+00	2.23846e+02	4.0e+00
8.2526e+03	9.7e+00	2.36640e+02	6.1e+00
8.2550e+03	9.7e+00	2.28407e+02	3.0e+00
8.2574e+03	9.7e+00	2.31562e+02	5.5e+00
8.2598e+03	9.7e+00	2.25575e+02	6.5e+00
8.2621e+03	9.7e+00	2.19328e+02	9.1e+00
8.2645e+03	9.8e+00	2.30317e+02	1.2e+01
8.2669e+03	9.8e+00	2.35577e+02	3.9e+00
8.2693e+03	9.8e+00	2.25103e+02	6.4e+00
8.2716e+03	9.8e+00	2.22108e+02	8.3e+00
8.2740e+03	9.8e+00	2.23094e+02	7.5e+00
8.2764e+03	9.8e+00	2.26430e+02	4.6e+00
8.2788e+03	9.9e+00	2.40661e+02	4.1e+00
8.2811e+03	9.9e+00	2.32778e+02	3.3e+00
8.2835e+03	9.9e+00	2.30221e+02	5.9e+00
8.2859e+03	9.9e+00	2.28482e+02	6.1e+00
8.2883e+03	9.9e+00	2.27427e+02	6.7e+00
8.2906e+03	9.9e+00	2.25337e+02	7.3e+00
8.2930e+03	1.0e+01	2.32933e+02	9.3e+00
8.2954e+03	1.0e+01	2.35179e+02	4.4e+00
8.2978e+03	1.0e+01	2.51185e+02	7.3e+00
8.3001e+03	1.0e+01	2.43148e+02	7.3e+00
8.3025e+03	1.0e+01	2.39520e+02	1.0e+01
8.3049e+03	1.0e+01	2.37593e+02	7.7e+00
8.3073e+03	1.0e+01	2.26552e+02	5.5e+00
8.3096e+03	1.0e+01	2.43634e+02	7.0e+00
8.3120e+03	1.0e+01	2.55358e+02	7.2e+00
8.3144e+03	1.0e+01	2.57544e+02	7.4e+00
8.3168e+03	1.0e+01	2.36994e+02	7.3e+00
8.3191e+03	1.0e+01	2.41567e+02	6.0e+00
8.3215e+03	1.0e+01	2.47410e+02	6.0e+00
8.3239e+03	1.0e+01	2.47892e+02	8.6e+00
8.3263e+03	1.0e+01	2.57096e+02	1.1e+01
8.3286e+03	1.0e+01	2.53504e+02	6.4e+00
8.3310e+03	1.0e+01	2.56678e+02	5.6e+00
8.3334e+03	1.0e+01	2.58495e+02	7.2e+00
8.3357e+03	1.0e+01	2.58285e+02	9.8e+00
8.3381e+03	1.0e+01	2.57570e+02	1.0e+01
8.3405e+03	1.0e+01	2.59971e+02	3.3e+00
8.3429e+03	1.0e+01	2.64762e+02	6.5e+00
8.3452e+03	1.0e+01	2.61046e+02	6.4e+00
8.3476e+03	1.0e+01	2.77634e+02	9.6e+00
8.3500e+03	1.0e+01	3.25172e+02	1.4e+01
8.3524e+03	1.0e+01	4.42202e+02	1.3e+01
8.3547e+03	1.0e+01	6.03340e+02	1.2e+01
8.3571e+03	1.0e+01	6.81096e+02	1.4e+01
8.3595e+03	1.0e+01	7.50808e+02	1.7e+01
8.3618e+03	1.0e+01	8.36848e+02	1.0e+01
8.3642e+03	1.0e+01	7.58597e+02	1.5e+01
8.3666e+03	1.0e+01	5.67946e+02	1.6e+01
8.3690e+03	1.0e+01	4.89340e+02	1.9e+01
8.3713e+03	1.1e+01	4.24157e+02	1.1e+01
8.3737e+03	1.1e+01	3.82535e+02	1.1e+01
8.3761e+03	1.1e+01	3.25777e+02	1.8e+01
8.3784e+03	1.1e+01	2.91542e+02	1.0e+01
8.3808e+03	1.1e+01	2.66697e+02	9.0e+00
8.3832e+03	1.1e+01	2.75939e+02	5.9e+00
8.3855e+03	1.1e+01	2.76288e+02	7.3e+00
8.3879e+03	1.1e+01	2.62257e+02	7.7e+00
8.3903e+03	1.1e+01	2.77785e+02	8.1e+00
8.3927e+03	1.1e+01	2.65198e+02	5.7e+00
8.3950e+03	1.1e+01	2.64670e+02	7.0e+00
8.3974e+03	1.1e+01	2.81985e+02	9.7e+00
8.3998e+03	1.1e+01	2.80259e+02	9.7e+00
8.4021e+03	1.1e+01	2.80537e+02	1.2e+01
8.4045e+03	1.1e+01	2.81283e+02	1.1e+01
8.4069e+03	1.1e+01	2.69072e+02	1.3e+01
8.4093e+03	1.1e+01	2.61299e+02	1.0e+01
8.4116e+03	1.1e+01	2.88254e+02	6.1e+00
8.4140e+03	1.1e+01	2.74029e+02	4.6e+00
8.4164e+03	1.1e+01	2.90136e+02	1.4e+01
8.4187e+03	1.1e+01	2.93582e+02	1.1e+01
8.4211e+03	1.1e+01	2.85947e+02	1.5e+01
8.4235e+03	1.1e+01	2.98065e+02	1.3e+01
8.4258e+03	1.1e+01	2.78287e+02	8.0e+00
8.4282e+03	1.1e+01	2.75479e+02	1.3e+01
8.4306e+03	1.1e+01	2.79574e+02	7.8e+00
8.4329e+03	1.1e+01	2.97566e+02	9.1e+00
8.4353e+03	1.1e+01	2.96012e+02	5.9e+00
8.4377e+03	1.1e+01	2.75386e+02	9.6e+00
